89.07%
Sun Jul 19 02:55:49 2020,2,开始运行[全局邻域-检验重叠] 初始利用率,0.7746751124110888
Sun Jul 19 02:55:51 2020,2,0,True,706.3606294216704,0.8069532420948842,"[0, 0, 1, 2, 2, 0, 0, 0, 1, 0, 0, 0]","[[[0.0, 0.0], [200.0, 0.0], [200.0, 200.0], [0.0, 200.0]], [[0.0, 200.0], [200.0, 200.0], [200.0, 400.0], [0.0, 400.0]], [[180.0, 400.0], [180.0, 680.0], [0.0, 680.0], [0.0, 400.0], [180.0, 400.0]], [[380.0, 760.0], [100.0, 760.0], [240.0, 620.0], [380.0, 760.0]], [[489.2177722788133, 365.92571075066564], [489.2177722788133, 545.9257107506656], [209.2177722788133, 365.92571075066564], [489.2177722788133, 365.92571075066564]], [[200.0, 85.92571075066564], [480.0, 85.92571075066564], [480.0, 365.92571075066564], [200.0, 365.92571075066564], [200.0, 85.92571075066564]], [[280.0, 460.0], [480.0, 540.0], [480.0, 640.0], [280.0, 640.0], [280.0, 460.0]], [[180.0, 411.42857142857133], [280.0, 411.42857142857133], [280.0, 591.4285714285713], [180.0, 591.4285714285713], [180.0, 411.42857142857133]], [[706.3606294216704, 480.0], [706.3606294216704, 760.0], [426.3606294216704, 760.0], [706.3606294216704, 480.0]], [[489.2177722788133, 297.1428571428571], [689.2177722788133, 297.1428571428571], [689.2177722788133, 497.1428571428571], [489.2177722788133, 577.1428571428571], [489.2177722788133, 297.1428571428571]], [[546.3606294216704, 297.1428571428571], [626.3606294216704, 137.1428571428571], [706.3606294216704, 297.1428571428571], [546.3606294216704, 297.1428571428571]], [[426.3606294216704, 1.1368683772161603e-13], [706.3606294216704, 1.1368683772161603e-13], [566.3606294216704, 240.0000000000001], [426.3606294216704, 1.1368683772161603e-13]]]"
Sun Jul 19 02:55:53 2020,2,0,True,678.1062042448036,0.8405762938488377,"[0, 0, 1, 2, 3, 0, 0, 0, 1, 0, 1, 0]","[[[0.0, 0.0], [200.0, 0.0], [200.0, 200.0], [0.0, 200.0]], [[0.0, 200.0], [200.0, 200.0], [200.0, 400.0], [0.0, 400.0]], [[180.0, 400.0], [180.0, 680.0], [0.0, 680.0], [0.0, 400.0], [180.0, 400.0]], [[380.0, 760.0], [100.0, 760.0], [240.0, 620.0], [380.0, 760.0]], [[678.1062042448036, 280.0], [498.1062042448036, 280.0], [678.1062042448036, 0.0], [678.1062042448036, 280.0]], [[200.0, 160.0], [480.0, 160.0], [480.0, 440.0], [200.0, 440.0], [200.0, 160.0]], [[281.2625305034643, 481.2625305034643], [481.2625305034643, 561.2625305034643], [481.2625305034643, 661.2625305034643], [281.2625305034643, 661.2625305034643], [281.2625305034643, 481.2625305034643]], [[180.0, 440.0], [280.0, 440.0], [280.0, 620.0], [180.0, 620.0], [180.0, 440.0]], [[678.1062042448036, 480.0], [678.1062042448036, 760.0], [398.1062042448036, 760.0], [678.1062042448036, 480.0]], [[478.1062042448036, 280.0], [678.1062042448036, 280.0], [678.1062042448036, 480.0], [478.1062042448036, 560.0], [478.1062042448036, 280.0]], [[200.0, 0.0], [360.0, 80.0], [200.0, 160.0], [200.0, 0.0]], [[386.66666666666663, 0.0], [666.6666666666666, 0.0], [526.6666666666666, 240.0], [386.66666666666663, 0.0]]]"
Sun Jul 19 02:56:10 2020,2,1,True,684.8872662872517,0.8322537562859779,"[0, 0, 1, 2, 2, 0, 0, 0, 0, 2, 0, 0]","[[[0.0, 560.0], [200.0, 560.0], [200.0, 760.0], [0.0, 760.0], [0.0, 560.0]], [[200.0, 480.0], [400.0, 480.0], [400.0, 680.0], [200.0, 680.0], [200.0, 480.0]], [[180.0, 280.0], [180.0, 560.0], [0.0, 560.0], [0.0, 280.0], [180.0, 280.0]], [[460.0, 200.0], [180.0, 200.0], [320.0, 60.0], [460.0, 200.0]], [[684.8872662872517, 513.0927125327183], [684.8872662872517, 693.0927125327183], [404.8872662872517, 513.0927125327183], [684.8872662872517, 513.0927125327183]], [[180.0, 200.0], [460.0, 200.0], [460.0, 480.0], [180.0, 480.0], [180.0, 200.0]], [[400.0, 558.5223270623422], [600.0, 638.5223270623422], [600.0, 738.5223270623422], [400.0, 738.5223270623422], [400.0, 558.5223270623422]], [[567.6190476190476, 0.0], [667.6190476190476, 0.0], [667.6190476190476, 180.0], [567.6190476190476, 180.0], [567.6190476190476, 0.0]], [[287.6190476190476, 5.684341886080802e-14], [567.6190476190476, 5.684341886080802e-14], [567.6190476190476, 280.00000000000006], [287.6190476190476, 5.684341886080802e-14]], [[684.8872662872517, 513.0927125327183], [484.8872662872517, 513.0927125327183], [484.8872662872517, 313.09271253271834], [684.8872662872517, 233.09271253271834], [684.8872662872517, 513.0927125327183]], [[0.0, 280.0], [80.0, 120.0], [160.0, 280.0], [0.0, 280.0]], [[13.333333333333314, 5.714285714285722], [293.3333333333333, 5.714285714285722], [153.33333333333331, 245.71428571428572], [13.333333333333314, 5.714285714285722]]]"
Sun Jul 19 02:56:24 2020,2,1,True,691.7361389501242,0.8240136200851266,"[0, 0, 1, 2, 2, 0, 0, 0, 0, 2, 0, 0]","[[[0.0, 560.0], [200.0, 560.0], [200.0, 760.0], [0.0, 760.0], [0.0, 560.0]], [[200.0, 534.4695728055817], [400.0, 534.4695728055817], [400.0, 734.4695728055817], [200.0, 734.4695728055817], [200.0, 534.4695728055817]], [[180.0, 280.0], [180.0, 560.0], [0.0, 560.0], [0.0, 280.0], [180.0, 280.0]], [[466.79694568979016, 236.9589986229896], [186.79694568979016, 236.9589986229896], [326.79694568979016, 96.95899862298961], [466.79694568979016, 236.9589986229896]], [[662.2222222222222, 520.0], [662.2222222222222, 700.0], [382.2222222222222, 520.0], [662.2222222222222, 520.0]], [[180.0, 237.09895447494137], [460.0, 237.09895447494137], [460.0, 517.0989544749414], [180.0, 517.0989544749414], [180.0, 237.09895447494137]], [[400.0, 580.0], [600.0, 660.0], [600.0, 760.0], [400.0, 760.0], [400.0, 580.0]], [[557.4917756357617, 0.0], [657.4917756357617, 0.0], [657.4917756357617, 180.0], [557.4917756357617, 180.0], [557.4917756357617, 0.0]], [[277.49177563576166, 0.0], [557.4917756357617, 0.0], [557.4917756357617, 280.0], [277.49177563576166, 0.0]], [[660.0, 519.1366661062564], [460.0, 519.1366661062564], [460.0, 319.13666610625637], [660.0, 239.13666610625637], [660.0, 519.1366661062564]], [[0.0, 280.0], [80.0, 120.0], [160.0, 280.0], [0.0, 280.0]], [[21.858885220131953, 23.75823933549748], [301.8588852201319, 23.75823933549748], [161.85888522013195, 263.7582393354975], [21.858885220131953, 23.75823933549748]]]"
Sun Jul 19 02:56:25 2020,2,0,True,664.0666933921192,0.858347520922007,"[0, 0, 1, 2, 2, 0, 0, 0, 0, 2, 0, 0]","[[[0.0, 560.0], [200.0, 560.0], [200.0, 760.0], [0.0, 760.0], [0.0, 560.0]], [[200.0, 534.4695728055817], [400.0, 534.4695728055817], [400.0, 734.4695728055817], [200.0, 734.4695728055817], [200.0, 534.4695728055817]], [[180.0, 280.0], [180.0, 560.0], [0.0, 560.0], [0.0, 280.0], [180.0, 280.0]], [[466.79694568979016, 236.9589986229896], [186.79694568979016, 236.9589986229896], [326.79694568979016, 96.95899862298961], [466.79694568979016, 236.9589986229896]], [[660.8792583875098, 519.1366661062564], [660.8792583875098, 699.1366661062564], [380.8792583875098, 519.1366661062564], [660.8792583875098, 519.1366661062564]], [[180.0, 237.09895447494137], [460.0, 237.09895447494137], [460.0, 517.0989544749414], [180.0, 517.0989544749414], [180.0, 237.09895447494137]], [[400.0, 580.0], [600.0, 660.0], [600.0, 760.0], [400.0, 760.0], [400.0, 580.0]], [[557.4917756357617, 0.0], [657.4917756357617, 0.0], [657.4917756357617, 180.0], [557.4917756357617, 180.0], [557.4917756357617, 0.0]], [[277.49177563576166, 0.0], [557.4917756357617, 0.0], [557.4917756357617, 280.0], [277.49177563576166, 0.0]], [[660.0, 519.1366661062564], [460.0, 519.1366661062564], [460.0, 319.13666610625637], [660.0, 239.13666610625637], [660.0, 519.1366661062564]], [[0.0, 280.0], [80.0, 120.0], [160.0, 280.0], [0.0, 280.0]], [[21.858885220131953, 23.75823933549748], [301.8588852201319, 23.75823933549748], [161.85888522013195, 263.7582393354975], [21.858885220131953, 23.75823933549748]]]"
Sun Jul 19 02:56:43 2020,2,1,True,670.7073603260404,0.8498490306158484,"[0, 0, 0, 1, 1, 0, 3, 0, 3, 0, 2, 2]","[[[460.0, 0.0], [660.0, 0.0], [660.0, 200.0], [460.0, 200.0], [460.0, 0.0]], [[460.0, 380.0], [660.0, 380.0], [660.0, 580.0], [460.0, 580.0], [460.0, 380.0]], [[348.33333333333337, 580.0], [628.3333333333334, 580.0], [628.3333333333334, 760.0], [348.33333333333337, 760.0], [348.33333333333337, 580.0]], [[260.0, 20.0], [260.0, 300.0], [120.0, 160.0], [260.0, 20.0]], [[0.0, 457.7777777777778], [180.0, 457.7777777777778], [0.0, 737.7777777777778], [0.0, 457.7777777777778]], [[180.0, 300.0], [460.0, 300.0], [460.0, 580.0], [180.0, 580.0], [180.0, 300.0]], [[0.0, 431.817189464291], [80.0, 231.817189464291], [180.0, 231.817189464291], [180.0, 431.817189464291], [0.0, 431.817189464291]], [[460.0, 200.0], [560.0, 200.0], [560.0, 380.0], [460.0, 380.0], [460.0, 200.0]], [[0.0, 280.0], [0.0, 0.0], [280.0, 0.0], [0.0, 280.0]], [[260.0, 20.0], [460.0, 20.0], [460.0, 220.0], [260.0, 300.0], [260.0, 20.0]], [[348.33333333333337, 580.0], [268.33333333333337, 740.0], [188.33333333333337, 580.0], [348.33333333333337, 580.0]], [[280.0, 760.0], [0.0, 760.0], [140.0, 520.0], [280.0, 760.0]]]"
Sun Jul 19 02:57:03 2020,2,1,True,677.4144339293008,0.8414346837780677,"[0, 0, 1, 1, 1, 0, 3, 0, 2, 0, 3, 0]","[[[197.4144339293008, 280.0], [397.4144339293008, 280.0], [397.4144339293008, 480.0], [197.4144339293008, 480.0], [197.4144339293008, 280.0]], [[477.4144339293008, 0.0], [677.4144339293008, 0.0], [677.4144339293008, 200.0], [477.4144339293008, 200.0], [477.4144339293008, 0.0]], [[577.4144339293008, 480.0], [577.4144339293008, 760.0], [397.4144339293008, 760.0], [397.4144339293008, 480.0], [577.4144339293008, 480.0]], [[197.4144339293008, 480.0], [197.4144339293008, 760.0], [57.4144339293008, 620.0], [197.4144339293008, 480.0]], [[0.0, 429.31134166780123], [180.0, 429.31134166780123], [0.0, 709.3113416678012], [0.0, 429.31134166780123]], [[397.4144339293008, 200.0], [677.4144339293008, 200.0], [677.4144339293008, 480.0], [397.4144339293008, 480.0], [397.4144339293008, 200.0]], [[297.4144339293008, 200.0], [377.4144339293008, 0.0], [477.4144339293008, 0.0], [477.4144339293008, 200.0], [297.4144339293008, 200.0]], [[577.4144339293008, 480.0], [677.4144339293008, 480.0], [677.4144339293008, 660.0], [577.4144339293008, 660.0], [577.4144339293008, 480.0]], [[280.0, 280.0], [0.0, 280.0], [0.0, 0.0], [280.0, 280.0]], [[197.4144339293008, 480.0], [397.4144339293008, 480.0], [397.4144339293008, 680.0], [197.4144339293008, 760.0], [197.4144339293008, 480.0]], [[197.4144339293008, 438.01855863245163], [37.4144339293008, 358.01855863245163], [197.4144339293008, 278.01855863245163], [197.4144339293008, 438.01855863245163]], [[100.0, 0.0], [380.0, 0.0], [240.0, 240.0], [100.0, 0.0]]]"
Sun Jul 19 02:57:20 2020,2,1,True,684.1885782685938,0.8331036473050176,"[0, 0, 0, 3, 3, 0, 2, 1, 2, 1, 0, 0]","[[[180.0, 481.22037235318476], [380.0, 481.22037235318476], [380.0, 681.2203723531848], [180.0, 681.2203723531848], [180.0, 481.22037235318476]], [[204.1885782685938, 281.2203723531847], [404.1885782685938, 281.2203723531847], [404.1885782685938, 481.2203723531847], [204.1885782685938, 481.2203723531847], [204.1885782685938, 281.2203723531847]], [[404.1885782685938, 200.0], [684.1885782685938, 200.0], [684.1885782685938, 380.0], [404.1885782685938, 380.0], [404.1885782685938, 200.0]], [[0.0, 682.2222222222222], [0.0, 402.2222222222222], [140.0, 542.2222222222222], [0.0, 682.2222222222222]], [[180.0, 760.0], [0.0, 760.0], [180.0, 480.0], [180.0, 760.0]], [[404.1885782685938, 380.0], [684.1885782685938, 380.0], [684.1885782685938, 660.0], [404.1885782685938, 660.0], [404.1885782685938, 380.0]], [[200.0, 461.2203723531847], [0.0, 381.2203723531847], [0.0, 281.2203723531847], [200.0, 281.2203723531847], [200.0, 461.2203723531847]], [[584.1885782685938, 660.0], [584.1885782685938, 760.0], [404.1885782685938, 760.0], [404.1885782685938, 660.0], [584.1885782685938, 660.0]], [[280.0, 281.2203723531847], [0.0, 281.2203723531847], [0.0, 1.2203723531847004], [280.0, 281.2203723531847]], [[684.1885782685938, 0.0], [684.1885782685938, 200.0], [484.1885782685938, 200.0], [404.1885782685938, 0.0], [684.1885782685938, 0.0]], [[288.9550662433065, 176.8421052631578], [368.9550662433065, 16.842105263157805], [448.9550662433065, 176.8421052631578], [288.9550662433065, 176.8421052631578]], [[98.77962764681519, 0.0], [378.7796276468152, 0.0], [238.7796276468152, 240.0], [98.77962764681519, 0.0]]]"
Sun Jul 19 02:57:29 2020,2,1,True,691.0304640512798,0.8248550963416016,"[0, 0, 1, 3, 2, 0, 1, 0, 1, 0, 0, 2]","[[[0.0, 200.0], [200.0, 200.0], [200.0, 400.0], [0.0, 400.0], [0.0, 200.0]], [[0.0, 0.0], [200.0, 0.0], [200.0, 200.0], [0.0, 200.0], [0.0, 0.0]], [[580.0, 0.0], [580.0, 280.0], [400.0, 280.0], [400.0, 0.0], [580.0, 0.0]], [[0.0, 686.3579297243], [0.0, 406.3579297243], [140.0, 546.3579297243], [0.0, 686.3579297243]], [[650.1877295029208, 560.0], [650.1877295029208, 740.0], [370.1877295029208, 560.0], [650.1877295029208, 560.0]], [[376.82103513785, 280.0], [656.82103513785, 280.0], [656.82103513785, 560.0], [376.82103513785, 560.0], [376.82103513785, 280.0]], [[317.947412155375, 503.17896486215], [237.947412155375, 703.17896486215], [137.947412155375, 703.17896486215], [137.947412155375, 503.17896486215], [317.947412155375, 503.17896486215]], [[580.0, 0.0], [680.0, 0.0], [680.0, 180.0], [580.0, 180.0], [580.0, 0.0]], [[376.82103513785, 223.17896486215], [376.82103513785, 503.17896486215], [96.82103513785, 503.17896486215], [376.82103513785, 223.17896486215]], [[200.0, 0.0], [400.0, 0.0], [400.0, 200.0], [200.0, 280.0], [200.0, 0.0]], [[6.357929724299993, 760.0], [86.35792972429999, 600.0], [166.3579297243, 760.0], [6.357929724299993, 760.0]], [[486.85439616958746, 760.0], [206.85439616958746, 760.0], [346.85439616958746, 520.0], [486.85439616958746, 760.0]]]"
Sun Jul 19 02:57:37 2020,2,1,True,697.9407686917925,0.8166882141996056,"[0, 0, 0, 0, 1, 0, 2, 0, 2, 1, 1, 2]","[[[200.0, 0.0], [400.0, 0.0], [400.0, 200.0], [200.0, 200.0], [200.0, 0.0]], [[0.0, 0.0], [200.0, 0.0], [200.0, 200.0], [0.0, 200.0], [0.0, 0.0]], [[400.0, 0.0], [680.0, 0.0], [680.0, 180.0], [400.0, 180.0], [400.0, 0.0]], [[112.0, 200.0], [392.0, 200.0], [252.0, 340.0], [112.0, 200.0]], [[199.99999999999997, 480.0], [380.0, 480.0], [199.99999999999997, 760.0], [199.99999999999997, 480.0]], [[381.9029126213593, 210.0970873786407], [661.9029126213593, 210.0970873786407], [661.9029126213593, 490.0970873786407], [381.9029126213593, 490.0970873786407], [381.9029126213593, 210.0970873786407]], [[200.0, 660.0], [0.0, 580.0], [0.0, 480.0], [200.0, 480.0], [200.0, 660.0]], [[0.0, 200.0], [100.0, 200.0], [100.0, 380.0], [0.0, 380.0], [0.0, 200.0]], [[380.0, 480.0], [100.0, 480.0], [100.0, 200.0], [380.0, 480.0]], [[653.5090152565879, 490.0970873786407], [653.5090152565879, 690.0970873786407], [453.5090152565879, 690.0970873786407], [373.5090152565879, 490.0970873786407], [653.5090152565879, 490.0970873786407]], [[0.0, 580.0], [160.0, 660.0], [0.0, 740.0], [0.0, 580.0]], [[494.2857142857143, 760.0], [214.28571428571428, 760.0], [354.2857142857143, 520.0], [494.2857142857143, 760.0]]]"
Sun Jul 19 02:57:43 2020,2,1,True,704.9201763787105,0.8086021922768372,"[0, 0, 0, 0, 1, 0, 1, 0, 1, 0, 0, 2]","[[[200.0, 0.0], [400.0, 0.0], [400.0, 200.0], [200.0, 200.0], [200.0, 0.0]], [[0.0, 0.0], [200.0, 0.0], [200.0, 200.0], [0.0, 200.0], [0.0, 0.0]], [[424.9201763787105, 560.0], [704.9201763787105, 560.0], [704.9201763787105, 740.0], [424.9201763787105, 740.0], [424.9201763787105, 560.0]], [[100.0, 200.0], [380.0, 200.0], [240.0, 340.0], [100.0, 200.0]], [[152.2567438323525, 464.51348766470505], [332.2567438323525, 464.51348766470505], [152.2567438323525, 744.513487664705], [152.2567438323525, 464.51348766470505]], [[424.9201763787105, 280.0], [704.9201763787105, 280.0], [704.9201763787105, 560.0], [424.9201763787105, 560.0], [424.9201763787105, 280.0]], [[180.0, 380.0], [100.0, 580.0], [0.0, 580.0], [0.0, 380.0], [180.0, 380.0]], [[0.0, 200.0], [100.0, 200.0], [100.0, 380.0], [0.0, 380.0], [0.0, 200.0]], [[426.194604934118, 184.51348766470505], [426.194604934118, 464.51348766470505], [146.194604934118, 464.51348766470505], [426.194604934118, 184.51348766470505]], [[504.9201763787105, 0.0], [704.9201763787105, 0.0], [704.9201763787105, 200.0], [504.9201763787105, 280.0], [504.9201763787105, 0.0]], [[0.0, 760.0], [80.0, 600.0], [160.0, 760.0], [0.0, 760.0]], [[436.5868430453772, 760.0], [156.58684304537718, 760.0], [296.5868430453772, 520.0], [436.5868430453772, 760.0]]]"
Sun Jul 19 02:57:58 2020,2,1,True,711.9693781424976,0.8005962299770665,"[0, 0, 1, 3, 2, 0, 1, 1, 0, 1, 0, 2]","[[[331.9693781424976, 0.0], [531.9693781424976, 0.0], [531.9693781424976, 200.0], [331.9693781424976, 200.0], [331.9693781424976, 0.0]], [[331.9693781424976, 200.0], [531.9693781424976, 200.0], [531.9693781424976, 400.0], [331.9693781424976, 400.0], [331.9693781424976, 200.0]], [[711.9693781424976, 0.0], [711.9693781424976, 280.0], [531.9693781424976, 280.0], [531.9693781424976, 0.0], [711.9693781424976, 0.0]], [[0.0, 282.90312995245495], [0.0, 2.9031299524549468], [140.0, 142.90312995245495], [0.0, 282.90312995245495]], [[280.0, 2.9031299524549468], [280.0, 182.90312995245495], [0.0, 2.9031299524549468], [280.0, 2.9031299524549468]], [[403.82856056675973, 400.0], [683.8285605667597, 400.0], [683.8285605667597, 680.0], [403.82856056675973, 680.0], [403.82856056675973, 400.0]], [[180.0, 503.276630676438], [100.0, 703.276630676438], [0.0, 703.276630676438], [0.0, 503.276630676438], [180.0, 503.276630676438]], [[711.9693781424976, 280.0], [711.9693781424976, 380.0], [531.9693781424976, 380.0], [531.9693781424976, 280.0], [711.9693781424976, 280.0]], [[123.82856056675968, 430.93375180995736], [403.8285605667597, 430.93375180995736], [403.8285605667597, 710.9337518099574], [123.82856056675968, 430.93375180995736]], [[331.9693781424976, 230.93375180995736], [331.9693781424976, 430.93375180995736], [131.9693781424976, 430.93375180995736], [51.96937814249759, 230.93375180995736], [331.9693781424976, 230.93375180995736]], [[0.0, 503.276630676438], [80.0, 343.276630676438], [160.0, 503.276630676438], [0.0, 503.276630676438]], [[346.91136789458886, 760.0], [66.91136789458886, 760.0], [206.91136789458886, 520.0], [346.91136789458886, 760.0]]]"
Sun Jul 19 02:58:08 2020,2,0,True,683.4906030167976,0.833954406226111,"[0, 0, 1, 3, 2, 0, 3, 1, 0, 2, 0, 3]","[[[302.80291286821796, 0.0], [502.80291286821796, 0.0], [502.80291286821796, 200.0], [302.80291286821796, 200.0], [302.80291286821796, 0.0]], [[0.0, 537.3940020384174], [200.0, 537.3940020384174], [200.0, 737.3940020384174], [0.0, 737.3940020384174], [0.0, 537.3940020384174]], [[683.4906030167976, 0.0], [683.4906030167976, 280.0], [503.49060301679765, 280.0], [503.49060301679765, 0.0], [683.4906030167976, 0.0]], [[233.34993912277, 424.2179383885483], [233.34993912277, 144.2179383885483], [373.34993912277, 284.2179383885483], [233.34993912277, 424.2179383885483]], [[302.80291286821796, 0.0], [302.80291286821796, 180.0], [22.80291286821796, 0.0], [302.80291286821796, 0.0]], [[403.49060301679765, 408.8662786534792], [683.4906030167976, 408.8662786534792], [683.4906030167976, 688.8662786534792], [403.49060301679765, 688.8662786534792], [403.49060301679765, 408.8662786534792]], [[323.49060301679765, 408.8662786534792], [403.49060301679765, 208.86627865347918], [503.49060301679765, 208.86627865347918], [503.49060301679765, 408.8662786534792], [323.49060301679765, 408.8662786534792]], [[683.4906030167976, 280.0], [683.4906030167976, 380.0], [503.49060301679765, 380.0], [503.49060301679765, 280.0], [683.4906030167976, 280.0]], [[123.49060301679765, 460.88460505521505], [403.49060301679765, 460.88460505521505], [403.49060301679765, 740.884605055215], [123.49060301679765, 460.88460505521505]], [[233.34993912277, 460.88460505521505], [33.349939122769996, 460.88460505521505], [33.349939122769996, 260.88460505521505], [233.34993912277, 180.88460505521505], [233.34993912277, 460.88460505521505]], [[188.69700101920876, 760.0], [268.69700101920876, 600.0], [348.69700101920876, 760.0], [188.69700101920876, 760.0]], [[0.5806906459957375, 280.0], [0.5806906459957375, 0.0], [240.58069064599573, 140.0], [0.5806906459957375, 280.0]]]"
Sun Jul 19 02:58:33 2020,2,1,True,690.3255090469656,0.8256974319070405,"[0, 0, 1, 0, 3, 0, 0, 0, 2, 0, 1, 1]","[[[290.611370454576, 0.0], [490.611370454576, 0.0], [490.611370454576, 200.0], [290.611370454576, 200.0], [290.611370454576, 0.0]], [[90.61137045457599, 0.0], [290.611370454576, 0.0], [290.611370454576, 200.0], [90.61137045457599, 200.0], [90.61137045457599, 0.0]], [[180.0, 480.0], [180.0, 760.0], [0.0, 760.0], [0.0, 480.0], [180.0, 480.0]], [[180.0, 480.0], [460.0, 480.0], [320.0, 620.0], [180.0, 480.0]], [[182.30348806817202, 480.0], [2.3034880681720153, 480.0], [182.30348806817202, 200.0], [182.30348806817202, 480.0]], [[180.0, 200.0], [460.0, 200.0], [460.0, 480.0], [180.0, 480.0], [180.0, 200.0]], [[490.32550904696564, 56.15097889612571], [690.3255090469656, 136.1509788961257], [690.3255090469656, 236.1509788961257], [490.32550904696564, 236.1509788961257], [490.32550904696564, 56.15097889612571]], [[558.5819395933094, 476.7182030588019], [658.5819395933094, 476.7182030588019], [658.5819395933094, 656.7182030588019], [558.5819395933094, 656.7182030588019], [558.5819395933094, 476.7182030588019]], [[460.0, 760.0], [180.0, 760.0], [180.0, 480.0], [460.0, 760.0]], [[460.0, 236.1509788961257], [660.0, 236.1509788961257], [660.0, 436.1509788961257], [460.0, 516.1509788961257], [460.0, 236.1509788961257]], [[0.0, 154.694314772712], [160.0, 234.694314772712], [0.0, 314.694314772712], [0.0, 154.694314772712]], [[558.5819395933094, 478.58193959330947], [558.5819395933094, 758.5819395933095], [318.58193959330936, 618.5819395933095], [558.5819395933094, 478.58193959330947]]]"
Sun Jul 19 02:58:33 2020,2,0,True,662.712488685087,0.8601014915698338,"[0, 0, 1, 0, 3, 0, 3, 0, 2, 0, 1, 1]","[[[290.611370454576, 0.0], [490.611370454576, 0.0], [490.611370454576, 200.0], [290.611370454576, 200.0], [290.611370454576, 0.0]], [[90.61137045457599, 0.0], [290.611370454576, 0.0], [290.611370454576, 200.0], [90.61137045457599, 200.0], [90.61137045457599, 0.0]], [[180.0, 480.0], [180.0, 760.0], [0.0, 760.0], [0.0, 480.0], [180.0, 480.0]], [[180.0, 480.0], [460.0, 480.0], [320.0, 620.0], [180.0, 480.0]], [[182.30348806817202, 480.0], [2.3034880681720153, 480.0], [182.30348806817202, 200.0], [182.30348806817202, 480.0]], [[180.0, 200.0], [460.0, 200.0], [460.0, 480.0], [180.0, 480.0], [180.0, 200.0]], [[476.1509788961257, 236.1509788961257], [556.1509788961257, 36.15097889612571], [656.1509788961257, 36.15097889612571], [656.1509788961257, 236.1509788961257], [476.1509788961257, 236.1509788961257]], [[560.0, 476.1509788961257], [660.0, 476.1509788961257], [660.0, 656.1509788961257], [560.0, 656.1509788961257], [560.0, 476.1509788961257]], [[460.0, 760.0], [180.0, 760.0], [180.0, 480.0], [460.0, 760.0]], [[460.0, 236.1509788961257], [660.0, 236.1509788961257], [660.0, 436.1509788961257], [460.0, 516.1509788961257], [460.0, 236.1509788961257]], [[0.0, 154.694314772712], [160.0, 234.694314772712], [0.0, 314.694314772712], [0.0, 154.694314772712]], [[560.0, 480.0], [560.0, 760.0], [320.0, 620.0], [560.0, 480.0]]]"
Sun Jul 19 02:58:50 2020,2,1,True,669.3396135719379,0.8515856352176573,"[0, 0, 0, 3, 1, 0, 0, 0, 0, 1, 2, 2]","[[[0.0, 541.3207728561243], [200.0, 541.3207728561243], [200.0, 741.3207728561243], [0.0, 741.3207728561243], [0.0, 541.3207728561243]], [[190.66038642806234, 0.0], [390.66038642806234, 0.0], [390.66038642806234, 200.0], [190.66038642806234, 200.0], [190.66038642806234, 0.0]], [[389.3396135719379, 0.0], [669.3396135719379, 0.0], [669.3396135719379, 180.0], [389.3396135719379, 180.0], [389.3396135719379, 0.0]], [[0.0, 329.33961357193766], [0.0, 49.33961357193766], [140.0, 189.33961357193766], [0.0, 329.33961357193766]], [[200.0, 479.9999999999999], [380.0, 479.9999999999999], [200.0, 759.9999999999999], [200.0, 479.9999999999999]], [[129.33961357193778, 199.9999999999999], [409.3396135719378, 199.9999999999999], [409.3396135719378, 479.9999999999999], [129.33961357193778, 479.9999999999999], [129.33961357193778, 199.9999999999999]], [[420.0, 330.6603864280621], [620.0, 410.6603864280621], [620.0, 510.6603864280621], [420.0, 510.6603864280621], [420.0, 330.6603864280621]], [[0.0, 329.33961357193766], [100.0, 329.33961357193766], [100.0, 509.33961357193766], [0.0, 509.33961357193766], [0.0, 329.33961357193766]], [[389.3396135719379, 180.0], [669.3396135719379, 180.0], [669.3396135719379, 460.0], [389.3396135719379, 180.0]], [[665.5042730354171, 510.6603864280621], [665.5042730354171, 710.6603864280621], [465.5042730354171, 710.6603864280621], [385.5042730354171, 510.6603864280621], [665.5042730354171, 510.6603864280621]], [[190.66038642806234, 0.0], [110.66038642806234, 160.0], [30.66038642806234, 0.0], [190.66038642806234, 0.0]], [[494.28571428571416, 760.0], [214.28571428571416, 760.0], [354.28571428571416, 520.0], [494.28571428571416, 760.0]]]"
Sun Jul 19 02:59:48 2020,2,3,True,676.0330097076572,0.8431540942749082,"[0, 0, 1, 3, 0, 0, 0, 1, 0, 1, 0, 0]","[[[476.03300970765724, 0.0], [676.0330097076572, 0.0], [676.0330097076572, 200.0], [476.03300970765724, 200.0], [476.03300970765724, 0.0]], [[280.0, 0.0], [480.0, 0.0], [480.0, 200.0], [280.0, 200.0], [280.0, 0.0]], [[460.0, 277.4497919549226], [460.0, 557.4497919549226], [280.0, 557.4497919549226], [280.0, 277.4497919549226], [460.0, 277.4497919549226]], [[460.0, 557.4497919549226], [460.0, 277.4497919549226], [600.0, 417.4497919549226], [460.0, 557.4497919549226]], [[0.0, 760.0], [0.0, 580.0], [280.0, 760.0], [0.0, 760.0]], [[0.0, 100.0], [280.0, 100.0], [280.0, 380.0], [0.0, 380.0], [0.0, 100.0]], [[476.03300970765724, 567.9669902923428], [676.0330097076572, 647.9669902923428], [676.0330097076572, 747.9669902923428], [476.03300970765724, 747.9669902923428], [476.03300970765724, 567.9669902923428]], [[180.0, 0.0], [180.0, 100.0], [0.0, 100.0], [0.0, 0.0], [180.0, 0.0]], [[396.03300970765724, 213.48280166257985], [676.0330097076572, 213.48280166257985], [676.0330097076572, 493.48280166257985], [396.03300970765724, 213.48280166257985]], [[476.03300970765724, 557.4497919549226], [476.03300970765724, 757.4497919549226], [276.03300970765724, 757.4497919549226], [196.03300970765724, 557.4497919549226], [476.03300970765724, 557.4497919549226]], [[516.0330097076572, 583.9669902923428], [596.0330097076572, 423.96699029234276], [676.0330097076572, 583.9669902923428], [516.0330097076572, 583.9669902923428]], [[0.0, 380.0], [280.0, 380.0], [140.0, 620.0], [0.0, 380.0]]]"
Sun Jul 19 02:59:55 2020,2,0,True,648.9916893193509,0.8782855148696961,"[0, 0, 1, 1, 3, 0, 1, 0, 2, 3, 2, 0]","[[[448.99168931935094, 0.0], [648.9916893193509, 0.0], [648.9916893193509, 200.0], [448.99168931935094, 200.0], [448.99168931935094, 0.0]], [[448.99168931935094, 560.0], [648.9916893193509, 560.0], [648.9916893193509, 760.0], [448.99168931935094, 760.0], [448.99168931935094, 560.0]], [[460.0, 200.0], [460.0, 480.0], [280.0, 480.0], [280.0, 200.0], [460.0, 200.0]], [[438.3333333333333, 480.0], [438.3333333333333, 760.0], [298.3333333333333, 620.0], [438.3333333333333, 480.0]], [[648.9916893193509, 560.0], [468.99168931935094, 560.0], [648.9916893193509, 280.0], [648.9916893193509, 560.0]], [[0.0, 200.0], [280.0, 200.0], [280.0, 480.0], [0.0, 480.0], [0.0, 200.0]], [[648.9916893193509, 200.0], [568.9916893193509, 400.0], [468.99168931935094, 400.0], [468.99168931935094, 200.0], [648.9916893193509, 200.0]], [[348.99168931935094, 20.0], [448.99168931935094, 20.0], [448.99168931935094, 200.0], [348.99168931935094, 200.0], [348.99168931935094, 20.0]], [[280.0, 760.0], [0.0, 760.0], [0.0, 480.0], [280.0, 760.0]], [[0.0, 200.0], [0.0, 0.0], [200.0, 0.0], [280.0, 200.0], [0.0, 200.0]], [[360.0, 0.0], [280.0, 160.0], [200.0, 0.0], [360.0, 0.0]], [[100.0, 480.0], [380.0, 480.0], [240.0, 720.0], [100.0, 480.0]]]"
Sun Jul 19 03:00:10 2020,2,1,True,655.4816062125444,0.8695896186828675,"[0, 0, 0, 3, 1, 0, 0, 0, 0, 3, 0, 2]","[[[294.28571428571433, 180.0], [494.28571428571433, 180.0], [494.28571428571433, 380.0], [294.28571428571433, 380.0], [294.28571428571433, 180.0]], [[280.0, 380.0], [480.0, 380.0], [480.0, 580.0], [280.0, 580.0], [280.0, 380.0]], [[275.4816062125444, 580.0], [555.4816062125444, 580.0], [555.4816062125444, 760.0], [275.4816062125444, 760.0], [275.4816062125444, 580.0]], [[494.28571428571433, 399.5498178723302], [494.28571428571433, 119.54981787233021], [634.2857142857143, 259.5498178723302], [494.28571428571433, 399.5498178723302]], [[0.0, 0.0], [180.0, 0.0], [0.0, 280.0], [0.0, 0.0]], [[0.0, 280.0], [280.0, 280.0], [280.0, 560.0], [0.0, 560.0], [0.0, 280.0]], [[245.0, 0.0], [445.0, 80.0], [445.0, 180.0], [245.0, 180.0], [245.0, 0.0]], [[555.4816062125444, 500.0], [655.4816062125444, 500.0], [655.4816062125444, 680.0], [555.4816062125444, 680.0], [555.4816062125444, 500.0]], [[374.7358964133841, 0.0], [654.7358964133841, 0.0], [654.7358964133841, 280.0], [374.7358964133841, 0.0]], [[0.0, 760.0], [0.0, 560.0], [200.0, 560.0], [280.0, 760.0], [0.0, 760.0]], [[480.0, 493.83553215804454], [560.0, 333.83553215804454], [640.0, 493.83553215804454], [480.0, 493.83553215804454]], [[294.28571428571433, 279.99999999999994], [14.285714285714334, 279.99999999999994], [154.28571428571433, 39.99999999999994], [294.28571428571433, 279.99999999999994]]]"
Sun Jul 19 03:01:19 2020,2,3,True,662.0364222746699,0.8609798204780865,"[0, 0, 0, 3, 2, 0, 0, 0, 0, 2, 3, 3]","[[[460.0, 428.0], [660.0, 428.0], [660.0, 628.0], [460.0, 628.0], [460.0, 428.0]], [[280.0, 0.0], [480.0, 0.0], [480.0, 200.0], [280.0, 200.0], [280.0, 0.0]], [[0.0, 300.0], [280.0, 300.0], [280.0, 480.0], [0.0, 480.0], [0.0, 300.0]], [[280.0, 580.0], [280.0, 300.0], [420.0, 440.0], [280.0, 580.0]], [[280.0, 0.0], [280.0, 180.0], [0.0, 0.0], [280.0, 0.0]], [[0.0, 480.0], [280.0, 480.0], [280.0, 760.0], [0.0, 760.0], [0.0, 480.0]], [[280.0, 580.0], [480.0, 660.0], [480.0, 760.0], [280.0, 760.0], [280.0, 580.0]], [[480.0, 0.0], [580.0, 0.0], [580.0, 180.0], [480.0, 180.0], [480.0, 0.0]], [[180.0, 200.0], [460.0, 200.0], [460.0, 480.0], [180.0, 200.0]], [[660.0, 428.0], [460.0, 428.0], [460.0, 228.0], [660.0, 148.0], [660.0, 428.0]], [[451.42857142857156, 648.5714285714286], [291.42857142857156, 568.5714285714286], [451.42857142857156, 488.57142857142856], [451.42857142857156, 648.5714285714286]], [[0.0, 294.2857142857143], [0.0, 14.285714285714278], [240.0, 154.28571428571428], [0.0, 294.2857142857143]]]"
Sun Jul 19 03:01:37 2020,2,1,True,668.6567864974166,0.8524552678000856,"[0, 0, 1, 1, 3, 0, 1, 0, 2, 1, 2, 3]","[[[408.57142857142856, 0.0], [608.5714285714286, 0.0], [608.5714285714286, 200.0], [408.57142857142856, 200.0], [408.57142857142856, 0.0]], [[467.8613564088216, 200.0], [667.8613564088216, 200.0], [667.8613564088216, 400.0], [467.8613564088216, 400.0], [467.8613564088216, 200.0]], [[408.57142857142856, 0.0], [408.57142857142856, 280.0], [228.57142857142856, 280.0], [228.57142857142856, 0.0], [408.57142857142856, 0.0]], [[658.3283932487084, 469.67160675129173], [658.3283932487084, 749.6716067512917], [518.3283932487084, 609.6716067512917], [658.3283932487084, 469.67160675129173]], [[228.57142857142856, 280.0], [48.571428571428555, 280.0], [228.57142857142856, 0.0], [228.57142857142856, 280.0]], [[108.65678649741665, 480.0], [388.65678649741665, 480.0], [388.65678649741665, 760.0], [108.65678649741665, 760.0], [108.65678649741665, 480.0]], [[180.0, 0.0], [100.0, 200.0], [0.0, 200.0], [0.0, 0.0], [180.0, 0.0]], [[0.0, 550.3466089779461], [100.0, 550.3466089779461], [100.0, 730.3466089779461], [0.0, 730.3466089779461], [0.0, 550.3466089779461]], [[668.6567864974166, 760.0], [388.65678649741665, 760.0], [388.65678649741665, 480.0], [668.6567864974166, 760.0]], [[467.8613564088216, 280.0], [467.8613564088216, 480.0], [267.8613564088216, 480.0], [187.86135640882162, 280.0], [467.8613564088216, 280.0]], [[648.0, 400.0], [568.0, 560.0], [488.0, 400.0], [648.0, 400.0]], [[0.0, 543.3831254568264], [0.0, 263.3831254568264], [240.0, 403.3831254568264], [0.0, 543.3831254568264]]]"
Sun Jul 19 03:01:53 2020,2,1,True,675.3433543623909,0.8440151166337482,"[0, 0, 1, 1, 3, 0, 2, 1, 0, 2, 1, 3]","[[[200.0, 0.0], [400.0, 0.0], [400.0, 200.0], [200.0, 200.0], [200.0, 0.0]], [[0.0, 0.0], [200.0, 0.0], [200.0, 200.0], [0.0, 200.0], [0.0, 0.0]], [[675.3433543623909, 0.0], [675.3433543623909, 280.0], [495.34335436239087, 280.0], [495.34335436239087, 0.0], [675.3433543623909, 0.0]], [[675.3433543623909, 480.0], [675.3433543623909, 760.0], [535.3433543623909, 620.0], [675.3433543623909, 480.0]], [[475.34335436239087, 362.79922654739187], [295.34335436239087, 362.79922654739187], [475.34335436239087, 82.79922654739187], [475.34335436239087, 362.79922654739187]], [[200.0, 480.0], [480.0, 480.0], [480.0, 760.0], [200.0, 760.0], [200.0, 480.0]], [[675.3433543623909, 460.0], [475.34335436239087, 380.0], [475.34335436239087, 280.0], [675.3433543623909, 280.0], [675.3433543623909, 460.0]], [[475.34335436239087, 362.79922654739187], [475.34335436239087, 462.79922654739187], [295.34335436239087, 462.79922654739187], [295.34335436239087, 362.79922654739187], [475.34335436239087, 362.79922654739187]], [[15.343354362390869, 200.0], [295.34335436239087, 200.0], [295.34335436239087, 480.0], [15.343354362390869, 200.0]], [[200.0, 760.0], [0.0, 760.0], [0.0, 560.0], [200.0, 480.0], [200.0, 760.0]], [[480.0, 381.8626582550437], [640.0, 461.8626582550437], [480.0, 541.8626582550437], [480.0, 381.8626582550437]], [[0.0, 560.0], [0.0, 280.0], [240.0, 420.0], [0.0, 560.0]]]"
Sun Jul 19 03:02:01 2020,2,1,True,682.0967879060148,0.8356585313205427,"[0, 0, 1, 0, 3, 0, 0, 0, 1, 1, 2, 3]","[[[400.0, 200.0], [600.0, 200.0], [600.0, 400.0], [400.0, 400.0], [400.0, 200.0]], [[0.0, 0.0], [200.0, 0.0], [200.0, 200.0], [0.0, 200.0], [0.0, 0.0]], [[180.0, 480.0], [180.0, 760.0], [0.0, 760.0], [0.0, 480.0], [180.0, 480.0]], [[99.99999999999997, 200.0], [380.0, 200.0], [239.99999999999997, 340.0], [99.99999999999997, 200.0]], [[681.2244897959182, 760.0], [501.2244897959182, 760.0], [681.2244897959182, 480.0], [681.2244897959182, 760.0]], [[180.0, 460.0], [460.0, 460.0], [460.0, 740.0], [180.0, 740.0], [180.0, 460.0]], [[200.0, 0.0], [400.0, 80.0], [400.0, 180.0], [200.0, 180.0], [200.0, 0.0]], [[460.0, 488.57142857142844], [560.0, 488.57142857142844], [560.0, 668.5714285714284], [460.0, 668.5714285714284], [460.0, 488.57142857142844]], [[400.0, 180.0], [400.0, 460.0], [120.0, 460.0], [400.0, 180.0]], [[648.3296201878952, 0.0], [648.3296201878952, 200.0], [448.3296201878952, 200.0], [368.3296201878952, 0.0], [648.3296201878952, 0.0]], [[675.7142857142858, 400.0], [595.7142857142858, 560.0], [515.7142857142858, 400.0], [675.7142857142858, 400.0]], [[0.0, 480.0], [0.0, 200.0], [240.0, 340.0], [0.0, 480.0]]]"
Sun Jul 19 03:02:07 2020,2,1,True,688.917755785075,0.8273846844757847,"[0, 0, 1, 0, 2, 0, 1, 1, 1, 0, 3, 3]","[[[465.7163778561671, 560.0], [665.7163778561671, 560.0], [665.7163778561671, 760.0], [465.7163778561671, 760.0], [465.7163778561671, 560.0]], [[454.81291638977416, 0.0], [654.8129163897742, 0.0], [654.8129163897742, 200.0], [454.81291638977416, 200.0], [454.81291638977416, 0.0]], [[185.71637785616713, 480.0], [185.71637785616713, 760.0], [5.716377856167128, 760.0], [5.716377856167128, 480.0], [185.71637785616713, 480.0]], [[115.95299116042975, 215.95299116042975], [395.95299116042975, 215.95299116042975], [255.95299116042975, 355.95299116042975], [115.95299116042975, 215.95299116042975]], [[454.81291638977416, 0.0], [454.81291638977416, 180.0], [174.81291638977416, 0.0], [454.81291638977416, 0.0]], [[185.71637785616713, 480.0], [465.7163778561671, 480.0], [465.7163778561671, 760.0], [185.71637785616713, 760.0], [185.71637785616713, 480.0]], [[180.0, 3.3345537494308815], [100.0, 203.33455374943088], [0.0, 203.33455374943088], [0.0, 3.3345537494308815], [180.0, 3.3345537494308815]], [[314.9526250356004, 115.95299116042975], [314.9526250356004, 215.95299116042975], [134.95262503560042, 215.95299116042975], [134.95262503560042, 115.95299116042975], [314.9526250356004, 115.95299116042975]], [[411.9059823208595, 200.0], [411.9059823208595, 480.0], [131.9059823208595, 480.0], [411.9059823208595, 200.0]], [[411.9059823208595, 200.0], [611.9059823208595, 200.0], [611.9059823208595, 400.0], [411.9059823208595, 480.0], [411.9059823208595, 200.0]], [[639.5555555555557, 560.0], [479.55555555555566, 480.0], [639.5555555555557, 400.0], [639.5555555555557, 560.0]], [[0.0, 483.3345537494308], [0.0, 203.33455374943082], [240.0, 343.3345537494308], [0.0, 483.3345537494308]]]"
Sun Jul 19 03:02:07 2020,2,0,True,661.3610455536719,0.8618590463289425,"[0, 0, 1, 0, 2, 0, 1, 1, 1, 0, 3, 3]","[[[461.36104555367194, 560.0], [661.3610455536719, 560.0], [661.3610455536719, 760.0], [461.36104555367194, 760.0], [461.36104555367194, 560.0]], [[454.81291638977416, 0.0], [654.8129163897742, 0.0], [654.8129163897742, 200.0], [454.81291638977416, 200.0], [454.81291638977416, 0.0]], [[185.71637785616713, 480.0], [185.71637785616713, 760.0], [5.716377856167128, 760.0], [5.716377856167128, 480.0], [185.71637785616713, 480.0]], [[115.95299116042975, 215.95299116042975], [395.95299116042975, 215.95299116042975], [255.95299116042975, 355.95299116042975], [115.95299116042975, 215.95299116042975]], [[453.33382149977234, 20.0], [453.33382149977234, 200.0], [173.33382149977234, 20.0], [453.33382149977234, 20.0]], [[185.71637785616713, 480.0], [465.7163778561671, 480.0], [465.7163778561671, 760.0], [185.71637785616713, 760.0], [185.71637785616713, 480.0]], [[180.0, 3.3345537494308246], [100.0, 203.33455374943082], [0.0, 203.33455374943082], [0.0, 3.3345537494308246], [180.0, 3.3345537494308246]], [[314.9526250356004, 115.95299116042975], [314.9526250356004, 215.95299116042975], [134.95262503560042, 215.95299116042975], [134.95262503560042, 115.95299116042975], [314.9526250356004, 115.95299116042975]], [[411.9059823208595, 200.0], [411.9059823208595, 480.0], [131.9059823208595, 480.0], [411.9059823208595, 200.0]], [[411.9059823208595, 200.0], [611.9059823208595, 200.0], [611.9059823208595, 400.0], [411.9059823208595, 480.0], [411.9059823208595, 200.0]], [[639.5555555555557, 560.0], [479.55555555555566, 480.0], [639.5555555555557, 400.0], [639.5555555555557, 560.0]], [[0.0, 483.3345537494308], [0.0, 203.33455374943082], [240.0, 343.3345537494308], [0.0, 483.3345537494308]]]"
Sun Jul 19 03:02:21 2020,2,1,True,667.9746560092086,0.8533257884444976,"[0, 0, 0, 0, 1, 0, 1, 1, 1, 0, 0, 2]","[[[448.75, 560.0], [648.75, 560.0], [648.75, 760.0], [448.75, 760.0], [448.75, 560.0]], [[187.97465600920862, 0.0], [387.9746560092086, 0.0], [387.9746560092086, 200.0], [187.97465600920862, 200.0], [187.97465600920862, 0.0]], [[387.9746560092086, 10.298793758178817], [667.9746560092086, 10.298793758178817], [667.9746560092086, 190.29879375817882], [387.9746560092086, 190.29879375817882], [387.9746560092086, 10.298793758178817]], [[181.43636823829547, 200.0], [461.4363682382955, 200.0], [321.4363682382955, 340.0], [181.43636823829547, 200.0]], [[0.0, 460.0], [180.0, 460.0], [0.0, 740.0], [0.0, 460.0]], [[168.75000000000006, 477.5], [448.75000000000006, 477.5], [448.75000000000006, 757.5], [168.75000000000006, 757.5], [168.75000000000006, 477.5]], [[180.0, 0.0], [100.0, 200.0], [0.0, 200.0], [0.0, 0.0], [180.0, 0.0]], [[667.1833526337425, 460.0], [667.1833526337425, 560.0], [487.1833526337425, 560.0], [487.1833526337425, 460.0], [667.1833526337425, 460.0]], [[461.4363682382955, 197.5], [461.4363682382955, 477.5], [181.43636823829547, 477.5], [461.4363682382955, 197.5]], [[461.4363682382955, 190.29879375817882], [661.4363682382955, 190.29879375817882], [661.4363682382955, 390.2987937581788], [461.4363682382955, 470.2987937581788], [461.4363682382955, 190.29879375817882]], [[9.999999999999991, 760.0], [89.99999999999999, 600.0], [170.0, 760.0], [9.999999999999991, 760.0]], [[280.71818411914774, 370.19739865288955], [0.718184119147736, 370.19739865288955], [140.71818411914774, 130.19739865288955], [280.71818411914774, 370.19739865288955]]]"
Sun Jul 19 03:02:49 2020,2,3,True,674.6544025693007,0.8448770182618788,"[0, 0, 1, 1, 3, 0, 3, 0, 3, 3, 0, 0]","[[[280.0, 280.0], [480.0, 280.0], [480.0, 480.0], [280.0, 480.0], [280.0, 280.0]], [[461.2556697688402, 560.0], [661.2556697688402, 560.0], [661.2556697688402, 760.0], [461.2556697688402, 760.0], [461.2556697688402, 560.0]], [[660.0, 280.0], [660.0, 560.0], [480.0, 560.0], [480.0, 280.0], [660.0, 280.0]], [[650.3260580063182, 0.0], [650.3260580063182, 280.0], [510.32605800631825, 140.0], [650.3260580063182, 0.0]], [[340.32605800631825, 280.0], [160.32605800631825, 280.0], [340.32605800631825, 0.0], [340.32605800631825, 280.0]], [[181.25566976884022, 480.0], [461.2556697688402, 480.0], [461.2556697688402, 760.0], [181.25566976884022, 760.0], [181.25566976884022, 480.0]], [[0.0, 760.0], [80.0, 560.0], [180.0, 560.0], [180.0, 760.0], [0.0, 760.0]], [[0.0, 92.50226790753607], [100.0, 92.50226790753607], [100.0, 272.50226790753607], [0.0, 272.50226790753607], [0.0, 92.50226790753607]], [[340.32605800631825, 280.0], [340.32605800631825, 0.0], [620.3260580063182, 0.0], [340.32605800631825, 280.0]], [[0.0, 480.0], [0.0, 280.0], [200.0, 280.0], [280.0, 480.0], [0.0, 480.0]], [[420.32605800631825, 280.0], [500.32605800631825, 120.0], [580.3260580063182, 280.0], [420.32605800631825, 280.0]], [[46.04034372060397, 2.842170943040401e-14], [326.04034372060397, 2.842170943040401e-14], [186.04034372060397, 240.00000000000003], [46.04034372060397, 2.842170943040401e-14]]]"
Sun Jul 19 03:02:59 2020,2,1,True,681.4009465949937,0.8365118992691869,"[0, 0, 1, 2, 3, 0, 0, 0, 3, 2, 0, 0]","[[[0.0, 480.0], [200.0, 480.0], [200.0, 680.0], [0.0, 680.0], [0.0, 480.0]], [[480.0, 560.0], [680.0, 560.0], [680.0, 760.0], [480.0, 760.0], [480.0, 560.0]], [[660.0, 280.0], [660.0, 560.0], [480.0, 560.0], [480.0, 280.0], [660.0, 280.0]], [[420.0, 140.0], [140.0, 140.0], [280.0, 0.0], [420.0, 140.0]], [[647.6682264665286, 280.0], [467.6682264665286, 280.0], [647.6682264665286, 0.0], [647.6682264665286, 280.0]], [[200.0, 480.0], [480.0, 480.0], [480.0, 760.0], [200.0, 760.0], [200.0, 480.0]], [[200.0, 300.0], [400.0, 380.0], [400.0, 480.0], [200.0, 480.0], [200.0, 300.0]], [[360.0, 182.7728362614613], [460.0, 182.7728362614613], [460.0, 362.7728362614613], [360.0, 362.7728362614613], [360.0, 182.7728362614613]], [[0.0, 280.0], [0.0, 0.0], [280.0, 0.0], [0.0, 280.0]], [[200.0, 480.0], [0.0, 480.0], [0.0, 280.0], [200.0, 200.0], [200.0, 480.0]], [[200.0, 300.0], [280.0, 140.0], [360.0, 300.0], [200.0, 300.0]], [[353.3825121808143, 0.0], [633.3825121808143, 0.0], [493.3825121808143, 240.0], [353.3825121808143, 0.0]]]"
Sun Jul 19 03:03:03 2020,2,0,True,654.1449087311939,0.8713665617387364,"[0, 0, 1, 2, 3, 0, 1, 1, 3, 2, 3, 0]","[[[254.14490873119394, 172.8198435391895], [454.14490873119394, 172.8198435391895], [454.14490873119394, 372.8198435391895], [254.14490873119394, 372.8198435391895], [254.14490873119394, 172.8198435391895]], [[454.14490873119394, 560.0], [654.1449087311939, 560.0], [654.1449087311939, 760.0], [454.14490873119394, 760.0], [454.14490873119394, 560.0]], [[634.1449087311939, 280.0], [634.1449087311939, 560.0], [454.14490873119394, 560.0], [454.14490873119394, 280.0], [634.1449087311939, 280.0]], [[420.0, 140.0], [140.0, 140.0], [280.0, 0.0], [420.0, 140.0]], [[654.1449087311939, 280.0], [474.14490873119394, 280.0], [654.1449087311939, 0.0], [654.1449087311939, 280.0]], [[174.14490873119394, 474.63772817201516], [454.14490873119394, 474.63772817201516], [454.14490873119394, 754.6377281720152], [174.14490873119394, 754.6377281720152], [174.14490873119394, 474.63772817201516]], [[180.0, 425.85509126880606], [100.0, 625.8550912688061], [0.0, 625.8550912688061], [0.0, 425.85509126880606], [180.0, 425.85509126880606]], [[454.14490873119394, 372.8198435391895], [454.14490873119394, 472.8198435391895], [274.14490873119394, 472.8198435391895], [274.14490873119394, 372.8198435391895], [454.14490873119394, 372.8198435391895]], [[0.0, 280.0], [0.0, 0.0], [280.0, 0.0], [0.0, 280.0]], [[254.14490873119394, 425.85509126880606], [54.14490873119394, 425.85509126880606], [54.14490873119394, 225.85509126880606], [254.14490873119394, 145.85509126880606], [254.14490873119394, 425.85509126880606]], [[174.14490873119394, 760.0], [14.144908731193937, 680.0], [174.14490873119394, 600.0], [174.14490873119394, 760.0]], [[353.33333333333337, 0.0], [633.3333333333334, 0.0], [493.33333333333337, 240.0], [353.33333333333337, 0.0]]]"
Sun Jul 19 03:03:16 2020,2,1,True,660.6863578185058,0.8627391700383529,"[0, 0, 1, 0, 3, 0, 1, 1, 2, 0, 0, 1]","[[[440.0, 560.0], [640.0, 560.0], [640.0, 760.0], [440.0, 760.0], [440.0, 560.0]], [[280.0, 132.02088761805385], [480.0, 132.02088761805385], [480.0, 332.02088761805385], [280.0, 332.02088761805385], [280.0, 132.02088761805385]], [[660.0, 280.0], [660.0, 560.0], [480.0, 560.0], [480.0, 280.0], [660.0, 280.0]], [[360.0, 0.0], [640.0, 0.0], [500.0, 140.0], [360.0, 0.0]], [[660.0, 280.0], [480.0, 280.0], [660.0, 0.0], [660.0, 280.0]], [[0.0, 480.0], [280.0, 480.0], [280.0, 760.0], [0.0, 760.0], [0.0, 480.0]], [[180.0, 0.0], [100.0, 200.0], [0.0, 200.0], [0.0, 0.0], [180.0, 0.0]], [[360.0, 0.0], [360.0, 100.0], [180.0, 100.0], [180.0, 0.0], [360.0, 0.0]], [[280.0, 480.0], [0.0, 480.0], [0.0, 200.0], [280.0, 480.0]], [[280.0, 339.19164495277846], [480.0, 339.19164495277846], [480.0, 539.1916449527785], [280.0, 619.1916449527785], [280.0, 339.19164495277846]], [[280.0, 747.1916449527785], [360.0, 587.1916449527785], [440.0, 747.1916449527785], [280.0, 747.1916449527785]], [[280.0, 100.0], [280.0, 380.0], [40.0, 240.0], [280.0, 100.0]]]"
Sun Jul 19 03:03:37 2020,2,1,True,667.2932213966909,0.8541971980577752,"[0, 0, 0, 1, 1, 0, 1, 1, 3, 2, 0, 2]","[[[240.0, 280.0], [440.0, 280.0], [440.0, 480.0], [240.0, 480.0], [240.0, 280.0]], [[0.0, 0.0], [200.0, 0.0], [200.0, 200.0], [0.0, 200.0], [0.0, 0.0]], [[200.0, 0.0], [480.0, 0.0], [480.0, 180.0], [200.0, 180.0], [200.0, 0.0]], [[667.2932213966909, 480.0], [667.2932213966909, 760.0], [527.2932213966909, 620.0], [667.2932213966909, 480.0]], [[480.0, 0.0], [660.0, 0.0], [480.0, 280.0], [480.0, 0.0]], [[0.0, 480.0], [280.0, 480.0], [280.0, 760.0], [0.0, 760.0], [0.0, 480.0]], [[455.6265547300244, 480.0], [375.6265547300244, 680.0], [275.6265547300244, 680.0], [275.6265547300244, 480.0], [455.6265547300244, 480.0]], [[460.0, 180.0], [460.0, 280.0], [280.0, 280.0], [280.0, 180.0], [460.0, 180.0]], [[0.0, 480.0], [0.0, 200.0], [280.0, 200.0], [0.0, 480.0]], [[655.6265547300244, 489.74937810799025], [455.6265547300244, 489.74937810799025], [455.6265547300244, 289.74937810799025], [655.6265547300244, 209.74937810799025], [655.6265547300244, 489.74937810799025]], [[80.0, 480.0], [160.0, 320.0], [240.0, 480.0], [80.0, 480.0]], [[608.9598880633577, 760.0], [328.95988806335765, 760.0], [468.95988806335765, 520.0], [608.9598880633577, 760.0]]]"
Sun Jul 19 03:03:53 2020,2,1,True,673.9661536106578,0.8457398000572032,"[0, 0, 1, 2, 1, 0, 0, 0, 0, 3, 0, 3]","[[[159.1071428571429, 512.5], [359.1071428571429, 512.5], [359.1071428571429, 712.5], [159.1071428571429, 712.5], [159.1071428571429, 512.5]], [[0.0, 280.0], [200.0, 280.0], [200.0, 480.0], [0.0, 480.0], [0.0, 280.0]], [[280.0, 0.0], [280.0, 280.0], [100.0, 280.0], [100.0, 0.0], [280.0, 0.0]], [[666.9830768053289, 273.0169231946711], [386.9830768053289, 273.0169231946711], [526.9830768053289, 133.0169231946711], [666.9830768053289, 273.0169231946711]], [[0.0, 480.0], [180.0, 480.0], [0.0, 760.0], [0.0, 480.0]], [[393.9661536106578, 480.0], [673.9661536106578, 480.0], [673.9661536106578, 760.0], [393.9661536106578, 760.0], [393.9661536106578, 480.0]], [[469.2067692778685, 273.0169231946711], [669.2067692778685, 353.0169231946711], [669.2067692778685, 453.0169231946711], [469.2067692778685, 453.0169231946711], [469.2067692778685, 273.0169231946711]], [[0.0, 100.0], [100.0, 100.0], [100.0, 280.0], [0.0, 280.0], [0.0, 100.0]], [[393.9661536106578, 0.0], [673.9661536106578, 0.0], [673.9661536106578, 280.0], [393.9661536106578, 0.0]], [[200.0, 480.0], [200.0, 280.0], [400.0, 280.0], [480.0, 480.0], [200.0, 480.0]], [[22.857142857142847, 760.0], [102.85714285714285, 600.0], [182.85714285714283, 760.0], [22.857142857142847, 760.0]], [[280.0, 280.0], [280.0, 0.0], [520.0, 140.0], [280.0, 280.0]]]"
Sun Jul 19 03:03:59 2020,2,1,True,680.7058151467644,0.8373661386704981,"[0, 0, 1, 2, 2, 0, 3, 0, 0, 3, 2, 3]","[[[0.0, 128.57142857142856], [200.0, 128.57142857142856], [200.0, 328.57142857142856], [0.0, 328.57142857142856], [0.0, 128.57142857142856]], [[0.0, 328.57142857142856], [200.0, 328.57142857142856], [200.0, 528.5714285714286], [0.0, 528.5714285714286], [0.0, 328.57142857142856]], [[380.0, 480.0], [380.0, 760.0], [200.0, 760.0], [200.0, 480.0], [380.0, 480.0]], [[660.0, 280.0], [380.0, 280.0], [520.0, 140.0], [660.0, 280.0]], [[280.0, 0.0], [280.0, 180.0], [0.0, 0.0], [280.0, 0.0]], [[380.0, 480.0], [660.0, 480.0], [660.0, 760.0], [380.0, 760.0], [380.0, 480.0]], [[7.007507466231459, 760.0], [87.00750746623146, 560.0], [187.00750746623146, 560.0], [187.00750746623146, 760.0], [7.007507466231459, 760.0]], [[200.0, 280.0], [300.0, 280.0], [300.0, 460.0], [200.0, 460.0], [200.0, 280.0]], [[380.0, 0.0], [660.0, 0.0], [660.0, 280.0], [380.0, 0.0]], [[300.0, 480.0], [300.0, 280.0], [500.0, 280.0], [580.0, 480.0], [300.0, 480.0]], [[660.0, 280.0], [580.0, 440.0], [500.0, 280.0], [660.0, 280.0]], [[280.0, 280.0], [280.0, 0.0], [520.0, 140.0], [280.0, 280.0]]]"
Sun Jul 19 03:04:14 2020,2,1,True,687.5128732982321,0.8290753848222754,"[0, 0, 1, 0, 3, 0, 0, 0, 2, 2, 2, 3]","[[[367.1817489641413, 467.1817489641411], [567.1817489641413, 467.1817489641411], [567.1817489641413, 667.1817489641411], [367.1817489641413, 667.1817489641411], [367.1817489641413, 467.1817489641411]], [[207.51287329823208, 235.24712020566085], [407.5128732982321, 235.24712020566085], [407.5128732982321, 435.24712020566085], [207.51287329823208, 435.24712020566085], [207.51287329823208, 235.24712020566085]], [[180.0, 480.0], [180.0, 760.0], [0.0, 760.0], [0.0, 480.0], [180.0, 480.0]], [[92.48712670176789, 0.0], [372.4871267017679, 0.0], [232.4871267017679, 140.0], [92.48712670176789, 0.0]], [[687.5128732982321, 760.0], [507.5128732982321, 760.0], [687.5128732982321, 480.0], [687.5128732982321, 760.0]], [[407.5128732982321, 187.1817489641411], [687.5128732982321, 187.1817489641411], [687.5128732982321, 467.1817489641411], [407.5128732982321, 467.1817489641411], [407.5128732982321, 187.1817489641411]], [[365.3053777376268, 7.181748964141093], [565.3053777376268, 87.1817489641411], [565.3053777376268, 187.1817489641411], [365.3053777376268, 187.1817489641411], [365.3053777376268, 7.181748964141093]], [[565.3053777376268, 0.0], [665.3053777376268, 0.0], [665.3053777376268, 180.0], [565.3053777376268, 180.0], [565.3053777376268, 0.0]], [[460.0, 760.0], [180.0, 760.0], [180.0, 480.0], [460.0, 760.0]], [[207.51287329823208, 480.0], [7.51287329823208, 480.0], [7.51287329823208, 280.0], [207.51287329823208, 200.0], [207.51287329823208, 480.0]], [[375.24712020566085, 435.24712020566085], [295.24712020566085, 595.2471202056608], [215.24712020566085, 435.24712020566085], [375.24712020566085, 435.24712020566085]], [[0.0, 284.3825094239687], [0.0, 4.382509423968713], [240.0, 144.3825094239687], [0.0, 284.3825094239687]]]"
Sun Jul 19 03:04:26 2020,2,1,True,694.3880020312145,0.8208667176458172,"[0, 0, 0, 2, 2, 0, 1, 1, 3, 1, 2, 2]","[[[0.0, 560.0], [200.0, 560.0], [200.0, 760.0], [0.0, 760.0], [0.0, 560.0]], [[200.0, 560.0], [400.0, 560.0], [400.0, 760.0], [200.0, 760.0], [200.0, 560.0]], [[332.57974418784306, 0.0], [612.5797441878431, 0.0], [612.5797441878431, 180.0], [332.57974418784306, 180.0], [332.57974418784306, 0.0]], [[346.28987209392153, 213.71012790607847], [66.28987209392153, 213.71012790607847], [206.28987209392153, 73.71012790607847], [346.28987209392153, 213.71012790607847]], [[389.7842454794335, 213.71012790607847], [389.7842454794335, 393.71012790607847], [109.78424547943348, 213.71012790607847], [389.7842454794335, 213.71012790607847]], [[414.38800203121446, 180.0], [694.3880020312145, 180.0], [694.3880020312145, 460.0], [414.38800203121446, 460.0], [414.38800203121446, 180.0]], [[180.0, 280.0], [100.0, 480.0], [0.0, 480.0], [0.0, 280.0], [180.0, 280.0]], [[580.0, 660.0], [580.0, 760.0], [400.0, 760.0], [400.0, 660.0], [580.0, 660.0]], [[0.0, 280.0], [0.0, 0.0], [280.0, 0.0], [0.0, 280.0]], [[660.0123583663028, 460.0], [660.0123583663028, 660.0], [460.0123583663028, 660.0], [380.0123583663028, 460.0], [660.0123583663028, 460.0]], [[409.6642412785459, 393.71012790607847], [329.6642412785459, 553.7101279060785], [249.6642412785459, 393.71012790607847], [409.6642412785459, 393.71012790607847]], [[333.3333333333334, 560.0], [53.33333333333343, 560.0], [193.33333333333343, 320.0], [333.3333333333334, 560.0]]]"
Sun Jul 19 03:04:27 2020,2,0,True,666.6124819499659,0.8550694975477262,"[0, 0, 0, 2, 2, 0, 1, 1, 3, 1, 2, 2]","[[[0.0, 560.0], [200.0, 560.0], [200.0, 760.0], [0.0, 760.0], [0.0, 560.0]], [[200.0, 560.0], [400.0, 560.0], [400.0, 760.0], [200.0, 760.0], [200.0, 560.0]], [[380.0, 0.0], [660.0, 0.0], [660.0, 180.0], [380.0, 180.0], [380.0, 0.0]], [[380.0, 180.0], [100.0, 180.0], [240.0, 40.0], [380.0, 180.0]], [[386.61248194996585, 180.0], [386.61248194996585, 360.0], [106.61248194996585, 180.0], [386.61248194996585, 180.0]], [[386.61248194996585, 180.0], [666.6124819499659, 180.0], [666.6124819499659, 460.0], [386.61248194996585, 460.0], [386.61248194996585, 180.0]], [[180.0, 280.0], [100.0, 480.0], [0.0, 480.0], [0.0, 280.0], [180.0, 280.0]], [[580.0, 660.0], [580.0, 760.0], [400.0, 760.0], [400.0, 660.0], [580.0, 660.0]], [[0.0, 280.0], [0.0, 0.0], [280.0, 0.0], [0.0, 280.0]], [[660.0123583663028, 460.0], [660.0123583663028, 660.0], [460.0123583663028, 660.0], [380.0123583663028, 460.0], [660.0123583663028, 460.0]], [[390.0000000000001, 360.0], [310.0000000000001, 520.0], [230.0000000000001, 360.0], [390.0000000000001, 360.0]], [[333.3333333333334, 560.0], [53.33333333333343, 560.0], [193.33333333333343, 320.0], [333.3333333333334, 560.0]]]"
Sun Jul 19 03:04:28 2020,2,0,True,639.9479826719672,0.8906973932788814,"[0, 0, 0, 2, 2, 0, 1, 1, 3, 1, 3, 2]","[[[0.0, 560.0], [200.0, 560.0], [200.0, 760.0], [0.0, 760.0], [0.0, 560.0]], [[200.0, 560.0], [400.0, 560.0], [400.0, 760.0], [200.0, 760.0], [200.0, 560.0]], [[359.9479826719672, 0.0], [639.9479826719672, 0.0], [639.9479826719672, 180.0], [359.9479826719672, 180.0], [359.9479826719672, 0.0]], [[339.9479826719672, 220.0], [59.947982671967225, 220.0], [199.94798267196722, 80.0], [339.9479826719672, 220.0]], [[359.9479826719672, 220.0], [359.9479826719672, 400.0], [79.94798267196722, 220.0], [359.9479826719672, 220.0]], [[359.9479826719672, 180.0], [639.9479826719672, 180.0], [639.9479826719672, 460.0], [359.9479826719672, 460.0], [359.9479826719672, 180.0]], [[180.0, 280.0], [100.0, 480.0], [0.0, 480.0], [0.0, 280.0], [180.0, 280.0]], [[580.0, 660.0], [580.0, 760.0], [400.0, 760.0], [400.0, 660.0], [580.0, 660.0]], [[0.0, 280.0], [0.0, 0.0], [280.0, 0.0], [0.0, 280.0]], [[639.9479826719672, 460.0], [639.9479826719672, 660.0], [439.9479826719672, 660.0], [359.9479826719672, 460.0], [639.9479826719672, 460.0]], [[359.9479826719672, 160.0], [199.94798267196722, 80.0], [359.9479826719672, 0.0], [359.9479826719672, 160.0]], [[333.3333333333334, 560.0], [53.33333333333343, 560.0], [193.33333333333343, 320.0], [333.3333333333334, 560.0]]]"
错误，Sun Jul 19 03:07:27 2020,2,9,False,646.3474624986869,0.8818786072068133,"[0, 0, 1, 3, 0, 0, 0, 1, 0, 1, 2, 2]","[[[422.9639802090993, 180.0], [622.9639802090993, 180.0], [622.9639802090993, 380.0], [422.9639802090993, 380.0], [422.9639802090993, 180.0]], [[446.3474624986869, 560.0], [646.3474624986869, 560.0], [646.3474624986869, 760.0], [446.3474624986869, 760.0], [446.3474624986869, 560.0]], [[180.0, 460.0], [180.0, 740.0], [0.0, 740.0], [0.0, 460.0], [180.0, 460.0]], [[280.0, 417.0360197909007], [280.0, 137.0360197909007], [420.0, 277.0360197909007], [280.0, 417.0360197909007]], [[0.0, 180.0], [0.0, 0.0], [280.0, 180.0], [0.0, 180.0]], [[0.0, 180.0], [280.0, 180.0], [280.0, 460.0], [0.0, 460.0], [0.0, 180.0]], [[422.9639802090993, 0.0], [622.9639802090993, 80.0], [622.9639802090993, 180.0], [422.9639802090993, 180.0], [422.9639802090993, 0.0]], [[646.3474624986869, 0.0], [646.3474624986869, 100.0], [466.3474624986869, 100.0], [466.3474624986869, 0.0], [646.3474624986869, 0.0]], [[142.9639802090993, 0.0], [422.9639802090993, 0.0], [422.9639802090993, 280.0], [142.9639802090993, 0.0]], [[460.0, 560.0], [460.0, 760.0], [260.0, 760.0], [180.0, 560.0], [460.0, 560.0]], [[585.3693531242341, 380.0], [505.36935312423407, 540.0], [425.36935312423407, 380.0], [585.3693531242341, 380.0]], [[517.0360197909008, 560.0], [237.0360197909008, 560.0], [377.0360197909008, 320.0], [517.0360197909008, 560.0]]]"
错误，Sun Jul 19 03:10:46 2020,2,9,False,652.8109371236739,0.8731471358483299,"[0, 0, 1, 1, 2, 0, 0, 1, 3, 2, 3, 3]","[[[452.81093712367385, 560.0], [652.8109371236739, 560.0], [652.8109371236739, 760.0], [452.81093712367385, 760.0], [452.81093712367385, 560.0]], [[0.0, 280.0], [200.0, 280.0], [200.0, 480.0], [0.0, 480.0], [0.0, 280.0]], [[647.7777777777777, 280.0], [647.7777777777777, 560.0], [467.7777777777777, 560.0], [467.7777777777777, 280.0], [647.7777777777777, 280.0]], [[467.7777777777777, 398.6081602060701], [467.7777777777777, 678.6081602060701], [327.7777777777777, 538.6081602060701], [467.7777777777777, 398.6081602060701]], [[355.5555555555555, 566.3859379838478], [355.5555555555555, 746.3859379838478], [75.55555555555549, 566.3859379838478], [355.5555555555555, 566.3859379838478]], [[0.0, 0.0], [280.0, 0.0], [280.0, 280.0], [0.0, 280.0], [0.0, 0.0]], [[0.0, 566.3859379838478], [200.0, 646.3859379838478], [200.0, 746.3859379838478], [0.0, 746.3859379838478], [0.0, 566.3859379838478]], [[180.0, 466.38593798384784], [180.0, 566.3859379838478], [0.0, 566.3859379838478], [0.0, 466.38593798384784], [180.0, 466.38593798384784]], [[280.0, 280.0], [280.0, 0.0], [560.0, 0.0], [280.0, 280.0]], [[652.8109371236739, 280.0], [452.81093712367385, 280.0], [452.81093712367385, 80.0], [652.8109371236739, 0.0], [652.8109371236739, 280.0]], [[391.02836493798657, 384.4858175310067], [231.02836493798657, 304.4858175310067], [391.02836493798657, 224.48581753100672], [391.02836493798657, 384.4858175310067]], [[200.0, 566.3859379838478], [200.0, 286.38593798384784], [440.0, 426.38593798384784], [200.0, 566.3859379838478]]]"
Sun Jul 19 03:11:07 2020,2,1,True,659.3390464949106,0.8645021147013167,"[0, 0, 0, 2, 1, 0, 1, 0, 0, 1, 2, 2]","[[[176.90970539639363, 380.0], [376.90970539639363, 380.0], [376.90970539639363, 580.0], [176.90970539639363, 580.0], [176.90970539639363, 380.0]], [[179.7413660197475, 0.402319524836912], [379.7413660197475, 0.402319524836912], [379.7413660197475, 200.4023195248369], [179.7413660197475, 200.4023195248369], [179.7413660197475, 0.402319524836912]], [[0.0, 580.0], [280.0, 580.0], [280.0, 760.0], [0.0, 760.0], [0.0, 580.0]], [[592.6530612244899, 280.0], [312.6530612244899, 280.0], [452.6530612244899, 140.0], [592.6530612244899, 280.0]], [[0.0, 0.0], [180.0, 0.0], [0.0, 280.0], [0.0, 0.0]], [[379.3390464949106, 280.0], [659.3390464949106, 280.0], [659.3390464949106, 560.0], [379.3390464949106, 560.0], [379.3390464949106, 280.0]], [[180.0, 372.27426349098414], [100.0, 572.2742634909841], [0.0, 572.2742634909841], [0.0, 372.27426349098414], [180.0, 372.27426349098414]], [[280.0, 580.0], [380.0, 580.0], [380.0, 760.0], [280.0, 760.0], [280.0, 580.0]], [[379.3390464949106, 0.0], [659.3390464949106, 0.0], [659.3390464949106, 280.0], [379.3390464949106, 0.0]], [[656.9097053963936, 560.0], [656.9097053963936, 760.0], [456.90970539639363, 760.0], [376.90970539639363, 560.0], [656.9097053963936, 560.0]], [[352.6530612244899, 200.0], [272.6530612244899, 360.0], [192.65306122448987, 200.0], [352.6530612244899, 200.0]], [[280.0, 372.27426349098414], [0.0, 372.27426349098414], [140.0, 132.27426349098414], [280.0, 372.27426349098414]]]"
Sun Jul 19 03:11:27 2020,2,1,True,665.9324369598597,0.8559426878230858,"[0, 0, 1, 1, 3, 0, 2, 1, 3, 3, 0, 0]","[[[465.93243695985973, 79.99999999999989], [665.9324369598597, 79.99999999999989], [665.9324369598597, 279.9999999999999], [465.93243695985973, 279.9999999999999], [465.93243695985973, 79.99999999999989]], [[460.0, 559.9999999999999], [660.0, 559.9999999999999], [660.0, 759.9999999999999], [460.0, 759.9999999999999], [460.0, 559.9999999999999]], [[180.0, 463.48774062551877], [180.0, 743.4877406255188], [0.0, 743.4877406255188], [0.0, 463.48774062551877], [180.0, 463.48774062551877]], [[267.9408308030527, 12.059169196947323], [267.9408308030527, 292.0591691969473], [127.94083080305268, 152.05916919694732], [267.9408308030527, 12.059169196947323]], [[382.0380373408949, 559.9999999999999], [202.0380373408949, 559.9999999999999], [382.0380373408949, 279.9999999999999], [382.0380373408949, 559.9999999999999]], [[382.0380373408949, 279.9999999999999], [662.0380373408949, 279.9999999999999], [662.0380373408949, 559.9999999999999], [382.0380373408949, 559.9999999999999], [382.0380373408949, 279.9999999999999]], [[467.9408308030527, 187.9999999999999], [267.9408308030527, 107.99999999999989], [267.9408308030527, 7.999999999999886], [467.9408308030527, 7.999999999999886], [467.9408308030527, 187.9999999999999]], [[447.9408308030527, 179.9999999999999], [447.9408308030527, 279.9999999999999], [267.9408308030527, 279.9999999999999], [267.9408308030527, 179.9999999999999], [447.9408308030527, 179.9999999999999]], [[0.0, 280.0], [0.0, 0.0], [280.0, 0.0], [0.0, 280.0]], [[180.0, 759.9999999999999], [180.0, 559.9999999999999], [380.0, 559.9999999999999], [460.0, 759.9999999999999], [180.0, 759.9999999999999]], [[0.0, 452.0591691969473], [80.0, 292.0591691969473], [160.0, 452.0591691969473], [0.0, 452.0591691969473]], [[80.0, 292.0591691969473], [360.0, 292.0591691969473], [220.0, 532.0591691969473], [80.0, 292.0591691969473]]]"
Sun Jul 19 03:11:41 2020,2,1,True,672.5917613294583,0.8474680077456295,"[0, 0, 1, 0, 1, 0, 3, 0, 1, 0, 2, 2]","[[[328.57142857142856, 559.9999999999999], [528.5714285714286, 559.9999999999999], [528.5714285714286, 759.9999999999999], [328.57142857142856, 759.9999999999999], [328.57142857142856, 559.9999999999999]], [[180.0, 0.0], [380.0, 0.0], [380.0, 200.0], [180.0, 200.0], [180.0, 0.0]], [[180.0, 200.0], [180.0, 480.0], [0.0, 480.0], [0.0, 200.0], [180.0, 200.0]], [[392.59176132945834, 0.0], [672.5917613294583, 0.0], [532.5917613294583, 140.0], [392.59176132945834, 0.0]], [[0.0, 479.9999999999999], [180.0, 479.9999999999999], [0.0, 759.9999999999999], [0.0, 479.9999999999999]], [[392.59176132945834, 279.9999999999999], [672.5917613294583, 279.9999999999999], [672.5917613294583, 559.9999999999999], [392.59176132945834, 559.9999999999999], [392.59176132945834, 279.9999999999999]], [[0.0, 200.0], [80.0, 0.0], [180.0, 0.0], [180.0, 200.0], [0.0, 200.0]], [[528.5714285714286, 559.9999999999999], [628.5714285714286, 559.9999999999999], [628.5714285714286, 739.9999999999999], [528.5714285714286, 739.9999999999999], [528.5714285714286, 559.9999999999999]], [[672.5917613294583, 0.0], [672.5917613294583, 280.0], [392.59176132945834, 280.0], [672.5917613294583, 0.0]], [[180.0, 199.9999999999999], [380.0, 199.9999999999999], [380.0, 399.9999999999999], [180.0, 479.9999999999999], [180.0, 199.9999999999999]], [[321.2760055478502, 509.12621359223283], [241.2760055478502, 669.1262135922328], [161.2760055478502, 509.12621359223283], [321.2760055478502, 509.12621359223283]], [[294.28571428571416, 760.0], [14.285714285714164, 760.0], [154.28571428571416, 520.0], [294.28571428571416, 760.0]]]"
Sun Jul 19 03:11:53 2020,2,1,True,679.3176789427529,0.8390772353917125,"[0, 0, 0, 0, 0, 0, 3, 0, 1, 1, 0, 1]","[[[0.0, 200.0], [200.0, 200.0], [200.0, 400.0], [0.0, 400.0], [0.0, 200.0]], [[180.0, 0.0], [380.0, 0.0], [380.0, 200.0], [180.0, 200.0], [180.0, 0.0]], [[0.0, 580.0], [280.0, 580.0], [280.0, 760.0], [0.0, 760.0], [0.0, 580.0]], [[194.298245614035, 200.0], [474.298245614035, 200.0], [334.298245614035, 340.0], [194.298245614035, 200.0]], [[0.0, 580.0], [0.0, 400.0], [280.0, 580.0], [0.0, 580.0]], [[394.29824561403507, 280.0], [674.2982456140351, 280.0], [674.2982456140351, 560.0], [394.29824561403507, 560.0], [394.29824561403507, 280.0]], [[0.0, 200.0], [80.0, 0.0], [180.0, 0.0], [180.0, 200.0], [0.0, 200.0]], [[380.0, 0.0], [480.0, 0.0], [480.0, 180.0], [380.0, 180.0], [380.0, 0.0]], [[674.2982456140351, 0.0], [674.2982456140351, 280.0], [394.29824561403507, 280.0], [674.2982456140351, 0.0]], [[645.68809087628, 559.9999999999999], [645.68809087628, 759.9999999999999], [445.68809087627994, 759.9999999999999], [365.68809087627994, 559.9999999999999], [645.68809087628, 559.9999999999999]], [[285.68809087627994, 759.9999999999999], [365.68809087627994, 599.9999999999999], [445.68809087627994, 759.9999999999999], [285.68809087627994, 759.9999999999999]], [[350.1030488843468, 330.7805314256515], [350.1030488843468, 610.7805314256515], [110.10304888434678, 470.7805314256515], [350.1030488843468, 330.7805314256515]]]"
Sun Jul 19 03:12:08 2020,2,1,True,686.1108557321804,0.8307695399917945,"[0, 0, 0, 2, 3, 0, 0, 0, 3, 3, 0, 0]","[[[0.0, 180.0], [200.0, 180.0], [200.0, 380.0], [0.0, 380.0], [0.0, 180.0]], [[200.0, 0.0], [400.0, 0.0], [400.0, 200.0], [200.0, 200.0], [200.0, 0.0]], [[400.0, 580.0], [680.0, 580.0], [680.0, 760.0], [400.0, 760.0], [400.0, 580.0]], [[380.0, 560.0], [100.0, 560.0], [240.0, 420.0], [380.0, 560.0]], [[686.1108557321804, 300.0], [506.1108557321804, 300.0], [686.1108557321804, 20.0], [686.1108557321804, 300.0]], [[406.1108557321804, 300.0], [686.1108557321804, 300.0], [686.1108557321804, 580.0], [406.1108557321804, 580.0], [406.1108557321804, 300.0]], [[200.0, 200.0], [400.0, 280.0], [400.0, 380.0], [200.0, 380.0], [200.0, 200.0]], [[100.0, 0.0], [200.0, 0.0], [200.0, 180.0], [100.0, 180.0], [100.0, 0.0]], [[0.0, 660.0], [0.0, 380.0], [280.0, 380.0], [0.0, 660.0]], [[120.0, 760.0], [120.0, 560.0], [320.0, 560.0], [400.0, 760.0], [120.0, 760.0]], [[366.6666666666667, 266.66666666666663], [446.6666666666667, 106.66666666666663], [526.6666666666667, 266.66666666666663], [366.6666666666667, 266.66666666666663]], [[400.0, 0.0], [680.0, 0.0], [540.0, 240.0], [400.0, 0.0]]]"
Sun Jul 19 03:12:29 2020,2,0,True,658.6664215028932,0.8653849374914526,"[0, 0, 1, 2, 3, 0, 0, 0, 3, 1, 0, 0]","[[[358.6664215028932, 560.0], [558.6664215028932, 560.0], [558.6664215028932, 760.0], [358.6664215028932, 760.0], [358.6664215028932, 560.0]], [[250.7348495540893, 29.265150445910706], [450.7348495540893, 29.265150445910706], [450.7348495540893, 229.2651504459107], [250.7348495540893, 229.2651504459107], [250.7348495540893, 29.265150445910706]], [[658.6664215028932, 0.0], [658.6664215028932, 280.0], [478.6664215028932, 280.0], [478.6664215028932, 0.0], [658.6664215028932, 0.0]], [[290.7348495540893, 269.2651504459107], [10.734849554089294, 269.2651504459107], [150.7348495540893, 129.2651504459107], [290.7348495540893, 269.2651504459107]], [[378.6664215028932, 557.9255445600561], [198.66642150289317, 557.9255445600561], [378.6664215028932, 277.9255445600561], [378.6664215028932, 557.9255445600561]], [[378.6664215028932, 280.0], [658.6664215028932, 280.0], [658.6664215028932, 560.0], [378.6664215028932, 560.0], [378.6664215028932, 280.0]], [[0.0, 377.925544560056], [200.0, 457.925544560056], [200.0, 557.925544560056], [0.0, 557.925544560056], [0.0, 377.925544560056]], [[558.6664215028932, 580.0], [658.6664215028932, 580.0], [658.6664215028932, 760.0], [558.6664215028932, 760.0], [558.6664215028932, 580.0]], [[0.0, 280.0], [0.0, 0.0], [280.0, 0.0], [0.0, 280.0]], [[358.6664215028932, 557.9255445600561], [358.6664215028932, 757.9255445600561], [158.66642150289317, 757.9255445600561], [78.66642150289317, 557.9255445600561], [358.6664215028932, 557.9255445600561]], [[0.0, 760.0], [80.0, 600.0], [160.0, 760.0], [0.0, 760.0]], [[89.94810343341521, 269.2651504459107], [369.9481034334152, 269.2651504459107], [229.9481034334152, 509.2651504459107], [89.94810343341521, 269.2651504459107]]]"
Sun Jul 19 03:13:13 2020,2,3,True,665.2530857179221,0.8568167697935174,"[0, 0, 1, 1, 3, 0, 2, 0, 2, 2, 1, 0]","[[[199.9999999999999, 279.9999999999999], [399.9999999999999, 279.9999999999999], [399.9999999999999, 479.9999999999999], [199.9999999999999, 479.9999999999999], [199.9999999999999, 279.9999999999999]], [[0.0, 279.9999999999999], [200.0, 279.9999999999999], [200.0, 479.9999999999999], [0.0, 479.9999999999999], [0.0, 279.9999999999999]], [[380.0, 479.9999999999999], [380.0, 759.9999999999999], [200.0, 759.9999999999999], [200.0, 479.9999999999999], [380.0, 479.9999999999999]], [[665.2530857179221, 480.0], [665.2530857179221, 760.0], [525.2530857179221, 620.0], [665.2530857179221, 480.0]], [[348.5714285714286, 280.0], [168.5714285714286, 280.0], [348.5714285714286, 0.0], [348.5714285714286, 280.0]], [[348.57142857142867, 0.0], [628.5714285714287, 0.0], [628.5714285714287, 280.0], [348.57142857142867, 280.0], [348.57142857142867, 0.0]], [[665.2530857179221, 460.0], [465.2530857179221, 380.0], [465.2530857179221, 280.0], [665.2530857179221, 280.0], [665.2530857179221, 460.0]], [[0.0, 78.36734693877543], [100.0, 78.36734693877543], [100.0, 258.3673469387754], [0.0, 258.3673469387754], [0.0, 78.36734693877543]], [[659.9999999999999, 759.9999999999999], [379.9999999999999, 759.9999999999999], [379.9999999999999, 479.9999999999999], [659.9999999999999, 759.9999999999999]], [[200.0, 760.0], [0.0, 760.0], [0.0, 560.0], [200.0, 480.0], [200.0, 760.0]], [[414.7469142820779, 354.7469142820779], [574.7469142820779, 434.7469142820779], [414.7469142820779, 514.7469142820779], [414.7469142820779, 354.7469142820779]], [[54.285714285714334, 0.0], [334.28571428571433, 0.0], [194.28571428571433, 240.0], [54.285714285714334, 0.0]]]"
Sun Jul 19 03:13:59 2020,2,3,True,671.9056165751014,0.8483334354391261,"[0, 0, 1, 0, 1, 0, 3, 0, 1, 0, 0, 0]","[[[170.0, 40.0], [370.0, 40.0], [370.0, 240.0], [170.0, 240.0], [170.0, 40.0]], [[370.0, 0.0], [570.0, 0.0], [570.0, 200.0], [370.0, 200.0], [370.0, 0.0]], [[230.0, 240.0], [230.0, 520.0], [50.0, 520.0], [50.0, 240.0], [230.0, 240.0]], [[390.0, 200.0], [670.0, 200.0], [530.0, 340.0], [390.0, 200.0]], [[0.0, 24.444444444444457], [180.0, 24.444444444444457], [0.0, 304.44444444444446], [0.0, 24.444444444444457]], [[390.0, 480.0], [670.0, 480.0], [670.0, 760.0], [390.0, 760.0], [390.0, 480.0]], [[210.0, 760.0], [290.0, 560.0], [390.0, 560.0], [390.0, 760.0], [210.0, 760.0]], [[570.0, 20.0], [670.0, 20.0], [670.0, 200.0], [570.0, 200.0], [570.0, 20.0]], [[670.0, 200.0], [670.0, 480.0], [390.0, 480.0], [670.0, 200.0]], [[230.0, 240.0], [430.0, 240.0], [430.0, 440.0], [230.0, 520.0], [230.0, 240.0]], [[0.0, 760.0], [80.0, 600.0], [160.0, 760.0], [0.0, 760.0]], [[33.333333333333314, 520.0], [313.3333333333333, 520.0], [173.33333333333331, 760.0], [33.333333333333314, 520.0]]]"
Sun Jul 19 03:14:10 2020,2,1,True,678.6246727408524,0.8399340944941843,"[0, 0, 1, 3, 3, 0, 1, 1, 0, 1, 0, 0]","[[[179.8460352909815, 100.0], [379.8460352909815, 100.0], [379.8460352909815, 300.0], [179.8460352909815, 300.0], [179.8460352909815, 100.0]], [[179.8460352909815, 300.0], [379.8460352909815, 300.0], [379.8460352909815, 500.0], [179.8460352909815, 500.0], [179.8460352909815, 300.0]], [[180.0, 200.0], [180.0, 480.0], [0.0, 480.0], [0.0, 200.0], [180.0, 200.0]], [[379.8460352909815, 465.02939191209725], [379.8460352909815, 185.02939191209725], [519.8460352909815, 325.02939191209725], [379.8460352909815, 465.02939191209725]], [[392.7031781481244, 760.0], [212.70317814812438, 760.0], [392.7031781481244, 480.0], [392.7031781481244, 760.0]], [[392.7031781481244, 477.88653476924014], [672.7031781481244, 477.88653476924014], [672.7031781481244, 757.8865347692401], [392.7031781481244, 757.8865347692401], [392.7031781481244, 477.88653476924014]], [[180.0, 0.0], [100.0, 200.0], [0.0, 200.0], [0.0, 0.0], [180.0, 0.0]], [[360.0, 0.0], [360.0, 100.0], [180.0, 100.0], [180.0, 0.0], [360.0, 0.0]], [[394.81664337888424, 200.0], [674.8166433788842, 200.0], [674.8166433788842, 480.0], [394.81664337888424, 200.0]], [[645.0293919120973, 0.0], [645.0293919120973, 200.0], [445.02939191209725, 200.0], [365.02939191209725, 0.0], [645.0293919120973, 0.0]], [[0.0, 705.7142857142857], [80.0, 545.7142857142857], [160.0, 705.7142857142857], [0.0, 705.7142857142857]], [[53.33333333333334, 500.0], [333.33333333333337, 500.0], [193.33333333333334, 740.0], [53.33333333333334, 500.0]]]"
Sun Jul 19 03:14:22 2020,2,1,True,685.4109194682609,0.8316179153407766,"[0, 0, 1, 0, 3, 0, 2, 1, 2, 0, 1, 1]","[[[474.589080531739, 460.0], [674.589080531739, 460.0], [674.589080531739, 660.0], [474.589080531739, 660.0], [474.589080531739, 460.0]], [[200.0, 280.0], [400.0, 280.0], [400.0, 480.0], [200.0, 480.0], [200.0, 280.0]], [[371.47968583121815, 480.0], [371.47968583121815, 760.0], [191.47968583121815, 760.0], [191.47968583121815, 480.0], [371.47968583121815, 480.0]], [[0.0, 0.0], [280.0, 0.0], [140.0, 140.0], [0.0, 0.0]], [[191.47968583121815, 760.0], [11.479685831218148, 760.0], [191.47968583121815, 480.0], [191.47968583121815, 760.0]], [[380.0, 0.0], [660.0, 0.0], [660.0, 280.0], [380.0, 280.0], [380.0, 0.0]], [[685.4109194682609, 460.0], [485.4109194682609, 380.0], [485.4109194682609, 280.0], [685.4109194682609, 280.0], [685.4109194682609, 460.0]], [[551.4796858312181, 660.0], [551.4796858312181, 760.0], [371.47968583121815, 760.0], [371.47968583121815, 660.0], [551.4796858312181, 660.0]], [[280.0, 280.0], [0.0, 280.0], [0.0, 0.0], [280.0, 280.0]], [[0.0, 276.59187433248724], [200.0, 276.59187433248724], [200.0, 476.59187433248724], [0.0, 556.5918743324872], [0.0, 276.59187433248724]], [[400.0, 337.29454026586956], [560.0, 417.29454026586956], [400.0, 497.29454026586956], [400.0, 337.29454026586956]], [[380.0, 0.0], [380.0, 280.0], [140.0, 140.0], [380.0, 0.0]]]"
Sun Jul 19 03:14:49 2020,2,1,True,692.2650286629435,0.8233840745948283,"[0, 0, 1, 0, 2, 0, 3, 1, 2, 0, 1, 1]","[[[380.0, 380.0], [580.0, 380.0], [580.0, 580.0], [380.0, 580.0], [380.0, 380.0]], [[0.0, 560.0], [200.0, 560.0], [200.0, 760.0], [0.0, 760.0], [0.0, 560.0]], [[380.0, 480.0], [380.0, 760.0], [200.0, 760.0], [200.0, 480.0], [380.0, 480.0]], [[0.0, 0.0], [280.0, 0.0], [140.0, 140.0], [0.0, 0.0]], [[664.4444444444445, 580.0], [664.4444444444445, 760.0], [384.44444444444446, 580.0], [664.4444444444445, 580.0]], [[377.9944826895304, 0.0], [657.9944826895304, 0.0], [657.9944826895304, 280.0], [377.9944826895304, 280.0], [377.9944826895304, 0.0]], [[200.0, 480.0], [280.0, 280.0], [380.0, 280.0], [380.0, 480.0], [200.0, 480.0]], [[560.0, 280.0], [560.0, 380.0], [380.0, 380.0], [380.0, 280.0], [560.0, 280.0]], [[280.0, 282.0055173104696], [0.0, 282.0055173104696], [0.0, 2.0055173104695996], [280.0, 282.0055173104696]], [[0.0, 282.0055173104696], [200.0, 282.0055173104696], [200.0, 482.0055173104696], [0.0, 562.0055173104696], [0.0, 282.0055173104696]], [[380.0, 600.0], [540.0, 680.0], [380.0, 760.0], [380.0, 600.0]], [[377.9944826895304, 0.0], [377.9944826895304, 280.0], [137.9944826895304, 140.0], [377.9944826895304, 0.0]]]"
Sun Jul 19 03:14:50 2020,2,0,True,664.5744275164257,0.8576917443696129,"[0, 0, 1, 0, 2, 0, 3, 1, 2, 0, 1, 1]","[[[380.0, 380.0], [580.0, 380.0], [580.0, 580.0], [380.0, 580.0], [380.0, 380.0]], [[0.0, 560.0], [200.0, 560.0], [200.0, 760.0], [0.0, 760.0], [0.0, 560.0]], [[380.0, 480.0], [380.0, 760.0], [200.0, 760.0], [200.0, 480.0], [380.0, 480.0]], [[0.0, 0.0], [280.0, 0.0], [140.0, 140.0], [0.0, 0.0]], [[664.4444444444445, 580.0], [664.4444444444445, 760.0], [384.44444444444446, 580.0], [664.4444444444445, 580.0]], [[377.9944826895304, 0.0], [657.9944826895304, 0.0], [657.9944826895304, 280.0], [377.9944826895304, 280.0], [377.9944826895304, 0.0]], [[200.0, 480.0], [280.0, 280.0], [380.0, 280.0], [380.0, 480.0], [200.0, 480.0]], [[560.0, 280.0], [560.0, 380.0], [380.0, 380.0], [380.0, 280.0], [560.0, 280.0]], [[280.0, 282.0055173104696], [0.0, 282.0055173104696], [0.0, 2.0055173104695996], [280.0, 282.0055173104696]], [[0.0, 282.0055173104696], [200.0, 282.0055173104696], [200.0, 482.0055173104696], [0.0, 562.0055173104696], [0.0, 282.0055173104696]], [[380.0, 600.0], [540.0, 680.0], [380.0, 760.0], [380.0, 600.0]], [[377.9944826895304, 0.0], [377.9944826895304, 280.0], [137.9944826895304, 140.0], [377.9944826895304, 0.0]]]"
Sun Jul 19 03:15:49 2020,2,5,True,671.2201717915899,0.8491997469006068,"[0, 0, 1, 0, 2, 0, 3, 1, 2, 0, 3, 3]","[[[437.99145041576855, 280.0], [637.9914504157686, 280.0], [637.9914504157686, 480.0], [437.99145041576855, 480.0], [437.99145041576855, 280.0]], [[237.99145041576855, 280.0], [437.99145041576855, 280.0], [437.99145041576855, 480.0], [237.99145041576855, 480.0], [237.99145041576855, 280.0]], [[191.2201717915899, 0.0], [191.2201717915899, 280.0], [11.220171791589905, 280.0], [11.220171791589905, 0.0], [191.2201717915899, 0.0]], [[391.2201717915899, 480.0], [671.2201717915899, 480.0], [531.2201717915899, 620.0], [391.2201717915899, 480.0]], [[332.5633135116174, 480.0], [332.5633135116174, 660.0], [52.56331351161742, 480.0], [332.5633135116174, 480.0]], [[391.2201717915899, 0.0], [671.2201717915899, 0.0], [671.2201717915899, 280.0], [391.2201717915899, 280.0], [391.2201717915899, 0.0]], [[57.991450415768554, 480.0], [137.99145041576855, 280.0], [237.99145041576855, 280.0], [237.99145041576855, 480.0], [57.991450415768554, 480.0]], [[317.99145041576855, 660.0], [317.99145041576855, 760.0], [137.99145041576855, 760.0], [137.99145041576855, 660.0], [317.99145041576855, 660.0]], [[612.5633135116175, 760.0], [332.5633135116175, 760.0], [332.5633135116175, 480.0], [612.5633135116175, 760.0]], [[191.2201717915899, 0.0], [391.2201717915899, 0.0], [391.2201717915899, 200.0], [191.2201717915899, 280.0], [191.2201717915899, 0.0]], [[671.2201717915899, 710.0], [511.2201717915899, 630.0], [671.2201717915899, 550.0], [671.2201717915899, 710.0]], [[0.0, 740.4950127425317], [0.0, 460.4950127425317], [240.0, 600.4950127425317], [0.0, 740.4950127425317]]]"
Sun Jul 19 03:15:59 2020,2,1,True,677.9323735095059,0.8407918286144622,"[0, 0, 0, 2, 3, 0, 3, 0, 3, 0, 2, 0]","[[[477.93237350950585, 560.0], [677.9323735095059, 560.0], [677.9323735095059, 760.0], [477.93237350950585, 760.0], [477.93237350950585, 560.0]], [[280.0, 560.0], [480.0, 560.0], [480.0, 760.0], [280.0, 760.0], [280.0, 560.0]], [[0.0, 568.584148012077], [280.0, 568.584148012077], [280.0, 748.584148012077], [0.0, 748.584148012077], [0.0, 568.584148012077]], [[480.0, 280.0], [200.0, 280.0], [340.0, 140.0], [480.0, 280.0]], [[296.6045039729988, 560.0], [116.60450397299883, 560.0], [296.6045039729988, 280.0], [296.6045039729988, 560.0]], [[296.6045039729988, 280.0], [576.6045039729988, 280.0], [576.6045039729988, 560.0], [296.6045039729988, 560.0], [296.6045039729988, 280.0]], [[473.7561468769152, 272.00656498749163], [553.7561468769152, 72.00656498749163], [653.7561468769152, 72.00656498749163], [653.7561468769152, 272.00656498749163], [473.7561468769152, 272.00656498749163]], [[577.9323735095059, 272.00656498749163], [677.9323735095059, 272.00656498749163], [677.9323735095059, 452.00656498749163], [577.9323735095059, 452.00656498749163], [577.9323735095059, 272.00656498749163]], [[200.0, 280.0], [200.0, 0.0], [480.0, 0.0], [200.0, 280.0]], [[0.0, 0.0], [200.0, 0.0], [200.0, 200.0], [0.0, 280.0], [0.0, 0.0]], [[544.2646214531865, 95.73537854681354], [464.26462145318646, 255.73537854681354], [384.26462145318646, 95.73537854681354], [544.2646214531865, 95.73537854681354]], [[0.0, 280.0], [280.0, 280.0], [140.0, 520.0], [0.0, 280.0]]]"
Sun Jul 19 03:16:15 2020,2,1,True,684.7116972446009,0.8324671570440219,"[0, 0, 1, 2, 0, 0, 2, 0, 3, 0, 1, 1]","[[[180.0, 560.0], [380.0, 560.0], [380.0, 760.0], [180.0, 760.0], [180.0, 560.0]], [[24.287655559138045, 0.0], [224.28765555913805, 0.0], [224.28765555913805, 200.0], [24.287655559138045, 200.0], [24.287655559138045, 0.0]], [[180.0, 480.0], [180.0, 760.0], [0.0, 760.0], [0.0, 480.0], [180.0, 480.0]], [[480.0, 280.0], [200.0, 280.0], [340.0, 140.0], [480.0, 280.0]], [[380.0, 760.0], [380.0, 580.0], [660.0, 760.0], [380.0, 760.0]], [[200.0, 280.0], [480.0, 280.0], [480.0, 560.0], [200.0, 560.0], [200.0, 280.0]], [[450.8150785691256, 180.0], [250.8150785691256, 100.0], [250.8150785691256, 0.0], [450.8150785691256, 0.0], [450.8150785691256, 180.0]], [[563.7861547606252, 246.48553809574992], [663.7861547606252, 246.48553809574992], [663.7861547606252, 426.4855380957499], [563.7861547606252, 426.4855380957499], [563.7861547606252, 246.48553809574992]], [[0.0, 480.0], [0.0, 200.0], [280.0, 200.0], [0.0, 480.0]], [[480.0, 0.0], [680.0, 0.0], [680.0, 200.0], [480.0, 280.0], [480.0, 0.0]], [[480.0, 384.59246071543726], [640.0, 464.59246071543726], [480.0, 544.5924607154373], [480.0, 384.59246071543726]], [[656.2207390780613, 463.2847608358966], [656.2207390780613, 743.2847608358966], [416.22073907806134, 603.2847608358966], [656.2207390780613, 463.2847608358966]]]"
Sun Jul 19 03:16:18 2020,2,0,True,657.3232293548169,0.8671532885875227,"[0, 0, 1, 2, 0, 0, 1, 0, 3, 1, 1, 1]","[[[180.0, 560.0], [380.0, 560.0], [380.0, 760.0], [180.0, 760.0], [180.0, 560.0]], [[0.0, 0.0], [200.0, 0.0], [200.0, 200.0], [0.0, 200.0], [0.0, 0.0]], [[180.0, 480.0], [180.0, 760.0], [0.0, 760.0], [0.0, 480.0], [180.0, 480.0]], [[500.0, 280.0], [220.0, 280.0], [360.0, 140.0], [500.0, 280.0]], [[377.32322935481693, 760.0], [377.32322935481693, 580.0], [657.3232293548169, 760.0], [377.32322935481693, 760.0]], [[200.0, 280.0], [480.0, 280.0], [480.0, 560.0], [200.0, 560.0], [200.0, 280.0]], [[380.0, 0.0], [300.0, 200.0], [200.0, 200.0], [200.0, 0.0], [380.0, 0.0]], [[553.7075900294328, 241.44625573015367], [653.7075900294328, 241.44625573015367], [653.7075900294328, 421.44625573015367], [553.7075900294328, 421.44625573015367], [553.7075900294328, 241.44625573015367]], [[0.0, 480.0], [0.0, 200.0], [280.0, 200.0], [0.0, 480.0]], [[648.5714285714286, 28.571428571428555], [648.5714285714286, 228.57142857142856], [448.57142857142856, 228.57142857142856], [368.57142857142856, 28.571428571428555], [648.5714285714286, 28.571428571428555]], [[480.0, 384.59246071543726], [640.0, 464.59246071543726], [480.0, 544.5924607154373], [480.0, 384.59246071543726]], [[656.2207390780613, 463.2847608358966], [656.2207390780613, 743.2847608358966], [416.22073907806134, 603.2847608358966], [656.2207390780613, 463.2847608358966]]]"
Sun Jul 19 03:17:05 2020,2,3,True,663.8964616483651,0.8585676124628939,"[0, 0, 0, 0, 3, 0, 1, 0, 1, 0, 0, 0]","[[[0.0, 560.0], [200.0, 560.0], [200.0, 760.0], [0.0, 760.0], [0.0, 560.0]], [[202.85714285714283, 540.778942527462], [402.85714285714283, 540.778942527462], [402.85714285714283, 740.778942527462], [202.85714285714283, 740.778942527462], [202.85714285714283, 540.778942527462]], [[383.63608538460505, 300.0], [663.636085384605, 300.0], [663.636085384605, 480.0], [383.63608538460505, 480.0], [383.63608538460505, 300.0]], [[383.63608538460505, 480.0], [663.636085384605, 480.0], [523.636085384605, 620.0], [383.63608538460505, 480.0]], [[180.0, 560.0], [0.0, 560.0], [180.0, 280.0], [180.0, 560.0]], [[383.63608538460505, 20.0], [663.636085384605, 20.0], [663.636085384605, 300.0], [383.63608538460505, 300.0], [383.63608538460505, 20.0]], [[180.0, 204.44444444444446], [100.0, 404.44444444444446], [0.0, 404.44444444444446], [0.0, 204.44444444444446], [180.0, 204.44444444444446]], [[0.0, 24.444444444444457], [100.0, 24.444444444444457], [100.0, 204.44444444444446], [0.0, 204.44444444444446], [0.0, 24.444444444444457]], [[663.6360853846049, 480.0], [663.6360853846049, 760.0], [383.63608538460494, 760.0], [663.6360853846049, 480.0]], [[183.63608538460505, 260.77894252746205], [383.63608538460505, 260.77894252746205], [383.63608538460505, 460.77894252746205], [183.63608538460505, 540.778942527462], [183.63608538460505, 260.77894252746205]], [[226.9530242663879, 260.77894252746205], [306.9530242663879, 100.77894252746205], [386.9530242663879, 260.77894252746205], [226.9530242663879, 260.77894252746205]], [[85.74074074074076, 2.842170943040401e-14], [365.74074074074076, 2.842170943040401e-14], [225.74074074074076, 240.00000000000003], [85.74074074074076, 2.842170943040401e-14]]]"
Sun Jul 19 03:17:23 2020,2,1,True,670.5354262648488,0.8500669430325682,"[0, 0, 0, 3, 3, 0, 3, 0, 3, 1, 0, 0]","[[[76.25821071725767, 0.0], [276.25821071725767, 0.0], [276.25821071725767, 200.0], [76.25821071725767, 200.0], [76.25821071725767, 0.0]], [[0.0, 560.0], [200.0, 560.0], [200.0, 760.0], [0.0, 760.0], [0.0, 560.0]], [[390.53542626484875, 300.0], [670.5354262648488, 300.0], [670.5354262648488, 480.0], [390.53542626484875, 480.0], [390.53542626484875, 300.0]], [[0.0, 413.6614343378781], [0.0, 133.66143433787812], [140.0, 273.6614343378781], [0.0, 413.6614343378781]], [[379.99999999999994, 760.0], [199.99999999999994, 760.0], [379.99999999999994, 480.0], [379.99999999999994, 760.0]], [[380.0, 480.0], [660.0, 480.0], [660.0, 760.0], [380.0, 760.0], [380.0, 480.0]], [[490.53542626484875, 300.0], [570.5354262648488, 100.0], [670.5354262648488, 100.0], [670.5354262648488, 300.0], [490.53542626484875, 300.0]], [[276.25821071725767, 0.0], [376.25821071725767, 0.0], [376.25821071725767, 180.0], [276.25821071725767, 180.0], [276.25821071725767, 0.0]], [[390.53542626484875, 280.0], [390.53542626484875, 0.0], [670.5354262648488, 0.0], [390.53542626484875, 280.0]], [[390.53542626484875, 200.0], [390.53542626484875, 400.0], [190.53542626484875, 400.0], [110.53542626484875, 200.0], [390.53542626484875, 200.0]], [[9.84075780417561, 560.0], [89.84075780417561, 400.0], [169.8407578041756, 560.0], [9.84075780417561, 560.0]], [[106.66666666666666, 400.0], [386.66666666666663, 400.0], [246.66666666666666, 640.0], [106.66666666666666, 400.0]]]"
Sun Jul 19 03:18:00 2020,2,3,True,677.2407805274972,0.8416504386461071,"[0, 0, 0, 1, 0, 0, 0, 1, 0, 1, 1, 1]","[[[280.0, 560.0], [480.0, 560.0], [480.0, 760.0], [280.0, 760.0], [280.0, 560.0]], [[477.24078052749724, 560.0], [677.2407805274972, 560.0], [677.2407805274972, 760.0], [477.24078052749724, 760.0], [477.24078052749724, 560.0]], [[0.0, 580.0], [280.0, 580.0], [280.0, 760.0], [0.0, 760.0], [0.0, 580.0]], [[677.2407805274972, 1.5798822405341753], [677.2407805274972, 281.5798822405342], [537.2407805274972, 141.57988224053418], [677.2407805274972, 1.5798822405341753]], [[279.9999999999999, 560.0], [279.9999999999999, 380.0], [559.9999999999999, 560.0], [279.9999999999999, 560.0]], [[0.0, 100.0], [280.0, 100.0], [280.0, 380.0], [0.0, 380.0], [0.0, 100.0]], [[280.0, 200.0], [480.0, 280.0], [480.0, 380.0], [280.0, 380.0], [280.0, 200.0]], [[184.2105263157897, 0.0], [184.2105263157897, 100.0], [4.210526315789707, 100.0], [4.210526315789707, 0.0], [184.2105263157897, 0.0]], [[200.0, 0.0], [480.0, 0.0], [480.0, 280.0], [200.0, 0.0]], [[280.0, 380.0], [280.0, 580.0], [80.0, 580.0], [0.0, 380.0], [280.0, 380.0]], [[480.0, 198.8206627680314], [640.0, 278.8206627680314], [480.0, 358.8206627680314], [480.0, 198.8206627680314]], [[651.4285714285713, 280.0], [651.4285714285713, 560.0], [411.42857142857133, 420.0], [651.4285714285713, 280.0]]]"
Sun Jul 19 03:18:06 2020,2,1,True,684.0131883327722,0.8333172659862447,"[0, 0, 0, 1, 0, 0, 1, 0, 3, 2, 0, 1]","[[[200.0, 560.0], [400.0, 560.0], [400.0, 760.0], [200.0, 760.0], [200.0, 560.0]], [[436.59780523697293, 560.0], [636.5978052369729, 560.0], [636.5978052369729, 760.0], [436.59780523697293, 760.0], [436.59780523697293, 560.0]], [[279.9999999999999, 200.0], [559.9999999999999, 200.0], [559.9999999999999, 380.0], [279.9999999999999, 380.0], [279.9999999999999, 200.0]], [[279.9999999999999, 280.0], [279.9999999999999, 560.0], [139.9999999999999, 420.0], [279.9999999999999, 280.0]], [[280.0, 560.0], [280.0, 380.0], [560.0, 560.0], [280.0, 560.0]], [[0.0, 0.0], [280.0, 0.0], [280.0, 280.0], [0.0, 280.0], [0.0, 0.0]], [[560.0, 0.0], [480.0, 200.0], [380.0, 200.0], [380.0, 0.0], [560.0, 0.0]], [[279.9999999999999, 20.0], [379.9999999999999, 20.0], [379.9999999999999, 200.0], [279.9999999999999, 200.0], [279.9999999999999, 20.0]], [[0.0, 560.0], [0.0, 280.0], [280.0, 280.0], [0.0, 560.0]], [[200.0, 760.0], [0.0, 760.0], [0.0, 560.0], [200.0, 480.0], [200.0, 760.0]], [[480.0, 200.0], [560.0, 40.0], [640.0, 200.0], [480.0, 200.0]], [[684.0131883327722, 307.6589734725495], [684.0131883327722, 587.6589734725495], [444.0131883327722, 447.6589734725495], [684.0131883327722, 307.6589734725495]]]"
Sun Jul 19 03:18:11 2020,2,1,True,690.8533202160999,0.825066599986381,"[0, 0, 0, 1, 2, 0, 0, 0, 3, 2, 2, 1]","[[[200.0, 559.9999999999998], [400.0, 559.9999999999998], [400.0, 759.9999999999998], [200.0, 759.9999999999998], [200.0, 559.9999999999998]], [[400.0, 560.0], [600.0, 560.0], [600.0, 760.0], [400.0, 760.0], [400.0, 560.0]], [[279.9999999999999, 189.42810426603808], [559.9999999999999, 189.42810426603808], [559.9999999999999, 369.4281042660381], [279.9999999999999, 369.4281042660381], [279.9999999999999, 189.42810426603808]], [[279.9999999999999, 279.9999999999998], [279.9999999999999, 559.9999999999998], [139.9999999999999, 419.9999999999998], [279.9999999999999, 279.9999999999998]], [[674.0069373855962, 0.0], [674.0069373855962, 180.0], [394.0069373855962, 0.0], [674.0069373855962, 0.0]], [[0.0, 0.0], [280.0, 0.0], [280.0, 280.0], [0.0, 280.0], [0.0, 0.0]], [[280.0, 9.428104266038076], [480.0, 89.42810426603808], [480.0, 189.42810426603808], [280.0, 189.42810426603808], [280.0, 9.428104266038076]], [[559.9999999999999, 170.99554025211665], [659.9999999999999, 170.99554025211665], [659.9999999999999, 350.99554025211665], [559.9999999999999, 350.99554025211665], [559.9999999999999, 170.99554025211665]], [[0.0, 560.0], [0.0, 280.0], [280.0, 280.0], [0.0, 560.0]], [[200.0, 760.0], [0.0, 760.0], [0.0, 560.0], [200.0, 480.0], [200.0, 760.0]], [[458.4623013996184, 369.4281042660381], [378.4623013996184, 529.4281042660381], [298.4623013996184, 369.4281042660381], [458.4623013996184, 369.4281042660381]], [[690.8533202160999, 332.9977701260583], [690.8533202160999, 612.9977701260583], [450.85332021609986, 472.9977701260583], [690.8533202160999, 332.9977701260583]]]"
Sun Jul 19 03:18:21 2020,2,1,True,697.7618534182609,0.816897623748892,"[0, 0, 0, 2, 0, 0, 1, 0, 0, 2, 3, 3]","[[[217.7618534182609, 559.9999999999998], [417.7618534182609, 559.9999999999998], [417.7618534182609, 759.9999999999998], [217.7618534182609, 759.9999999999998], [217.7618534182609, 559.9999999999998]], [[463.2191874074558, 0.0], [663.2191874074558, 0.0], [663.2191874074558, 200.0], [463.2191874074558, 200.0], [463.2191874074558, 0.0]], [[317.7618534182609, 200.0], [597.7618534182609, 200.0], [597.7618534182609, 380.0], [317.7618534182609, 380.0], [317.7618534182609, 200.0]], [[510.6597006237996, 559.9999999999998], [230.6597006237996, 559.9999999999998], [370.6597006237996, 419.9999999999998], [510.6597006237996, 559.9999999999998]], [[417.7618534182609, 739.9999999999998], [417.7618534182609, 559.9999999999998], [697.7618534182609, 739.9999999999998], [417.7618534182609, 739.9999999999998]], [[0.0, 0.0], [280.0, 0.0], [280.0, 280.0], [0.0, 280.0], [0.0, 0.0]], [[460.0, 0.0], [380.0, 200.0], [280.0, 200.0], [280.0, 0.0], [460.0, 0.0]], [[597.7618534182609, 200.0], [697.7618534182609, 200.0], [697.7618534182609, 380.0], [597.7618534182609, 380.0], [597.7618534182609, 200.0]], [[383.2191874074558, 380.0], [663.2191874074558, 380.0], [663.2191874074558, 660.0], [383.2191874074558, 380.0]], [[217.7618534182609, 760.0], [17.7618534182609, 760.0], [17.7618534182609, 560.0], [217.7618534182609, 480.0], [217.7618534182609, 760.0]], [[279.3810037245962, 440.0], [119.38100372459621, 360.0], [279.3810037245962, 280.0], [279.3810037245962, 440.0]], [[0.0, 570.3610811606522], [0.0, 290.36108116065225], [240.0, 430.36108116065225], [0.0, 570.3610811606522]]]"
Sun Jul 19 03:18:27 2020,2,1,True,704.7394719524435,0.8088095284642495,"[0, 0, 1, 3, 0, 0, 3, 1, 0, 3, 0, 0]","[[[200.0, 0.0], [400.0, 0.0], [400.0, 200.0], [200.0, 200.0], [200.0, 0.0]], [[0.0, 100.0], [200.0, 100.0], [200.0, 300.0], [0.0, 300.0], [0.0, 100.0]], [[669.8513792815304, 480.0], [669.8513792815304, 760.0], [489.8513792815304, 760.0], [489.8513792815304, 480.0], [669.8513792815304, 480.0]], [[299.8513792815304, 650.0], [299.8513792815304, 370.0], [439.8513792815304, 510.0], [299.8513792815304, 650.0]], [[0.0, 560.0], [0.0, 380.0], [280.0, 560.0], [0.0, 560.0]], [[400.0, 17.85714285714289], [680.0, 17.85714285714289], [680.0, 297.8571428571429], [400.0, 297.8571428571429], [400.0, 17.85714285714289]], [[309.8513792815304, 760.0], [389.8513792815304, 560.0], [489.8513792815304, 560.0], [489.8513792815304, 760.0], [309.8513792815304, 760.0]], [[200.0, 0.0], [200.0, 100.0], [20.0, 100.0], [20.0, 0.0], [200.0, 0.0]], [[19.8513792815304, 300.0], [299.8513792815304, 300.0], [299.8513792815304, 580.0], [19.8513792815304, 300.0]], [[0.0, 760.0], [0.0, 560.0], [200.0, 560.0], [280.0, 760.0], [0.0, 760.0]], [[503.18471261486377, 480.0], [583.1847126148638, 320.0], [663.1847126148638, 480.0], [503.18471261486377, 480.0]], [[316.10137928153034, 297.8571428571429], [596.1013792815304, 297.8571428571429], [456.10137928153034, 537.8571428571429], [316.10137928153034, 297.8571428571429]]]"
Sun Jul 19 03:18:27 2020,2,0,True,676.5498930743457,0.8425099254835933,"[0, 0, 1, 3, 0, 0, 3, 1, 0, 3, 0, 0]","[[[200.0, 0.0], [400.0, 0.0], [400.0, 200.0], [200.0, 200.0], [200.0, 0.0]], [[0.0, 100.0], [200.0, 100.0], [200.0, 300.0], [0.0, 300.0], [0.0, 100.0]], [[669.8513792815304, 480.0], [669.8513792815304, 760.0], [489.8513792815304, 760.0], [489.8513792815304, 480.0], [669.8513792815304, 480.0]], [[299.8513792815303, 650.0000000000001], [299.8513792815303, 370.0000000000001], [439.8513792815303, 510.0000000000001], [299.8513792815303, 650.0000000000001]], [[0.0, 560.0], [0.0, 380.0], [280.0, 560.0], [0.0, 560.0]], [[396.54989307434573, 17.85714285714289], [676.5498930743457, 17.85714285714289], [676.5498930743457, 297.8571428571429], [396.54989307434573, 297.8571428571429], [396.54989307434573, 17.85714285714289]], [[309.8513792815304, 760.0], [389.8513792815304, 560.0], [489.8513792815304, 560.0], [489.8513792815304, 760.0], [309.8513792815304, 760.0]], [[200.0, 0.0], [200.0, 100.0], [20.0, 100.0], [20.0, 0.0], [200.0, 0.0]], [[19.8513792815304, 300.0], [299.8513792815304, 300.0], [299.8513792815304, 580.0], [19.8513792815304, 300.0]], [[0.0, 760.0], [0.0, 560.0], [200.0, 560.0], [280.0, 760.0], [0.0, 760.0]], [[503.18471261486377, 480.0], [583.1847126148638, 320.0], [663.1847126148638, 480.0], [503.18471261486377, 480.0]], [[316.10137928153034, 297.8571428571429], [596.1013792815304, 297.8571428571429], [456.10137928153034, 537.8571428571429], [316.10137928153034, 297.8571428571429]]]"
Sun Jul 19 03:18:39 2020,2,0,True,649.4878973513719,0.8776145057120763,"[0, 0, 1, 0, 3, 0, 1, 0, 1, 1, 2, 2]","[[[0.0, 560.0], [200.0, 560.0], [200.0, 760.0], [0.0, 760.0], [0.0, 560.0]], [[449.4878973513719, 280.0], [649.4878973513719, 280.0], [649.4878973513719, 480.0], [449.4878973513719, 480.0], [449.4878973513719, 280.0]], [[649.4878973513719, 480.0], [649.4878973513719, 760.0], [469.4878973513719, 760.0], [469.4878973513719, 480.0], [649.4878973513719, 480.0]], [[80.0, 0.0], [360.0, 0.0], [220.0, 140.0], [80.0, 0.0]], [[469.4878973513719, 760.0], [289.4878973513719, 760.0], [469.4878973513719, 480.0], [469.4878973513719, 760.0]], [[369.4878973513719, 0.0], [649.4878973513719, 0.0], [649.4878973513719, 280.0], [369.4878973513719, 280.0], [369.4878973513719, 0.0]], [[180.0, 100.0], [100.0, 300.0], [0.0, 300.0], [0.0, 100.0], [180.0, 100.0]], [[200.0, 563.6478403243561], [300.0, 563.6478403243561], [300.0, 743.6478403243561], [200.0, 743.6478403243561], [200.0, 563.6478403243561]], [[372.8185643319906, 27.181435668009385], [372.8185643319906, 307.1814356680094], [92.81856433199061, 307.1814356680094], [372.8185643319906, 27.181435668009385]], [[449.4878973513719, 307.1814356680094], [449.4878973513719, 507.1814356680094], [249.48789735137188, 507.1814356680094], [169.48789735137188, 307.1814356680094], [449.4878973513719, 307.1814356680094]], [[431.7667976718266, 507.1814356680094], [351.7667976718266, 667.1814356680094], [271.7667976718266, 507.1814356680094], [431.7667976718266, 507.1814356680094]], [[280.0, 559.4878973513719], [0.0, 559.4878973513719], [140.0, 319.4878973513719], [280.0, 559.4878973513719]]]"
Sun Jul 19 03:20:57 2020,2,7,True,655.9827763248857,0.8689252531802735,"[0, 0, 0, 0, 1, 0, 3, 0, 2, 1, 0, 0]","[[[0.0, 560.0], [200.0, 560.0], [200.0, 760.0], [0.0, 760.0], [0.0, 560.0]], [[175.52795031055894, 6.956521739130494], [375.52795031055894, 6.956521739130494], [375.52795031055894, 206.9565217391305], [175.52795031055894, 206.9565217391305], [175.52795031055894, 6.956521739130494]], [[300.0, 576.2278687271096], [580.0, 576.2278687271096], [580.0, 756.2278687271096], [300.0, 756.2278687271096], [300.0, 576.2278687271096]], [[125.55633426050656, 407.41039099187935], [405.55633426050656, 407.41039099187935], [265.55633426050656, 547.4103909918794], [125.55633426050656, 407.41039099187935]], [[0.0, 0.0], [180.0, 0.0], [0.0, 280.0], [0.0, 0.0]], [[375.52795031055894, 0.0], [655.5279503105589, 0.0], [655.5279503105589, 280.0], [375.52795031055894, 280.0], [375.52795031055894, 0.0]], [[475.98277632488566, 574.715708326328], [555.9827763248857, 374.715708326328], [655.9827763248857, 374.715708326328], [655.9827763248857, 574.715708326328], [475.98277632488566, 574.715708326328]], [[200.0, 560.0], [300.0, 560.0], [300.0, 740.0], [200.0, 740.0], [200.0, 560.0]], [[280.0, 560.0], [0.0, 560.0], [0.0, 280.0], [280.0, 560.0]], [[326.95652173913044, 206.95652173913044], [326.95652173913044, 406.95652173913044], [126.95652173913044, 406.95652173913044], [46.95652173913044, 206.95652173913044], [326.95652173913044, 206.95652173913044]], [[316.7388565252764, 576.2278687271096], [396.7388565252764, 416.2278687271096], [476.7388565252764, 576.2278687271096], [316.7388565252764, 576.2278687271096]], [[331.2336061819103, 280.0], [611.2336061819103, 280.0], [471.2336061819103, 520.0], [331.2336061819103, 280.0]]]"
Sun Jul 19 03:21:16 2020,2,1,True,662.5426040881346,0.8603220328517559,"[0, 0, 1, 0, 3, 0, 1, 0, 1, 0, 3, 3]","[[[280.0, 280.0], [480.0, 280.0], [480.0, 480.0], [280.0, 480.0], [280.0, 280.0]], [[80.0, 0.0], [280.0, 0.0], [280.0, 200.0], [80.0, 200.0], [80.0, 0.0]], [[460.0, 0.0], [460.0, 280.0], [280.0, 280.0], [280.0, 0.0], [460.0, 0.0]], [[99.99999999999997, 480.0], [380.0, 480.0], [239.99999999999997, 620.0], [99.99999999999997, 480.0]], [[662.5426040881346, 760.0], [482.54260408813457, 760.0], [662.5426040881346, 480.0], [662.5426040881346, 760.0]], [[0.0, 200.0], [280.0, 200.0], [280.0, 480.0], [0.0, 480.0], [0.0, 200.0]], [[600.9491174772068, 500.25653472810984], [520.9491174772068, 700.2565347281098], [420.94911747720676, 700.2565347281098], [420.94911747720676, 500.25653472810984], [600.9491174772068, 500.25653472810984]], [[480.0, 320.25653472810984], [580.0, 320.25653472810984], [580.0, 500.25653472810984], [480.0, 500.25653472810984], [480.0, 320.25653472810984]], [[380.0, 480.0], [380.0, 760.0], [100.0, 760.0], [380.0, 480.0]], [[460.0, 0.0], [660.0, 0.0], [660.0, 200.0], [460.0, 280.0], [460.0, 0.0]], [[659.7149614132113, 360.1140154347155], [499.7149614132113, 280.1140154347155], [659.7149614132113, 200.1140154347155], [659.7149614132113, 360.1140154347155]], [[0.0, 760.0], [0.0, 480.0], [240.0, 620.0], [0.0, 760.0]]]"
Sun Jul 19 03:21:37 2020,2,1,True,669.168030129016,0.8518039929225305,"[0, 0, 1, 1, 3, 0, 0, 0, 2, 0, 2, 1]","[[[369.16803012901596, 0.0], [569.168030129016, 0.0], [569.168030129016, 200.0], [369.16803012901596, 200.0], [369.16803012901596, 0.0]], [[180.0, 279.99999999999994], [380.0, 279.99999999999994], [380.0, 479.99999999999994], [180.0, 479.99999999999994], [180.0, 279.99999999999994]], [[180.0, 300.0], [180.0, 580.0], [0.0, 580.0], [0.0, 300.0], [180.0, 300.0]], [[669.168030129016, 190.83196987098404], [669.168030129016, 470.83196987098404], [529.168030129016, 330.83196987098404], [669.168030129016, 190.83196987098404]], [[369.16803012901596, 280.0], [189.16803012901596, 280.0], [369.16803012901596, 0.0], [369.16803012901596, 280.0]], [[380.0, 480.0], [660.0, 480.0], [660.0, 760.0], [380.0, 760.0], [380.0, 480.0]], [[0.0, 580.0], [200.0, 660.0], [200.0, 760.0], [0.0, 760.0], [0.0, 580.0]], [[569.168030129016, 0.0], [669.168030129016, 0.0], [669.168030129016, 180.0], [569.168030129016, 180.0], [569.168030129016, 0.0]], [[662.8571428571429, 480.0], [382.8571428571429, 480.0], [382.8571428571429, 200.0], [662.8571428571429, 480.0]], [[0.0, 20.0], [200.0, 20.0], [200.0, 220.0], [0.0, 300.0], [0.0, 20.0]], [[346.3108872718731, 0.0], [266.3108872718731, 160.0], [186.31088727187313, 0.0], [346.3108872718731, 0.0]], [[380.0, 480.0], [380.0, 760.0], [140.0, 620.0], [380.0, 480.0]]]"
Sun Jul 19 03:22:43 2020,2,5,True,675.8597104303061,0.8433702900223075,"[0, 0, 1, 1, 1, 0, 0, 0, 1, 0, 0, 0]","[[[280.0, 541.3833535480469], [480.0, 541.3833535480469], [480.0, 741.3833535480469], [280.0, 741.3833535480469], [280.0, 541.3833535480469]], [[0.0, 0.0], [200.0, 0.0], [200.0, 200.0], [0.0, 200.0], [0.0, 0.0]], [[675.8597104303061, 20.0], [675.8597104303061, 300.0], [495.8597104303061, 300.0], [495.8597104303061, 20.0], [675.8597104303061, 20.0]], [[674.7233467939424, 379.54545454545473], [674.7233467939424, 659.5454545454547], [534.7233467939424, 519.5454545454547], [674.7233467939424, 379.54545454545473]], [[495.8597104303061, 300.0], [675.8597104303061, 300.0], [495.8597104303061, 580.0], [495.8597104303061, 300.0]], [[215.8597104303061, 0.0], [495.8597104303061, 0.0], [495.8597104303061, 280.0], [215.8597104303061, 280.0], [215.8597104303061, 0.0]], [[475.8597104303061, 580.0], [675.8597104303061, 660.0], [675.8597104303061, 760.0], [475.8597104303061, 760.0], [475.8597104303061, 580.0]], [[395.8597104303061, 361.3833535480469], [495.8597104303061, 361.3833535480469], [495.8597104303061, 541.3833535480469], [395.8597104303061, 541.3833535480469], [395.8597104303061, 361.3833535480469]], [[280.0, 480.0], [280.0, 760.0], [0.0, 760.0], [280.0, 480.0]], [[0.0, 360.0], [200.0, 360.0], [200.0, 560.0], [0.0, 640.0], [0.0, 360.0]], [[0.0, 360.0], [80.0, 200.0], [160.0, 360.0], [0.0, 360.0]], [[163.33333333333337, 280.0], [443.33333333333337, 280.0], [303.33333333333337, 520.0], [163.33333333333337, 280.0]]]"
Sun Jul 19 03:23:09 2020,2,1,True,682.6183075346091,0.8350200891309976,"[0, 0, 1, 2, 2, 0, 1, 0, 0, 3, 3, 3]","[[[248.8253220130938, 0.0], [448.8253220130938, 0.0], [448.8253220130938, 200.0], [248.8253220130938, 200.0], [248.8253220130938, 0.0]], [[448.8253220130938, 0.0], [648.8253220130938, 0.0], [648.8253220130938, 200.0], [448.8253220130938, 200.0], [448.8253220130938, 0.0]], [[180.0, 0.0], [180.0, 280.0], [0.0, 280.0], [0.0, 0.0], [180.0, 0.0]], [[590.4353941587934, 409.4165013335685], [310.43539415879343, 409.4165013335685], [450.43539415879343, 269.4165013335685], [590.4353941587934, 409.4165013335685]], [[525.7590020744399, 409.4165013335685], [525.7590020744399, 589.4165013335685], [245.75900207443988, 409.4165013335685], [525.7590020744399, 409.4165013335685]], [[0.0, 480.0], [280.0, 480.0], [280.0, 760.0], [0.0, 760.0], [0.0, 480.0]], [[180.0, 280.0], [100.0, 480.0], [0.0, 480.0], [0.0, 280.0], [180.0, 280.0]], [[525.7590020744399, 434.97542156660734], [625.7590020744399, 434.97542156660734], [625.7590020744399, 614.9754215666073], [525.7590020744399, 614.9754215666073], [525.7590020744399, 434.97542156660734]], [[390.78358050783254, 200.0], [670.7835805078325, 200.0], [670.7835805078325, 480.0], [390.78358050783254, 200.0]], [[280.0, 760.0], [280.0, 560.0], [480.0, 560.0], [560.0, 760.0], [280.0, 760.0]], [[682.6183075346091, 746.5457688365227], [522.6183075346091, 666.5457688365227], [682.6183075346091, 586.5457688365227], [682.6183075346091, 746.5457688365227]], [[180.0, 439.8518954923619], [180.0, 159.8518954923619], [420.0, 299.8518954923619], [180.0, 439.8518954923619]]]"
Sun Jul 19 03:23:21 2020,2,1,True,689.4444906099552,0.8267525634960371,"[0, 0, 1, 3, 0, 0, 1, 1, 0, 0, 0, 1]","[[[179.99999999999994, 280.0], [379.99999999999994, 280.0], [379.99999999999994, 480.0], [179.99999999999994, 480.0], [179.99999999999994, 280.0]], [[280.0, 485.46583850931677], [480.0, 485.46583850931677], [480.0, 685.4658385093168], [280.0, 685.4658385093168], [280.0, 485.46583850931677]], [[460.0, 0.0], [460.0, 280.0], [280.0, 280.0], [280.0, 0.0], [460.0, 0.0]], [[0.0, 280.0], [0.0, 0.0], [140.0, 140.0], [0.0, 280.0]], [[379.99999999999994, 485.46583850931677], [379.99999999999994, 305.46583850931677], [660.0, 485.46583850931677], [379.99999999999994, 485.46583850931677]], [[0.0, 480.0], [280.0, 480.0], [280.0, 760.0], [0.0, 760.0], [0.0, 480.0]], [[180.0, 280.0], [100.0, 480.0], [0.0, 480.0], [0.0, 280.0], [180.0, 280.0]], [[660.0, 485.46583850931677], [660.0, 585.4658385093168], [480.0, 585.4658385093168], [480.0, 485.46583850931677], [660.0, 485.46583850931677]], [[0.0, 0.0], [280.0, 0.0], [280.0, 280.0], [0.0, 0.0]], [[460.0, 0.0], [660.0, 0.0], [660.0, 200.0], [460.0, 280.0], [460.0, 0.0]], [[529.4444906099552, 760.0], [609.4444906099552, 600.0], [689.4444906099552, 760.0], [529.4444906099552, 760.0]], [[667.1929084001688, 195.80413676656815], [667.1929084001688, 475.80413676656815], [427.1929084001688, 335.80413676656815], [667.1929084001688, 195.80413676656815]]]"
Sun Jul 19 03:23:21 2020,2,0,True,661.866710985557,0.8612005869750387,"[0, 0, 1, 3, 0, 0, 1, 1, 0, 0, 0, 1]","[[[179.99999999999994, 280.0], [379.99999999999994, 280.0], [379.99999999999994, 480.0], [179.99999999999994, 480.0], [179.99999999999994, 280.0]], [[280.0, 485.46583850931677], [480.0, 485.46583850931677], [480.0, 685.4658385093168], [280.0, 685.4658385093168], [280.0, 485.46583850931677]], [[460.0, 0.0], [460.0, 280.0], [280.0, 280.0], [280.0, 0.0], [460.0, 0.0]], [[0.0, 280.0], [0.0, 0.0], [140.0, 140.0], [0.0, 280.0]], [[379.99999999999994, 485.46583850931677], [379.99999999999994, 305.46583850931677], [660.0, 485.46583850931677], [379.99999999999994, 485.46583850931677]], [[0.0, 480.0], [280.0, 480.0], [280.0, 760.0], [0.0, 760.0], [0.0, 480.0]], [[180.0, 280.0], [100.0, 480.0], [0.0, 480.0], [0.0, 280.0], [180.0, 280.0]], [[660.0, 485.46583850931677], [660.0, 585.4658385093168], [480.0, 585.4658385093168], [480.0, 485.46583850931677], [660.0, 485.46583850931677]], [[0.0, 0.0], [280.0, 0.0], [280.0, 280.0], [0.0, 0.0]], [[460.0, 0.0], [660.0, 0.0], [660.0, 200.0], [460.0, 280.0], [460.0, 0.0]], [[501.866710985557, 760.0], [581.866710985557, 600.0], [661.866710985557, 760.0], [501.866710985557, 760.0]], [[661.866710985557, 195.80413676656815], [661.866710985557, 475.80413676656815], [421.866710985557, 335.80413676656815], [661.866710985557, 195.80413676656815]]]"
Sun Jul 19 03:23:48 2020,2,1,True,668.4853780954126,0.8526738484901374,"[0, 0, 0, 0, 0, 0, 1, 1, 3, 1, 0, 1]","[[[468.48537809541256, 560.0], [668.4853780954126, 560.0], [668.4853780954126, 760.0], [468.48537809541256, 760.0], [468.48537809541256, 560.0]], [[280.0, 0.0], [480.0, 0.0], [480.0, 200.0], [280.0, 200.0], [280.0, 0.0]], [[0.0, 580.0], [280.0, 580.0], [280.0, 760.0], [0.0, 760.0], [0.0, 580.0]], [[285.19071646212865, 200.0], [565.1907164621286, 200.0], [425.19071646212865, 340.0], [285.19071646212865, 200.0]], [[280.0, 426.66311084577444], [280.0, 246.66311084577444], [560.0, 426.66311084577444], [280.0, 426.66311084577444]], [[0.0, 300.0], [280.0, 300.0], [280.0, 580.0], [0.0, 580.0], [0.0, 300.0]], [[660.0, 0.0], [580.0, 200.0], [480.0, 200.0], [480.0, 0.0], [660.0, 0.0]], [[180.0, 200.0], [180.0, 300.0], [0.0, 300.0], [0.0, 200.0], [180.0, 200.0]], [[280.0, 706.6631108457744], [280.0, 426.66311084577444], [560.0, 426.66311084577444], [280.0, 706.6631108457744]], [[280.0, 0.0], [280.0, 200.0], [80.0, 200.0], [0.0, 0.0], [280.0, 0.0]], [[306.66311084577455, 760.0], [386.66311084577455, 600.0], [466.66311084577455, 760.0], [306.66311084577455, 760.0]], [[668.4853780954126, 196.70533836671603], [668.4853780954126, 476.70533836671603], [428.48537809541256, 336.70533836671603], [668.4853780954126, 196.70533836671603]]]"
Sun Jul 19 03:24:14 2020,2,1,True,675.1702318763666,0.8442315331585518,"[0, 0, 1, 3, 3, 0, 2, 0, 0, 0, 1, 1]","[[[0.0, 280.0], [200.0, 280.0], [200.0, 480.0], [0.0, 480.0], [0.0, 280.0]], [[280.0, 560.0], [480.0, 560.0], [480.0, 760.0], [280.0, 760.0], [280.0, 560.0]], [[180.0, 0.0], [180.0, 280.0], [0.0, 280.0], [0.0, 0.0], [180.0, 0.0]], [[482.74276574013476, 383.02901354550727], [482.74276574013476, 103.02901354550727], [622.7427657401347, 243.02901354550727], [482.74276574013476, 383.02901354550727]], [[675.1702318763666, 475.17023187636664], [495.17023187636664, 475.17023187636664], [675.1702318763666, 195.17023187636664], [675.1702318763666, 475.17023187636664]], [[0.0, 480.0], [280.0, 480.0], [280.0, 760.0], [0.0, 760.0], [0.0, 480.0]], [[675.1702318763666, 180.0], [475.17023187636664, 100.0], [475.17023187636664, 0.0], [675.1702318763666, 0.0], [675.1702318763666, 180.0]], [[295.17023187636664, 380.0], [395.17023187636664, 380.0], [395.17023187636664, 560.0], [295.17023187636664, 560.0], [295.17023187636664, 380.0]], [[395.17023187636664, 475.17023187636664], [675.1702318763666, 475.17023187636664], [675.1702318763666, 755.1702318763666], [395.17023187636664, 475.17023187636664]], [[180.0, 0.0], [380.0, 0.0], [380.0, 200.0], [180.0, 280.0], [180.0, 0.0]], [[200.0, 272.0], [360.0, 352.0], [200.0, 432.0], [200.0, 272.0]], [[483.49847205298573, 139.62589130242503], [483.49847205298573, 419.62589130242503], [243.49847205298573, 279.62589130242503], [483.49847205298573, 139.62589130242503]]]"
Sun Jul 19 03:24:24 2020,2,1,True,681.9219341951303,0.8358728051074771,"[0, 0, 1, 0, 0, 0, 2, 1, 1, 0, 1, 1]","[[[460.0, 560.0], [660.0, 560.0], [660.0, 760.0], [460.0, 760.0], [460.0, 560.0]], [[440.0, 260.0], [640.0, 260.0], [640.0, 460.0], [440.0, 460.0], [440.0, 260.0]], [[460.0, 480.0], [460.0, 760.0], [280.0, 760.0], [280.0, 480.0], [460.0, 480.0]], [[0.0, 324.99999999999994], [280.0, 324.99999999999994], [140.0, 464.99999999999994], [0.0, 324.99999999999994]], [[0.0, 324.9999999999999], [0.0, 144.9999999999999], [280.0, 324.9999999999999], [0.0, 324.9999999999999]], [[0.0, 480.0], [280.0, 480.0], [280.0, 760.0], [0.0, 760.0], [0.0, 480.0]], [[640.0, 180.0], [440.0, 100.0], [440.0, 0.0], [640.0, 0.0], [640.0, 180.0]], [[640.0, 460.0], [640.0, 560.0], [460.0, 560.0], [460.0, 460.0], [640.0, 460.0]], [[440.0, 200.0], [440.0, 480.0], [160.0, 480.0], [440.0, 200.0]], [[240.0, 0.0], [440.0, 0.0], [440.0, 200.0], [240.0, 280.0], [240.0, 0.0]], [[440.0, 100.0], [600.0, 180.0], [440.0, 260.0], [440.0, 100.0]], [[240.0, 0.0], [240.0, 280.0], [0.0, 140.0], [240.0, 0.0]]]"
Sun Jul 19 03:24:28 2020,2,1,True,688.7411535370817,0.8275968367400762,"[0, 0, 0, 0, 3, 0, 2, 1, 2, 3, 1, 1]","[[[480.0, 552.6774715863374], [680.0, 552.6774715863374], [680.0, 752.6774715863374], [480.0, 752.6774715863374], [480.0, 552.6774715863374]], [[280.0, 557.3533930373734], [480.0, 557.3533930373734], [480.0, 757.3533930373734], [280.0, 757.3533930373734], [280.0, 557.3533930373734]], [[240.0, 237.3533930373734], [520.0, 237.3533930373734], [520.0, 417.3533930373734], [240.0, 417.3533930373734], [240.0, 237.3533930373734]], [[217.3533930373734, 417.3533930373734], [497.3533930373734, 417.3533930373734], [357.3533930373734, 557.3533930373734], [217.3533930373734, 417.3533930373734]], [[677.6587175559789, 452.67747158633733], [497.6587175559789, 452.67747158633733], [677.6587175559789, 172.67747158633733], [677.6587175559789, 452.67747158633733]], [[0.0, 480.0], [280.0, 480.0], [280.0, 760.0], [0.0, 760.0], [0.0, 480.0]], [[672.9513778614814, 180.0], [472.95137786148143, 100.0], [472.95137786148143, 0.0], [672.9513778614814, 0.0], [672.9513778614814, 180.0]], [[643.75, 452.67747158633745], [643.75, 552.6774715863374], [463.75, 552.6774715863374], [463.75, 452.67747158633745], [643.75, 452.67747158633745]], [[280.0, 480.0], [0.0, 480.0], [0.0, 200.0], [280.0, 480.0]], [[240.0, 237.3533930373734], [240.0, 37.353393037373394], [440.0, 37.353393037373394], [520.0, 237.3533930373734], [240.0, 237.3533930373734]], [[0.0, 26.666666666666657], [160.0, 106.66666666666666], [0.0, 186.66666666666666], [0.0, 26.666666666666657]], [[240.0, 60.0], [240.0, 340.0], [0.0, 200.0], [240.0, 60.0]]]"
Sun Jul 19 03:24:39 2020,2,1,True,695.6285650724525,0.8194028086535409,"[0, 0, 1, 3, 0, 0, 0, 1, 0, 2, 1, 1]","[[[480.0, 480.0], [680.0, 480.0], [680.0, 680.0], [480.0, 680.0], [480.0, 480.0]], [[461.19150739559836, 0.0], [661.1915073955984, 0.0], [661.1915073955984, 200.0], [461.19150739559836, 200.0], [461.19150739559836, 0.0]], [[460.0, 300.0], [460.0, 580.0], [280.0, 580.0], [280.0, 300.0], [460.0, 300.0]], [[240.0, 340.0], [240.0, 60.0], [380.0, 200.0], [240.0, 340.0]], [[0.0, 380.0], [0.0, 200.0], [280.0, 380.0], [0.0, 380.0]], [[0.0, 480.0], [280.0, 480.0], [280.0, 760.0], [0.0, 760.0], [0.0, 480.0]], [[280.0, 580.0], [480.0, 660.0], [480.0, 760.0], [280.0, 760.0], [280.0, 580.0]], [[180.0, 380.0], [180.0, 480.0], [0.0, 480.0], [0.0, 380.0], [180.0, 380.0]], [[180.0, 0.0], [460.0, 0.0], [460.0, 280.0], [180.0, 0.0]], [[661.1915073955984, 480.0], [461.19150739559836, 480.0], [461.19150739559836, 280.0], [661.1915073955984, 200.0], [661.1915073955984, 480.0]], [[0.0, 0.0], [160.0, 80.0], [0.0, 160.0], [0.0, 0.0]], [[240.0, 60.0], [240.0, 340.0], [0.0, 200.0], [240.0, 60.0]]]"
Sun Jul 19 03:24:41 2020,2,0,True,667.8034224695543,0.8535445923474384,"[0, 0, 1, 3, 0, 0, 1, 1, 0, 0, 1, 1]","[[[460.0, 560.0], [660.0, 560.0], [660.0, 760.0], [460.0, 760.0], [460.0, 560.0]], [[467.80342246955433, 0.0], [667.8034224695543, 0.0], [667.8034224695543, 200.0], [467.80342246955433, 200.0], [467.80342246955433, 0.0]], [[472.19657753044567, 280.0], [472.19657753044567, 560.0], [292.19657753044567, 560.0], [292.19657753044567, 280.0], [472.19657753044567, 280.0]], [[240.0, 332.19657753044567], [240.0, 52.196577530445666], [380.0, 192.19657753044567], [240.0, 332.19657753044567]], [[0.0, 380.0], [0.0, 200.0], [280.0, 380.0], [0.0, 380.0]], [[0.0, 480.0], [280.0, 480.0], [280.0, 760.0], [0.0, 760.0], [0.0, 480.0]], [[460.0, 560.0], [380.0, 760.0], [280.0, 760.0], [280.0, 560.0], [460.0, 560.0]], [[180.0, 380.0], [180.0, 480.0], [0.0, 480.0], [0.0, 380.0], [180.0, 380.0]], [[187.80342246955433, 0.0], [467.80342246955433, 0.0], [467.80342246955433, 280.0], [187.80342246955433, 0.0]], [[467.80342246955433, 200.0], [667.8034224695543, 200.0], [667.8034224695543, 400.0], [467.80342246955433, 480.0], [467.80342246955433, 200.0]], [[0.0, 0.0], [160.0, 80.0], [0.0, 160.0], [0.0, 0.0]], [[240.0, 60.0], [240.0, 340.0], [0.0, 200.0], [240.0, 60.0]]]"
Sun Jul 19 03:25:13 2020,2,1,True,674.4814566942499,0.845093655789543,"[0, 0, 1, 2, 2, 0, 1, 0, 0, 2, 0, 3]","[[[470.68509842987487, 480.0], [670.6850984298749, 480.0], [670.6850984298749, 680.0], [470.68509842987487, 680.0], [470.68509842987487, 480.0]], [[474.4814566942499, 0.0], [674.4814566942499, 0.0], [674.4814566942499, 200.0], [474.4814566942499, 200.0], [474.4814566942499, 0.0]], [[380.0, 180.0], [380.0, 460.0], [200.0, 460.0], [200.0, 180.0], [380.0, 180.0]], [[650.0, 470.0], [370.0, 470.0], [510.0, 330.0], [650.0, 470.0]], [[374.4814566942499, 0.0], [374.4814566942499, 180.0], [94.48145669424991, 0.0], [374.4814566942499, 0.0]], [[0.0, 480.0], [280.0, 480.0], [280.0, 760.0], [0.0, 760.0], [0.0, 480.0]], [[458.75, 470.0], [378.75, 670.0], [278.75, 670.0], [278.75, 470.0], [458.75, 470.0]], [[374.4814566942499, 0.0], [474.4814566942499, 0.0], [474.4814566942499, 180.0], [374.4814566942499, 180.0], [374.4814566942499, 0.0]], [[380.0, 200.0], [660.0, 200.0], [660.0, 480.0], [380.0, 200.0]], [[200.0, 480.0], [0.0, 480.0], [0.0, 280.0], [200.0, 200.0], [200.0, 480.0]], [[333.75, 760.0], [413.75, 600.0], [493.75, 760.0], [333.75, 760.0]], [[0.0, 280.0], [0.0, 0.0], [240.0, 140.0], [0.0, 280.0]]]"
Sun Jul 19 03:25:25 2020,2,1,True,681.2262712611924,0.8367263918708346,"[0, 0, 0, 1, 0, 0, 0, 0, 0, 0, 1, 2]","[[[199.50219842647994, 360.0], [399.50219842647994, 360.0], [399.50219842647994, 560.0], [199.50219842647994, 560.0], [199.50219842647994, 360.0]], [[0.0, 372.49780157352006], [200.0, 372.49780157352006], [200.0, 572.4978015735201], [0.0, 572.4978015735201], [0.0, 372.49780157352006]], [[0.0, 572.4978015735201], [280.0, 572.4978015735201], [280.0, 752.4978015735201], [0.0, 752.4978015735201], [0.0, 572.4978015735201]], [[681.2262712611924, 416.3878935906157], [681.2262712611924, 696.3878935906157], [541.2262712611924, 556.3878935906157], [681.2262712611924, 416.3878935906157]], [[0.0, 180.0], [0.0, 0.0], [280.0, 180.0], [0.0, 180.0]], [[380.0, 0.0], [660.0, 0.0], [660.0, 280.0], [380.0, 280.0], [380.0, 0.0]], [[0.0, 180.0], [200.0, 260.0], [200.0, 360.0], [0.0, 360.0], [0.0, 180.0]], [[279.50219842647994, 560.0], [379.50219842647994, 560.0], [379.50219842647994, 740.0], [279.50219842647994, 740.0], [279.50219842647994, 560.0]], [[100.0, 0.0], [380.0, 0.0], [380.0, 280.0], [100.0, 0.0]], [[399.50219842647994, 280.0], [599.5021984264799, 280.0], [599.5021984264799, 480.0], [399.50219842647994, 560.0], [399.50219842647994, 280.0]], [[200.0, 192.49780157352006], [360.0, 272.49780157352006], [200.0, 352.49780157352006], [200.0, 192.49780157352006]], [[660.0, 760.0], [380.0, 760.0], [520.0, 520.0], [660.0, 760.0]]]"
Sun Jul 19 03:25:36 2020,2,1,True,688.0385339738044,0.8284419721493411,"[0, 0, 0, 0, 3, 0, 0, 1, 2, 0, 3, 0]","[[[480.0, 0.0], [680.0, 0.0], [680.0, 200.0], [480.0, 200.0], [480.0, 0.0]], [[0.0, 0.0], [200.0, 0.0], [200.0, 200.0], [0.0, 200.0], [0.0, 0.0]], [[0.0, 200.0], [280.0, 200.0], [280.0, 380.0], [0.0, 380.0], [0.0, 200.0]], [[216.37349072264306, 496.37349072264306], [496.37349072264306, 496.37349072264306], [356.37349072264306, 636.373490722643], [216.37349072264306, 496.37349072264306]], [[389.56521739130443, 489.56521739130426], [209.56521739130443, 489.56521739130426], [389.56521739130443, 209.56521739130426], [389.56521739130443, 489.56521739130426]], [[385.18847024972956, 200.0], [665.1884702497296, 200.0], [665.1884702497296, 480.0], [385.18847024972956, 480.0], [385.18847024972956, 200.0]], [[480.0, 580.0], [680.0, 660.0], [680.0, 760.0], [480.0, 760.0], [480.0, 580.0]], [[180.0, 660.0], [180.0, 760.0], [0.0, 760.0], [0.0, 660.0], [180.0, 660.0]], [[480.0, 760.0], [200.0, 760.0], [200.0, 480.0], [480.0, 760.0]], [[0.0, 380.0], [200.0, 380.0], [200.0, 580.0], [0.0, 660.0], [0.0, 380.0]], [[628.8149795270864, 640.0], [468.8149795270864, 560.0], [628.8149795270864, 480.0], [628.8149795270864, 640.0]], [[200.0, 37.46594899953641], [480.0, 37.46594899953641], [340.0, 277.4659489995364], [200.0, 37.46594899953641]]]"

86.89%
Sun Jul 19 03:25:55 2020,2,开始运行[全局邻域-检验重叠] 初始利用率,0.7746751124110888
Sun Jul 19 03:26:02 2020,2,0,True,706.3606294216704,0.8069532420948842,"[0, 0, 1, 2, 2, 0, 1, 1, 1, 0, 3, 3]","[[[506.3606294216704, 40.000000000000114], [706.3606294216704, 40.000000000000114], [706.3606294216704, 240.0000000000001], [506.3606294216704, 240.0000000000001], [506.3606294216704, 40.000000000000114]], [[0.0, 140.0], [200.0, 140.0], [200.0, 340.0], [0.0, 340.0], [0.0, 140.0]], [[180.0, 340.0], [180.0, 620.0], [0.0, 620.0], [0.0, 340.0], [180.0, 340.0]], [[280.0, 760.0], [0.0, 760.0], [140.0, 620.0], [280.0, 760.0]], [[480.0, 355.62929430267195], [480.0, 535.629294302672], [200.0, 355.62929430267195], [480.0, 355.62929430267195]], [[200.0, 75.62929430267195], [480.0, 75.62929430267195], [480.0, 355.62929430267195], [200.0, 355.62929430267195], [200.0, 75.62929430267195]], [[530.7313351189985, 537.4645869118276], [450.73133511899846, 737.4645869118276], [350.73133511899846, 737.4645869118276], [350.73133511899846, 537.4645869118276], [530.7313351189985, 537.4645869118276]], [[180.0, 40.0], [180.0, 140.0], [0.0, 140.0], [0.0, 40.0], [180.0, 40.0]], [[706.3606294216704, 480.0], [706.3606294216704, 760.0], [426.3606294216704, 760.0], [706.3606294216704, 480.0]], [[480.0, 240.0000000000001], [680.0, 240.0000000000001], [680.0, 440.0000000000001], [480.0, 520.0000000000001], [480.0, 240.0000000000001]], [[350.73133511899846, 711.692198171744], [190.73133511899846, 631.692198171744], [350.73133511899846, 551.692198171744], [350.73133511899846, 711.692198171744]], [[180.0, 637.0578657312433], [180.0, 357.0578657312433], [420.0, 497.0578657312433], [180.0, 637.0578657312433]]]"
Sun Jul 19 03:26:04 2020,2,0,True,678.1062042448036,0.8405762938488377,"[0, 0, 1, 2, 2, 0, 1, 1, 1, 0, 3, 3]","[[[478.1062042448036, 40.000000000000114], [678.1062042448036, 40.000000000000114], [678.1062042448036, 240.0000000000001], [478.1062042448036, 240.0000000000001], [478.1062042448036, 40.000000000000114]], [[0.0, 140.0], [200.0, 140.0], [200.0, 340.0], [0.0, 340.0], [0.0, 140.0]], [[180.0, 340.0], [180.0, 620.0], [0.0, 620.0], [0.0, 340.0], [180.0, 340.0]], [[280.0, 760.0], [0.0, 760.0], [140.0, 620.0], [280.0, 760.0]], [[478.1062042448036, 280.0], [478.1062042448036, 460.0], [198.10620424480362, 280.0], [478.1062042448036, 280.0]], [[198.10620424480362, 0.0], [478.1062042448036, 0.0], [478.1062042448036, 280.0], [198.10620424480362, 280.0], [198.10620424480362, 0.0]], [[493.3333333333333, 542.2222222222223], [413.3333333333333, 742.2222222222223], [313.3333333333333, 742.2222222222223], [313.3333333333333, 542.2222222222223], [493.3333333333333, 542.2222222222223]], [[180.0, 40.0], [180.0, 140.0], [0.0, 140.0], [0.0, 40.0], [180.0, 40.0]], [[678.1062042448036, 480.0], [678.1062042448036, 760.0], [398.1062042448036, 760.0], [678.1062042448036, 480.0]], [[478.1062042448036, 240.0000000000001], [678.1062042448036, 240.0000000000001], [678.1062042448036, 440.0000000000001], [478.1062042448036, 520.0000000000001], [478.1062042448036, 240.0000000000001]], [[313.3333333333333, 713.3333333333334], [153.33333333333331, 633.3333333333334], [313.3333333333333, 553.3333333333334], [313.3333333333333, 713.3333333333334]], [[180.0, 620.0], [180.0, 340.0], [420.0, 480.0], [180.0, 620.0]]]"
Sun Jul 19 03:26:36 2020,2,1,True,684.8872662872517,0.8322537562859779,"[0, 0, 1, 2, 1, 0, 2, 0, 0, 0, 0, 1]","[[[460.0, 170.0450934850993], [660.0, 170.0450934850993], [660.0, 370.0450934850993], [460.0, 370.0450934850993], [460.0, 170.0450934850993]], [[300.0, 560.0], [500.0, 560.0], [500.0, 760.0], [300.0, 760.0], [300.0, 560.0]], [[180.0, 0.0], [180.0, 280.0], [0.0, 280.0], [0.0, 0.0], [180.0, 0.0]], [[350.4347826086957, 465.54751632144394], [70.43478260869568, 465.54751632144394], [210.43478260869568, 325.54751632144394], [350.4347826086957, 465.54751632144394]], [[0.0, 295.1127337127483], [180.0, 295.1127337127483], [0.0, 575.1127337127483], [0.0, 295.1127337127483]], [[180.0, 0.0], [460.0, 0.0], [460.0, 280.0], [180.0, 280.0], [180.0, 0.0]], [[684.8872662872517, 180.0], [484.8872662872517, 100.0], [484.8872662872517, 0.0], [684.8872662872517, 0.0], [684.8872662872517, 180.0]], [[0.0, 580.0], [100.0, 580.0], [100.0, 760.0], [0.0, 760.0], [0.0, 580.0]], [[164.8872662872517, 280.0], [444.8872662872517, 280.0], [444.8872662872517, 560.0], [164.8872662872517, 280.0]], [[100.0, 465.54751632144394], [300.0, 465.54751632144394], [300.0, 665.5475163214439], [100.0, 745.5475163214439], [100.0, 465.54751632144394]], [[524.8872662872517, 760.0], [604.8872662872517, 600.0], [684.8872662872517, 760.0], [524.8872662872517, 760.0]], [[684.8872662872517, 355.52752148420234], [684.8872662872517, 635.5275214842023], [444.8872662872517, 495.52752148420234], [684.8872662872517, 355.52752148420234]]]"
Sun Jul 19 03:26:54 2020,2,1,True,691.7361389501242,0.8240136200851266,"[0, 0, 1, 1, 1, 0, 2, 1, 3, 0, 0, 2]","[[[0.0, 560.0], [200.0, 560.0], [200.0, 760.0], [0.0, 760.0], [0.0, 560.0]], [[275.69920143759873, 280.0], [475.69920143759873, 280.0], [475.69920143759873, 480.0], [275.69920143759873, 480.0], [275.69920143759873, 280.0]], [[180.0, 0.0], [180.0, 280.0], [0.0, 280.0], [0.0, 0.0], [180.0, 0.0]], [[691.7361389501242, 200.0], [691.7361389501242, 480.0], [551.7361389501242, 340.0], [691.7361389501242, 200.0]], [[475.69920143759873, 178.2796805750395], [655.6992014375987, 178.2796805750395], [475.69920143759873, 458.2796805750395], [475.69920143759873, 178.2796805750395]], [[180.0, 0.0], [460.0, 0.0], [460.0, 280.0], [180.0, 280.0], [180.0, 0.0]], [[660.0, 180.0], [460.0, 100.0], [460.0, 0.0], [660.0, 0.0], [660.0, 180.0]], [[480.0, 660.0], [480.0, 760.0], [300.0, 760.0], [300.0, 660.0], [480.0, 660.0]], [[200.0, 760.0], [200.0, 480.0], [480.0, 480.0], [200.0, 760.0]], [[0.0, 280.0], [200.0, 280.0], [200.0, 480.0], [0.0, 560.0], [0.0, 280.0]], [[500.0, 749.6509642642422], [580.0, 589.6509642642422], [660.0, 749.6509642642422], [500.0, 749.6509642642422]], [[691.7361389501242, 589.6509642642422], [411.7361389501242, 589.6509642642422], [551.7361389501242, 349.65096426424225], [691.7361389501242, 589.6509642642422]]]"
Sun Jul 19 03:27:03 2020,2,0,True,664.0666933921192,0.858347520922007,"[0, 0, 1, 0, 0, 0, 2, 1, 3, 1, 0, 1]","[[[0.0, 480.0], [200.0, 480.0], [200.0, 680.0], [0.0, 680.0], [0.0, 480.0]], [[0.0, 280.0], [200.0, 280.0], [200.0, 480.0], [0.0, 480.0], [0.0, 280.0]], [[180.0, 0.0], [180.0, 280.0], [0.0, 280.0], [0.0, 0.0], [180.0, 0.0]], [[273.92718886543304, 277.5246214134927], [553.927188865433, 277.5246214134927], [413.92718886543304, 417.5246214134927], [273.92718886543304, 277.5246214134927]], [[200.0, 460.0], [200.0, 280.0], [480.0, 460.0], [200.0, 460.0]], [[180.0, 0.0], [460.0, 0.0], [460.0, 280.0], [180.0, 280.0], [180.0, 0.0]], [[660.0, 180.0], [460.0, 100.0], [460.0, 0.0], [660.0, 0.0], [660.0, 180.0]], [[649.5837505412298, 175.83350021649193], [649.5837505412298, 275.8335002164919], [469.58375054122985, 275.8335002164919], [469.58375054122985, 175.83350021649193], [649.5837505412298, 175.83350021649193]], [[200.0, 740.0], [200.0, 460.0], [480.0, 460.0], [200.0, 740.0]], [[664.0666933921192, 555.9333066078808], [664.0666933921192, 755.9333066078808], [464.0666933921192, 755.9333066078808], [384.0666933921192, 555.9333066078808], [664.0666933921192, 555.9333066078808]], [[292.63812196354775, 727.3618780364523], [372.63812196354775, 567.3618780364523], [452.63812196354775, 727.3618780364523], [292.63812196354775, 727.3618780364523]], [[664.0666933921192, 267.3851168868065], [664.0666933921192, 547.3851168868065], [424.0666933921192, 407.3851168868065], [664.0666933921192, 267.3851168868065]]]"
Sun Jul 19 03:27:57 2020,2,3,True,670.7073603260404,0.8498490306158484,"[0, 0, 1, 1, 1, 0, 0, 1, 0, 3, 0, 3]","[[[264.3713278495887, 520.9283196239717], [464.3713278495887, 520.9283196239717], [464.3713278495887, 720.9283196239717], [264.3713278495887, 720.9283196239717], [264.3713278495887, 520.9283196239717]], [[0.0, 360.0], [200.0, 360.0], [200.0, 560.0], [0.0, 560.0], [0.0, 360.0]], [[382.60869565217394, 0.0], [382.60869565217394, 280.0], [202.60869565217394, 280.0], [202.60869565217394, 0.0], [382.60869565217394, 0.0]], [[202.60869565217394, 42.608695652173935], [202.60869565217394, 322.60869565217394], [62.608695652173935, 182.60869565217394], [202.60869565217394, 42.608695652173935]], [[0.0, 0.0], [180.0, 0.0], [0.0, 280.0], [0.0, 0.0]], [[382.608695652174, 0.0], [662.608695652174, 0.0], [662.608695652174, 280.0], [382.608695652174, 280.0], [382.608695652174, 0.0]], [[464.3713278495886, 480.0], [664.3713278495886, 560.0], [664.3713278495886, 660.0], [464.3713278495886, 660.0], [464.3713278495886, 480.0]], [[670.7073603260404, 660.0], [670.7073603260404, 760.0], [490.70736032604043, 760.0], [490.70736032604043, 660.0], [670.7073603260404, 660.0]], [[384.3713278495886, 280.0], [664.3713278495886, 280.0], [664.3713278495886, 560.0], [384.3713278495886, 280.0]], [[0.0, 760.0], [0.0, 560.0], [200.0, 560.0], [280.0, 760.0], [0.0, 760.0]], [[0.0, 360.0], [80.0, 200.0], [160.0, 360.0], [0.0, 360.0]], [[200.0, 558.4782608695651], [200.0, 278.47826086956513], [440.0, 418.47826086956513], [200.0, 558.4782608695651]]]"
Sun Jul 19 03:28:14 2020,2,1,True,677.4144339293008,0.8414346837780677,"[0, 0, 1, 1, 0, 0, 0, 0, 2, 1, 1, 0]","[[[477.4144339293008, 280.0], [677.4144339293008, 280.0], [677.4144339293008, 480.0], [477.4144339293008, 480.0], [477.4144339293008, 280.0]], [[0.0, 544.6131737967007], [200.0, 544.6131737967007], [200.0, 744.6131737967007], [0.0, 744.6131737967007], [0.0, 544.6131737967007]], [[668.5714285714286, 480.0], [668.5714285714286, 760.0], [488.57142857142856, 760.0], [488.57142857142856, 480.0], [668.5714285714286, 480.0]], [[473.4722555501155, 475.8035928536458], [473.4722555501155, 755.8035928536458], [333.4722555501155, 615.8035928536458], [473.4722555501155, 475.8035928536458]], [[200.0, 760.0], [200.0, 580.0], [480.0, 760.0], [200.0, 760.0]], [[397.4144339293008, 0.0], [677.4144339293008, 0.0], [677.4144339293008, 280.0], [397.4144339293008, 280.0], [397.4144339293008, 0.0]], [[0.0, 364.6131737967007], [200.0, 444.6131737967007], [200.0, 544.6131737967007], [0.0, 544.6131737967007], [0.0, 364.6131737967007]], [[0.0, 184.61317379670072], [100.0, 184.61317379670072], [100.0, 364.6131737967007], [0.0, 364.6131737967007], [0.0, 184.61317379670072]], [[380.0, 404.6131737967007], [100.0, 404.6131737967007], [100.0, 124.61317379670072], [380.0, 404.6131737967007]], [[397.4144339293008, 0.0], [397.4144339293008, 200.0], [197.4144339293008, 200.0], [117.4144339293008, 0.0], [397.4144339293008, 0.0]], [[0.0, 14.613173796700721], [160.0, 94.61317379670072], [0.0, 174.61317379670072], [0.0, 14.613173796700721]], [[176.66666666666669, 404.6131737967007], [456.6666666666667, 404.6131737967007], [316.6666666666667, 644.6131737967007], [176.66666666666669, 404.6131737967007]]]"
Sun Jul 19 03:28:34 2020,2,1,True,684.1885782685938,0.8331036473050176,"[0, 0, 0, 2, 3, 0, 2, 1, 0, 0, 2, 2]","[[[0.0, 480.0], [200.0, 480.0], [200.0, 680.0], [0.0, 680.0], [0.0, 480.0]], [[0.0, 280.0], [200.0, 280.0], [200.0, 480.0], [0.0, 480.0], [0.0, 280.0]], [[404.1885782685938, 580.0], [684.1885782685938, 580.0], [684.1885782685938, 760.0], [404.1885782685938, 760.0], [404.1885782685938, 580.0]], [[684.1885782685938, 580.0], [404.1885782685938, 580.0], [544.1885782685938, 440.0], [684.1885782685938, 580.0]], [[404.1885782685938, 760.0], [224.1885782685938, 760.0], [404.1885782685938, 480.0], [404.1885782685938, 760.0]], [[404.1885782685938, 0.0], [684.1885782685938, 0.0], [684.1885782685938, 280.0], [404.1885782685938, 280.0], [404.1885782685938, 0.0]], [[200.0, 280.0], [0.0, 200.0], [0.0, 100.0], [200.0, 100.0], [200.0, 280.0]], [[180.0, 0.0], [180.0, 100.0], [0.0, 100.0], [0.0, 0.0], [180.0, 0.0]], [[384.1885782685938, 280.0], [664.1885782685938, 280.0], [664.1885782685938, 560.0], [384.1885782685938, 280.0]], [[200.0, 0.0], [400.0, 0.0], [400.0, 200.0], [200.0, 280.0], [200.0, 0.0]], [[360.0, 480.0], [280.0, 640.0], [200.0, 480.0], [360.0, 480.0]], [[479.9999999999999, 480.0], [199.9999999999999, 480.0], [339.9999999999999, 240.0], [479.9999999999999, 480.0]]]"
Sun Jul 19 03:28:34 2020,2,0,True,656.82103513785,0.8678162992760601,"[0, 0, 0, 2, 3, 0, 1, 1, 0, 0, 2, 2]","[[[0.0, 500.0], [200.0, 500.0], [200.0, 700.0], [0.0, 700.0], [0.0, 500.0]], [[0.0, 300.0], [200.0, 300.0], [200.0, 500.0], [0.0, 500.0], [0.0, 300.0]], [[376.82103513785, 580.0], [656.82103513785, 580.0], [656.82103513785, 760.0], [376.82103513785, 760.0], [376.82103513785, 580.0]], [[656.82103513785, 580.0], [376.82103513785, 580.0], [516.82103513785, 440.0], [656.82103513785, 580.0]], [[376.82103513785, 760.0], [196.82103513785, 760.0], [376.82103513785, 480.0], [376.82103513785, 760.0]], [[376.82103513785, 0.0], [656.82103513785, 0.0], [656.82103513785, 280.0], [376.82103513785, 280.0], [376.82103513785, 0.0]], [[180.0, 100.0], [100.0, 300.0], [0.0, 300.0], [0.0, 100.0], [180.0, 100.0]], [[180.0, 0.0], [180.0, 100.0], [0.0, 100.0], [0.0, 0.0], [180.0, 0.0]], [[376.82103513785, 280.0], [656.82103513785, 280.0], [656.82103513785, 560.0], [376.82103513785, 280.0]], [[180.0, 0.0], [380.0, 0.0], [380.0, 200.0], [180.0, 280.0], [180.0, 0.0]], [[360.0, 464.0], [280.0, 624.0], [200.0, 464.0], [360.0, 464.0]], [[480.0, 464.0], [200.0, 464.0], [340.0, 224.0], [480.0, 464.0]]]"
Sun Jul 19 03:29:56 2020,2,5,True,663.3892454892285,0.8592240586891684,"[0, 0, 1, 1, 2, 0, 2, 1, 2, 3, 1, 3]","[[[463.38924548922853, 280.0], [663.3892454892285, 280.0], [663.3892454892285, 480.0], [463.38924548922853, 480.0], [463.38924548922853, 280.0]], [[200.0, 280.0], [400.0, 280.0], [400.0, 480.0], [200.0, 480.0], [200.0, 280.0]], [[383.38924548922853, 0.0], [383.38924548922853, 280.0], [203.38924548922853, 280.0], [203.38924548922853, 0.0], [383.38924548922853, 0.0]], [[169.1526886276929, 169.1526886276929], [169.1526886276929, 449.1526886276929], [29.152688627692896, 309.1526886276929], [169.1526886276929, 169.1526886276929]], [[582.2222222222223, 480.0], [582.2222222222223, 660.0], [302.2222222222223, 480.0], [582.2222222222223, 480.0]], [[383.38924548922853, 0.0], [663.3892454892285, 0.0], [663.3892454892285, 280.0], [383.38924548922853, 280.0], [383.38924548922853, 0.0]], [[203.38924548922853, 180.0], [3.3892454892285286, 100.0], [3.3892454892285286, 0.0], [203.38924548922853, 0.0], [203.38924548922853, 180.0]], [[631.4285714285717, 660.0], [631.4285714285717, 760.0], [451.4285714285717, 760.0], [451.4285714285717, 660.0], [631.4285714285717, 660.0]], [[280.0, 560.0], [0.0, 560.0], [0.0, 280.0], [280.0, 560.0]], [[0.0, 760.0], [0.0, 560.0], [200.0, 560.0], [280.0, 760.0], [0.0, 760.0]], [[0.0, 98.30537725538574], [160.0, 178.30537725538574], [0.0, 258.30537725538574], [0.0, 98.30537725538574]], [[280.0, 760.0], [280.0, 480.0], [520.0, 620.0], [280.0, 760.0]]]"
Sun Jul 19 03:30:05 2020,2,1,True,670.0231379441208,0.8507168897912558,"[0, 0, 1, 2, 2, 0, 0, 0, 0, 1, 0, 3]","[[[235.55555555555554, 560.0], [435.55555555555554, 560.0], [435.55555555555554, 760.0], [235.55555555555554, 760.0], [235.55555555555554, 560.0]], [[0.0, 560.0], [200.0, 560.0], [200.0, 760.0], [0.0, 760.0], [0.0, 560.0]], [[390.0231379441208, 0.0], [390.0231379441208, 280.0], [210.02313794412078, 280.0], [210.02313794412078, 0.0], [390.0231379441208, 0.0]], [[380.0, 560.0], [100.0, 560.0], [240.0, 420.0], [380.0, 560.0]], [[660.0, 479.95372411175845], [660.0, 659.9537241117584], [380.0, 479.95372411175845], [660.0, 479.95372411175845]], [[390.0231379441208, 0.0], [670.0231379441208, 0.0], [670.0231379441208, 280.0], [390.0231379441208, 280.0], [390.0231379441208, 0.0]], [[435.55555555555554, 580.0], [635.5555555555555, 660.0], [635.5555555555555, 760.0], [435.55555555555554, 760.0], [435.55555555555554, 580.0]], [[110.02313794412078, 0.0], [210.02313794412078, 0.0], [210.02313794412078, 180.0], [110.02313794412078, 180.0], [110.02313794412078, 0.0]], [[100.0, 279.95372411175845], [380.0, 279.95372411175845], [380.0, 559.9537241117584], [100.0, 279.95372411175845]], [[660.0, 279.95372411175845], [660.0, 479.95372411175845], [460.0, 479.95372411175845], [380.0, 279.95372411175845], [660.0, 279.95372411175845]], [[0.0, 279.95372411175845], [80.0, 119.95372411175845], [160.0, 279.95372411175845], [0.0, 279.95372411175845]], [[0.0, 560.0], [0.0, 280.0], [240.0, 420.0], [0.0, 560.0]]]"
Sun Jul 19 03:30:13 2020,2,1,True,676.723369323562,0.8422939502883722,"[0, 0, 1, 2, 3, 0, 1, 0, 0, 0, 2, 3]","[[[272.0, 559.8611723352755], [472.0, 559.8611723352755], [472.0, 759.8611723352755], [272.0, 759.8611723352755], [272.0, 559.8611723352755]], [[0.0, 79.95372411175845], [200.0, 79.95372411175845], [200.0, 279.95372411175845], [0.0, 279.95372411175845], [0.0, 79.95372411175845]], [[380.0, 0.0], [380.0, 280.0], [200.0, 280.0], [200.0, 0.0], [380.0, 0.0]], [[396.592684020678, 559.8611723352755], [116.592684020678, 559.8611723352755], [256.592684020678, 419.86117233527546], [396.592684020678, 559.8611723352755]], [[672.1252492241929, 760.0], [492.1252492241929, 760.0], [672.1252492241929, 480.0], [672.1252492241929, 760.0]], [[380.0, 0.0], [660.0, 0.0], [660.0, 280.0], [380.0, 280.0], [380.0, 0.0]], [[180.0, 560.0], [100.0, 760.0], [0.0, 760.0], [0.0, 560.0], [180.0, 560.0]], [[172.0, 580.0], [272.0, 580.0], [272.0, 760.0], [172.0, 760.0], [172.0, 580.0]], [[116.685235797161, 279.95372411175845], [396.685235797161, 279.95372411175845], [396.685235797161, 559.9537241117584], [116.685235797161, 279.95372411175845]], [[396.592684020678, 280.0], [596.592684020678, 280.0], [596.592684020678, 480.0], [396.592684020678, 560.0], [396.592684020678, 280.0]], [[619.4899588637483, 534.841090062772], [539.4899588637483, 694.841090062772], [459.48995886374826, 534.841090062772], [619.4899588637483, 534.841090062772]], [[16.731511685402467, 560.0000000000001], [16.731511685402467, 280.0000000000001], [256.73151168540244, 420.0000000000001], [16.731511685402467, 560.0000000000001]]]"
Sun Jul 19 03:30:32 2020,2,1,True,683.4906030167976,0.833954406226111,"[0, 0, 1, 1, 2, 0, 3, 0, 3, 0, 0, 3]","[[[66.31959750485521, 560.0], [266.3195975048552, 560.0], [266.3195975048552, 760.0], [66.31959750485521, 760.0], [66.31959750485521, 560.0]], [[0.0, 80.0], [200.0, 80.0], [200.0, 280.0], [0.0, 280.0], [0.0, 80.0]], [[380.0, 0.0], [380.0, 280.0], [200.0, 280.0], [200.0, 0.0], [380.0, 0.0]], [[683.4906030167976, 0.0], [683.4906030167976, 280.0], [543.4906030167976, 140.0], [683.4906030167976, 0.0]], [[502.22222222222223, 280.0], [502.22222222222223, 460.0], [222.22222222222223, 280.0], [502.22222222222223, 280.0]], [[369.6544345506195, 480.0], [649.6544345506195, 480.0], [649.6544345506195, 760.0], [369.6544345506195, 760.0], [369.6544345506195, 480.0]], [[503.49060301679765, 480.0], [583.4906030167976, 280.0], [683.4906030167976, 280.0], [683.4906030167976, 480.0], [503.49060301679765, 480.0]], [[266.3195975048552, 528.5714285714286], [366.3195975048552, 528.5714285714286], [366.3195975048552, 708.5714285714286], [266.3195975048552, 708.5714285714286], [266.3195975048552, 528.5714285714286]], [[380.0, 280.0], [380.0, 0.0], [660.0, 0.0], [380.0, 280.0]], [[0.0, 288.3650063603161], [200.0, 288.3650063603161], [200.0, 488.3650063603161], [0.0, 568.3650063603161], [0.0, 288.3650063603161]], [[453.49060301679765, 280.0], [533.4906030167976, 120.0], [613.4906030167976, 280.0], [453.49060301679765, 280.0]], [[200.0, 560.0], [200.0, 280.0], [440.0, 420.0], [200.0, 560.0]]]"
Sun Jul 19 03:30:37 2020,2,0,True,656.1509788961257,0.8687025064855323,"[0, 0, 1, 1, 2, 0, 3, 0, 3, 2, 1, 3]","[[[0.0, 560.0], [200.0, 560.0], [200.0, 760.0], [0.0, 760.0], [0.0, 560.0]], [[0.0, 0.0], [200.0, 0.0], [200.0, 200.0], [0.0, 200.0], [0.0, 0.0]], [[380.0, 0.0], [380.0, 280.0], [200.0, 280.0], [200.0, 0.0], [380.0, 0.0]], [[656.1509788961257, 0.0], [656.1509788961257, 280.0], [516.1509788961257, 140.0], [656.1509788961257, 0.0]], [[484.1509788961257, 280.0], [484.1509788961257, 460.0], [204.1509788961257, 280.0], [484.1509788961257, 280.0]], [[376.1509788961257, 480.0], [656.1509788961257, 480.0], [656.1509788961257, 760.0], [376.1509788961257, 760.0], [376.1509788961257, 480.0]], [[476.1509788961257, 480.0], [556.1509788961257, 280.0], [656.1509788961257, 280.0], [656.1509788961257, 480.0], [476.1509788961257, 480.0]], [[276.1509788961257, 538.3333333333334], [376.1509788961257, 538.3333333333334], [376.1509788961257, 718.3333333333334], [276.1509788961257, 718.3333333333334], [276.1509788961257, 538.3333333333334]], [[376.1509788961257, 280.0], [376.1509788961257, 0.0], [656.1509788961257, 0.0], [376.1509788961257, 280.0]], [[204.1509788961257, 560.0], [4.150978896125707, 560.0], [4.150978896125707, 360.0], [204.1509788961257, 280.0], [204.1509788961257, 560.0]], [[0.0, 202.07548944806285], [160.0, 282.07548944806285], [0.0, 362.07548944806285], [0.0, 202.07548944806285]], [[206.90677636805987, 578.7257848080385], [206.90677636805987, 298.7257848080385], [446.90677636805987, 438.7257848080385], [206.90677636805987, 578.7257848080385]]]"
Sun Jul 19 03:30:57 2020,2,1,True,662.712488685087,0.8601014915698338,"[0, 0, 0, 2, 3, 0, 1, 1, 3, 0, 0, 1]","[[[0.0, 360.0], [200.0, 360.0], [200.0, 560.0], [0.0, 560.0], [0.0, 360.0]], [[0.0, 560.0], [200.0, 560.0], [200.0, 760.0], [0.0, 760.0], [0.0, 560.0]], [[380.0, 557.0105749219675], [660.0, 557.0105749219675], [660.0, 737.0105749219675], [380.0, 737.0105749219675], [380.0, 557.0105749219675]], [[662.712488685087, 557.0105749219675], [382.712488685087, 557.0105749219675], [522.712488685087, 417.01057492196753], [662.712488685087, 557.0105749219675]], [[380.0, 660.0], [200.0, 660.0], [380.0, 380.0], [380.0, 660.0]], [[180.0, 0.0], [460.0, 0.0], [460.0, 280.0], [180.0, 280.0], [180.0, 0.0]], [[180.0, 0.0], [100.0, 200.0], [0.0, 200.0], [0.0, 0.0], [180.0, 0.0]], [[380.0, 660.0], [380.0, 760.0], [200.0, 760.0], [200.0, 660.0], [380.0, 660.0]], [[200.0, 560.0], [200.0, 280.0], [480.0, 280.0], [200.0, 560.0]], [[460.0, 0.0], [660.0, 0.0], [660.0, 200.0], [460.0, 280.0], [460.0, 0.0]], [[0.0, 360.0], [80.0, 200.0], [160.0, 360.0], [0.0, 360.0]], [[661.3998692018477, 199.18340963225552], [661.3998692018477, 479.1834096322555], [421.39986920184765, 339.1834096322555], [661.3998692018477, 199.18340963225552]]]"
Sun Jul 19 03:31:19 2020,2,1,True,669.3396135719379,0.8515856352176573,"[0, 0, 1, 0, 3, 0, 1, 0, 2, 3, 2, 1]","[[[189.3396135719379, 560.0], [389.3396135719379, 560.0], [389.3396135719379, 760.0], [189.3396135719379, 760.0], [189.3396135719379, 560.0]], [[280.0, 66.65199960301447], [480.0, 66.65199960301447], [480.0, 266.6519996030145], [280.0, 266.6519996030145], [280.0, 66.65199960301447]], [[669.3396135719379, 280.0], [669.3396135719379, 560.0], [489.3396135719379, 560.0], [489.3396135719379, 280.0], [669.3396135719379, 280.0]], [[114.98298278696157, 276.70803462456945], [394.98298278696154, 276.70803462456945], [254.98298278696157, 416.70803462456945], [114.98298278696157, 276.70803462456945]], [[669.3396135719379, 280.0], [489.3396135719379, 280.0], [669.3396135719379, 0.0], [669.3396135719379, 280.0]], [[0.0, 0.0], [280.0, 0.0], [280.0, 280.0], [0.0, 280.0], [0.0, 0.0]], [[180.0, 560.0], [100.0, 760.0], [0.0, 760.0], [0.0, 560.0], [180.0, 560.0]], [[0.0, 280.0], [100.0, 280.0], [100.0, 460.0], [0.0, 460.0], [0.0, 280.0]], [[380.0, 560.0], [100.0, 560.0], [100.0, 280.0], [380.0, 560.0]], [[389.3396135719379, 760.0], [389.3396135719379, 560.0], [589.3396135719379, 560.0], [669.3396135719379, 760.0], [389.3396135719379, 760.0]], [[606.6740001984928, 0.0], [526.6740001984928, 160.0], [446.67400019849276, 0.0], [606.6740001984928, 0.0]], [[489.3396135719379, 280.0], [489.3396135719379, 560.0], [249.3396135719379, 420.0], [489.3396135719379, 280.0]]]"
Sun Jul 19 03:31:31 2020,2,1,True,676.0330097076572,0.8431540942749082,"[0, 0, 1, 0, 1, 0, 1, 0, 2, 0, 0, 1]","[[[62.56602902906036, 560.0], [262.56602902906036, 560.0], [262.56602902906036, 760.0], [62.56602902906036, 760.0], [62.56602902906036, 560.0]], [[262.56602902906036, 560.0], [462.56602902906036, 560.0], [462.56602902906036, 760.0], [262.56602902906036, 760.0], [262.56602902906036, 560.0]], [[642.5660290290604, 480.0], [642.5660290290604, 760.0], [462.56602902906036, 760.0], [462.56602902906036, 480.0], [642.5660290290604, 480.0]], [[0.0, 280.0], [280.0, 280.0], [140.0, 420.0], [0.0, 280.0]], [[496.03300970765724, 0.0], [676.0330097076572, 0.0], [496.03300970765724, 280.0], [496.03300970765724, 0.0]], [[0.0, 0.0], [280.0, 0.0], [280.0, 280.0], [0.0, 280.0], [0.0, 0.0]], [[559.9999999999998, 280.0], [479.9999999999997, 480.0], [379.9999999999997, 480.0], [379.9999999999997, 280.0], [559.9999999999998, 280.0]], [[576.0330097076572, 172.06601941531494], [676.0330097076572, 172.06601941531494], [676.0330097076572, 352.06601941531494], [576.0330097076572, 352.06601941531494], [576.0330097076572, 172.06601941531494]], [[280.0, 560.0], [0.0, 560.0], [0.0, 280.0], [280.0, 560.0]], [[296.03300970765724, 0.0], [496.03300970765724, 0.0], [496.03300970765724, 200.0], [296.03300970765724, 280.0], [296.03300970765724, 0.0]], [[479.9999999999998, 480.0], [559.9999999999998, 320.0], [639.9999999999998, 480.0], [479.9999999999998, 480.0]], [[379.9999999999997, 280.0], [379.9999999999997, 560.0], [139.99999999999972, 420.0], [379.9999999999997, 280.0]]]"
Sun Jul 19 03:31:42 2020,2,1,True,682.7933398047338,0.8348060339355527,"[0, 0, 1, 1, 1, 0, 3, 0, 1, 0, 1, 2]","[[[279.99999999999955, 280.0], [479.99999999999955, 280.0], [479.99999999999955, 480.0], [279.99999999999955, 480.0], [279.99999999999955, 280.0]], [[180.0, 541.1286102617443], [380.0, 541.1286102617443], [380.0, 741.1286102617443], [180.0, 741.1286102617443], [180.0, 541.1286102617443]], [[180.0, 280.0], [180.0, 560.0], [0.0, 560.0], [0.0, 280.0], [180.0, 280.0]], [[674.2857142857142, 380.0], [674.2857142857142, 660.0], [534.2857142857142, 520.0], [674.2857142857142, 380.0]], [[380.0, 480.0], [560.0, 480.0], [380.0, 760.0], [380.0, 480.0]], [[0.0, 0.0], [280.0, 0.0], [280.0, 280.0], [0.0, 280.0], [0.0, 0.0]], [[0.0, 760.0], [80.0, 560.0], [180.0, 560.0], [180.0, 760.0], [0.0, 760.0]], [[179.99999999999955, 344.285714285714], [279.99999999999955, 344.285714285714], [279.99999999999955, 524.285714285714], [179.99999999999955, 524.285714285714], [179.99999999999955, 344.285714285714]], [[679.9999999999995, 0.0], [679.9999999999995, 280.0], [399.99999999999955, 280.0], [679.9999999999995, 0.0]], [[279.9999999999997, 0.0], [479.9999999999997, 0.0], [479.9999999999997, 200.0], [279.9999999999997, 280.0], [279.9999999999997, 0.0]], [[479.9999999999998, 293.33333333333337], [639.9999999999998, 373.33333333333337], [479.9999999999998, 453.33333333333337], [479.9999999999998, 293.33333333333337]], [[674.2857142857143, 760.0], [394.28571428571433, 760.0], [534.2857142857143, 520.0], [674.2857142857143, 760.0]]]"
Sun Jul 19 03:31:55 2020,2,1,True,689.6212732027811,0.8265406276589631,"[0, 0, 1, 3, 2, 0, 3, 0, 1, 3, 2, 3]","[[[0.0, 560.0], [200.0, 560.0], [200.0, 760.0], [0.0, 760.0], [0.0, 560.0]], [[200.0, 480.0], [400.0, 480.0], [400.0, 680.0], [200.0, 680.0], [200.0, 480.0]], [[180.0, 280.0], [180.0, 560.0], [0.0, 560.0], [0.0, 280.0], [180.0, 280.0]], [[517.4193548387096, 421.5053763440861], [517.4193548387096, 141.50537634408607], [657.4193548387096, 281.5053763440861], [517.4193548387096, 421.5053763440861]], [[678.0545064702595, 0.0], [678.0545064702595, 180.0], [398.0545064702595, 0.0], [678.0545064702595, 0.0]], [[0.0, 0.0], [280.0, 0.0], [280.0, 280.0], [0.0, 280.0], [0.0, 0.0]], [[509.62127320278114, 760.0], [589.6212732027811, 560.0], [689.6212732027811, 560.0], [689.6212732027811, 760.0], [509.62127320278114, 760.0]], [[400.0, 560.0], [500.0, 560.0], [500.0, 740.0], [400.0, 740.0], [400.0, 560.0]], [[689.6212732027811, 280.0], [689.6212732027811, 560.0], [409.62127320278114, 560.0], [689.6212732027811, 280.0]], [[180.0, 480.0], [180.0, 280.0], [380.0, 280.0], [460.0, 480.0], [180.0, 480.0]], [[517.4193548387096, 234.83870967741927], [437.41935483870964, 394.8387096774193], [357.41935483870964, 234.83870967741927], [517.4193548387096, 234.83870967741927]], [[280.0, 280.0], [280.0, 0.0], [520.0, 140.0], [280.0, 280.0]]]"
Sun Jul 19 03:31:56 2020,2,0,True,662.0364222746699,0.8609798204780865,"[0, 0, 1, 3, 2, 0, 3, 0, 1, 0, 2, 3]","[[[0.0, 560.0], [200.0, 560.0], [200.0, 760.0], [0.0, 760.0], [0.0, 560.0]], [[200.0, 560.0], [400.0, 560.0], [400.0, 760.0], [200.0, 760.0], [200.0, 560.0]], [[180.0, 280.0], [180.0, 560.0], [0.0, 560.0], [0.0, 280.0], [180.0, 280.0]], [[520.0, 368.6908713948551], [520.0, 88.6908713948551], [660.0, 228.6908713948551], [520.0, 368.6908713948551]], [[662.0364222746699, 0.0], [662.0364222746699, 180.0], [382.0364222746699, 0.0], [662.0364222746699, 0.0]], [[0.0, 0.0], [280.0, 0.0], [280.0, 280.0], [0.0, 280.0], [0.0, 0.0]], [[482.0364222746699, 760.0], [562.0364222746699, 560.0], [662.0364222746699, 560.0], [662.0364222746699, 760.0], [482.0364222746699, 760.0]], [[400.0, 535.0910556866747], [500.0, 535.0910556866747], [500.0, 715.0910556866747], [400.0, 715.0910556866747], [400.0, 535.0910556866747]], [[662.0364222746699, 255.09105568667474], [662.0364222746699, 535.0910556866747], [382.0364222746699, 535.0910556866747], [662.0364222746699, 255.09105568667474]], [[180.0, 280.0], [380.0, 280.0], [380.0, 480.0], [180.0, 560.0], [180.0, 280.0]], [[517.4193548387096, 234.83870967741927], [437.41935483870964, 394.8387096774193], [357.41935483870964, 234.83870967741927], [517.4193548387096, 234.83870967741927]], [[280.0, 280.0], [280.0, 0.0], [520.0, 140.0], [280.0, 280.0]]]"
Sun Jul 19 03:32:20 2020,2,1,True,668.6567864974166,0.8524552678000856,"[0, 0, 0, 2, 3, 0, 3, 0, 3, 1, 2, 3]","[[[180.0, 560.0], [380.0, 560.0], [380.0, 760.0], [180.0, 760.0], [180.0, 560.0]], [[188.65678649741653, 192.44444444444446], [388.65678649741653, 192.44444444444446], [388.65678649741653, 392.44444444444446], [188.65678649741653, 392.44444444444446], [188.65678649741653, 192.44444444444446]], [[0.0, 0.0], [280.0, 0.0], [280.0, 180.0], [0.0, 180.0], [0.0, 0.0]], [[388.65678649741653, 560.0], [108.65678649741653, 560.0], [248.65678649741653, 420.0], [388.65678649741653, 560.0]], [[668.6567864974166, 280.0], [488.65678649741665, 280.0], [668.6567864974166, 0.0], [668.6567864974166, 280.0]], [[388.65678649741653, 280.0], [668.6567864974165, 280.0], [668.6567864974165, 560.0], [388.65678649741653, 560.0], [388.65678649741653, 280.0]], [[0.0, 760.0], [80.0, 560.0], [180.0, 560.0], [180.0, 760.0], [0.0, 760.0]], [[280.0, 12.444444444444457], [380.0, 12.444444444444457], [380.0, 192.44444444444446], [280.0, 192.44444444444446], [280.0, 12.444444444444457]], [[388.6567864974166, 280.0000000000001], [388.6567864974166, 1.1368683772161603e-13], [668.6567864974165, 1.1368683772161603e-13], [388.6567864974166, 280.0000000000001]], [[660.0, 560.0], [660.0, 760.0], [460.0, 760.0], [380.0, 560.0], [660.0, 560.0]], [[178.7520245926545, 180.0], [98.75202459265451, 340.0], [18.752024592654507, 180.0], [178.7520245926545, 180.0]], [[0.0, 562.3946523209515], [0.0, 282.39465232095154], [240.0, 422.39465232095154], [0.0, 562.3946523209515]]]"
Sun Jul 19 03:33:00 2020,2,3,True,675.3433543623909,0.8440151166337482,"[0, 0, 0, 3, 2, 0, 0, 1, 1, 0, 3, 0]","[[[0.0, 280.0], [200.0, 280.0], [200.0, 480.0], [0.0, 480.0], [0.0, 280.0]], [[0.0, 0.0], [200.0, 0.0], [200.0, 200.0], [0.0, 200.0], [0.0, 0.0]], [[380.0, 400.0], [660.0, 400.0], [660.0, 580.0], [380.0, 580.0], [380.0, 400.0]], [[400.0, 395.34335436239087], [400.0, 115.34335436239087], [540.0, 255.34335436239087], [400.0, 395.34335436239087]], [[675.3433543623909, 580.0], [675.3433543623909, 760.0], [395.34335436239087, 580.0], [675.3433543623909, 580.0]], [[0.0, 480.0], [280.0, 480.0], [280.0, 760.0], [0.0, 760.0], [0.0, 480.0]], [[280.0, 554.422129338463], [480.0, 634.422129338463], [480.0, 734.422129338463], [280.0, 734.422129338463], [280.0, 554.422129338463]], [[380.0, 0.0], [380.0, 100.0], [200.0, 100.0], [200.0, 0.0], [380.0, 0.0]], [[675.3433543623909, 120.0], [675.3433543623909, 400.0], [395.34335436239087, 400.0], [675.3433543623909, 120.0]], [[200.0, 126.42212933846304], [400.0, 126.42212933846304], [400.0, 326.42212933846304], [200.0, 406.42212933846304], [200.0, 126.42212933846304]], [[360.0, 502.42212933846304], [200.0, 422.42212933846304], [360.0, 342.42212933846304], [360.0, 502.42212933846304]], [[395.34335436239087, 0.0], [675.3433543623909, 0.0], [535.3433543623909, 240.0], [395.34335436239087, 0.0]]]"
Sun Jul 19 03:33:29 2020,2,3,True,682.0967879060148,0.8356585313205427,"[0, 0, 0, 3, 1, 0, 3, 1, 1, 0, 0, 0]","[[[0.0, 480.0], [200.0, 480.0], [200.0, 680.0], [0.0, 680.0], [0.0, 480.0]], [[0.0, 0.0], [200.0, 0.0], [200.0, 200.0], [0.0, 200.0], [0.0, 0.0]], [[200.0, 0.0], [480.0, 0.0], [480.0, 180.0], [200.0, 180.0], [200.0, 0.0]], [[199.99999999999991, 640.0], [199.99999999999991, 360.0], [339.9999999999999, 500.0], [199.99999999999991, 640.0]], [[480.0, 0.0], [660.0, 0.0], [480.0, 280.0], [480.0, 0.0]], [[400.0, 480.0], [680.0, 480.0], [680.0, 760.0], [400.0, 760.0], [400.0, 480.0]], [[491.4054054054054, 337.8138138138137], [571.4054054054054, 137.81381381381368], [671.4054054054054, 137.81381381381368], [671.4054054054054, 337.8138138138137], [491.4054054054054, 337.8138138138137]], [[682.0967879060148, 380.0], [682.0967879060148, 480.0], [502.0967879060148, 480.0], [502.0967879060148, 380.0], [682.0967879060148, 380.0]], [[400.0, 480.0], [400.0, 760.0], [120.0, 760.0], [400.0, 480.0]], [[0.0, 200.0], [200.0, 200.0], [200.0, 400.0], [0.0, 480.0], [0.0, 200.0]], [[318.94736842105266, 478.94736842105266], [398.94736842105266, 318.94736842105266], [478.94736842105266, 478.94736842105266], [318.94736842105266, 478.94736842105266]], [[200.0, 180.0], [480.0, 180.0], [340.0, 420.0], [200.0, 180.0]]]"
Sun Jul 19 03:33:50 2020,2,1,True,688.917755785075,0.8273846844757847,"[0, 0, 0, 0, 3, 0, 1, 1, 1, 0, 1, 1]","[[[0.0, 560.0], [200.0, 560.0], [200.0, 760.0], [0.0, 760.0], [0.0, 560.0]], [[0.0, 0.0], [200.0, 0.0], [200.0, 200.0], [0.0, 200.0], [0.0, 0.0]], [[200.0, 17.619047619047592], [480.0, 17.619047619047592], [480.0, 197.6190476190476], [200.0, 197.6190476190476], [200.0, 17.619047619047592]], [[248.57142857142856, 200.0], [528.5714285714286, 200.0], [388.57142857142856, 340.0], [248.57142857142856, 200.0]], [[408.917755785075, 760.0], [228.91775578507497, 760.0], [408.917755785075, 480.0], [408.917755785075, 760.0]], [[408.917755785075, 479.08482142857133], [688.917755785075, 479.08482142857133], [688.917755785075, 759.0848214285713], [408.917755785075, 759.0848214285713], [408.917755785075, 479.08482142857133]], [[660.0, 0.0], [580.0, 200.0], [480.0, 200.0], [480.0, 0.0], [660.0, 0.0]], [[483.0208333333334, 379.0848214285714], [483.0208333333334, 479.0848214285714], [303.0208333333334, 479.0848214285714], [303.0208333333334, 379.0848214285714], [483.0208333333334, 379.0848214285714]], [[688.917755785075, 91.08224421492503], [688.917755785075, 371.082244214925], [408.917755785075, 371.082244214925], [688.917755785075, 91.08224421492503]], [[0.0, 200.0], [200.0, 200.0], [200.0, 400.0], [0.0, 480.0], [0.0, 200.0]], [[200.0, 231.42857142857144], [360.0, 311.42857142857144], [200.0, 391.42857142857144], [200.0, 231.42857142857144]], [[302.85714285714295, 340.0], [302.85714285714295, 620.0], [62.85714285714295, 480.0], [302.85714285714295, 340.0]]]"
Sun Jul 19 03:34:10 2020,2,1,True,695.8069333429257,0.8191927569067177,"[0, 0, 1, 1, 0, 0, 3, 1, 3, 0, 3, 1]","[[[0.0, 560.0], [200.0, 560.0], [200.0, 760.0], [0.0, 760.0], [0.0, 560.0]], [[0.0, 0.0], [200.0, 0.0], [200.0, 200.0], [0.0, 200.0], [0.0, 0.0]], [[380.0, 480.0], [380.0, 760.0], [200.0, 760.0], [200.0, 480.0], [380.0, 480.0]], [[200.0, 280.0], [200.0, 560.0], [60.0, 420.0], [200.0, 280.0]], [[217.77777777777777, 480.0], [217.77777777777777, 300.0], [497.77777777777777, 480.0], [217.77777777777777, 480.0]], [[381.36104555367194, 480.0], [661.3610455536719, 480.0], [661.3610455536719, 760.0], [381.36104555367194, 760.0], [381.36104555367194, 480.0]], [[480.0, 200.0], [560.0, 0.0], [660.0, 0.0], [660.0, 200.0], [480.0, 200.0]], [[695.8069333429257, 200.0], [695.8069333429257, 300.0], [515.8069333429257, 300.0], [515.8069333429257, 200.0], [695.8069333429257, 200.0]], [[0.0, 480.0], [0.0, 200.0], [280.0, 200.0], [0.0, 480.0]], [[280.0, 0.0], [480.0, 0.0], [480.0, 200.0], [280.0, 280.0], [280.0, 0.0]], [[695.8069333429257, 497.2229438946269], [535.8069333429257, 417.2229438946269], [695.8069333429257, 337.2229438946269], [695.8069333429257, 497.2229438946269]], [[520.0, 200.0], [520.0, 480.0], [280.0, 340.0], [520.0, 200.0]]]"
Sun Jul 19 03:34:11 2020,2,0,True,667.9746560092087,0.8533257884444975,"[0, 0, 1, 1, 0, 0, 1, 1, 3, 0, 0, 1]","[[[0.0, 560.0], [200.0, 560.0], [200.0, 760.0], [0.0, 760.0], [0.0, 560.0]], [[0.0, 0.0], [200.0, 0.0], [200.0, 200.0], [0.0, 200.0], [0.0, 0.0]], [[380.0, 480.0], [380.0, 760.0], [200.0, 760.0], [200.0, 480.0], [380.0, 480.0]], [[200.0, 280.0], [200.0, 560.0], [60.0, 420.0], [200.0, 280.0]], [[200.0, 480.0], [200.0, 300.0], [480.0, 480.0], [200.0, 480.0]], [[381.36104555367194, 480.0], [661.3610455536719, 480.0], [661.3610455536719, 760.0], [381.36104555367194, 760.0], [381.36104555367194, 480.0]], [[667.9746560092087, 0.0], [587.9746560092087, 200.0], [487.97465600920873, 200.0], [487.97465600920873, 0.0], [667.9746560092087, 0.0]], [[667.9746560092087, 200.0], [667.9746560092087, 300.0], [487.97465600920873, 300.0], [487.97465600920873, 200.0], [667.9746560092087, 200.0]], [[0.0, 480.0], [0.0, 200.0], [280.0, 200.0], [0.0, 480.0]], [[280.0, 0.0], [480.0, 0.0], [480.0, 200.0], [280.0, 280.0], [280.0, 0.0]], [[487.97465600920873, 460.0], [567.9746560092087, 300.0], [647.9746560092087, 460.0], [487.97465600920873, 460.0]], [[487.97465600920873, 190.84085029163418], [487.97465600920873, 470.8408502916342], [247.97465600920873, 330.8408502916342], [487.97465600920873, 190.84085029163418]]]"
Sun Jul 19 03:34:23 2020,2,1,True,674.6544025693008,0.8448770182618787,"[0, 0, 1, 2, 3, 0, 0, 1, 3, 3, 2, 1]","[[[0.0, 0.0], [200.0, 0.0], [200.0, 200.0], [0.0, 200.0], [0.0, 0.0]], [[441.25566976884033, 280.0], [641.2556697688403, 280.0], [641.2556697688403, 480.0], [441.25566976884033, 480.0], [441.25566976884033, 280.0]], [[380.0, 480.0], [380.0, 760.0], [200.0, 760.0], [200.0, 480.0], [380.0, 480.0]], [[341.2556697688403, 480.00000000000006], [61.25566976884028, 480.00000000000006], [201.25566976884028, 340.00000000000006], [341.2556697688403, 480.00000000000006]], [[621.2556697688403, 280.0], [441.25566976884033, 280.0], [621.2556697688403, 0.0], [621.2556697688403, 280.0]], [[380.0, 480.0], [660.0, 480.0], [660.0, 760.0], [380.0, 760.0], [380.0, 480.0]], [[0.0, 580.0], [200.0, 660.0], [200.0, 760.0], [0.0, 760.0], [0.0, 580.0]], [[180.0, 480.0], [180.0, 580.0], [0.0, 580.0], [0.0, 480.0], [180.0, 480.0]], [[61.255669768840335, 480.0], [61.255669768840335, 200.0], [341.25566976884033, 200.0], [61.255669768840335, 480.0]], [[200.0, 200.0], [200.0, 0.0], [400.0, 0.0], [480.0, 200.0], [200.0, 200.0]], [[560.0, 0.0], [480.0, 160.0], [400.0, 0.0], [560.0, 0.0]], [[441.25566976884033, 200.0], [441.25566976884033, 480.0], [201.25566976884033, 340.0], [441.25566976884033, 200.0]]]"
Sun Jul 19 03:35:02 2020,2,3,True,681.4009465949938,0.8365118992691869,"[0, 0, 1, 3, 1, 0, 1, 1, 0, 1, 0, 2]","[[[478.2281870967695, 452.66354706694256], [678.2281870967695, 452.66354706694256], [678.2281870967695, 652.6635470669426], [478.2281870967695, 652.6635470669426], [478.2281870967695, 452.66354706694256]], [[0.0, 0.0], [200.0, 0.0], [200.0, 200.0], [0.0, 200.0], [0.0, 0.0]], [[478.2281870967695, 480.0], [478.2281870967695, 760.0], [298.2281870967695, 760.0], [298.2281870967695, 480.0], [478.2281870967695, 480.0]], [[541.4009465949938, 420.0000000000001], [541.4009465949938, 140.0000000000001], [681.4009465949938, 280.0000000000001], [541.4009465949938, 420.0000000000001]], [[200.0, 0.0], [380.0, 0.0], [200.0, 280.0], [200.0, 0.0]], [[0.0, 426.66666666666674], [280.0, 426.66666666666674], [280.0, 706.6666666666667], [0.0, 706.6666666666667], [0.0, 426.66666666666674]], [[180.0, 200.0], [100.0, 400.0], [0.0, 400.0], [0.0, 200.0], [180.0, 200.0]], [[658.2281870967695, 652.6635470669426], [658.2281870967695, 752.6635470669426], [478.2281870967695, 752.6635470669426], [478.2281870967695, 652.6635470669426], [658.2281870967695, 652.6635470669426]], [[401.4009465949937, 0.0], [681.4009465949937, 0.0], [681.4009465949937, 280.0], [401.4009465949937, 0.0]], [[533.065418826777, 252.66354706694256], [533.065418826777, 452.66354706694256], [333.065418826777, 452.66354706694256], [253.06541882677698, 252.66354706694256], [533.065418826777, 252.66354706694256]], [[86.66666666666663, 426.66666666666674], [166.66666666666663, 266.66666666666674], [246.66666666666663, 426.66666666666674], [86.66666666666663, 426.66666666666674]], [[541.4009465949938, 252.66354706694256], [261.4009465949938, 252.66354706694256], [401.4009465949938, 12.663547066942556], [541.4009465949938, 252.66354706694256]]]"
Sun Jul 19 03:35:08 2020,2,1,True,688.2149560609438,0.8282296032368186,"[0, 0, 1, 2, 3, 0, 1, 0, 0, 1, 2, 2]","[[[325.34554281509816, 278.162783576498], [525.3455428150982, 278.162783576498], [525.3455428150982, 478.162783576498], [325.34554281509816, 478.162783576498], [325.34554281509816, 278.162783576498]], [[460.0, 560.0], [660.0, 560.0], [660.0, 760.0], [460.0, 760.0], [460.0, 560.0]], [[460.0, 480.0], [460.0, 760.0], [280.0, 760.0], [280.0, 480.0], [460.0, 480.0]], [[611.3072810515367, 278.162783576498], [331.30728105153673, 278.162783576498], [471.30728105153673, 138.162783576498], [611.3072810515367, 278.162783576498]], [[654.144908731194, 560.0], [474.14490873119405, 560.0], [654.144908731194, 280.0], [654.144908731194, 560.0]], [[0.0, 480.0], [280.0, 480.0], [280.0, 760.0], [0.0, 760.0], [0.0, 480.0]], [[180.0, 188.14386124938426], [100.0, 388.14386124938426], [0.0, 388.14386124938426], [0.0, 188.14386124938426], [180.0, 188.14386124938426]], [[0.0, 8.143861249384258], [100.0, 8.143861249384258], [100.0, 188.14386124938426], [0.0, 188.14386124938426], [0.0, 8.143861249384258]], [[374.14490873119405, 0.0], [654.144908731194, 0.0], [654.144908731194, 280.0], [374.14490873119405, 0.0]], [[391.80748667961444, 17.662577948420335], [391.80748667961444, 217.66257794842033], [191.80748667961444, 217.66257794842033], [111.80748667961444, 17.662577948420335], [391.80748667961444, 17.662577948420335]], [[351.4993889689443, 225.85509126880595], [271.4993889689443, 385.85509126880595], [191.4993889689443, 225.85509126880595], [351.4993889689443, 225.85509126880595]], [[326.4172523954742, 480.0], [46.41725239547418, 480.0], [186.41725239547418, 240.0], [326.4172523954742, 480.0]]]"
Sun Jul 19 03:35:08 2020,2,0,True,660.686357818506,0.8627391700383527,"[0, 0, 1, 2, 3, 0, 1, 0, 0, 1, 2, 2]","[[[325.34554281509816, 278.162783576498], [525.3455428150982, 278.162783576498], [525.3455428150982, 478.162783576498], [325.34554281509816, 478.162783576498], [325.34554281509816, 278.162783576498]], [[460.0, 560.0], [660.0, 560.0], [660.0, 760.0], [460.0, 760.0], [460.0, 560.0]], [[460.0, 480.0], [460.0, 760.0], [280.0, 760.0], [280.0, 480.0], [460.0, 480.0]], [[611.3072810515367, 278.162783576498], [331.30728105153673, 278.162783576498], [471.30728105153673, 138.162783576498], [611.3072810515367, 278.162783576498]], [[654.144908731194, 560.0], [474.14490873119405, 560.0], [654.144908731194, 280.0], [654.144908731194, 560.0]], [[0.0, 480.0], [280.0, 480.0], [280.0, 760.0], [0.0, 760.0], [0.0, 480.0]], [[180.0, 188.14386124938426], [100.0, 388.14386124938426], [0.0, 388.14386124938426], [0.0, 188.14386124938426], [180.0, 188.14386124938426]], [[0.0, 8.143861249384258], [100.0, 8.143861249384258], [100.0, 188.14386124938426], [0.0, 188.14386124938426], [0.0, 8.143861249384258]], [[374.14490873119405, 0.0], [654.144908731194, 0.0], [654.144908731194, 280.0], [374.14490873119405, 0.0]], [[391.80748667961444, 17.662577948420335], [391.80748667961444, 217.66257794842033], [191.80748667961444, 217.66257794842033], [111.80748667961444, 17.662577948420335], [391.80748667961444, 17.662577948420335]], [[351.4993889689443, 225.85509126880595], [271.4993889689443, 385.85509126880595], [191.4993889689443, 225.85509126880595], [351.4993889689443, 225.85509126880595]], [[326.4172523954742, 480.0], [46.41725239547418, 480.0], [186.41725239547418, 240.0], [326.4172523954742, 480.0]]]"
Sun Jul 19 03:36:38 2020,2,5,True,667.2932213966911,0.8541971980577748,"[0, 0, 0, 0, 2, 0, 3, 1, 2, 3, 2, 3]","[[[467.29322139669114, 360.0], [667.2932213966911, 360.0], [667.2932213966911, 560.0], [467.29322139669114, 560.0], [467.29322139669114, 360.0]], [[0.0, 560.0], [200.0, 560.0], [200.0, 760.0], [0.0, 760.0], [0.0, 560.0]], [[343.0826769026553, 0.0], [623.0826769026553, 0.0], [623.0826769026553, 180.0], [343.0826769026553, 180.0], [343.0826769026553, 0.0]], [[387.29322139669114, 180.0], [667.2932213966911, 180.0], [527.2932213966911, 320.0], [387.29322139669114, 180.0]], [[280.0, 280.0], [280.0, 460.0], [0.0, 280.0], [280.0, 280.0]], [[0.0, 0.0], [280.0, 0.0], [280.0, 280.0], [0.0, 280.0], [0.0, 0.0]], [[487.29322139669114, 760.0], [567.2932213966911, 560.0], [667.2932213966911, 560.0], [667.2932213966911, 760.0], [487.29322139669114, 760.0]], [[460.0, 452.70677860330886], [460.0, 552.7067786033089], [280.0, 552.7067786033089], [280.0, 452.70677860330886], [460.0, 452.70677860330886]], [[280.0, 560.0], [0.0, 560.0], [0.0, 280.0], [280.0, 560.0]], [[207.2932213966911, 760.0], [207.2932213966911, 560.0], [407.29322139669114, 560.0], [487.29322139669114, 760.0], [207.2932213966911, 760.0]], [[567.2932213966911, 560.0], [487.29322139669114, 720.0], [407.29322139669114, 560.0], [567.2932213966911, 560.0]], [[280.0, 452.70677860330886], [280.0, 172.70677860330886], [520.0, 312.70677860330886], [280.0, 452.70677860330886]]]"
Sun Jul 19 03:37:30 2020,2,3,True,673.966153610658,0.8457398000572028,"[0, 0, 1, 1, 3, 0, 1, 1, 3, 2, 0, 0]","[[[0.0, 100.0], [200.0, 100.0], [200.0, 300.0], [0.0, 300.0], [0.0, 100.0]], [[460.0, 279.09776118876493], [660.0, 279.09776118876493], [660.0, 479.09776118876493], [460.0, 479.09776118876493], [460.0, 279.09776118876493]], [[380.0, 0.0], [380.0, 280.0], [200.0, 280.0], [200.0, 0.0], [380.0, 0.0]], [[660.9022388112351, 0.0], [660.9022388112351, 280.0], [520.9022388112351, 140.0], [660.9022388112351, 0.0]], [[460.0, 480.0], [280.0, 480.0], [460.0, 200.0], [460.0, 480.0]], [[393.966153610658, 480.0], [673.966153610658, 480.0], [673.966153610658, 760.0], [393.966153610658, 760.0], [393.966153610658, 480.0]], [[180.0, 512.2405970163295], [100.0, 712.2405970163295], [0.0, 712.2405970163295], [0.0, 512.2405970163295], [180.0, 512.2405970163295]], [[180.0, 0.0], [180.0, 100.0], [0.0, 100.0], [0.0, 0.0], [180.0, 0.0]], [[380.0, 280.0], [380.0, 0.0], [660.0, 0.0], [380.0, 280.0]], [[393.966153610658, 760.0], [193.966153610658, 760.0], [193.966153610658, 560.0], [393.966153610658, 480.0], [393.966153610658, 760.0]], [[0.0, 500.812025587758], [80.0, 340.812025587758], [160.0, 500.812025587758], [0.0, 500.812025587758]], [[56.19298507380785, 300.0], [336.19298507380785, 300.0], [196.19298507380785, 540.0], [56.19298507380785, 300.0]]]"
Sun Jul 19 03:37:44 2020,2,1,True,680.7058151467646,0.8373661386704979,"[0, 0, 0, 2, 3, 0, 2, 0, 3, 3, 1, 0]","[[[100.0, 560.0], [300.0, 560.0], [300.0, 760.0], [100.0, 760.0], [100.0, 560.0]], [[480.7058151467646, 373.0345918959557], [680.7058151467646, 373.0345918959557], [680.7058151467646, 573.0345918959557], [480.7058151467646, 573.0345918959557], [480.7058151467646, 373.0345918959557]], [[398.83676911138434, 580.0], [678.8367691113843, 580.0], [678.8367691113843, 760.0], [398.83676911138434, 760.0], [398.83676911138434, 580.0]], [[280.0, 560.0], [0.0, 560.0], [140.0, 420.0], [280.0, 560.0]], [[389.42624453213693, 389.7813973944536], [209.42624453213693, 389.7813973944536], [389.42624453213693, 109.78139739445362], [389.42624453213693, 389.7813973944536]], [[0.0, 0.0], [280.0, 0.0], [280.0, 280.0], [0.0, 280.0], [0.0, 0.0]], [[680.7058151467646, 191.29418485323538], [480.7058151467646, 111.29418485323538], [480.7058151467646, 11.294184853235379], [680.7058151467646, 11.294184853235379], [680.7058151467646, 191.29418485323538]], [[0.0, 574.8681940869549], [100.0, 574.8681940869549], [100.0, 754.8681940869549], [0.0, 754.8681940869549], [0.0, 574.8681940869549]], [[0.0, 560.0], [0.0, 280.0], [280.0, 280.0], [0.0, 560.0]], [[400.7058151467646, 365.64709242661763], [400.7058151467646, 165.64709242661763], [600.7058151467646, 165.64709242661763], [680.7058151467646, 365.64709242661763], [400.7058151467646, 365.64709242661763]], [[280.0, 0.0], [440.0, 80.0], [280.0, 160.0], [280.0, 0.0]], [[200.70581514676462, 389.7813973944536], [480.7058151467646, 389.7813973944536], [340.7058151467646, 629.7813973944536], [200.70581514676462, 389.7813973944536]]]"
Sun Jul 19 03:38:04 2020,2,1,True,687.5128732982323,0.829075384822275,"[0, 0, 0, 1, 2, 0, 0, 1, 0, 0, 3, 3]","[[[0.0, 280.0], [200.0, 280.0], [200.0, 480.0], [0.0, 480.0], [0.0, 280.0]], [[453.477582540894, 560.0], [653.477582540894, 560.0], [653.477582540894, 760.0], [453.477582540894, 760.0], [453.477582540894, 560.0]], [[0.0, 0.0], [280.0, 0.0], [280.0, 180.0], [0.0, 180.0], [0.0, 0.0]], [[395.7363292393196, 288.7081152051247], [395.7363292393196, 568.7081152051247], [255.73632923931962, 428.7081152051247], [395.7363292393196, 288.7081152051247]], [[324.4444444444444, 180.0], [324.4444444444444, 360.0], [44.4444444444444, 180.0], [324.4444444444444, 180.0]], [[395.7363292393196, 275.7363292393196], [675.7363292393196, 275.7363292393196], [675.7363292393196, 555.7363292393196], [395.7363292393196, 555.7363292393196], [395.7363292393196, 275.7363292393196]], [[280.0, 0.0], [480.0, 80.0], [480.0, 180.0], [280.0, 180.0], [280.0, 0.0]], [[504.4444444444444, 175.73632923931962], [504.4444444444444, 275.7363292393196], [324.4444444444444, 275.7363292393196], [324.4444444444444, 175.73632923931962], [504.4444444444444, 175.73632923931962]], [[400.0, 0.0], [680.0, 0.0], [680.0, 280.0], [400.0, 0.0]], [[0.0, 480.0], [200.0, 480.0], [200.0, 680.0], [0.0, 760.0], [0.0, 480.0]], [[453.477582540894, 760.0], [293.477582540894, 680.0], [453.477582540894, 600.0], [453.477582540894, 760.0]], [[199.99999999999991, 734.5285898155215], [199.99999999999991, 454.5285898155215], [439.9999999999999, 594.5285898155215], [199.99999999999991, 734.5285898155215]]]"
Sun Jul 19 03:38:12 2020,2,1,True,694.3880020312147,0.8208667176458169,"[0, 0, 0, 2, 1, 0, 0, 1, 0, 2, 3, 3]","[[[0.0, 180.0], [200.0, 180.0], [200.0, 380.0], [0.0, 380.0], [0.0, 180.0]], [[453.477582540894, 560.0], [653.477582540894, 560.0], [653.477582540894, 760.0], [453.477582540894, 760.0], [453.477582540894, 560.0]], [[0.0, 0.0], [280.0, 0.0], [280.0, 180.0], [0.0, 180.0], [0.0, 0.0]], [[663.6487220026667, 276.35127799733334], [383.64872200266666, 276.35127799733334], [523.6487220026667, 136.35127799733334], [663.6487220026667, 276.35127799733334]], [[243.64408883115794, 199.98764163369697], [423.64408883115794, 199.98764163369697], [243.64408883115794, 479.98764163369697], [243.64408883115794, 199.98764163369697]], [[374.55317974024877, 276.35127799733334], [654.5531797402488, 276.35127799733334], [654.5531797402488, 556.3512779973333], [374.55317974024877, 556.3512779973333], [374.55317974024877, 276.35127799733334]], [[280.0, 0.0], [480.0, 80.0], [480.0, 180.0], [280.0, 180.0], [280.0, 0.0]], [[200.0, 379.987641633697], [200.0, 479.987641633697], [20.0, 479.987641633697], [20.0, 379.987641633697], [200.0, 379.987641633697]], [[400.0, 0.0], [680.0, 0.0], [680.0, 280.0], [400.0, 0.0]], [[200.0, 760.0], [0.0, 760.0], [0.0, 560.0], [200.0, 480.0], [200.0, 760.0]], [[453.477582540894, 759.9999999999999], [293.477582540894, 679.9999999999999], [453.477582540894, 599.9999999999999], [453.477582540894, 759.9999999999999]], [[199.99999999999983, 734.5285898155214], [199.99999999999983, 454.5285898155214], [439.99999999999983, 594.5285898155214], [199.99999999999983, 734.5285898155214]]]"
Sun Jul 19 03:38:12 2020,2,0,True,666.6124819499661,0.8550694975477259,"[0, 0, 0, 2, 1, 0, 0, 1, 0, 2, 3, 3]","[[[0.0, 180.0], [200.0, 180.0], [200.0, 380.0], [0.0, 380.0], [0.0, 180.0]], [[453.477582540894, 560.0], [653.477582540894, 560.0], [653.477582540894, 760.0], [453.477582540894, 760.0], [453.477582540894, 560.0]], [[0.0, 0.0], [280.0, 0.0], [280.0, 180.0], [0.0, 180.0], [0.0, 0.0]], [[666.6124819499661, 280.0], [386.6124819499661, 280.0], [526.6124819499661, 140.0], [666.6124819499661, 280.0]], [[243.64408883115794, 199.98764163369697], [423.64408883115794, 199.98764163369697], [243.64408883115794, 479.98764163369697], [243.64408883115794, 199.98764163369697]], [[380.80813174482023, 280.0], [660.8081317448202, 280.0], [660.8081317448202, 560.0], [380.80813174482023, 560.0], [380.80813174482023, 280.0]], [[280.0, 13.387518050033918], [480.0, 93.38751805003392], [480.0, 193.38751805003392], [280.0, 193.38751805003392], [280.0, 13.387518050033918]], [[200.0, 379.987641633697], [200.0, 479.987641633697], [20.0, 479.987641633697], [20.0, 379.987641633697], [200.0, 379.987641633697]], [[386.6124819499661, 0.0], [666.6124819499661, 0.0], [666.6124819499661, 280.0], [386.6124819499661, 0.0]], [[200.0, 760.0], [0.0, 760.0], [0.0, 560.0], [200.0, 480.0], [200.0, 760.0]], [[453.477582540894, 759.9999999999999], [293.477582540894, 679.9999999999999], [453.477582540894, 599.9999999999999], [453.477582540894, 759.9999999999999]], [[199.99999999999983, 734.5285898155214], [199.99999999999983, 454.5285898155214], [439.99999999999983, 594.5285898155214], [199.99999999999983, 734.5285898155214]]]"
Sun Jul 19 03:38:25 2020,2,1,True,673.2786067694658,0.8466034629185405,"[0, 0, 1, 1, 1, 0, 3, 0, 1, 0, 1, 3]","[[[200.0, 0.0], [400.0, 0.0], [400.0, 200.0], [200.0, 200.0], [200.0, 0.0]], [[0.0, 279.98764163369697], [200.0, 279.98764163369697], [200.0, 479.98764163369697], [0.0, 479.98764163369697], [0.0, 279.98764163369697]], [[189.94003800791552, 0.0], [189.94003800791552, 280.0], [9.940038007915518, 280.0], [9.940038007915518, 0.0], [189.94003800791552, 0.0]], [[367.24689681914174, 297.52266407142577], [367.24689681914174, 577.5226640714258], [227.24689681914174, 437.52266407142577], [367.24689681914174, 297.52266407142577]], [[199.94003800791552, 200.0], [379.9400380079155, 200.0], [199.94003800791552, 480.0], [199.94003800791552, 200.0]], [[367.24689681914174, 280.0], [647.2468968191417, 280.0], [647.2468968191417, 560.0], [367.24689681914174, 560.0], [367.24689681914174, 280.0]], [[383.94303932544625, 760.0], [463.94303932544625, 560.0], [563.9430393254463, 560.0], [563.9430393254463, 760.0], [383.94303932544625, 760.0]], [[563.8440194682762, 560.0], [663.8440194682762, 560.0], [663.8440194682762, 740.0], [563.8440194682762, 740.0], [563.8440194682762, 560.0]], [[639.9479826719675, 0.0], [639.9479826719675, 280.0], [359.94798267196745, 280.0], [639.9479826719675, 0.0]], [[0.0, 480.0], [200.0, 480.0], [200.0, 680.0], [0.0, 760.0], [0.0, 480.0]], [[399.94798267196745, 0.0], [559.9479826719675, 80.0], [399.94798267196745, 160.0], [399.94798267196745, 0.0]], [[199.94798267196745, 759.987641633697], [199.94798267196745, 479.98764163369697], [439.94798267196745, 619.987641633697], [199.94798267196745, 759.987641633697]]]"
Sun Jul 19 03:39:26 2020,2,5,True,680.0113928371604,0.8382212504143964,"[0, 0, 1, 3, 2, 0, 3, 1, 1, 0, 1, 3]","[[[480.01139283716043, 560.0], [680.0113928371604, 560.0], [680.0113928371604, 760.0], [480.01139283716043, 760.0], [480.01139283716043, 560.0]], [[0.0, 560.0], [200.0, 560.0], [200.0, 760.0], [0.0, 760.0], [0.0, 560.0]], [[360.0, 280.0], [360.0, 560.0], [180.0, 560.0], [180.0, 280.0], [360.0, 280.0]], [[480.0, 280.0], [480.0, 0.0], [620.0, 140.0], [480.0, 280.0]], [[677.7497176418086, 359.98860716283957], [677.7497176418086, 539.9886071628396], [397.7497176418086, 359.98860716283957], [677.7497176418086, 359.98860716283957]], [[200.0, 0.0], [480.0, 0.0], [480.0, 280.0], [200.0, 280.0], [200.0, 0.0]], [[0.0, 448.0], [80.0, 248.0], [180.0, 248.0], [180.0, 448.0], [0.0, 448.0]], [[180.0, 453.9360627681434], [180.0, 553.9360627681434], [0.0, 553.9360627681434], [0.0, 453.9360627681434], [180.0, 453.9360627681434]], [[680.0113928371604, 79.98860716283957], [680.0113928371604, 359.98860716283957], [400.01139283716043, 359.98860716283957], [680.0113928371604, 79.98860716283957]], [[0.0, 0.0], [200.0, 0.0], [200.0, 200.0], [0.0, 280.0], [0.0, 0.0]], [[200.0, 600.0], [360.0, 680.0], [200.0, 760.0], [200.0, 600.0]], [[360.0, 630.0066458216769], [360.0, 350.0066458216769], [600.0, 490.0066458216769], [360.0, 630.0066458216769]]]"
Sun Jul 19 03:39:40 2020,2,1,True,686.811506765532,0.8299220301132638,"[0, 0, 1, 2, 2, 0, 0, 1, 0, 1, 3, 3]","[[[480.0, 0.0], [680.0, 0.0], [680.0, 200.0], [480.0, 200.0], [480.0, 0.0]], [[0.0, 60.0], [200.0, 60.0], [200.0, 260.0], [0.0, 260.0], [0.0, 60.0]], [[678.9473684210526, 478.9473684210526], [678.9473684210526, 758.9473684210526], [498.9473684210526, 758.9473684210526], [498.9473684210526, 478.9473684210526], [678.9473684210526, 478.9473684210526]], [[500.0, 760.0], [220.0, 760.0], [360.0, 620.0], [500.0, 760.0]], [[686.811506765532, 295.8073972064137], [686.811506765532, 475.8073972064137], [406.81150676553204, 295.8073972064137], [686.811506765532, 295.8073972064137]], [[200.0, 0.0], [480.0, 0.0], [480.0, 280.0], [200.0, 280.0], [200.0, 0.0]], [[0.0, 320.0], [200.0, 400.0], [200.0, 500.0], [0.0, 500.0], [0.0, 320.0]], [[660.0, 195.80739720641373], [660.0, 295.8073972064137], [480.0, 295.8073972064137], [480.0, 195.80739720641373], [660.0, 195.80739720641373]], [[80.0, 280.0], [360.0, 280.0], [360.0, 560.0], [80.0, 280.0]], [[280.0, 500.0], [280.0, 700.0], [80.0, 700.0], [0.0, 500.0], [280.0, 500.0]], [[460.0, 670.0], [300.0, 590.0], [460.0, 510.0], [460.0, 670.0]], [[359.99999999999983, 560.0000000000001], [359.99999999999983, 280.0000000000001], [599.9999999999998, 420.0000000000001], [359.99999999999983, 560.0000000000001]]]"
Sun Jul 19 03:39:48 2020,2,1,True,693.6796218331874,0.8217049803101621,"[0, 0, 1, 0, 2, 0, 0, 0, 1, 2, 1, 3]","[[[0.0, 0.0], [200.0, 0.0], [200.0, 200.0], [0.0, 200.0], [0.0, 0.0]], [[0.0, 200.0], [200.0, 200.0], [200.0, 400.0], [0.0, 400.0], [0.0, 200.0]], [[379.55936432994054, 279.77968216497015], [379.55936432994054, 559.7796821649702], [199.55936432994054, 559.7796821649702], [199.55936432994054, 279.77968216497015], [379.55936432994054, 279.77968216497015]], [[299.55936432994054, 573.7848151587173], [579.5593643299405, 573.7848151587173], [439.55936432994054, 713.7848151587173], [299.55936432994054, 573.7848151587173]], [[659.3390464949107, 279.6380492710224], [659.3390464949107, 459.6380492710224], [379.3390464949107, 279.6380492710224], [659.3390464949107, 279.6380492710224]], [[200.0, 0.0], [480.0, 0.0], [480.0, 280.0], [200.0, 280.0], [200.0, 0.0]], [[480.0, 0.0], [680.0, 80.0], [680.0, 180.0], [480.0, 180.0], [480.0, 0.0]], [[199.55936432994054, 559.7796821649702], [299.55936432994054, 559.7796821649702], [299.55936432994054, 739.7796821649702], [199.55936432994054, 739.7796821649702], [199.55936432994054, 559.7796821649702]], [[673.3441794886578, 480.0], [673.3441794886578, 760.0], [393.3441794886578, 760.0], [673.3441794886578, 480.0]], [[200.0, 760.0], [0.0, 760.0], [0.0, 560.0], [200.0, 480.0], [200.0, 760.0]], [[0.0, 400.0], [160.0, 480.0], [0.0, 560.0], [0.0, 400.0]], [[379.55936432994054, 573.7848151587173], [379.55936432994054, 293.78481515871727], [619.5593643299405, 433.78481515871727], [379.55936432994054, 573.7848151587173]]]"
Sun Jul 19 03:39:49 2020,2,0,True,665.9324369598598,0.8559426878230857,"[0, 0, 1, 0, 2, 0, 1, 0, 1, 2, 1, 3]","[[[0.0, 0.0], [200.0, 0.0], [200.0, 200.0], [0.0, 200.0], [0.0, 0.0]], [[0.0, 200.0], [200.0, 200.0], [200.0, 400.0], [0.0, 400.0], [0.0, 200.0]], [[379.55936432994054, 279.77968216497015], [379.55936432994054, 559.7796821649702], [199.55936432994054, 559.7796821649702], [199.55936432994054, 279.77968216497015], [379.55936432994054, 279.77968216497015]], [[292.1476218011426, 573.7848151587173], [572.1476218011426, 573.7848151587173], [432.1476218011426, 713.7848151587173], [292.1476218011426, 573.7848151587173]], [[660.3385407497136, 280.0], [660.3385407497136, 460.0], [380.3385407497136, 280.0], [660.3385407497136, 280.0]], [[200.0, 0.0], [480.0, 0.0], [480.0, 280.0], [200.0, 280.0], [200.0, 0.0]], [[660.0, 0.0], [580.0, 200.0], [480.0, 200.0], [480.0, 0.0], [660.0, 0.0]], [[198.3628066424253, 580.0], [298.3628066424253, 580.0], [298.3628066424253, 760.0], [198.3628066424253, 760.0], [198.3628066424253, 580.0]], [[665.9324369598598, 480.0], [665.9324369598598, 760.0], [385.93243695985984, 760.0], [665.9324369598598, 480.0]], [[200.0, 760.0], [0.0, 760.0], [0.0, 560.0], [200.0, 480.0], [200.0, 760.0]], [[0.0, 400.0], [160.0, 480.0], [0.0, 560.0], [0.0, 400.0]], [[379.55936432994054, 573.7848151587173], [379.55936432994054, 293.78481515871727], [619.5593643299405, 433.78481515871727], [379.55936432994054, 573.7848151587173]]]"
Sun Jul 19 03:40:13 2020,2,1,True,672.5917613294584,0.8474680077456294,"[0, 0, 0, 1, 1, 0, 1, 0, 0, 0, 2, 2]","[[[0.0, 360.0], [200.0, 360.0], [200.0, 560.0], [0.0, 560.0], [0.0, 360.0]], [[439.2951394814654, 560.0], [639.2951394814654, 560.0], [639.2951394814654, 760.0], [439.2951394814654, 760.0], [439.2951394814654, 560.0]], [[0.0, 0.0], [280.0, 0.0], [280.0, 180.0], [0.0, 180.0], [0.0, 0.0]], [[666.7949851570618, 86.79498515706155], [666.7949851570618, 366.79498515706155], [526.7949851570618, 226.79498515706155], [666.7949851570618, 86.79498515706155]], [[492.59176132945845, 0.0], [672.5917613294584, 0.0], [492.59176132945845, 280.0], [492.59176132945845, 0.0]], [[292.59176132945845, 280.0], [572.5917613294584, 280.0], [572.5917613294584, 560.0], [292.59176132945845, 560.0], [292.59176132945845, 280.0]], [[180.0, 560.0], [100.0, 760.0], [0.0, 760.0], [0.0, 560.0], [180.0, 560.0]], [[572.5917613294584, 371.3043478260869], [672.5917613294584, 371.3043478260869], [672.5917613294584, 551.3043478260869], [572.5917613294584, 551.3043478260869], [572.5917613294584, 371.3043478260869]], [[12.59176132945845, 180.0], [292.59176132945845, 180.0], [292.59176132945845, 460.0], [12.59176132945845, 180.0]], [[292.59176132945845, 0.0], [492.59176132945845, 0.0], [492.59176132945845, 200.0], [292.59176132945845, 280.0], [292.59176132945845, 0.0]], [[438.4655294483435, 563.0837647685888], [358.4655294483435, 723.0837647685888], [278.4655294483435, 563.0837647685888], [438.4655294483435, 563.0837647685888]], [[380.0, 760.0], [100.0, 760.0], [240.0, 520.0], [380.0, 760.0]]]"
Sun Jul 19 03:40:25 2020,2,1,True,679.317678942753,0.8390772353917123,"[0, 0, 1, 1, 2, 0, 1, 0, 3, 3, 2, 3]","[[[280.0, 560.0], [480.0, 560.0], [480.0, 760.0], [280.0, 760.0], [280.0, 560.0]], [[180.0, 9.200513008105673], [380.0, 9.200513008105673], [380.0, 209.20051300810567], [180.0, 209.20051300810567], [180.0, 9.200513008105673]], [[180.0, 0.0], [180.0, 280.0], [0.0, 280.0], [0.0, 0.0], [180.0, 0.0]], [[382.6287180023159, 246.5717950057898], [382.6287180023159, 526.5717950057898], [242.6287180023159, 386.5717950057898], [382.6287180023159, 246.5717950057898]], [[679.317678942753, 0.0], [679.317678942753, 180.0], [399.317678942753, 0.0], [679.317678942753, 0.0]], [[388.72659778224227, 280.0], [668.7265977822423, 280.0], [668.7265977822423, 560.0], [388.72659778224227, 560.0], [388.72659778224227, 280.0]], [[660.0, 560.0], [580.0, 760.0], [480.0, 760.0], [480.0, 560.0], [660.0, 560.0]], [[180.0, 580.0], [280.0, 580.0], [280.0, 760.0], [180.0, 760.0], [180.0, 580.0]], [[0.0, 760.0], [0.0, 480.0], [280.0, 480.0], [0.0, 760.0]], [[0.0, 480.0], [0.0, 280.0], [200.0, 280.0], [280.0, 480.0], [0.0, 480.0]], [[340.0, 209.20051300810564], [260.0, 369.20051300810564], [180.0, 209.20051300810564], [340.0, 209.20051300810564]], [[382.6287180023159, 283.5570965382904], [382.6287180023159, 3.557096538290409], [622.628718002316, 143.5570965382904], [382.6287180023159, 283.5570965382904]]]"
Sun Jul 19 03:40:41 2020,2,1,True,686.1108557321805,0.8307695399917944,"[0, 0, 1, 1, 1, 0, 3, 0, 2, 3, 0, 0]","[[[200.0, 560.0], [400.0, 560.0], [400.0, 760.0], [200.0, 760.0], [200.0, 560.0]], [[0.0, 560.0], [200.0, 560.0], [200.0, 760.0], [0.0, 760.0], [0.0, 560.0]], [[457.40971167979234, 0.0], [457.40971167979234, 280.0], [277.40971167979234, 280.0], [277.40971167979234, 0.0], [457.40971167979234, 0.0]], [[380.8308662507834, 280.0], [380.8308662507834, 560.0], [240.8308662507834, 420.0], [380.8308662507834, 280.0]], [[457.40971167979234, 0.0], [637.4097116797923, 0.0], [457.40971167979234, 280.0], [457.40971167979234, 0.0]], [[380.8308662507834, 280.0], [660.8308662507834, 280.0], [660.8308662507834, 560.0], [380.8308662507834, 560.0], [380.8308662507834, 280.0]], [[506.11085573218054, 280.0], [586.1108557321805, 80.0], [686.1108557321805, 80.0], [686.1108557321805, 280.0], [506.11085573218054, 280.0]], [[177.40971167979234, 25.26473989474954], [277.40971167979234, 25.26473989474954], [277.40971167979234, 205.26473989474954], [177.40971167979234, 205.26473989474954], [177.40971167979234, 25.26473989474954]], [[280.0, 307.8550282149572], [0.0, 307.8550282149572], [0.0, 27.8550282149572], [280.0, 307.8550282149572]], [[400.0, 760.0], [400.0, 560.0], [600.0, 560.0], [680.0, 760.0], [400.0, 760.0]], [[0.0, 560.0], [80.0, 400.0], [160.0, 560.0], [0.0, 560.0]], [[26.248766458725015, 307.8550282149572], [306.248766458725, 307.8550282149572], [166.24876645872502, 547.8550282149572], [26.248766458725015, 307.8550282149572]]]"
Sun Jul 19 03:40:54 2020,2,1,True,692.9719642895024,0.8225440990017765,"[0, 0, 0, 3, 3, 0, 1, 0, 0, 0, 1, 1]","[[[0.0, 560.0], [200.0, 560.0], [200.0, 760.0], [0.0, 760.0], [0.0, 560.0]], [[0.0, 360.0], [200.0, 360.0], [200.0, 560.0], [0.0, 560.0], [0.0, 360.0]], [[278.6664215028933, 560.0], [558.6664215028933, 560.0], [558.6664215028933, 740.0], [278.6664215028933, 740.0], [278.6664215028933, 560.0]], [[200.24591032554872, 280.0], [200.24591032554872, 0.0], [340.2459103255487, 140.0], [200.24591032554872, 280.0]], [[200.24591032554872, 325.39549576847537], [20.24591032554872, 325.39549576847537], [200.24591032554872, 45.39549576847537], [200.24591032554872, 325.39549576847537]], [[412.97196428950235, 280.0], [692.9719642895024, 280.0], [692.9719642895024, 560.0], [412.97196428950235, 560.0], [412.97196428950235, 280.0]], [[180.0, 1.3335784971067142], [100.0, 201.3335784971067], [0.0, 201.3335784971067], [0.0, 1.3335784971067142], [180.0, 1.3335784971067142]], [[558.6664215028933, 560.0], [658.6664215028933, 560.0], [658.6664215028933, 740.0], [558.6664215028933, 740.0], [558.6664215028933, 560.0]], [[211.66666666666663, 0.0], [491.66666666666663, 0.0], [491.66666666666663, 280.0], [211.66666666666663, 0.0]], [[491.66666666666663, 0.0], [691.6666666666666, 0.0], [691.6666666666666, 200.0], [491.66666666666663, 280.0], [491.66666666666663, 0.0]], [[200.0, 373.33333333333337], [360.0, 453.33333333333337], [200.0, 533.3333333333334], [200.0, 373.33333333333337]], [[412.97196428950235, 201.30529762283572], [412.97196428950235, 481.3052976228357], [172.97196428950235, 341.3052976228357], [412.97196428950235, 201.30529762283572]]]"
Sun Jul 19 03:41:05 2020,2,1,True,699.9016839323974,0.8144000980215609,"[0, 0, 0, 2, 3, 0, 1, 0, 0, 0, 1, 1]","[[[465.2530857179222, 80.0], [665.2530857179222, 80.0], [665.2530857179222, 280.0], [465.2530857179222, 280.0], [465.2530857179222, 80.0]], [[0.0, 347.38408888323215], [200.0, 347.38408888323215], [200.0, 547.3840888832322], [0.0, 547.3840888832322], [0.0, 347.38408888323215]], [[385.2530857179222, 560.0], [665.2530857179222, 560.0], [665.2530857179222, 740.0], [385.2530857179222, 740.0], [385.2530857179222, 560.0]], [[347.38408888323215, 760.0], [67.38408888323215, 760.0], [207.38408888323215, 620.0], [347.38408888323215, 760.0]], [[185.25308571792218, 347.38408888323215], [5.2530857179221755, 347.38408888323215], [185.25308571792218, 67.38408888323215], [185.25308571792218, 347.38408888323215]], [[400.0, 280.0], [680.0, 280.0], [680.0, 560.0], [400.0, 560.0], [400.0, 280.0]], [[180.0, 0.0], [100.0, 200.0], [0.0, 200.0], [0.0, 0.0], [180.0, 0.0]], [[0.0, 547.3840888832322], [100.0, 547.3840888832322], [100.0, 727.3840888832322], [0.0, 727.3840888832322], [0.0, 547.3840888832322]], [[185.2530857179222, 0.0], [465.2530857179222, 0.0], [465.2530857179222, 280.0], [185.2530857179222, 0.0]], [[200.0, 232.6265428589611], [400.0, 232.6265428589611], [400.0, 432.6265428589611], [200.0, 512.6265428589611], [200.0, 232.6265428589611]], [[185.2530857179222, 80.0], [345.2530857179222, 160.0], [185.2530857179222, 240.0], [185.2530857179222, 80.0]], [[385.2530857179222, 443.7569148202358], [385.2530857179222, 723.7569148202358], [145.2530857179222, 583.7569148202358], [385.2530857179222, 443.7569148202358]]]"
Sun Jul 19 03:41:09 2020,2,1,True,706.9007007717214,0.8063367307144167,"[0, 0, 0, 2, 0, 0, 1, 0, 0, 0, 0, 1]","[[[0.0, 347.38408888323215], [200.0, 347.38408888323215], [200.0, 547.3840888832322], [0.0, 547.3840888832322], [0.0, 347.38408888323215]], [[506.9007007717214, 80.0], [706.9007007717214, 80.0], [706.9007007717214, 280.0], [506.9007007717214, 280.0], [506.9007007717214, 80.0]], [[385.2530857179222, 560.0], [665.2530857179222, 560.0], [665.2530857179222, 740.0], [385.2530857179222, 740.0], [385.2530857179222, 560.0]], [[393.40020022049185, 166.4994994487704], [113.40020022049185, 166.4994994487704], [253.40020022049185, 26.499499448770393], [393.40020022049185, 166.4994994487704]], [[100.0, 734.665645430143], [100.0, 554.665645430143], [380.0, 734.665645430143], [100.0, 734.665645430143]], [[411.42857142857133, 280.0], [691.4285714285713, 280.0], [691.4285714285713, 560.0], [411.42857142857133, 560.0], [411.42857142857133, 280.0]], [[180.0, 0.0], [100.0, 200.0], [0.0, 200.0], [0.0, 0.0], [180.0, 0.0]], [[0.0, 547.3840888832322], [100.0, 547.3840888832322], [100.0, 727.3840888832322], [0.0, 727.3840888832322], [0.0, 547.3840888832322]], [[226.9007007717214, 0.0], [506.9007007717214, 0.0], [506.9007007717214, 280.0], [226.9007007717214, 0.0]], [[200.0, 173.0992992282786], [400.0, 173.0992992282786], [400.0, 373.0992992282786], [200.0, 453.0992992282786], [200.0, 173.0992992282786]], [[26.307955558383924, 347.38408888323215], [106.30795555838392, 187.38408888323215], [186.30795555838392, 347.38408888323215], [26.307955558383924, 347.38408888323215]], [[381.6344587384417, 441.43065461914125], [381.6344587384417, 721.4306546191413], [141.6344587384417, 581.4306546191413], [381.6344587384417, 441.43065461914125]]]"
Sun Jul 19 03:41:10 2020,2,0,True,678.6246727408525,0.8399340944941842,"[0, 0, 0, 2, 0, 0, 1, 0, 0, 0, 0, 1]","[[[0.0, 347.38408888323215], [200.0, 347.38408888323215], [200.0, 547.3840888832322], [0.0, 547.3840888832322], [0.0, 347.38408888323215]], [[478.6246727408525, 80.0], [678.6246727408525, 80.0], [678.6246727408525, 280.0], [478.6246727408525, 280.0], [478.6246727408525, 80.0]], [[385.2530857179222, 560.0], [665.2530857179222, 560.0], [665.2530857179222, 740.0], [385.2530857179222, 740.0], [385.2530857179222, 560.0]], [[385.0463644467071, 187.38408888323215], [105.04636444670712, 187.38408888323215], [245.04636444670712, 47.38408888323215], [385.0463644467071, 187.38408888323215]], [[100.0, 734.665645430143], [100.0, 554.665645430143], [380.0, 734.665645430143], [100.0, 734.665645430143]], [[398.6246727408525, 280.0], [678.6246727408525, 280.0], [678.6246727408525, 560.0], [398.6246727408525, 560.0], [398.6246727408525, 280.0]], [[180.0, 0.0], [100.0, 200.0], [0.0, 200.0], [0.0, 0.0], [180.0, 0.0]], [[0.0, 547.3840888832322], [100.0, 547.3840888832322], [100.0, 727.3840888832322], [0.0, 727.3840888832322], [0.0, 547.3840888832322]], [[198.62467274085247, 0.0], [478.6246727408525, 0.0], [478.6246727408525, 280.0], [198.62467274085247, 0.0]], [[200.0, 201.37532725914753], [400.0, 201.37532725914753], [400.0, 401.3753272591475], [200.0, 481.3753272591475], [200.0, 201.37532725914753]], [[26.307955558383924, 347.38408888323215], [106.30795555838392, 187.38408888323215], [186.30795555838392, 347.38408888323215], [26.307955558383924, 347.38408888323215]], [[381.6344587384417, 441.43065461914125], [381.6344587384417, 721.4306546191413], [141.6344587384417, 581.4306546191413], [381.6344587384417, 441.43065461914125]]]"
Sun Jul 19 03:41:19 2020,2,1,True,685.410919468261,0.8316179153407764,"[0, 0, 1, 2, 2, 0, 0, 0, 3, 2, 0, 3]","[[[0.0, 560.0], [200.0, 560.0], [200.0, 760.0], [0.0, 760.0], [0.0, 560.0]], [[0.0, 360.0], [200.0, 360.0], [200.0, 560.0], [0.0, 560.0], [0.0, 360.0]], [[685.410919468261, 480.0], [685.410919468261, 760.0], [505.410919468261, 760.0], [505.410919468261, 480.0], [685.410919468261, 480.0]], [[385.4109194682608, 280.00000000000006], [105.41091946826077, 280.00000000000006], [245.41091946826077, 140.00000000000006], [385.4109194682608, 280.00000000000006]], [[403.16050910316744, 280.0], [403.16050910316744, 460.0], [123.16050910316744, 280.0], [403.16050910316744, 280.0]], [[403.16050910316744, 180.0], [683.1605091031674, 180.0], [683.1605091031674, 460.0], [403.16050910316744, 460.0], [403.16050910316744, 180.0]], [[445.4109194682608, 0.0], [645.4109194682608, 80.0], [645.4109194682608, 180.0], [445.4109194682608, 180.0], [445.4109194682608, 0.0]], [[0.0, 99.99999999999994], [100.0, 99.99999999999994], [100.0, 279.99999999999994], [0.0, 279.99999999999994], [0.0, 99.99999999999994]], [[105.41091946826086, 280.0], [105.41091946826086, 0.0], [385.4109194682609, 0.0], [105.41091946826086, 280.0]], [[505.410919468261, 760.0], [305.410919468261, 760.0], [305.410919468261, 560.0], [505.410919468261, 480.0], [505.410919468261, 760.0]], [[285.4109194682608, 180.00000000000006], [365.4109194682608, 20.000000000000057], [445.4109194682608, 180.00000000000006], [285.4109194682608, 180.00000000000006]], [[200.0, 621.4897030231523], [200.0, 341.4897030231523], [440.0, 481.4897030231523], [200.0, 621.4897030231523]]]"
Sun Jul 19 03:41:33 2020,2,1,True,692.2650286629436,0.8233840745948281,"[0, 0, 1, 2, 1, 0, 3, 1, 1, 3, 2, 0]","[[[0.0, 280.0], [200.0, 280.0], [200.0, 480.0], [0.0, 480.0], [0.0, 280.0]], [[460.0, 460.0], [660.0, 460.0], [660.0, 660.0], [460.0, 660.0], [460.0, 460.0]], [[460.0, 474.35892926550923], [460.0, 754.3589292655092], [280.0, 754.3589292655092], [280.0, 474.35892926550923], [460.0, 474.35892926550923]], [[655.0, 180.0], [375.0, 180.0], [515.0, 40.0], [655.0, 180.0]], [[0.0, 480.0], [180.0, 480.0], [0.0, 760.0], [0.0, 480.0]], [[412.26502866294356, 180.0], [692.2650286629436, 180.0], [692.2650286629436, 460.0], [412.26502866294356, 460.0], [412.26502866294356, 180.0]], [[232.26502866294356, 440.0], [312.26502866294356, 240.0], [412.26502866294356, 240.0], [412.26502866294356, 440.0], [232.26502866294356, 440.0]], [[640.0, 660.0], [640.0, 760.0], [460.0, 760.0], [460.0, 660.0], [640.0, 660.0]], [[280.0, 480.0], [280.0, 760.0], [0.0, 760.0], [280.0, 480.0]], [[0.0, 200.0], [0.0, 0.0], [200.0, 0.0], [280.0, 200.0], [0.0, 200.0]], [[325.0657846646619, 214.39848799656335], [245.0657846646619, 374.39848799656335], [165.0657846646619, 214.39848799656335], [325.0657846646619, 214.39848799656335]], [[200.0, 0.0], [480.0, 0.0], [340.0, 240.0], [200.0, 0.0]]]"
Sun Jul 19 03:41:33 2020,2,0,True,664.5744275164258,0.8576917443696128,"[0, 0, 1, 2, 1, 0, 3, 1, 1, 3, 2, 0]","[[[0.0, 280.0], [200.0, 280.0], [200.0, 480.0], [0.0, 480.0], [0.0, 280.0]], [[460.0, 460.0], [660.0, 460.0], [660.0, 660.0], [460.0, 660.0], [460.0, 460.0]], [[460.0, 474.35892926550923], [460.0, 754.3589292655092], [280.0, 754.3589292655092], [280.0, 474.35892926550923], [460.0, 474.35892926550923]], [[655.0, 180.0], [375.0, 180.0], [515.0, 40.0], [655.0, 180.0]], [[0.0, 480.0], [180.0, 480.0], [0.0, 760.0], [0.0, 480.0]], [[384.57442751642577, 180.0], [664.5744275164258, 180.0], [664.5744275164258, 460.0], [384.57442751642577, 460.0], [384.57442751642577, 180.0]], [[204.57442751642577, 474.35892926550923], [284.57442751642577, 274.35892926550923], [384.57442751642577, 274.35892926550923], [384.57442751642577, 474.35892926550923], [204.57442751642577, 474.35892926550923]], [[640.0, 660.0], [640.0, 760.0], [460.0, 760.0], [460.0, 660.0], [640.0, 660.0]], [[280.0, 480.0], [280.0, 760.0], [0.0, 760.0], [280.0, 480.0]], [[0.0, 200.0], [0.0, 0.0], [200.0, 0.0], [280.0, 200.0], [0.0, 200.0]], [[316.66666666666663, 200.0], [236.66666666666666, 360.0], [156.66666666666666, 200.0], [316.66666666666663, 200.0]], [[200.00000000000006, 0.0], [480.00000000000006, 0.0], [340.00000000000006, 240.0], [200.00000000000006, 0.0]]]"
Sun Jul 19 03:42:18 2020,2,3,True,671.22017179159,0.8491997469006067,"[0, 0, 0, 1, 3, 0, 1, 0, 3, 3, 1, 0]","[[[460.0, 180.0], [660.0, 180.0], [660.0, 380.0], [460.0, 380.0], [460.0, 180.0]], [[0.0, 560.0], [200.0, 560.0], [200.0, 760.0], [0.0, 760.0], [0.0, 560.0]], [[337.6190476190477, 380.0], [617.6190476190477, 380.0], [617.6190476190477, 560.0], [337.6190476190477, 560.0], [337.6190476190477, 380.0]], [[460.0, 100.0], [460.0, 380.0], [320.0, 240.0], [460.0, 100.0]], [[337.6190476190477, 560.0], [157.6190476190477, 560.0], [337.6190476190477, 280.0], [337.6190476190477, 560.0]], [[0.0, 0.0], [280.0, 0.0], [280.0, 280.0], [0.0, 280.0], [0.0, 0.0]], [[660.0, 560.0], [580.0, 760.0], [480.0, 760.0], [480.0, 560.0], [660.0, 560.0]], [[560.0, 0.0], [660.0, 0.0], [660.0, 180.0], [560.0, 180.0], [560.0, 0.0]], [[280.0, 280.0], [280.0, 0.0], [560.0, 0.0], [280.0, 280.0]], [[200.0, 760.0], [200.0, 560.0], [400.0, 560.0], [480.0, 760.0], [200.0, 760.0]], [[0.0, 400.0], [160.0, 480.0], [0.0, 560.0], [0.0, 400.0]], [[43.33333333333334, 280.0], [323.33333333333337, 280.0], [183.33333333333334, 520.0], [43.33333333333334, 280.0]]]"
Sun Jul 19 03:43:11 2020,2,5,True,677.932373509506,0.840791828614462,"[0, 0, 1, 0, 0, 0, 0, 1, 3, 2, 3, 1]","[[[0.0, 379.9999999999999], [200.0, 379.9999999999999], [200.0, 579.9999999999999], [0.0, 579.9999999999999], [0.0, 379.9999999999999]], [[477.93237350950596, 280.0], [677.932373509506, 280.0], [677.932373509506, 480.0], [477.93237350950596, 480.0], [477.93237350950596, 280.0]], [[677.932373509506, 480.0], [677.932373509506, 760.0], [497.93237350950596, 760.0], [497.93237350950596, 480.0], [677.932373509506, 480.0]], [[232.46338647479433, 0.0], [512.4633864747943, 0.0], [372.46338647479433, 140.0], [232.46338647479433, 0.0]], [[0.0, 759.9999999999999], [0.0, 579.9999999999999], [280.0, 759.9999999999999], [0.0, 759.9999999999999]], [[200.0, 428.57142857142856], [480.0, 428.57142857142856], [480.0, 708.5714285714286], [200.0, 708.5714285714286], [200.0, 428.57142857142856]], [[226.66666666666663, 248.57142857142856], [426.66666666666663, 328.57142857142856], [426.66666666666663, 428.57142857142856], [226.66666666666663, 428.57142857142856], [226.66666666666663, 248.57142857142856]], [[232.46338647479433, 0.0], [232.46338647479433, 100.0], [52.46338647479433, 100.0], [52.46338647479433, 0.0], [232.46338647479433, 0.0]], [[0.0, 379.9999999999999], [0.0, 99.99999999999989], [280.0, 99.99999999999989], [0.0, 379.9999999999999]], [[677.932373509506, 280.0], [477.93237350950596, 280.0], [477.93237350950596, 80.0], [677.932373509506, 0.0], [677.932373509506, 280.0]], [[226.66666666666666, 393.33333333333326], [66.66666666666666, 313.33333333333326], [226.66666666666666, 233.33333333333326], [226.66666666666666, 393.33333333333326]], [[477.93237350950596, 78.4764242297515], [477.93237350950596, 358.4764242297515], [237.93237350950596, 218.4764242297515], [477.93237350950596, 78.4764242297515]]]"
Sun Jul 19 03:44:16 2020,2,5,True,684.711697244601,0.8324671570440217,"[0, 0, 1, 0, 2, 0, 0, 0, 2, 0, 2, 3]","[[[0.0, 0.0], [200.0, 0.0], [200.0, 200.0], [0.0, 200.0], [0.0, 0.0]], [[0.0, 200.0], [200.0, 200.0], [200.0, 400.0], [0.0, 400.0], [0.0, 200.0]], [[650.8150785691257, 480.0], [650.8150785691257, 760.0], [470.8150785691257, 760.0], [470.8150785691257, 480.0], [650.8150785691257, 480.0]], [[140.0, 620.0], [420.0, 620.0], [280.0, 760.0], [140.0, 620.0]], [[650.8150785691257, 280.0], [650.8150785691257, 460.0], [370.8150785691257, 280.0], [650.8150785691257, 280.0]], [[400.0, 0.0], [680.0, 0.0], [680.0, 280.0], [400.0, 280.0], [400.0, 0.0]], [[140.0, 440.0], [340.0, 520.0], [340.0, 620.0], [140.0, 620.0], [140.0, 440.0]], [[200.0, 280.0], [300.0, 280.0], [300.0, 460.0], [200.0, 460.0], [200.0, 280.0]], [[280.0, 760.0], [0.0, 760.0], [0.0, 480.0], [280.0, 760.0]], [[200.0, 0.0], [400.0, 0.0], [400.0, 200.0], [200.0, 280.0], [200.0, 0.0]], [[160.0, 400.0], [80.0, 560.0], [0.0, 400.0], [160.0, 400.0]], [[340.0, 554.4760209198478], [340.0, 274.47602091984777], [580.0, 414.47602091984777], [340.0, 554.4760209198478]]]"
Sun Jul 19 03:44:18 2020,2,0,True,657.323229354817,0.8671532885875226,"[0, 0, 1, 1, 2, 0, 2, 0, 2, 2, 2, 3]","[[[0.0, 0.0], [200.0, 0.0], [200.0, 200.0], [0.0, 200.0], [0.0, 0.0]], [[0.0, 200.0], [200.0, 200.0], [200.0, 400.0], [0.0, 400.0], [0.0, 200.0]], [[380.0, 0.0], [380.0, 280.0], [200.0, 280.0], [200.0, 0.0], [380.0, 0.0]], [[657.323229354817, 453.4918492143087], [657.323229354817, 733.4918492143087], [517.323229354817, 593.4918492143087], [657.323229354817, 453.4918492143087]], [[650.8150785691257, 280.0], [650.8150785691257, 460.0], [370.8150785691257, 280.0], [650.8150785691257, 280.0]], [[377.32322935481704, 0.0], [657.323229354817, 0.0], [657.323229354817, 280.0], [377.32322935481704, 280.0], [377.32322935481704, 0.0]], [[313.3333333333333, 673.3333333333333], [113.33333333333331, 593.3333333333333], [113.33333333333331, 493.33333333333326], [313.3333333333333, 493.33333333333326], [313.3333333333333, 673.3333333333333]], [[200.0, 280.0], [300.0, 280.0], [300.0, 460.0], [200.0, 460.0], [200.0, 280.0]], [[280.0, 760.0], [0.0, 760.0], [0.0, 480.0], [280.0, 760.0]], [[517.323229354817, 760.0], [317.32322935481704, 760.0], [317.32322935481704, 560.0], [517.323229354817, 480.0], [517.323229354817, 760.0]], [[160.0, 400.0], [80.0, 560.0], [0.0, 400.0], [160.0, 400.0]], [[313.3333333333333, 560.0], [313.3333333333333, 280.0], [553.3333333333333, 420.0], [313.3333333333333, 560.0]]]"
Sun Jul 19 03:44:52 2020,2,1,True,663.8964616483652,0.8585676124628937,"[0, 0, 0, 3, 3, 0, 1, 1, 0, 2, 1, 2]","[[[0.0, 560.0], [200.0, 560.0], [200.0, 760.0], [0.0, 760.0], [0.0, 560.0]], [[440.0, 314.3811821168222], [640.0, 314.3811821168222], [640.0, 514.3811821168222], [440.0, 514.3811821168222], [440.0, 314.3811821168222]], [[0.0, 0.0], [280.0, 0.0], [280.0, 180.0], [0.0, 180.0], [0.0, 0.0]], [[280.0, 280.0], [280.0, 0.0], [420.0, 140.0], [280.0, 280.0]], [[663.8964616483652, 760.0], [483.8964616483652, 760.0], [663.8964616483652, 480.0], [663.8964616483652, 760.0]], [[0.0, 180.0], [280.0, 180.0], [280.0, 460.0], [0.0, 460.0], [0.0, 180.0]], [[580.0, 534.9500514530123], [500.0, 734.9500514530123], [400.0, 734.9500514530123], [400.0, 534.9500514530123], [580.0, 534.9500514530123]], [[180.0, 460.0], [180.0, 560.0], [0.0, 560.0], [0.0, 460.0], [180.0, 460.0]], [[383.8964616483652, 0.0], [663.8964616483652, 0.0], [663.8964616483652, 280.0], [383.8964616483652, 0.0]], [[400.0, 760.0], [200.0, 760.0], [200.0, 560.0], [400.0, 480.0], [400.0, 760.0]], [[280.0, 295.2423602342286], [440.0, 375.2423602342286], [280.0, 455.2423602342286], [280.0, 295.2423602342286]], [[598.2776437651871, 314.3811821168222], [318.2776437651871, 314.3811821168222], [458.2776437651871, 74.38118211682217], [598.2776437651871, 314.3811821168222]]]"
Sun Jul 19 03:46:19 2020,2,5,True,670.5354262648489,0.850066943032568,"[0, 0, 1, 1, 3, 0, 0, 0, 3, 0, 3, 3]","[[[450.97977777489405, 29.020222225105954], [650.979777774894, 29.020222225105954], [650.979777774894, 229.02022222510595], [450.97977777489405, 229.02022222510595], [450.97977777489405, 29.020222225105954]], [[470.53542626484887, 280.0], [670.5354262648489, 280.0], [670.5354262648489, 480.0], [470.53542626484887, 480.0], [470.53542626484887, 280.0]], [[180.0, 480.0], [180.0, 760.0], [0.0, 760.0], [0.0, 480.0], [180.0, 480.0]], [[357.17115874452935, 122.82884125547065], [357.17115874452935, 402.82884125547065], [217.17115874452935, 262.82884125547065], [357.17115874452935, 122.82884125547065]], [[390.53542626484887, 760.0], [210.53542626484887, 760.0], [390.53542626484887, 480.0], [390.53542626484887, 760.0]], [[390.53542626484887, 480.0], [670.5354262648489, 480.0], [670.5354262648489, 760.0], [390.53542626484887, 760.0], [390.53542626484887, 480.0]], [[0.0, 300.0], [200.0, 380.0], [200.0, 480.0], [0.0, 480.0], [0.0, 300.0]], [[367.7849546924755, 229.02022222510595], [467.7849546924755, 229.02022222510595], [467.7849546924755, 409.02022222510595], [367.7849546924755, 409.02022222510595], [367.7849546924755, 229.02022222510595]], [[200.0, 280.0], [200.0, 0.0], [480.0, 0.0], [200.0, 280.0]], [[0.0, 0.0], [200.0, 0.0], [200.0, 200.0], [0.0, 280.0], [0.0, 0.0]], [[175.0, 370.0], [15.0, 290.0], [175.0, 210.0], [175.0, 370.0]], [[200.0, 591.1456653211619], [200.0, 311.1456653211619], [440.0, 451.1456653211619], [200.0, 591.1456653211619]]]"
Sun Jul 19 03:46:30 2020,2,1,True,677.2407805274973,0.841650438646107,"[0, 0, 1, 0, 1, 0, 1, 0, 2, 0, 0, 1]","[[[380.0, 0.0], [580.0, 0.0], [580.0, 200.0], [380.0, 200.0], [380.0, 0.0]], [[180.0, 0.0], [380.0, 0.0], [380.0, 200.0], [180.0, 200.0], [180.0, 0.0]], [[180.0, 200.0], [180.0, 480.0], [0.0, 480.0], [0.0, 200.0], [180.0, 200.0]], [[179.9999999999999, 199.9999999999999], [459.9999999999999, 199.9999999999999], [319.9999999999999, 339.9999999999999], [179.9999999999999, 199.9999999999999]], [[0.0, 479.9999999999999], [180.0, 479.9999999999999], [0.0, 759.9999999999999], [0.0, 479.9999999999999]], [[397.24078052749735, 480.0], [677.2407805274973, 480.0], [677.2407805274973, 760.0], [397.24078052749735, 760.0], [397.24078052749735, 480.0]], [[180.0, 0.0], [100.0, 200.0], [0.0, 200.0], [0.0, 0.0], [180.0, 0.0]], [[560.0, 300.0], [660.0, 300.0], [660.0, 480.0], [560.0, 480.0], [560.0, 300.0]], [[460.0, 479.9999999999999], [180.0, 479.9999999999999], [180.0, 199.9999999999999], [460.0, 479.9999999999999]], [[180.0, 479.9999999999999], [380.0, 479.9999999999999], [380.0, 679.9999999999999], [180.0, 759.9999999999999], [180.0, 479.9999999999999]], [[20.0, 759.9999999999999], [100.0, 599.9999999999999], [180.0, 759.9999999999999], [20.0, 759.9999999999999]], [[560.0, 199.9999999999999], [560.0, 479.9999999999999], [320.0, 339.9999999999999], [560.0, 199.9999999999999]]]"
Sun Jul 19 03:46:45 2020,2,1,True,684.0131883327723,0.8333172659862446,"[0, 0, 1, 1, 2, 0, 1, 1, 2, 0, 3, 3]","[[[50.0, 560.0], [250.0, 560.0], [250.0, 760.0], [50.0, 760.0], [50.0, 560.0]], [[0.0, 100.0], [200.0, 100.0], [200.0, 300.0], [0.0, 300.0], [0.0, 100.0]], [[639.5340310033671, 0.0], [639.5340310033671, 280.0], [459.5340310033671, 280.0], [459.5340310033671, 0.0], [639.5340310033671, 0.0]], [[390.0, 480.0], [390.0, 760.0], [250.0, 620.0], [390.0, 480.0]], [[459.5340310033671, 0.0], [459.5340310033671, 180.0], [179.5340310033671, 0.0], [459.5340310033671, 0.0]], [[390.0, 480.0], [670.0, 480.0], [670.0, 760.0], [390.0, 760.0], [390.0, 480.0]], [[379.5340310033671, 360.0], [299.5340310033671, 560.0], [199.5340310033671, 560.0], [199.5340310033671, 360.0], [379.5340310033671, 360.0]], [[180.0, 0.0], [180.0, 100.0], [0.0, 100.0], [0.0, 0.0], [180.0, 0.0]], [[659.5340310033671, 480.0], [379.5340310033671, 480.0], [379.5340310033671, 200.0], [659.5340310033671, 480.0]], [[0.0, 300.0], [200.0, 300.0], [200.0, 500.0], [0.0, 580.0], [0.0, 300.0]], [[679.5340310033671, 420.0], [519.5340310033671, 340.0], [679.5340310033671, 260.0], [679.5340310033671, 420.0]], [[200.0, 304.72818475196414], [200.0, 24.728184751964136], [440.0, 164.72818475196414], [200.0, 304.72818475196414]]]"
Sun Jul 19 03:46:56 2020,2,1,True,690.8533202161001,0.8250665999863805,"[0, 0, 1, 1, 2, 0, 0, 1, 1, 1, 1, 3]","[[[0.0, 490.8533202161001], [200.0, 490.8533202161001], [200.0, 690.8533202161001], [0.0, 690.8533202161001], [0.0, 490.8533202161001]], [[0.0, 99.99999999999977], [200.0, 99.99999999999977], [200.0, 299.9999999999998], [0.0, 299.9999999999998], [0.0, 99.99999999999977]], [[656.6526607994614, 0.0], [656.6526607994614, 280.0], [476.6526607994614, 280.0], [476.6526607994614, 0.0], [656.6526607994614, 0.0]], [[376.6526607994614, 116.65266079946139], [376.6526607994614, 396.6526607994614], [236.6526607994614, 256.6526607994614], [376.6526607994614, 116.65266079946139]], [[476.6526607994614, 0.0], [476.6526607994614, 180.0], [196.6526607994614, 0.0], [476.6526607994614, 0.0]], [[410.8533202161001, 480.0], [690.8533202161001, 480.0], [690.8533202161001, 760.0], [410.8533202161001, 760.0], [410.8533202161001, 480.0]], [[0.0, 299.9999999999998], [200.0, 379.9999999999998], [200.0, 479.9999999999998], [0.0, 479.9999999999998], [0.0, 299.9999999999998]], [[180.0, 0.0], [180.0, 100.0], [0.0, 100.0], [0.0, 0.0], [180.0, 0.0]], [[410.8533202161001, 480.0], [410.8533202161001, 760.0], [130.8533202161001, 760.0], [410.8533202161001, 480.0]], [[679.4503211543035, 280.0], [679.4503211543035, 480.0], [479.45032115430354, 480.0], [399.45032115430354, 280.0], [679.4503211543035, 280.0]], [[200.0, 25.009003771774587], [360.0, 105.00900377177459], [200.0, 185.0090037717746], [200.0, 25.009003771774587]], [[200.0, 573.6052753331087], [200.0, 293.6052753331087], [440.0, 433.6052753331087], [200.0, 573.6052753331087]]]"
Sun Jul 19 03:47:04 2020,2,1,True,697.7618534182611,0.8168976237488916,"[0, 0, 1, 1, 2, 0, 2, 0, 1, 1, 1, 3]","[[[0.0, 466.45280831638445], [200.0, 466.45280831638445], [200.0, 666.4528083163844], [0.0, 666.4528083163844], [0.0, 466.45280831638445]], [[0.0, 86.45280831638445], [200.0, 86.45280831638445], [200.0, 286.45280831638445], [0.0, 286.45280831638445], [0.0, 86.45280831638445]], [[682.3346613561787, 0.0], [682.3346613561787, 280.0], [502.3346613561787, 280.0], [502.3346613561787, 0.0], [682.3346613561787, 0.0]], [[402.33466135617874, 144.906411778787], [402.33466135617874, 424.906411778787], [262.33466135617874, 284.906411778787], [402.33466135617874, 144.906411778787]], [[345.5178537300686, 0.0], [345.5178537300686, 180.0], [65.51785373006862, 0.0], [345.5178537300686, 0.0]], [[383.21918740745605, 480.0], [663.219187407456, 480.0], [663.219187407456, 760.0], [383.21918740745605, 760.0], [383.21918740745605, 480.0]], [[200.0, 466.45280831638445], [0.0, 386.45280831638445], [0.0, 286.45280831638445], [200.0, 286.45280831638445], [200.0, 466.45280831638445]], [[402.33466135617874, 0.0], [502.33466135617874, 0.0], [502.33466135617874, 180.0], [402.33466135617874, 180.0], [402.33466135617874, 0.0]], [[383.21918740745605, 480.0], [383.21918740745605, 760.0], [103.21918740745605, 760.0], [383.21918740745605, 480.0]], [[682.3346613561787, 280.0], [682.3346613561787, 480.0], [482.3346613561787, 480.0], [402.3346613561787, 280.0], [682.3346613561787, 280.0]], [[200.0, 107.24107313496569], [360.0, 187.2410731349657], [200.0, 267.2410731349657], [200.0, 107.24107313496569]], [[200.0, 586.8778593210161], [200.0, 306.8778593210161], [440.0, 446.8778593210161], [200.0, 586.8778593210161]]]"
Sun Jul 19 03:47:07 2020,2,0,True,669.8513792815306,0.8509350247384289,"[0, 0, 1, 0, 3, 0, 0, 1, 1, 1, 2, 3]","[[[0.0, 386.45280831638456], [200.0, 386.45280831638456], [200.0, 586.4528083163846], [0.0, 586.4528083163846], [0.0, 386.45280831638456]], [[0.0, 6.452808316384562], [200.0, 6.452808316384562], [200.0, 206.45280831638456], [0.0, 206.45280831638456], [0.0, 6.452808316384562]], [[669.8513792815306, 0.0], [669.8513792815306, 280.0], [489.8513792815306, 280.0], [489.8513792815306, 0.0], [669.8513792815306, 0.0]], [[0.0, 586.4528083163846], [280.0, 586.4528083163846], [140.0, 726.4528083163846], [0.0, 586.4528083163846]], [[466.4043345407584, 280.0], [286.4043345407584, 280.0], [466.4043345407584, 0.0], [466.4043345407584, 280.0]], [[386.45280831638456, 480.0], [666.4528083163846, 480.0], [666.4528083163846, 760.0], [386.45280831638456, 760.0], [386.45280831638456, 480.0]], [[0.0, 206.45280831638456], [200.0, 286.45280831638456], [200.0, 386.45280831638456], [0.0, 386.45280831638456], [0.0, 206.45280831638456]], [[402.1186202550441, 0.0], [402.1186202550441, 100.0], [222.1186202550441, 100.0], [222.1186202550441, 0.0], [402.1186202550441, 0.0]], [[386.45280831638456, 480.0], [386.45280831638456, 760.0], [106.45280831638456, 760.0], [386.45280831638456, 480.0]], [[669.8513792815306, 280.0], [669.8513792815306, 480.0], [469.8513792815306, 480.0], [389.8513792815306, 280.0], [669.8513792815306, 280.0]], [[360.0, 100.0], [280.0, 260.0], [200.0, 100.0], [360.0, 100.0]], [[200.0, 545.3715517961734], [200.0, 265.37155179617343], [440.0, 405.37155179617343], [200.0, 545.3715517961734]]]"
Sun Jul 19 03:47:19 2020,2,1,True,676.549893074346,0.8425099254835929,"[0, 0, 1, 0, 0, 0, 2, 0, 1, 2, 1, 0]","[[[476.54989307434596, 352.9595086197635], [676.549893074346, 352.9595086197635], [676.549893074346, 552.9595086197635], [476.54989307434596, 552.9595086197635], [476.54989307434596, 352.9595086197635]], [[0.0, 328.6692461099292], [200.0, 328.6692461099292], [200.0, 528.6692461099292], [0.0, 528.6692461099292], [0.0, 328.6692461099292]], [[180.0, 0.0], [180.0, 280.0], [0.0, 280.0], [0.0, 0.0], [180.0, 0.0]], [[23.057324110269406, 540.0], [303.0573241102694, 540.0], [163.0573241102694, 680.0], [23.057324110269406, 540.0]], [[363.0573241102694, 760.0], [363.0573241102694, 580.0], [643.0573241102694, 760.0], [363.0573241102694, 760.0]], [[180.0, 0.0], [460.0, 0.0], [460.0, 280.0], [180.0, 280.0], [180.0, 0.0]], [[676.549893074346, 732.9595086197635], [476.54989307434596, 652.9595086197635], [476.54989307434596, 552.9595086197635], [676.549893074346, 552.9595086197635], [676.549893074346, 732.9595086197635]], [[376.54989307434596, 408.67379433404926], [476.54989307434596, 408.67379433404926], [476.54989307434596, 588.6737943340493], [376.54989307434596, 588.6737943340493], [376.54989307434596, 408.67379433404926]], [[363.0573241102694, 480.0], [363.0573241102694, 760.0], [83.0573241102694, 760.0], [363.0573241102694, 480.0]], [[676.549893074346, 352.9595086197635], [476.54989307434596, 352.9595086197635], [476.54989307434596, 152.95950861976348], [676.549893074346, 72.95950861976348], [676.549893074346, 352.9595086197635]], [[3.0573241102694055, 600.0], [163.0573241102694, 680.0], [3.0573241102694055, 760.0], [3.0573241102694055, 600.0]], [[171.6096064358747, 280.0], [451.6096064358747, 280.0], [311.6096064358747, 520.0], [171.6096064358747, 280.0]]]"
Sun Jul 19 03:47:30 2020,2,1,True,683.3153920050894,0.8341682430530624,"[0, 0, 0, 0, 1, 0, 0, 0, 1, 3, 0, 0]","[[[379.897435897436, 380.0], [579.897435897436, 380.0], [579.897435897436, 580.0], [379.897435897436, 580.0], [379.897435897436, 380.0]], [[456.1758241758241, 180.0], [656.1758241758241, 180.0], [656.1758241758241, 380.0], [456.1758241758241, 380.0], [456.1758241758241, 180.0]], [[379.897435897436, 580.0], [659.897435897436, 580.0], [659.897435897436, 760.0], [379.897435897436, 760.0], [379.897435897436, 580.0]], [[0.0, 579.897435897436], [280.0, 579.897435897436], [140.0, 719.897435897436], [0.0, 579.897435897436]], [[0.0, 0.0], [180.0, 0.0], [0.0, 280.0], [0.0, 0.0]], [[176.17582417582418, 5.948717948717899], [456.1758241758242, 5.948717948717899], [456.1758241758242, 285.9487179487179], [176.17582417582418, 285.9487179487179], [176.17582417582418, 5.948717948717899]], [[456.1758241758241, 0.0], [656.1758241758241, 80.0], [656.1758241758241, 180.0], [456.1758241758241, 180.0], [456.1758241758241, 0.0]], [[579.897435897436, 380.0], [679.897435897436, 380.0], [679.897435897436, 560.0], [579.897435897436, 560.0], [579.897435897436, 380.0]], [[379.897435897436, 480.0], [379.897435897436, 760.0], [99.89743589743603, 760.0], [379.897435897436, 480.0]], [[0.0, 579.897435897436], [0.0, 379.897435897436], [200.0, 379.897435897436], [280.0, 579.897435897436], [0.0, 579.897435897436]], [[0.0, 315.55555555555554], [80.0, 155.55555555555554], [160.0, 315.55555555555554], [0.0, 315.55555555555554]], [[145.19658119658112, 285.9487179487179], [425.1965811965811, 285.9487179487179], [285.1965811965811, 525.9487179487179], [145.19658119658112, 285.9487179487179]]]"
Sun Jul 19 03:47:32 2020,2,0,True,655.9827763248858,0.8689252531802734,"[0, 0, 0, 0, 1, 0, 0, 0, 1, 3, 0, 0]","[[[400.4356381198576, 380.0], [600.4356381198576, 380.0], [600.4356381198576, 580.0], [400.4356381198576, 580.0], [400.4356381198576, 380.0]], [[455.9827763248858, 180.0], [655.9827763248858, 180.0], [655.9827763248858, 380.0], [455.9827763248858, 380.0], [455.9827763248858, 180.0]], [[375.9827763248858, 580.0], [655.9827763248858, 580.0], [655.9827763248858, 760.0], [375.9827763248858, 760.0], [375.9827763248858, 580.0]], [[49.965941623833146, 525.9487179487189], [329.96594162383315, 525.9487179487189], [189.96594162383315, 665.9487179487189], [49.965941623833146, 525.9487179487189]], [[0.0, 0.0], [180.0, 0.0], [0.0, 280.0], [0.0, 0.0]], [[175.98277632488578, 4.776334505666], [455.9827763248858, 4.776334505666], [455.9827763248858, 284.776334505666], [175.98277632488578, 284.776334505666], [175.98277632488578, 4.776334505666]], [[455.9827763248858, 0.0], [655.9827763248858, 80.0], [655.9827763248858, 180.0], [455.9827763248858, 180.0], [455.9827763248858, 0.0]], [[0.0, 575.9827763248858], [100.0, 575.9827763248858], [100.0, 755.9827763248858], [0.0, 755.9827763248858], [0.0, 575.9827763248858]], [[375.9827763248858, 480.0], [375.9827763248858, 760.0], [95.98277632488578, 760.0], [375.9827763248858, 480.0]], [[0.0, 525.9487179487189], [0.0, 325.9487179487189], [200.0, 325.9487179487189], [280.0, 525.9487179487189], [0.0, 525.9487179487189]], [[0.0, 315.55555555555554], [80.0, 155.55555555555554], [160.0, 315.55555555555554], [0.0, 315.55555555555554]], [[175.98277632488578, 284.776334505666], [455.9827763248858, 284.776334505666], [315.9827763248858, 524.776334505666], [175.98277632488578, 284.776334505666]]]"
Sun Jul 19 03:47:57 2020,2,1,True,662.5426040881347,0.8603220328517557,"[0, 0, 0, 0, 1, 0, 3, 0, 2, 3, 2, 1]","[[[420.0, 280.0], [620.0, 280.0], [620.0, 480.0], [420.0, 480.0], [420.0, 280.0]], [[0.0, 0.0], [200.0, 0.0], [200.0, 200.0], [0.0, 200.0], [0.0, 0.0]], [[0.0, 580.0], [280.0, 580.0], [280.0, 760.0], [0.0, 760.0], [0.0, 580.0]], [[280.0, 480.0], [560.0, 480.0], [420.0, 620.0], [280.0, 480.0]], [[480.0, 0.0], [660.0, 0.0], [480.0, 280.0], [480.0, 0.0]], [[200.0, 0.0], [480.0, 0.0], [480.0, 280.0], [200.0, 280.0], [200.0, 0.0]], [[240.0, 480.0], [320.0, 280.0], [420.0, 280.0], [420.0, 480.0], [240.0, 480.0]], [[0.0, 200.0], [100.0, 200.0], [100.0, 380.0], [0.0, 380.0], [0.0, 200.0]], [[560.0, 760.0], [280.0, 760.0], [280.0, 480.0], [560.0, 760.0]], [[0.0, 580.0], [0.0, 380.0], [200.0, 380.0], [280.0, 580.0], [0.0, 580.0]], [[310.0, 280.0], [230.0, 440.0], [150.0, 280.0], [310.0, 280.0]], [[660.0, 480.0], [660.0, 760.0], [420.0, 620.0], [660.0, 480.0]]]"
Sun Jul 19 03:48:18 2020,2,1,True,669.1680301290161,0.8518039929225304,"[0, 0, 1, 0, 1, 0, 3, 0, 2, 1, 2, 2]","[[[0.0, 37.77777777777783], [200.0, 37.77777777777783], [200.0, 237.77777777777783], [0.0, 237.77777777777783], [0.0, 37.77777777777783]], [[312.8571428571429, 280.0], [512.8571428571429, 280.0], [512.8571428571429, 480.0], [312.8571428571429, 480.0], [312.8571428571429, 280.0]], [[660.0, 0.0], [660.0, 280.0], [480.0, 280.0], [480.0, 0.0], [660.0, 0.0]], [[280.0, 480.0], [560.0, 480.0], [420.0, 620.0], [280.0, 480.0]], [[0.0, 237.77777777777783], [180.0, 237.77777777777783], [0.0, 517.7777777777778], [0.0, 237.77777777777783]], [[200.0, 0.0], [480.0, 0.0], [480.0, 280.0], [200.0, 280.0], [200.0, 0.0]], [[489.1680301290161, 689.1680301290161], [569.1680301290161, 489.1680301290161], [669.1680301290161, 489.1680301290161], [669.1680301290161, 689.1680301290161], [489.1680301290161, 689.1680301290161]], [[512.8571428571429, 280.0], [612.8571428571429, 280.0], [612.8571428571429, 460.0], [512.8571428571429, 460.0], [512.8571428571429, 280.0]], [[560.0, 760.0], [280.0, 760.0], [280.0, 480.0], [560.0, 760.0]], [[280.0, 540.0], [280.0, 740.0], [80.0, 740.0], [0.0, 540.0], [280.0, 540.0]], [[312.8571428571429, 280.0], [232.8571428571429, 440.0], [152.8571428571429, 280.0], [312.8571428571429, 280.0]], [[280.0, 540.0], [0.0, 540.0], [140.0, 300.0], [280.0, 540.0]]]"
Sun Jul 19 03:48:31 2020,2,1,True,675.8597104303062,0.8433702900223073,"[0, 0, 1, 1, 2, 0, 1, 1, 2, 2, 0, 3]","[[[460.0, 460.0], [660.0, 460.0], [660.0, 660.0], [460.0, 660.0], [460.0, 460.0]], [[260.0, 280.0], [460.0, 280.0], [460.0, 480.0], [260.0, 480.0], [260.0, 280.0]], [[180.0, 480.0], [180.0, 760.0], [0.0, 760.0], [0.0, 480.0], [180.0, 480.0]], [[140.0, 0.0], [140.0, 280.0], [0.0, 140.0], [140.0, 0.0]], [[460.0, 480.0], [460.0, 660.0], [180.0, 480.0], [460.0, 480.0]], [[155.85971043030622, 0.0], [435.8597104303062, 0.0], [435.8597104303062, 280.0], [155.85971043030622, 280.0], [155.85971043030622, 0.0]], [[180.0, 280.0], [100.0, 480.0], [0.0, 480.0], [0.0, 280.0], [180.0, 280.0]], [[640.0, 660.0], [640.0, 760.0], [460.0, 760.0], [460.0, 660.0], [640.0, 660.0]], [[460.0, 760.0], [180.0, 760.0], [180.0, 480.0], [460.0, 760.0]], [[675.8597104303062, 460.0], [475.8597104303062, 460.0], [475.8597104303062, 260.0], [675.8597104303062, 180.0], [675.8597104303062, 460.0]], [[100.0, 480.0], [180.0, 320.0], [260.0, 480.0], [100.0, 480.0]], [[435.8597104303062, 280.0], [435.8597104303062, 0.0], [675.8597104303062, 140.0], [435.8597104303062, 280.0]]]"
Sun Jul 19 03:48:47 2020,2,1,True,682.6183075346092,0.8350200891309973,"[0, 0, 1, 0, 3, 0, 0, 0, 2, 1, 2, 3]","[[[0.0, 280.0], [200.0, 280.0], [200.0, 480.0], [0.0, 480.0], [0.0, 280.0]], [[280.0, 540.0], [480.0, 540.0], [480.0, 740.0], [280.0, 740.0], [280.0, 540.0]], [[682.6183075346092, 480.0], [682.6183075346092, 760.0], [502.61830753460924, 760.0], [502.61830753460924, 480.0], [682.6183075346092, 480.0]], [[400.0, 0.0], [680.0, 0.0], [540.0, 140.0], [400.0, 0.0]], [[680.0, 480.0], [500.0, 480.0], [680.0, 200.0], [680.0, 480.0]], [[0.0, 480.0], [280.0, 480.0], [280.0, 760.0], [0.0, 760.0], [0.0, 480.0]], [[300.0, 345.5709845207655], [500.0, 425.5709845207655], [500.0, 525.5709845207655], [300.0, 525.5709845207655], [300.0, 345.5709845207655]], [[200.0, 280.0], [300.0, 280.0], [300.0, 460.0], [200.0, 460.0], [200.0, 280.0]], [[280.0, 280.0], [0.0, 280.0], [0.0, 0.0], [280.0, 280.0]], [[400.0, 0.0], [400.0, 200.0], [200.0, 200.0], [120.0, 0.0], [400.0, 0.0]], [[419.798591728107, 199.597183456214], [339.798591728107, 359.597183456214], [259.798591728107, 199.597183456214], [419.798591728107, 199.597183456214]], [[419.798591728107, 349.88251184139574], [419.798591728107, 69.88251184139574], [659.798591728107, 209.88251184139574], [419.798591728107, 349.88251184139574]]]"
Sun Jul 19 03:49:03 2020,2,1,True,689.4444906099553,0.8267525634960371,"[0, 0, 0, 0, 3, 0, 0, 1, 2, 0, 0, 0]","[[[280.0, 560.0], [480.0, 560.0], [480.0, 760.0], [280.0, 760.0], [280.0, 560.0]], [[280.0, 100.0], [480.0, 100.0], [480.0, 300.0], [280.0, 300.0], [280.0, 100.0]], [[0.0, 0.0], [280.0, 0.0], [280.0, 180.0], [0.0, 180.0], [0.0, 0.0]], [[0.0, 180.0], [280.0, 180.0], [140.0, 320.0], [0.0, 180.0]], [[635.3135752332248, 514.3330836753937], [455.3135752332248, 514.3330836753937], [635.3135752332248, 234.3330836753937], [635.3135752332248, 514.3330836753937]], [[0.0, 480.0], [280.0, 480.0], [280.0, 760.0], [0.0, 760.0], [0.0, 480.0]], [[480.0, 514.3330836753937], [680.0, 594.3330836753937], [680.0, 694.3330836753937], [480.0, 694.3330836753937], [480.0, 514.3330836753937]], [[460.0, 0.0], [460.0, 100.0], [280.0, 100.0], [280.0, 0.0], [460.0, 0.0]], [[280.0, 480.0], [0.0, 480.0], [0.0, 200.0], [280.0, 480.0]], [[480.0, 0.0], [680.0, 0.0], [680.0, 200.0], [480.0, 280.0], [480.0, 0.0]], [[278.6745407105378, 560.0], [358.6745407105378, 400.0], [438.6745407105378, 560.0], [278.6745407105378, 560.0]], [[300.34120737720446, 300.0], [580.3412073772045, 300.0], [440.34120737720446, 540.0], [300.34120737720446, 300.0]]]"
Sun Jul 19 03:49:06 2020,2,0,True,661.8667109855571,0.8612005869750387,"[0, 0, 1, 0, 3, 0, 1, 1, 2, 0, 0, 0]","[[[280.0, 560.0], [480.0, 560.0], [480.0, 760.0], [280.0, 760.0], [280.0, 560.0]], [[260.0, 55.44456544910736], [460.0, 55.44456544910736], [460.0, 255.44456544910736], [260.0, 255.44456544910736], [260.0, 55.44456544910736]], [[260.0, 0.0], [260.0, 280.0], [80.0, 280.0], [80.0, 0.0], [260.0, 0.0]], [[100.0, 300.0], [380.0, 300.0], [240.0, 440.0], [100.0, 300.0]], [[660.0, 564.0740740740741], [480.0, 564.0740740740741], [660.0, 284.07407407407413], [660.0, 564.0740740740741]], [[0.0, 480.0], [280.0, 480.0], [280.0, 760.0], [0.0, 760.0], [0.0, 480.0]], [[660.0, 560.0], [580.0, 760.0], [480.0, 760.0], [480.0, 560.0], [660.0, 560.0]], [[460.0, 460.0], [460.0, 560.0], [280.0, 560.0], [280.0, 460.0], [460.0, 460.0]], [[280.0, 480.0], [0.0, 480.0], [0.0, 200.0], [280.0, 480.0]], [[461.8667109855571, 0.0], [661.8667109855571, 0.0], [661.8667109855571, 200.0], [461.8667109855571, 280.0], [461.8667109855571, 0.0]], [[300.0, 460.0], [380.0, 300.0], [460.0, 460.0], [300.0, 460.0]], [[368.33333333333337, 280.0], [648.3333333333334, 280.0], [508.33333333333337, 520.0], [368.33333333333337, 280.0]]]"
Sun Jul 19 03:49:54 2020,2,3,True,668.4853780954127,0.8526738484901373,"[0, 0, 0, 3, 3, 0, 1, 0, 1, 0, 0, 0]","[[[365.23522552768077, 380.0], [565.2352255276808, 380.0], [565.2352255276808, 580.0], [365.23522552768077, 580.0], [365.23522552768077, 380.0]], [[0.0, 280.0], [200.0, 280.0], [200.0, 480.0], [0.0, 480.0], [0.0, 280.0]], [[355.3920425461348, 580.0], [635.3920425461348, 580.0], [635.3920425461348, 760.0], [355.3920425461348, 760.0], [355.3920425461348, 580.0]], [[480.0, 288.48537809541267], [480.0, 8.48537809541267], [620.0, 148.48537809541267], [480.0, 288.48537809541267]], [[355.3920425461347, 760.0], [175.3920425461347, 760.0], [355.3920425461347, 480.0], [355.3920425461347, 760.0]], [[200.0, 0.0], [480.0, 0.0], [480.0, 280.0], [200.0, 280.0], [200.0, 0.0]], [[405.2352255276808, 280.0], [325.2352255276808, 480.0], [225.23522552768083, 480.0], [225.23522552768083, 280.0], [405.2352255276808, 280.0]], [[565.2352255276808, 380.0], [665.2352255276808, 380.0], [665.2352255276808, 560.0], [565.2352255276808, 560.0], [565.2352255276808, 380.0]], [[668.4853780954127, 100.0], [668.4853780954127, 380.0], [388.48537809541267, 380.0], [668.4853780954127, 100.0]], [[0.0, 0.0], [200.0, 0.0], [200.0, 200.0], [0.0, 280.0], [0.0, 0.0]], [[15.39204254613469, 760.0], [95.39204254613469, 600.0], [175.3920425461347, 760.0], [15.39204254613469, 760.0]], [[61.106328260420355, 480.0], [341.10632826042036, 480.0], [201.10632826042036, 720.0], [61.106328260420355, 480.0]]]"
Sun Jul 19 03:50:34 2020,2,3,True,675.1702318763668,0.8442315331585518,"[0, 0, 0, 1, 1, 0, 2, 0, 2, 0, 1, 1]","[[[475.17023187636676, 380.0], [675.1702318763668, 380.0], [675.1702318763668, 580.0], [475.17023187636676, 580.0], [475.17023187636676, 380.0]], [[394.28571428571433, 0.0], [594.2857142857143, 0.0], [594.2857142857143, 200.0], [394.28571428571433, 200.0], [394.28571428571433, 0.0]], [[0.0, 300.0], [280.0, 300.0], [280.0, 480.0], [0.0, 480.0], [0.0, 300.0]], [[475.17023187636676, 399.11548240934746], [475.17023187636676, 679.1154824093475], [335.17023187636676, 539.1154824093475], [475.17023187636676, 399.11548240934746]], [[394.28571428571433, 200.0], [574.2857142857143, 200.0], [394.28571428571433, 480.0], [394.28571428571433, 200.0]], [[0.0, 480.0], [280.0, 480.0], [280.0, 760.0], [0.0, 760.0], [0.0, 480.0]], [[675.1702318763668, 760.0], [475.17023187636676, 680.0], [475.17023187636676, 580.0], [675.1702318763668, 580.0], [675.1702318763668, 760.0]], [[574.2857142857143, 200.0], [674.2857142857143, 200.0], [674.2857142857143, 380.0], [574.2857142857143, 380.0], [574.2857142857143, 200.0]], [[556.0547494670193, 760.0], [276.0547494670193, 760.0], [276.0547494670193, 480.0], [556.0547494670193, 760.0]], [[0.0, 0.0], [200.0, 0.0], [200.0, 200.0], [0.0, 280.0], [0.0, 0.0]], [[200.0, 0.0], [360.0, 80.0], [200.0, 160.0], [200.0, 0.0]], [[394.28571428571433, 86.66666666666669], [394.28571428571433, 366.6666666666667], [154.28571428571433, 226.66666666666669], [394.28571428571433, 86.66666666666669]]]"
Sun Jul 19 03:50:57 2020,2,1,True,681.9219341951305,0.835872805107477,"[0, 0, 0, 1, 1, 0, 2, 1, 1, 0, 3, 3]","[[[440.0, 558.7412475479227], [640.0, 558.7412475479227], [640.0, 758.7412475479227], [440.0, 758.7412475479227], [440.0, 558.7412475479227]], [[0.0, 0.0], [200.0, 0.0], [200.0, 200.0], [0.0, 200.0], [0.0, 0.0]], [[0.0, 300.0], [280.0, 300.0], [280.0, 480.0], [0.0, 480.0], [0.0, 300.0]], [[660.6293762260386, 299.37062377396137], [660.6293762260386, 579.3706237739614], [520.6293762260386, 439.37062377396137], [660.6293762260386, 299.37062377396137]], [[421.29255796909183, 0.0], [601.2925579690918, 0.0], [421.29255796909183, 280.0], [421.29255796909183, 0.0]], [[0.0, 480.0], [280.0, 480.0], [280.0, 760.0], [0.0, 760.0], [0.0, 480.0]], [[520.6293762260386, 479.37062377396137], [320.62937622603863, 399.37062377396137], [320.62937622603863, 299.37062377396137], [520.6293762260386, 299.37062377396137], [520.6293762260386, 479.37062377396137]], [[180.0, 200.0], [180.0, 300.0], [0.0, 300.0], [0.0, 200.0], [180.0, 200.0]], [[681.9219341951305, 19.37062377396137], [681.9219341951305, 299.37062377396137], [401.92193419513046, 299.37062377396137], [681.9219341951305, 19.37062377396137]], [[221.29255796909183, 0.0], [421.29255796909183, 0.0], [421.29255796909183, 200.0], [221.29255796909183, 280.0], [221.29255796909183, 0.0]], [[440.0, 732.074580881256], [280.0, 652.074580881256], [440.0, 572.074580881256], [440.0, 732.074580881256]], [[280.0, 652.074580881256], [280.0, 372.074580881256], [520.0, 512.074580881256], [280.0, 652.074580881256]]]"
Sun Jul 19 03:51:02 2020,2,1,True,688.7411535370818,0.8275968367400762,"[0, 0, 0, 1, 1, 0, 2, 1, 1, 0, 3, 3]","[[[439.9999999999998, 559.9999999999999], [639.9999999999998, 559.9999999999999], [639.9999999999998, 759.9999999999999], [439.9999999999998, 759.9999999999999], [439.9999999999998, 559.9999999999999]], [[0.0, 0.0], [200.0, 0.0], [200.0, 200.0], [0.0, 200.0], [0.0, 0.0]], [[0.0, 300.0], [280.0, 300.0], [280.0, 480.0], [0.0, 480.0], [0.0, 300.0]], [[674.894188296014, 285.105811703986], [674.894188296014, 565.105811703986], [534.894188296014, 425.105811703986], [674.894188296014, 285.105811703986]], [[400.0, 0.0], [580.0, 0.0], [400.0, 280.0], [400.0, 0.0]], [[0.0, 480.0], [280.0, 480.0], [280.0, 760.0], [0.0, 760.0], [0.0, 480.0]], [[534.894188296014, 485.3549431726748], [334.894188296014, 405.3549431726748], [334.894188296014, 305.3549431726748], [534.894188296014, 305.3549431726748], [534.894188296014, 485.3549431726748]], [[180.0, 200.0], [180.0, 300.0], [0.0, 300.0], [0.0, 200.0], [180.0, 200.0]], [[654.6450568273252, 25.35494317267478], [654.6450568273252, 305.3549431726748], [374.6450568273252, 305.3549431726748], [654.6450568273252, 25.35494317267478]], [[200.0, 0.0], [400.0, 0.0], [400.0, 200.0], [200.0, 280.0], [200.0, 0.0]], [[439.9999999999999, 733.3333333333333], [279.9999999999999, 653.3333333333333], [439.9999999999999, 573.3333333333333], [439.9999999999999, 733.3333333333333]], [[279.9999999999998, 653.3333333333331], [279.9999999999998, 373.33333333333314], [519.9999999999998, 513.3333333333331], [279.9999999999998, 653.3333333333331]]]"
Sun Jul 19 03:51:04 2020,2,0,True,661.1915073955985,0.8620800382709127,"[0, 0, 0, 1, 1, 0, 2, 1, 1, 0, 3, 3]","[[[442.38301479119696, 560.0], [642.383014791197, 560.0], [642.383014791197, 760.0], [442.38301479119696, 760.0], [442.38301479119696, 560.0]], [[0.0, 0.0], [200.0, 0.0], [200.0, 200.0], [0.0, 200.0], [0.0, 0.0]], [[0.0, 300.0], [280.0, 300.0], [280.0, 480.0], [0.0, 480.0], [0.0, 300.0]], [[661.1915073955985, 298.8084926044015], [661.1915073955985, 578.8084926044015], [521.1915073955985, 438.8084926044015], [661.1915073955985, 298.8084926044015]], [[400.0, 0.0], [580.0, 0.0], [400.0, 280.0], [400.0, 0.0]], [[0.0, 480.0], [280.0, 480.0], [280.0, 760.0], [0.0, 760.0], [0.0, 480.0]], [[521.1915073955985, 478.75180460896405], [321.1915073955985, 398.75180460896405], [321.1915073955985, 298.75180460896405], [521.1915073955985, 298.75180460896405], [521.1915073955985, 478.75180460896405]], [[180.0, 200.0], [180.0, 300.0], [0.0, 300.0], [0.0, 200.0], [180.0, 200.0]], [[661.1915073955985, 18.75180460896405], [661.1915073955985, 298.75180460896405], [381.1915073955985, 298.75180460896405], [661.1915073955985, 18.75180460896405]], [[200.0, 0.0], [400.0, 0.0], [400.0, 200.0], [200.0, 280.0], [200.0, 0.0]], [[440.0, 741.3265638585756], [280.0, 661.3265638585756], [440.0, 581.3265638585756], [440.0, 741.3265638585756]], [[280.0, 654.7234252948649], [280.0, 374.7234252948649], [520.0, 514.7234252948649], [280.0, 654.7234252948649]]]"
Sun Jul 19 03:51:33 2020,2,1,True,667.8034224695544,0.8535445923474384,"[0, 0, 1, 0, 3, 0, 0, 1, 2, 1, 2, 2]","[[[184.5351299218131, 0.0], [384.5351299218131, 0.0], [384.5351299218131, 200.0], [184.5351299218131, 200.0], [184.5351299218131, 0.0]], [[0.0, 555.4648700781869], [200.0, 555.4648700781869], [200.0, 755.4648700781869], [0.0, 755.4648700781869], [0.0, 555.4648700781869]], [[184.5351299218131, 0.0], [184.5351299218131, 280.0], [4.535129921813109, 280.0], [4.535129921813109, 0.0], [184.5351299218131, 0.0]], [[109.5652173913044, 385.03008746949126], [389.5652173913044, 385.03008746949126], [249.5652173913044, 525.0300874694913], [109.5652173913044, 385.03008746949126]], [[392.7988450502629, 660.0], [212.7988450502629, 660.0], [392.7988450502629, 380.0], [392.7988450502629, 660.0]], [[387.80342246955445, 0.0], [667.8034224695544, 0.0], [667.8034224695544, 280.0], [387.80342246955445, 280.0], [387.80342246955445, 0.0]], [[184.5351299218131, 200.0], [384.5351299218131, 280.0], [384.5351299218131, 380.0], [184.5351299218131, 380.0], [184.5351299218131, 200.0]], [[377.8034224695544, 660.0], [377.8034224695544, 760.0], [197.8034224695544, 760.0], [197.8034224695544, 660.0], [377.8034224695544, 660.0]], [[280.0, 555.4648700781869], [0.0, 555.4648700781869], [0.0, 275.4648700781869], [280.0, 555.4648700781869]], [[667.8034224695544, 280.0], [667.8034224695544, 480.0], [467.80342246955445, 480.0], [387.80342246955445, 280.0], [667.8034224695544, 280.0]], [[667.8034224695544, 480.0], [587.8034224695544, 640.0], [507.80342246955445, 480.0], [667.8034224695544, 480.0]], [[657.8034224695544, 760.0], [377.80342246955445, 760.0], [517.8034224695544, 520.0], [657.8034224695544, 760.0]]]"
Sun Jul 19 03:51:50 2020,2,1,True,674.48145669425,0.8450936557895429,"[0, 0, 1, 3, 0, 0, 1, 1, 1, 3, 2, 1]","[[[453.34935008690127, 280.0], [653.3493500869013, 280.0], [653.3493500869013, 480.0], [453.34935008690127, 480.0], [453.34935008690127, 280.0]], [[0.0, 556.8162214295381], [200.0, 556.8162214295381], [200.0, 756.8162214295381], [0.0, 756.8162214295381], [0.0, 556.8162214295381]], [[660.0, 480.0], [660.0, 760.0], [480.0, 760.0], [480.0, 480.0], [660.0, 480.0]], [[180.0, 280.0], [180.0, 0.0], [320.0, 140.0], [180.0, 280.0]], [[0.0, 556.8162214295381], [0.0, 376.81622142953813], [280.0, 556.8162214295381], [0.0, 556.8162214295381]], [[394.48145669425, 0.0], [674.48145669425, 0.0], [674.48145669425, 280.0], [394.48145669425, 280.0], [394.48145669425, 0.0]], [[180.0, 100.0], [100.0, 300.0], [0.0, 300.0], [0.0, 100.0], [180.0, 100.0]], [[180.0, 0.0], [180.0, 100.0], [0.0, 100.0], [0.0, 0.0], [180.0, 0.0]], [[395.6827859001013, 58.68179971750061], [395.6827859001013, 338.6817997175006], [115.6827859001013, 338.6817997175006], [395.6827859001013, 58.68179971750061]], [[200.0, 760.0], [200.0, 560.0], [400.0, 560.0], [480.0, 760.0], [200.0, 760.0]], [[269.56867733683055, 338.6817997175006], [189.56867733683052, 498.6817997175006], [109.56867733683052, 338.6817997175006], [269.56867733683055, 338.6817997175006]], [[453.34935008690127, 311.1204542173591], [453.34935008690127, 591.1204542173591], [213.34935008690127, 451.1204542173591], [453.34935008690127, 311.1204542173591]]]"
Sun Jul 19 03:52:11 2020,2,1,True,681.2262712611926,0.8367263918708345,"[0, 0, 1, 1, 1, 0, 1, 1, 2, 3, 0, 0]","[[[180.0, 0.0], [380.0, 0.0], [380.0, 200.0], [180.0, 200.0], [180.0, 0.0]], [[481.22627126119255, 280.0], [681.2262712611926, 280.0], [681.2262712611926, 480.0], [481.22627126119255, 480.0], [481.22627126119255, 280.0]], [[180.0, 480.0], [180.0, 760.0], [0.0, 760.0], [0.0, 480.0], [180.0, 480.0]], [[681.2262712611926, 480.0], [681.2262712611926, 760.0], [541.2262712611926, 620.0], [681.2262712611926, 480.0]], [[280.0, 300.0], [460.0, 300.0], [280.0, 580.0], [280.0, 300.0]], [[401.22627126119255, 0.0], [681.2262712611926, 0.0], [681.2262712611926, 280.0], [401.22627126119255, 280.0], [401.22627126119255, 0.0]], [[180.0, 0.0], [100.0, 200.0], [0.0, 200.0], [0.0, 0.0], [180.0, 0.0]], [[400.0, 200.0], [400.0, 300.0], [220.0, 300.0], [220.0, 200.0], [400.0, 200.0]], [[460.0, 760.0], [180.0, 760.0], [180.0, 480.0], [460.0, 760.0]], [[0.0, 480.0], [0.0, 280.0], [200.0, 280.0], [280.0, 480.0], [0.0, 480.0]], [[60.0, 280.0], [140.0, 120.0], [220.0, 280.0], [60.0, 280.0]], [[319.5596045945258, 520.0], [599.5596045945258, 520.0], [459.5596045945258, 760.0], [319.5596045945258, 520.0]]]"
Sun Jul 19 03:52:26 2020,2,1,True,688.0385339738045,0.828441972149341,"[0, 0, 1, 0, 2, 0, 0, 0, 2, 0, 1, 1]","[[[488.03853397380453, 0.0], [688.0385339738045, 0.0], [688.0385339738045, 200.0], [488.03853397380453, 200.0], [488.03853397380453, 0.0]], [[88.03853397380453, 0.0], [288.03853397380453, 0.0], [288.03853397380453, 200.0], [88.03853397380453, 200.0], [88.03853397380453, 0.0]], [[688.0385339738045, 200.0], [688.0385339738045, 480.0], [508.03853397380453, 480.0], [508.03853397380453, 200.0], [688.0385339738045, 200.0]], [[148.09787218044124, 408.6095745614093], [428.09787218044124, 408.6095745614093], [288.09787218044124, 548.6095745614093], [148.09787218044124, 408.6095745614093]], [[508.03853397380453, 280.0], [508.03853397380453, 460.0], [228.03853397380453, 280.0], [508.03853397380453, 280.0]], [[408.03853397380453, 480.0], [688.0385339738045, 480.0], [688.0385339738045, 760.0], [408.03853397380453, 760.0], [408.03853397380453, 480.0]], [[0.0, 400.0], [200.0, 480.0], [200.0, 580.0], [0.0, 580.0], [0.0, 400.0]], [[0.0, 580.0], [100.0, 580.0], [100.0, 760.0], [0.0, 760.0], [0.0, 580.0]], [[280.0, 391.96146602619547], [0.0, 391.96146602619547], [0.0, 111.96146602619547], [280.0, 391.96146602619547]], [[288.03853397380453, 0.0], [488.03853397380453, 0.0], [488.03853397380453, 200.0], [288.03853397380453, 280.0], [288.03853397380453, 0.0]], [[100.0, 600.0], [260.0, 680.0], [100.0, 760.0], [100.0, 600.0]], [[405.71428571428584, 480.0], [405.71428571428584, 760.0], [165.71428571428584, 620.0], [405.71428571428584, 480.0]]]"
Sun Jul 19 03:52:44 2020,2,1,True,694.9189193135426,0.8202395763854862,"[0, 0, 1, 1, 0, 0, 2, 0, 0, 1, 0, 0]","[[[460.51699261485237, 560.0], [660.5169926148524, 560.0], [660.5169926148524, 760.0], [460.51699261485237, 760.0], [460.51699261485237, 560.0]], [[0.0, 0.0], [200.0, 0.0], [200.0, 200.0], [0.0, 200.0], [0.0, 0.0]], [[460.0, 480.0], [460.0, 760.0], [280.0, 760.0], [280.0, 480.0], [460.0, 480.0]], [[681.6666666666667, 0.0], [681.6666666666667, 280.0], [541.6666666666667, 140.0], [681.6666666666667, 0.0]], [[0.0, 760.0], [0.0, 580.0], [280.0, 760.0], [0.0, 760.0]], [[0.0, 200.0], [280.0, 200.0], [280.0, 480.0], [0.0, 480.0], [0.0, 200.0]], [[689.8275391433505, 571.7242186113992], [489.82753914335046, 491.72421861139924], [489.82753914335046, 391.72421861139924], [689.8275391433505, 391.72421861139924], [689.8275391433505, 571.7242186113992]], [[280.0, 300.0], [380.0, 300.0], [380.0, 480.0], [280.0, 480.0], [280.0, 300.0]], [[0.0, 480.0], [280.0, 480.0], [280.0, 760.0], [0.0, 480.0]], [[520.5169926148524, 0.0], [520.5169926148524, 200.0], [320.51699261485237, 200.0], [240.51699261485237, 0.0], [520.5169926148524, 0.0]], [[504.5945945945946, 389.26640926640937], [584.5945945945946, 229.26640926640937], [664.5945945945946, 389.26640926640937], [504.5945945945946, 389.26640926640937]], [[321.6666666666667, 200.0], [601.6666666666667, 200.0], [461.6666666666667, 440.0], [321.6666666666667, 200.0]]]"
Sun Jul 19 03:52:47 2020,2,0,True,667.1221625410009,0.854416225401548,"[0, 0, 1, 3, 0, 0, 3, 0, 0, 2, 2, 2]","[[[0.0, 0.0], [200.0, 0.0], [200.0, 200.0], [0.0, 200.0], [0.0, 0.0]], [[467.1221625410009, 0.0], [667.1221625410009, 0.0], [667.1221625410009, 200.0], [467.1221625410009, 200.0], [467.1221625410009, 0.0]], [[467.1221625410009, 480.0], [467.1221625410009, 760.0], [287.1221625410009, 760.0], [287.1221625410009, 480.0], [467.1221625410009, 480.0]], [[280.0, 487.1221625410009], [280.0, 207.12216254100088], [420.0, 347.1221625410009], [280.0, 487.1221625410009]], [[0.0, 760.0], [0.0, 580.0], [280.0, 760.0], [0.0, 760.0]], [[0.0, 200.0], [280.0, 200.0], [280.0, 480.0], [0.0, 480.0], [0.0, 200.0]], [[287.1221625410009, 214.24432508200175], [367.1221625410009, 14.244325082001751], [467.1221625410009, 14.244325082001751], [467.1221625410009, 214.24432508200175], [287.1221625410009, 214.24432508200175]], [[200.0, 0.0], [300.0, 0.0], [300.0, 180.0], [200.0, 180.0], [200.0, 0.0]], [[0.0, 480.0], [280.0, 480.0], [280.0, 760.0], [0.0, 480.0]], [[667.1221625410009, 760.0], [467.1221625410009, 760.0], [467.1221625410009, 560.0], [667.1221625410009, 480.0], [667.1221625410009, 760.0]], [[632.4879281489171, 200.0], [552.4879281489171, 360.0], [472.48792814891715, 200.0], [632.4879281489171, 200.0]], [[622.4879281489171, 480.0], [342.48792814891715, 480.0], [482.48792814891715, 240.0], [622.4879281489171, 480.0]]]"
Sun Jul 19 03:53:09 2020,2,1,True,673.7933841664109,0.845956658813414,"[0, 0, 1, 0, 2, 0, 3, 1, 3, 3, 3, 3]","[[[473.7933841664109, 560.0], [673.7933841664109, 560.0], [673.7933841664109, 760.0], [473.7933841664109, 760.0], [473.7933841664109, 560.0]], [[280.0, 280.0], [480.0, 280.0], [480.0, 480.0], [280.0, 480.0], [280.0, 280.0]], [[660.0, 280.0], [660.0, 560.0], [480.0, 560.0], [480.0, 280.0], [660.0, 280.0]], [[0.0, 0.0], [280.0, 0.0], [140.0, 140.0], [0.0, 0.0]], [[606.5899915278203, 0.0], [606.5899915278203, 180.0], [326.5899915278203, 0.0], [606.5899915278203, 0.0]], [[193.79338416641087, 480.0], [473.7933841664109, 480.0], [473.7933841664109, 760.0], [193.79338416641087, 760.0], [193.79338416641087, 480.0]], [[13.793384166410874, 760.0], [93.79338416641087, 560.0], [193.79338416641087, 560.0], [193.79338416641087, 760.0], [13.793384166410874, 760.0]], [[655.7963407341696, 180.0], [655.7963407341696, 280.0], [475.7963407341696, 280.0], [475.7963407341696, 180.0], [655.7963407341696, 180.0]], [[0.0, 653.7933841664109], [0.0, 373.7933841664109], [280.0, 373.7933841664109], [0.0, 653.7933841664109]], [[0.0, 363.4483460416027], [0.0, 163.4483460416027], [200.0, 163.4483460416027], [280.0, 363.4483460416027], [0.0, 363.4483460416027]], [[304.3677693055982, 215.63223069440178], [144.3677693055982, 135.63223069440178], [304.3677693055982, 55.632230694401784], [304.3677693055982, 215.63223069440178]], [[304.3677693055982, 280.0], [304.3677693055982, 0.0], [544.3677693055981, 140.0], [304.3677693055982, 280.0]]]"
Sun Jul 19 03:53:20 2020,2,1,True,680.531318008075,0.8375808503103108,"[0, 0, 1, 3, 1, 0, 3, 0, 0, 1, 2, 2]","[[[480.531318008075, 560.0], [680.531318008075, 560.0], [680.531318008075, 760.0], [480.531318008075, 760.0], [480.531318008075, 560.0]], [[295.413077371183, 0.0], [495.413077371183, 0.0], [495.413077371183, 200.0], [295.413077371183, 200.0], [295.413077371183, 0.0]], [[180.0, 480.0], [180.0, 760.0], [0.0, 760.0], [0.0, 480.0], [180.0, 480.0]], [[463.68648340391474, 576.8448346041603], [463.68648340391474, 296.84483460416027], [603.6864834039147, 436.84483460416027], [463.68648340391474, 576.8448346041603]], [[0.0, 199.99999999999983], [180.0, 199.99999999999983], [0.0, 479.99999999999983], [0.0, 199.99999999999983]], [[180.0, 480.0], [460.0, 480.0], [460.0, 760.0], [180.0, 760.0], [180.0, 480.0]], [[283.68648340391474, 461.82988991691536], [363.68648340391474, 261.82988991691536], [463.68648340391474, 261.82988991691536], [463.68648340391474, 461.82988991691536], [283.68648340391474, 461.82988991691536]], [[495.413077371183, 0.0], [595.413077371183, 0.0], [595.413077371183, 180.0], [495.413077371183, 180.0], [495.413077371183, 0.0]], [[400.531318008075, 200.0], [680.531318008075, 200.0], [680.531318008075, 480.0], [400.531318008075, 200.0]], [[295.413077371183, 0.0], [295.413077371183, 200.0], [95.41307737118302, 200.0], [15.413077371183022, 0.0], [295.413077371183, 0.0]], [[321.2760055478502, 229.1262135922329], [241.27600554785022, 389.1262135922329], [161.27600554785022, 229.1262135922329], [321.2760055478502, 229.1262135922329]], [[294.2857142857141, 480.0], [14.285714285714107, 480.0], [154.2857142857141, 240.0], [294.2857142857141, 480.0]]]"
Sun Jul 19 03:53:30 2020,2,1,True,687.3366311881557,0.8292879706042682,"[0, 0, 1, 3, 1, 0, 3, 0, 0, 1, 2, 2]","[[[256.655032643876, 279.9999999999999], [456.655032643876, 279.9999999999999], [456.655032643876, 479.9999999999999], [256.655032643876, 479.9999999999999], [256.655032643876, 279.9999999999999]], [[460.0, 559.9999999999999], [660.0, 559.9999999999999], [660.0, 759.9999999999999], [460.0, 759.9999999999999], [460.0, 559.9999999999999]], [[180.0, 480.0], [180.0, 760.0], [0.0, 760.0], [0.0, 480.0], [180.0, 480.0]], [[460.0, 559.9999999999999], [460.0, 279.9999999999999], [600.0, 419.9999999999999], [460.0, 559.9999999999999]], [[0.0, 0.0], [180.0, 0.0], [0.0, 280.0], [0.0, 0.0]], [[180.0, 479.9999999999999], [460.0, 479.9999999999999], [460.0, 759.9999999999999], [180.0, 759.9999999999999], [180.0, 479.9999999999999]], [[76.65503264387598, 479.9999999999999], [156.65503264387598, 279.9999999999999], [256.655032643876, 279.9999999999999], [256.655032643876, 479.9999999999999], [76.65503264387598, 479.9999999999999]], [[495.413077371183, 0.0], [595.413077371183, 0.0], [595.413077371183, 180.0], [495.413077371183, 180.0], [495.413077371183, 0.0]], [[380.0000000000001, 200.0], [660.0000000000001, 200.0], [660.0000000000001, 480.0], [380.0000000000001, 200.0]], [[458.3707284065891, 0.0], [458.3707284065891, 200.0], [258.3707284065891, 200.0], [178.37072840658908, 0.0], [458.3707284065891, 0.0]], [[160.0, 280.0], [80.0, 440.0], [0.0, 280.0], [160.0, 280.0]], [[305.03739507325577, 280.0], [25.037395073255766, 280.0], [165.03739507325577, 40.0], [305.03739507325577, 280.0]]]"
Sun Jul 19 03:53:30 2020,2,0,True,659.8431659406294,0.8638416360461127,"[0, 0, 1, 3, 1, 0, 3, 0, 0, 1, 2, 2]","[[[256.655032643876, 279.9999999999999], [456.655032643876, 279.9999999999999], [456.655032643876, 479.9999999999999], [256.655032643876, 479.9999999999999], [256.655032643876, 279.9999999999999]], [[459.84316594062943, 559.9999999999999], [659.8431659406294, 559.9999999999999], [659.8431659406294, 759.9999999999999], [459.84316594062943, 759.9999999999999], [459.84316594062943, 559.9999999999999]], [[180.0, 480.0], [180.0, 760.0], [0.0, 760.0], [0.0, 480.0], [180.0, 480.0]], [[460.0, 559.9999999999999], [460.0, 279.9999999999999], [600.0, 419.9999999999999], [460.0, 559.9999999999999]], [[0.0, 0.0], [180.0, 0.0], [0.0, 280.0], [0.0, 0.0]], [[180.0, 479.9999999999999], [460.0, 479.9999999999999], [460.0, 759.9999999999999], [180.0, 759.9999999999999], [180.0, 479.9999999999999]], [[76.65503264387598, 479.9999999999999], [156.65503264387598, 279.9999999999999], [256.655032643876, 279.9999999999999], [256.655032643876, 479.9999999999999], [76.65503264387598, 479.9999999999999]], [[495.413077371183, 0.0], [595.413077371183, 0.0], [595.413077371183, 180.0], [495.413077371183, 180.0], [495.413077371183, 0.0]], [[379.84316594062943, 200.0], [659.8431659406294, 200.0], [659.8431659406294, 480.0], [379.84316594062943, 200.0]], [[460.0, 0.0], [460.0, 200.0], [260.0, 200.0], [180.0, 0.0], [460.0, 0.0]], [[160.0, 280.0], [80.0, 440.0], [0.0, 280.0], [160.0, 280.0]], [[294.28571428571433, 279.99999999999994], [14.285714285714334, 279.99999999999994], [154.28571428571433, 39.99999999999994], [294.28571428571433, 279.99999999999994]]]"
Sun Jul 19 03:53:57 2020,2,1,True,666.4415976000357,0.8552887485605077,"[0, 0, 1, 3, 0, 0, 3, 0, 0, 0, 1, 1]","[[[280.0, 0.0], [480.0, 0.0], [480.0, 200.0], [280.0, 200.0], [280.0, 0.0]], [[0.0, 280.0], [200.0, 280.0], [200.0, 480.0], [0.0, 480.0], [0.0, 280.0]], [[666.4415976000357, 480.0], [666.4415976000357, 760.0], [486.4415976000357, 760.0], [486.4415976000357, 480.0], [666.4415976000357, 480.0]], [[200.0, 583.0761115428979], [200.0, 303.07611154289793], [340.0, 443.07611154289793], [200.0, 583.0761115428979]], [[203.07611154289793, 760.0], [203.07611154289793, 580.0], [483.07611154289793, 760.0], [203.07611154289793, 760.0]], [[0.0, 0.0], [280.0, 0.0], [280.0, 280.0], [0.0, 280.0], [0.0, 0.0]], [[486.4415976000357, 200.0], [566.4415976000357, 0.0], [666.4415976000357, 0.0], [666.4415976000357, 200.0], [486.4415976000357, 200.0]], [[280.0, 200.0], [380.0, 200.0], [380.0, 380.0], [280.0, 380.0], [280.0, 200.0]], [[386.4415976000357, 200.0], [666.4415976000357, 200.0], [666.4415976000357, 480.0], [386.4415976000357, 200.0]], [[0.0, 480.0], [200.0, 480.0], [200.0, 680.0], [0.0, 760.0], [0.0, 480.0]], [[340.0, 383.07611154289793], [500.0, 463.07611154289793], [340.0, 543.0761115428979], [340.0, 383.07611154289793]], [[488.17191034291585, 468.9901563714401], [488.17191034291585, 748.9901563714401], [248.17191034291585, 608.9901563714401], [488.17191034291585, 468.9901563714401]]]"
Sun Jul 19 03:54:37 2020,2,3,True,673.106013576036,0.8468205431292155,"[0, 0, 0, 1, 2, 0, 3, 0, 2, 0, 2, 3]","[[[0.0, 560.0], [200.0, 560.0], [200.0, 760.0], [0.0, 760.0], [0.0, 560.0]], [[473.10601357603605, 0.0], [673.106013576036, 0.0], [673.106013576036, 200.0], [473.10601357603605, 200.0], [473.10601357603605, 0.0]], [[199.5678673920686, 299.5678673920686], [479.5678673920686, 299.5678673920686], [479.5678673920686, 479.5678673920686], [199.5678673920686, 479.5678673920686], [199.5678673920686, 299.5678673920686]], [[200.0, 204.4318484154054], [200.0, 484.4318484154054], [60.0, 344.4318484154054], [200.0, 204.4318484154054]], [[473.10601357603605, 0.0], [473.10601357603605, 180.0], [193.10601357603605, 0.0], [473.10601357603605, 0.0]], [[393.10601357603605, 480.0], [673.106013576036, 480.0], [673.106013576036, 760.0], [393.10601357603605, 760.0], [393.10601357603605, 480.0]], [[204.43184841540534, 760.0], [284.43184841540534, 560.0], [384.43184841540534, 560.0], [384.43184841540534, 760.0], [204.43184841540534, 760.0]], [[539.7839336960343, 300.0], [639.7839336960343, 300.0], [639.7839336960343, 480.0], [539.7839336960343, 480.0], [539.7839336960343, 300.0]], [[280.0, 564.4318484154054], [0.0, 564.4318484154054], [0.0, 284.4318484154054], [280.0, 564.4318484154054]], [[0.0, 4.431848415405398], [200.0, 4.431848415405398], [200.0, 204.4318484154054], [0.0, 284.4318484154054], [0.0, 4.431848415405398]], [[589.7839336960343, 200.0], [509.7839336960343, 360.0], [429.7839336960343, 200.0], [589.7839336960343, 200.0]], [[200.0, 298.7175627011197], [200.0, 18.717562701119675], [440.0, 158.71756270111968], [200.0, 298.7175627011197]]]"
Sun Jul 19 03:54:57 2020,2,1,True,679.8370737117964,0.838436181316055,"[0, 0, 1, 1, 0, 0, 0, 0, 0, 0, 3, 3]","[[[180.0, 0.0], [380.0, 0.0], [380.0, 200.0], [180.0, 200.0], [180.0, 0.0]], [[479.8370737117964, 0.0], [679.8370737117964, 0.0], [679.8370737117964, 200.0], [479.8370737117964, 200.0], [479.8370737117964, 0.0]], [[180.0, 0.0], [180.0, 280.0], [0.0, 280.0], [0.0, 0.0], [180.0, 0.0]], [[663.0769230769231, 200.0], [663.0769230769231, 480.0], [523.0769230769231, 340.0], [663.0769230769231, 200.0]], [[399.8370737117964, 760.0], [399.8370737117964, 580.0], [679.8370737117964, 760.0], [399.8370737117964, 760.0]], [[243.0769230769231, 200.0], [523.0769230769231, 200.0], [523.0769230769231, 480.0], [243.0769230769231, 480.0], [243.0769230769231, 200.0]], [[0.0, 580.0], [200.0, 660.0], [200.0, 760.0], [0.0, 760.0], [0.0, 580.0]], [[379.8370737117964, 0.0], [479.8370737117964, 0.0], [479.8370737117964, 180.0], [379.8370737117964, 180.0], [379.8370737117964, 0.0]], [[399.8370737117964, 480.0], [679.8370737117964, 480.0], [679.8370737117964, 760.0], [399.8370737117964, 480.0]], [[199.8370737117964, 480.0], [399.8370737117964, 480.0], [399.8370737117964, 680.0], [199.8370737117964, 760.0], [199.8370737117964, 480.0]], [[243.07692307692304, 408.46153846153845], [83.07692307692304, 328.46153846153845], [243.07692307692304, 248.46153846153845], [243.07692307692304, 408.46153846153845]], [[0.0, 560.0], [0.0, 280.0], [240.0, 420.0], [0.0, 560.0]]]"
Sun Jul 19 03:55:08 2020,2,1,True,686.6354444489143,0.8301348329861932,"[0, 0, 1, 2, 1, 0, 3, 0, 0, 3, 2, 3]","[[[277.1428571428572, 0.0], [477.1428571428572, 0.0], [477.1428571428572, 200.0], [277.1428571428572, 200.0], [277.1428571428572, 0.0]], [[477.1428571428572, 0.0], [677.1428571428572, 0.0], [677.1428571428572, 200.0], [477.1428571428572, 200.0], [477.1428571428572, 0.0]], [[180.0, 200.0], [180.0, 480.0], [0.0, 480.0], [0.0, 200.0], [180.0, 200.0]], [[380.0, 760.0], [100.0, 760.0], [240.0, 620.0], [380.0, 760.0]], [[480.0, 360.0], [660.0, 360.0], [480.0, 640.0], [480.0, 360.0]], [[180.0, 200.0], [460.0, 200.0], [460.0, 480.0], [180.0, 480.0], [180.0, 200.0]], [[472.6435907633245, 760.0], [552.6435907633245, 560.0], [652.6435907633245, 560.0], [652.6435907633245, 760.0], [472.6435907633245, 760.0]], [[380.0, 491.44330325705084], [480.0, 491.44330325705084], [480.0, 671.4433032570508], [380.0, 671.4433032570508], [380.0, 491.44330325705084]], [[100.0, 480.0], [380.0, 480.0], [380.0, 760.0], [100.0, 480.0]], [[0.0, 200.0], [0.0, 0.0], [200.0, 0.0], [280.0, 200.0], [0.0, 200.0]], [[637.1428571428572, 200.0], [557.1428571428572, 360.0], [477.1428571428572, 200.0], [637.1428571428572, 200.0]], [[0.0, 760.0], [0.0, 480.0], [240.0, 620.0], [0.0, 760.0]]]"
Sun Jul 19 03:55:19 2020,2,1,True,693.5017988934035,0.8219156762239537,"[0, 0, 1, 3, 3, 0, 1, 1, 0, 3, 0, 2]","[[[280.0, 0.0], [480.0, 0.0], [480.0, 200.0], [280.0, 200.0], [280.0, 0.0]], [[459.17002667095767, 560.0], [659.1700266709577, 560.0], [659.1700266709577, 760.0], [459.17002667095767, 760.0], [459.17002667095767, 560.0]], [[688.5714285714286, 265.7142857142858], [688.5714285714286, 545.7142857142858], [508.57142857142856, 545.7142857142858], [508.57142857142856, 265.7142857142858], [688.5714285714286, 265.7142857142858]], [[0.0, 740.8299733290423], [0.0, 460.82997332904233], [140.0, 600.8299733290423], [0.0, 740.8299733290423]], [[228.57142857142856, 480.0], [48.571428571428555, 480.0], [228.57142857142856, 200.0], [228.57142857142856, 480.0]], [[228.57142857142856, 200.0], [508.57142857142856, 200.0], [508.57142857142856, 480.0], [228.57142857142856, 480.0], [228.57142857142856, 200.0]], [[180.0, 200.0], [100.0, 400.0], [0.0, 400.0], [0.0, 200.0], [180.0, 200.0]], [[660.0, 0.0], [660.0, 100.0], [480.0, 100.0], [480.0, 0.0], [660.0, 0.0]], [[179.17002667095767, 480.0], [459.17002667095767, 480.0], [459.17002667095767, 760.0], [179.17002667095767, 480.0]], [[0.0, 200.0], [0.0, 0.0], [200.0, 0.0], [280.0, 200.0], [0.0, 200.0]], [[508.57142857142856, 260.0], [588.5714285714286, 100.0], [668.5714285714286, 260.0], [508.57142857142856, 260.0]], [[359.17002667095767, 760.0], [79.17002667095767, 760.0], [219.17002667095767, 520.0], [359.17002667095767, 760.0]]]"
Sun Jul 19 03:55:22 2020,2,0,True,665.7617269376673,0.856162162733285,"[0, 0, 1, 3, 3, 0, 1, 1, 0, 1, 2, 2]","[[[280.0, 0.0], [480.0, 0.0], [480.0, 200.0], [280.0, 200.0], [280.0, 0.0]], [[460.0, 560.0], [660.0, 560.0], [660.0, 760.0], [460.0, 760.0], [460.0, 560.0]], [[665.7617269376673, 280.0], [665.7617269376673, 560.0], [485.7617269376673, 560.0], [485.7617269376673, 280.0], [665.7617269376673, 280.0]], [[0.0, 442.2960196808158], [0.0, 162.2960196808158], [140.0, 302.2960196808158], [0.0, 442.2960196808158]], [[205.76172693766728, 480.0], [25.761726937667277, 480.0], [205.76172693766728, 200.0], [205.76172693766728, 480.0]], [[205.76172693766728, 200.0], [485.7617269376673, 200.0], [485.7617269376673, 480.0], [205.76172693766728, 480.0], [205.76172693766728, 200.0]], [[665.7617269376673, 80.0], [585.7617269376673, 280.0], [485.7617269376673, 280.0], [485.7617269376673, 80.0], [665.7617269376673, 80.0]], [[180.0, 480.0], [180.0, 580.0], [0.0, 580.0], [0.0, 480.0], [180.0, 480.0]], [[180.0, 480.0], [460.0, 480.0], [460.0, 760.0], [180.0, 480.0]], [[280.0, 0.0], [280.0, 200.0], [80.0, 200.0], [0.0, 0.0], [280.0, 0.0]], [[160.0, 580.0], [80.0, 740.0], [0.0, 580.0], [160.0, 580.0]], [[360.0, 760.0], [80.0, 760.0], [220.0, 520.0], [360.0, 760.0]]]"
Sun Jul 19 03:55:31 2020,2,1,True,672.419344207044,0.8476853096369159,"[0, 0, 1, 3, 3, 0, 0, 1, 0, 0, 3, 0]","[[[180.0, 553.7934409684941], [380.0, 553.7934409684941], [380.0, 753.7934409684941], [180.0, 753.7934409684941], [180.0, 553.7934409684941]], [[453.6204927683783, 560.0], [653.6204927683783, 560.0], [653.6204927683783, 760.0], [453.6204927683783, 760.0], [453.6204927683783, 560.0]], [[180.0, 480.0], [180.0, 760.0], [0.0, 760.0], [0.0, 480.0], [180.0, 480.0]], [[480.0, 367.580655792956], [480.0, 87.58065579295601], [620.0, 227.580655792956], [480.0, 367.580655792956]], [[664.6401097429582, 560.0], [484.6401097429582, 560.0], [664.6401097429582, 280.0], [664.6401097429582, 560.0]], [[200.0, 100.0], [480.0, 100.0], [480.0, 380.0], [200.0, 380.0], [200.0, 100.0]], [[0.0, 280.0], [200.0, 360.0], [200.0, 460.0], [0.0, 460.0], [0.0, 280.0]], [[380.0, 0.0], [380.0, 100.0], [200.0, 100.0], [200.0, 0.0], [380.0, 0.0]], [[392.419344207044, 0.0], [672.419344207044, 0.0], [672.419344207044, 280.0], [392.419344207044, 0.0]], [[0.0, 0.0], [200.0, 0.0], [200.0, 200.0], [0.0, 280.0], [0.0, 0.0]], [[200.0, 360.0], [40.0, 280.0], [200.0, 200.0], [200.0, 360.0]], [[278.6204927683785, 380.0], [558.6204927683784, 380.0], [418.6204927683785, 620.0], [278.6204927683785, 380.0]]]"
Sun Jul 19 03:55:45 2020,2,1,True,679.1435376491145,0.8392923857791246,"[0, 0, 1, 0, 3, 0, 0, 1, 2, 1, 2, 3]","[[[460.0, 195.3014067818292], [660.0, 195.3014067818292], [660.0, 395.3014067818292], [460.0, 395.3014067818292], [460.0, 195.3014067818292]], [[0.0, 560.0], [200.0, 560.0], [200.0, 760.0], [0.0, 760.0], [0.0, 560.0]], [[180.0, 0.0], [180.0, 280.0], [0.0, 280.0], [0.0, 0.0], [180.0, 0.0]], [[200.0, 480.0], [480.0, 480.0], [340.0, 620.0], [200.0, 480.0]], [[679.1435376491145, 645.5225704387622], [499.1435376491145, 645.5225704387622], [679.1435376491145, 365.52257043876216], [679.1435376491145, 645.5225704387622]], [[180.0, 0.0], [460.0, 0.0], [460.0, 280.0], [180.0, 280.0], [180.0, 0.0]], [[460.0, 0.0], [660.0, 80.0], [660.0, 180.0], [460.0, 180.0], [460.0, 0.0]], [[645.5225704387622, 645.5225704387622], [645.5225704387622, 745.5225704387622], [465.52257043876216, 745.5225704387622], [465.52257043876216, 645.5225704387622], [645.5225704387622, 645.5225704387622]], [[480.0, 760.0], [200.0, 760.0], [200.0, 480.0], [480.0, 760.0]], [[460.0, 280.0], [460.0, 480.0], [260.0, 480.0], [180.0, 280.0], [460.0, 280.0]], [[620.0, 400.0], [540.0, 560.0], [460.0, 400.0], [620.0, 400.0]], [[0.0, 560.0], [0.0, 280.0], [240.0, 420.0], [0.0, 560.0]]]"

89.34%
Sun Jul 19 04:56:31 2020,2,开始运行[全局邻域-检验重叠] 初始利用率,0.7746751124110888
Sun Jul 19 04:56:33 2020,2,0,True,706.3606294216704,0.8069532420948842,"[0, 0, 1, 2, 1, 0, 3, 0, 1, 0, 0, 0]","[[[0.0, 0.0], [200.0, 0.0], [200.0, 200.0], [0.0, 200.0]], [[0.0, 200.0], [200.0, 200.0], [200.0, 400.0], [0.0, 400.0], [0.0, 200.0]], [[180.0, 400.0], [180.0, 680.0], [0.0, 680.0], [0.0, 400.0], [180.0, 400.0]], [[380.0, 760.0], [100.0, 760.0], [240.0, 620.0], [380.0, 760.0]], [[280.0, 371.953206705708], [460.0, 371.953206705708], [280.0, 651.953206705708], [280.0, 371.953206705708]], [[200.0, 91.953206705708], [480.0, 91.953206705708], [480.0, 371.953206705708], [200.0, 371.953206705708], [200.0, 91.953206705708]], [[306.4164721891901, 686.41647218919], [386.4164721891901, 486.41647218919], [486.4164721891901, 486.41647218919], [486.4164721891901, 686.41647218919], [306.4164721891901, 686.41647218919]], [[180.0, 411.42857142857133], [280.0, 411.42857142857133], [280.0, 591.4285714285713], [180.0, 591.4285714285713], [180.0, 411.42857142857133]], [[706.3606294216704, 480.0], [706.3606294216704, 760.0], [426.3606294216704, 760.0], [706.3606294216704, 480.0]], [[486.4164721891901, 297.1428571428571], [686.41647218919, 297.1428571428571], [686.41647218919, 497.1428571428571], [486.4164721891901, 577.1428571428571], [486.4164721891901, 297.1428571428571]], [[546.3606294216704, 297.1428571428571], [626.3606294216704, 137.1428571428571], [706.3606294216704, 297.1428571428571], [546.3606294216704, 297.1428571428571]], [[426.3606294216704, 1.1368683772161603e-13], [706.3606294216704, 1.1368683772161603e-13], [566.3606294216704, 240.0000000000001], [426.3606294216704, 1.1368683772161603e-13]]]"
Sun Jul 19 04:56:39 2020,2,0,True,678.1062042448036,0.8405762938488377,"[0, 0, 1, 2, 3, 0, 3, 1, 1, 0, 2, 0]","[[[0.0, 0.0], [200.0, 0.0], [200.0, 200.0], [0.0, 200.0], [0.0, 0.0]], [[0.0, 200.0], [200.0, 200.0], [200.0, 400.0], [0.0, 400.0], [0.0, 200.0]], [[180.0, 400.0], [180.0, 680.0], [0.0, 680.0], [0.0, 400.0], [180.0, 400.0]], [[387.2819157684878, 760.0], [107.2819157684878, 760.0], [247.2819157684878, 620.0], [387.2819157684878, 760.0]], [[678.1062042448036, 280.0], [498.1062042448036, 280.0], [678.1062042448036, 0.0], [678.1062042448036, 280.0]], [[200.0, 164.8791600701329], [480.0, 164.8791600701329], [480.0, 444.8791600701329], [200.0, 444.8791600701329], [200.0, 164.8791600701329]], [[272.1610758386207, 644.8791600701329], [352.1610758386207, 444.8791600701329], [452.1610758386207, 444.8791600701329], [452.1610758386207, 644.8791600701329], [272.1610758386207, 644.8791600701329]], [[380.0, 0.0], [380.0, 100.0], [200.0, 100.0], [200.0, 0.0], [380.0, 0.0]], [[678.1062042448036, 480.0], [678.1062042448036, 760.0], [398.1062042448036, 760.0], [678.1062042448036, 480.0]], [[478.1062042448036, 280.0], [678.1062042448036, 280.0], [678.1062042448036, 480.0], [478.1062042448036, 560.0], [478.1062042448036, 280.0]], [[340.0, 444.8791600701329], [260.0, 604.8791600701329], [180.0, 444.8791600701329], [340.0, 444.8791600701329]], [[383.8204899590892, 1.1368683772161603e-13], [663.8204899590892, 1.1368683772161603e-13], [523.8204899590892, 240.0000000000001], [383.8204899590892, 1.1368683772161603e-13]]]"
Sun Jul 19 04:56:55 2020,2,1,True,684.8872662872517,0.8322537562859779,"[0, 0, 0, 1, 3, 0, 2, 1, 2, 0, 0, 0]","[[[465.7142857142858, 560.0], [665.7142857142858, 560.0], [665.7142857142858, 760.0], [465.7142857142858, 760.0], [465.7142857142858, 560.0]], [[465.7142857142858, 360.0], [665.7142857142858, 360.0], [665.7142857142858, 560.0], [465.7142857142858, 560.0], [465.7142857142858, 360.0]], [[200.0, 180.0], [480.0, 180.0], [480.0, 360.0], [200.0, 360.0], [200.0, 180.0]], [[185.71428571428572, 385.7142857142858], [185.71428571428572, 665.7142857142858], [45.71428571428572, 525.7142857142858], [185.71428571428572, 385.7142857142858]], [[660.0, 294.44444444444446], [480.0, 294.44444444444446], [660.0, 14.444444444444457], [660.0, 294.44444444444446]], [[185.71428571428572, 380.11311861238187], [465.7142857142857, 380.11311861238187], [465.7142857142857, 660.1131186123819], [185.71428571428572, 660.1131186123819], [185.71428571428572, 380.11311861238187]], [[214.2857142857143, 180.0], [14.285714285714306, 100.0], [14.285714285714306, 0.0], [214.2857142857143, 0.0], [214.2857142857143, 180.0]], [[460.0, 660.0], [460.0, 760.0], [280.0, 760.0], [280.0, 660.0], [460.0, 660.0]], [[280.0, 760.0], [0.0, 760.0], [0.0, 480.0], [280.0, 760.0]], [[0.0, 174.28571428571428], [200.0, 174.28571428571428], [200.0, 374.2857142857143], [0.0, 454.2857142857143], [0.0, 174.28571428571428]], [[214.2857142857143, 160.0], [294.28571428571433, 0.0], [374.28571428571433, 160.0], [214.2857142857143, 160.0]], [[375.0, 0.0], [655.0, 0.0], [515.0, 240.0], [375.0, 0.0]]]"
Sun Jul 19 04:56:58 2020,2,0,True,657.4917756357617,0.8669309961312269,"[0, 0, 0, 1, 3, 0, 2, 1, 2, 0, 0, 0]","[[[457.49177563576166, 560.0], [657.4917756357617, 560.0], [657.4917756357617, 760.0], [457.49177563576166, 760.0], [457.49177563576166, 560.0]], [[457.49177563576166, 360.0], [657.4917756357617, 360.0], [657.4917756357617, 560.0], [457.49177563576166, 560.0], [457.49177563576166, 360.0]], [[198.8067670500226, 177.95445780003854], [478.8067670500226, 177.95445780003854], [478.8067670500226, 357.95445780003854], [198.8067670500226, 357.95445780003854], [198.8067670500226, 177.95445780003854]], [[177.49177563576166, 377.49177563576166], [177.49177563576166, 657.4917756357617], [37.491775635761655, 517.4917756357617], [177.49177563576166, 377.49177563576166]], [[657.4917756357617, 360.0], [477.49177563576166, 360.0], [657.4917756357617, 80.0], [657.4917756357617, 360.0]], [[177.49177563576166, 377.49177563576166], [457.49177563576166, 377.49177563576166], [457.49177563576166, 657.4917756357617], [177.49177563576166, 657.4917756357617], [177.49177563576166, 377.49177563576166]], [[228.77878527483418, 180.0], [28.778785274834178, 100.0], [28.778785274834178, 0.0], [228.77878527483418, 0.0], [228.77878527483418, 180.0]], [[457.49177563576166, 657.4917756357617], [457.49177563576166, 757.4917756357617], [277.49177563576166, 757.4917756357617], [277.49177563576166, 657.4917756357617], [457.49177563576166, 657.4917756357617]], [[280.0, 760.0], [0.0, 760.0], [0.0, 480.0], [280.0, 760.0]], [[0.0, 168.48848589006633], [200.0, 168.48848589006633], [200.0, 368.48848589006633], [0.0, 448.48848589006633], [0.0, 168.48848589006633]], [[228.77878527483418, 160.0], [308.77878527483415, 0.0], [388.77878527483415, 160.0], [228.77878527483418, 160.0]], [[375.0, 0.0], [655.0, 0.0], [515.0, 240.0], [375.0, 0.0]]]"
Sun Jul 19 04:57:45 2020,2,3,True,664.0666933921193,0.8583475209220067,"[0, 0, 1, 3, 3, 0, 1, 0, 0, 0, 3, 3]","[[[0.0, 280.0], [200.0, 280.0], [200.0, 480.0], [0.0, 480.0], [0.0, 280.0]], [[360.0, 560.0], [560.0, 560.0], [560.0, 760.0], [360.0, 760.0], [360.0, 560.0]], [[180.0, 480.0], [180.0, 760.0], [0.0, 760.0], [0.0, 480.0], [180.0, 480.0]], [[519.7635331817595, 420.0000000000002], [519.7635331817595, 140.00000000000023], [659.7635331817595, 280.0000000000002], [519.7635331817595, 420.0000000000002]], [[659.7635331817597, 560.0], [479.7635331817597, 560.0], [659.7635331817597, 280.0], [659.7635331817597, 560.0]], [[200.0, 280.0], [480.0, 280.0], [480.0, 560.0], [200.0, 560.0], [200.0, 280.0]], [[360.0, 560.0], [280.0, 760.0], [180.0, 760.0], [180.0, 560.0], [360.0, 560.0]], [[560.0, 560.0], [660.0, 560.0], [660.0, 740.0], [560.0, 740.0], [560.0, 560.0]], [[384.0666933921193, 0.0], [664.0666933921193, 0.0], [664.0666933921193, 280.0], [384.0666933921193, 0.0]], [[0.0, 0.0], [200.0, 0.0], [200.0, 200.0], [0.0, 280.0], [0.0, 0.0]], [[519.7635331817595, 295.69683978964076], [359.7635331817595, 215.69683978964076], [519.7635331817595, 135.69683978964076], [519.7635331817595, 295.69683978964076]], [[249.52954424971503, 280.0], [249.52954424971503, 0.0], [489.52954424971506, 140.0], [249.52954424971503, 280.0]]]"
Sun Jul 19 04:57:59 2020,2,1,True,670.7073603260405,0.8498490306158483,"[0, 0, 0, 0, 3, 0, 1, 0, 2, 1, 0, 0]","[[[460.0, 0.0], [660.0, 0.0], [660.0, 200.0], [460.0, 200.0], [460.0, 0.0]], [[0.0, 0.0], [200.0, 0.0], [200.0, 200.0], [0.0, 200.0], [0.0, 0.0]], [[290.70736032604054, 200.0], [570.7073603260405, 200.0], [570.7073603260405, 380.0], [290.70736032604054, 380.0], [290.70736032604054, 200.0]], [[380.0, 580.0], [660.0, 580.0], [520.0, 720.0], [380.0, 580.0]], [[294.28571428571433, 480.0], [114.28571428571433, 480.0], [294.28571428571433, 200.0], [294.28571428571433, 480.0]], [[0.0, 480.0], [280.0, 480.0], [280.0, 760.0], [0.0, 760.0], [0.0, 480.0]], [[380.0, 0.0], [300.0, 200.0], [200.0, 200.0], [200.0, 0.0], [380.0, 0.0]], [[570.7073603260405, 200.0], [670.7073603260405, 200.0], [670.7073603260405, 380.0], [570.7073603260405, 380.0], [570.7073603260405, 200.0]], [[560.0, 760.0], [280.0, 760.0], [280.0, 480.0], [560.0, 760.0]], [[580.0, 380.0], [580.0, 580.0], [380.0, 580.0], [300.0, 380.0], [580.0, 380.0]], [[300.0, 200.0], [380.0, 40.0], [460.0, 200.0], [300.0, 200.0]], [[0.0, 200.0], [280.0, 200.0], [140.0, 440.0], [0.0, 200.0]]]"
Sun Jul 19 04:59:13 2020,2,3,True,677.4144339293009,0.8414346837780676,"[0, 0, 0, 1, 0, 0, 0, 0, 1, 3, 3, 0]","[[[0.0, 380.0], [200.0, 380.0], [200.0, 580.0], [0.0, 580.0], [0.0, 380.0]], [[0.0, 0.0], [200.0, 0.0], [200.0, 200.0], [0.0, 200.0], [0.0, 0.0]], [[0.0, 580.0], [280.0, 580.0], [280.0, 760.0], [0.0, 760.0], [0.0, 580.0]], [[376.8178342754179, 356.51549905791535], [376.8178342754179, 636.5154990579153], [236.8178342754179, 496.51549905791535], [376.8178342754179, 356.51549905791535]], [[280.0, 760.0], [280.0, 580.0], [560.0, 760.0], [280.0, 760.0]], [[386.6666666666665, 280.0], [666.6666666666665, 280.0], [666.6666666666665, 560.0], [386.6666666666665, 560.0], [386.6666666666665, 280.0]], [[0.0, 200.0], [200.0, 280.0], [200.0, 380.0], [0.0, 380.0], [0.0, 200.0]], [[563.879065912999, 560.0], [663.879065912999, 560.0], [663.879065912999, 740.0], [563.879065912999, 740.0], [563.879065912999, 560.0]], [[677.4144339293009, 0.0], [677.4144339293009, 280.0], [397.4144339293009, 280.0], [677.4144339293009, 0.0]], [[200.0, 200.0], [200.0, 0.0], [400.0, 0.0], [480.0, 200.0], [200.0, 200.0]], [[533.3333333333334, 720.0], [373.33333333333337, 640.0], [533.3333333333334, 560.0], [533.3333333333334, 720.0]], [[153.33333333333331, 199.99999999999994], [433.3333333333333, 199.99999999999994], [293.3333333333333, 439.99999999999994], [153.33333333333331, 199.99999999999994]]]"
Sun Jul 19 04:59:13 2020,2,0,True,650.3178565721289,0.8764944622688204,"[0, 0, 0, 1, 0, 0, 0, 1, 1, 3, 2, 0]","[[[0.0, 380.0], [200.0, 380.0], [200.0, 580.0], [0.0, 580.0], [0.0, 380.0]], [[0.0, 0.0], [200.0, 0.0], [200.0, 200.0], [0.0, 200.0], [0.0, 0.0]], [[0.0, 580.0], [280.0, 580.0], [280.0, 760.0], [0.0, 760.0], [0.0, 580.0]], [[373.3333333333333, 360.0], [373.3333333333333, 640.0], [233.33333333333331, 500.0], [373.3333333333333, 360.0]], [[280.0, 760.0], [280.0, 580.0], [560.0, 760.0], [280.0, 760.0]], [[370.3178565721289, 312.0000000000002], [650.3178565721289, 312.0000000000002], [650.3178565721289, 592.0000000000002], [370.3178565721289, 592.0000000000002], [370.3178565721289, 312.0000000000002]], [[0.0, 200.0], [200.0, 280.0], [200.0, 380.0], [0.0, 380.0], [0.0, 200.0]], [[634.2222222222225, 592.0000000000002], [634.2222222222225, 692.0000000000002], [454.2222222222225, 692.0000000000002], [454.2222222222225, 592.0000000000002], [634.2222222222225, 592.0000000000002]], [[647.9999999999998, 32.00000000000023], [647.9999999999998, 312.0000000000002], [367.9999999999998, 312.0000000000002], [647.9999999999998, 32.00000000000023]], [[200.0, 200.0], [200.0, 0.0], [400.0, 0.0], [480.0, 200.0], [200.0, 200.0]], [[560.0, 0.0], [480.0, 160.0], [400.0, 0.0], [560.0, 0.0]], [[153.3333333333332, 200.00000000000006], [433.3333333333332, 200.00000000000006], [293.3333333333332, 440.00000000000006], [153.3333333333332, 200.00000000000006]]]"
Sun Jul 19 05:00:37 2020,2,5,True,656.8210351378502,0.8678162992760597,"[0, 0, 0, 0, 0, 0, 2, 0, 2, 2, 1, 1]","[[[0.0, 380.0], [200.0, 380.0], [200.0, 580.0], [0.0, 580.0], [0.0, 380.0]], [[456.82103513785023, 0.0], [656.8210351378502, 0.0], [656.8210351378502, 200.0], [456.82103513785023, 200.0], [456.82103513785023, 0.0]], [[0.0, 580.0], [280.0, 580.0], [280.0, 760.0], [0.0, 760.0], [0.0, 580.0]], [[179.04631054135507, 279.04631054135507], [459.04631054135507, 279.04631054135507], [319.04631054135507, 419.04631054135507], [179.04631054135507, 279.04631054135507]], [[280.0, 741.9770825049093], [280.0, 561.9770825049093], [560.0, 741.9770825049093], [280.0, 741.9770825049093]], [[180.0, 0.0], [460.0, 0.0], [460.0, 280.0], [180.0, 280.0], [180.0, 0.0]], [[399.81691335036993, 609.9038478450573], [199.81691335036993, 529.9038478450573], [199.81691335036993, 429.90384784505727], [399.81691335036993, 429.90384784505727], [399.81691335036993, 609.9038478450573]], [[80.0, 0.0], [180.0, 0.0], [180.0, 180.0], [80.0, 180.0], [80.0, 0.0]], [[280.0, 380.0], [0.0, 380.0], [0.0, 100.0], [280.0, 380.0]], [[656.8210351378502, 481.2715859448599], [456.82103513785023, 481.2715859448599], [456.82103513785023, 281.2715859448599], [656.8210351378502, 201.2715859448599], [656.8210351378502, 481.2715859448599]], [[399.81691335036993, 452.7695250511198], [559.81691335037, 532.7695250511198], [399.81691335036993, 612.7695250511198], [399.81691335036993, 452.7695250511198]], [[656.8210351378502, 480.0], [656.8210351378502, 760.0], [416.82103513785023, 620.0], [656.8210351378502, 480.0]]]"
Sun Jul 19 05:01:00 2020,2,1,True,663.3892454892288,0.8592240586891681,"[0, 0, 1, 1, 0, 0, 2, 1, 3, 0, 1, 1]","[[[430.54819373233624, 560.0], [630.5481937323362, 560.0], [630.5481937323362, 760.0], [430.54819373233624, 760.0], [430.54819373233624, 560.0]], [[230.54819373233624, 560.0], [430.54819373233624, 560.0], [430.54819373233624, 760.0], [230.54819373233624, 760.0], [230.54819373233624, 560.0]], [[652.7704159545585, 0.0], [652.7704159545585, 280.0], [472.77041595455853, 280.0], [472.77041595455853, 0.0], [652.7704159545585, 0.0]], [[159.78072250706555, 120.21927749293445], [159.78072250706555, 400.21927749293445], [19.780722507065548, 260.21927749293445], [159.78072250706555, 120.21927749293445]], [[179.78072250706555, 280.0], [179.78072250706555, 100.0], [459.78072250706555, 280.0], [179.78072250706555, 280.0]], [[359.78072250706555, 280.0], [639.7807225070655, 280.0], [639.7807225070655, 560.0], [359.78072250706555, 560.0], [359.78072250706555, 280.0]], [[359.78072250706555, 464.1315664957607], [159.78072250706555, 384.1315664957607], [159.78072250706555, 284.1315664957607], [359.78072250706555, 284.1315664957607], [359.78072250706555, 464.1315664957607]], [[230.54819373233624, 660.0], [230.54819373233624, 760.0], [50.548193732336244, 760.0], [50.548193732336244, 660.0], [230.54819373233624, 660.0]], [[0.0, 280.0], [0.0, 0.0], [280.0, 0.0], [0.0, 280.0]], [[0.0, 400.21927749293445], [200.0, 400.21927749293445], [200.0, 600.2192774929345], [0.0, 680.2192774929345], [0.0, 400.21927749293445]], [[200.0, 408.3941850612597], [360.0, 488.3941850612597], [200.0, 568.3941850612597], [200.0, 408.3941850612597]], [[472.7704159545585, 0.0], [472.7704159545585, 280.0], [232.77041595455847, 140.0], [472.7704159545585, 0.0]]]"
Sun Jul 19 05:01:50 2020,2,3,True,670.023137944121,0.8507168897912556,"[0, 0, 1, 3, 0, 0, 1, 0, 1, 1, 1, 1]","[[[0.0, 0.0], [200.0, 0.0], [200.0, 200.0], [0.0, 200.0], [0.0, 0.0]], [[0.0, 200.0], [200.0, 200.0], [200.0, 400.0], [0.0, 400.0], [0.0, 200.0]], [[670.023137944121, 480.0], [670.023137944121, 760.0], [490.023137944121, 760.0], [490.023137944121, 480.0], [670.023137944121, 480.0]], [[200.0, 400.0], [200.0, 120.0], [340.0, 260.0], [200.0, 400.0]], [[162.30449046798572, 760.0], [162.30449046798572, 580.0], [442.3044904679857, 760.0], [162.30449046798572, 760.0]], [[390.023137944121, 200.0], [670.023137944121, 200.0], [670.023137944121, 480.0], [390.023137944121, 480.0], [390.023137944121, 200.0]], [[660.0, 0.0], [580.0, 200.0], [480.0, 200.0], [480.0, 0.0], [660.0, 0.0]], [[62.304490467985715, 580.0], [162.30449046798572, 580.0], [162.30449046798572, 760.0], [62.304490467985715, 760.0], [62.304490467985715, 580.0]], [[390.023137944121, 209.976862055879], [390.023137944121, 489.976862055879], [110.023137944121, 489.976862055879], [390.023137944121, 209.976862055879]], [[480.0, 0.0], [480.0, 200.0], [280.0, 200.0], [200.0, 0.0], [480.0, 0.0]], [[0.0, 451.15224523399286], [160.0, 531.1522452339929], [0.0, 611.1522452339929], [0.0, 451.15224523399286]], [[490.023137944121, 480.0], [490.023137944121, 760.0], [250.023137944121, 620.0], [490.023137944121, 480.0]]]"
Sun Jul 19 05:02:06 2020,2,1,True,676.7233693235622,0.8422939502883718,"[0, 0, 1, 1, 0, 0, 0, 0, 0, 0, 0, 1]","[[[476.7233693235622, 280.0], [676.7233693235622, 280.0], [676.7233693235622, 480.0], [476.7233693235622, 480.0], [476.7233693235622, 280.0]], [[0.0, 180.86110131524504], [200.0, 180.86110131524504], [200.0, 380.86110131524504], [0.0, 380.86110131524504], [0.0, 180.86110131524504]], [[656.7233693235622, 480.0], [656.7233693235622, 760.0], [476.7233693235622, 760.0], [476.7233693235622, 480.0], [656.7233693235622, 480.0]], [[276.7233693235622, 304.1377319916828], [276.7233693235622, 584.1377319916828], [136.72336932356222, 444.1377319916828], [276.7233693235622, 304.1377319916828]], [[160.99999020413395, 760.0], [160.99999020413395, 580.0], [440.99999020413395, 760.0], [160.99999020413395, 760.0]], [[396.7233693235622, 0.0], [676.7233693235622, 0.0], [676.7233693235622, 280.0], [396.7233693235622, 280.0], [396.7233693235622, 0.0]], [[0.0, 3.276630676437776], [200.0, 83.27663067643778], [200.0, 183.27663067643778], [0.0, 183.27663067643778], [0.0, 3.276630676437776]], [[0.0, 540.861101315245], [100.0, 540.861101315245], [100.0, 720.861101315245], [0.0, 720.861101315245], [0.0, 540.861101315245]], [[116.72336932356222, 0.0], [396.7233693235622, 0.0], [396.7233693235622, 280.0], [116.72336932356222, 0.0]], [[276.7233693235622, 280.0], [476.7233693235622, 280.0], [476.7233693235622, 480.0], [276.7233693235622, 560.0], [276.7233693235622, 280.0]], [[0.0, 540.861101315245], [80.0, 380.86110131524504], [160.0, 540.861101315245], [0.0, 540.861101315245]], [[476.72336932356217, 480.0], [476.72336932356217, 760.0], [236.72336932356217, 620.0], [476.72336932356217, 480.0]]]"
Sun Jul 19 05:02:13 2020,2,1,True,683.4906030167979,0.8339544062261107,"[0, 0, 1, 1, 0, 0, 0, 0, 0, 0, 2, 1]","[[[440.1307544943602, 280.0], [640.1307544943602, 280.0], [640.1307544943602, 480.0], [440.1307544943602, 480.0], [440.1307544943602, 280.0]], [[0.0, 210.34556544938027], [200.0, 210.34556544938027], [200.0, 410.3455654493803], [0.0, 410.3455654493803], [0.0, 210.34556544938027]], [[660.1307544943602, 480.0], [660.1307544943602, 760.0], [480.1307544943602, 760.0], [480.1307544943602, 480.0], [660.1307544943602, 480.0]], [[240.13075449436013, 390.08405646066], [240.13075449436013, 670.08405646066], [100.13075449436013, 530.08405646066], [240.13075449436013, 390.08405646066]], [[100.0, 760.0], [100.0, 580.0], [380.0, 760.0], [100.0, 760.0]], [[369.6544345506197, 0.0], [649.6544345506197, 0.0], [649.6544345506197, 280.0], [369.6544345506197, 280.0], [369.6544345506197, 0.0]], [[0.0, 30.345565449380274], [200.0, 110.34556544938027], [200.0, 210.34556544938027], [0.0, 210.34556544938027], [0.0, 30.345565449380274]], [[0.0, 570.3455654493803], [100.0, 570.3455654493803], [100.0, 750.3455654493803], [0.0, 750.3455654493803], [0.0, 570.3455654493803]], [[89.65443455061973, 0.0], [369.6544345506197, 0.0], [369.6544345506197, 280.0], [89.65443455061973, 0.0]], [[240.1307544943602, 297.2221466994847], [440.1307544943602, 297.2221466994847], [440.1307544943602, 497.2221466994847], [240.1307544943602, 577.2221466994847], [240.1307544943602, 297.2221466994847]], [[160.0, 410.3455654493803], [80.0, 570.3455654493803], [0.0, 410.3455654493803], [160.0, 410.3455654493803]], [[480.13075449436013, 480.0], [480.13075449436013, 760.0], [240.13075449436013, 620.0], [480.13075449436013, 480.0]]]"
Sun Jul 19 05:02:13 2020,2,0,True,656.1509788961259,0.868702506485532,"[0, 0, 1, 1, 0, 0, 0, 0, 0, 0, 2, 1]","[[[440.1307544943602, 280.0], [640.1307544943602, 280.0], [640.1307544943602, 480.0], [440.1307544943602, 480.0], [440.1307544943602, 280.0]], [[0.0, 210.34556544938027], [200.0, 210.34556544938027], [200.0, 410.3455654493803], [0.0, 410.3455654493803], [0.0, 210.34556544938027]], [[656.1509788961259, 480.0], [656.1509788961259, 760.0], [476.15097889612593, 760.0], [476.15097889612593, 480.0], [656.1509788961259, 480.0]], [[240.13075449436013, 390.08405646066], [240.13075449436013, 670.08405646066], [100.13075449436013, 530.08405646066], [240.13075449436013, 390.08405646066]], [[100.0, 760.0], [100.0, 580.0], [380.0, 760.0], [100.0, 760.0]], [[369.6544345506197, 0.0], [649.6544345506197, 0.0], [649.6544345506197, 280.0], [369.6544345506197, 280.0], [369.6544345506197, 0.0]], [[0.0, 30.345565449380274], [200.0, 110.34556544938027], [200.0, 210.34556544938027], [0.0, 210.34556544938027], [0.0, 30.345565449380274]], [[0.0, 570.3455654493803], [100.0, 570.3455654493803], [100.0, 750.3455654493803], [0.0, 750.3455654493803], [0.0, 570.3455654493803]], [[89.65443455061973, 0.0], [369.6544345506197, 0.0], [369.6544345506197, 280.0], [89.65443455061973, 0.0]], [[240.1307544943602, 297.2221466994847], [440.1307544943602, 297.2221466994847], [440.1307544943602, 497.2221466994847], [240.1307544943602, 577.2221466994847], [240.1307544943602, 297.2221466994847]], [[160.0, 410.3455654493803], [80.0, 570.3455654493803], [0.0, 410.3455654493803], [160.0, 410.3455654493803]], [[480.13075449436013, 480.0], [480.13075449436013, 760.0], [240.13075449436013, 620.0], [480.13075449436013, 480.0]]]"
Sun Jul 19 05:02:53 2020,2,3,True,662.7124886850872,0.8601014915698336,"[0, 0, 1, 1, 2, 0, 1, 0, 3, 2, 1, 3]","[[[0.0, 280.0], [200.0, 280.0], [200.0, 480.0], [0.0, 480.0], [0.0, 280.0]], [[402.2222222222222, 0.0], [602.2222222222222, 0.0], [602.2222222222222, 200.0], [402.2222222222222, 200.0], [402.2222222222222, 0.0]], [[379.96197589611234, 186.6888473939345], [379.96197589611234, 466.6888473939345], [199.96197589611234, 466.6888473939345], [199.96197589611234, 186.6888473939345], [379.96197589611234, 186.6888473939345]], [[662.7124886850872, 202.67446458119957], [662.7124886850872, 482.6744645811996], [522.7124886850872, 342.6744645811996], [662.7124886850872, 202.67446458119957]], [[302.22222222222223, 0.0], [302.22222222222223, 180.0], [22.22222222222223, 0.0], [302.22222222222223, 0.0]], [[180.0, 480.0], [460.0, 480.0], [460.0, 760.0], [180.0, 760.0], [180.0, 480.0]], [[180.0, 480.0], [100.0, 680.0], [0.0, 680.0], [0.0, 480.0], [180.0, 480.0]], [[302.22222222222223, 0.0], [402.22222222222223, 0.0], [402.22222222222223, 180.0], [302.22222222222223, 180.0], [302.22222222222223, 0.0]], [[379.96197589611234, 480.0], [379.96197589611234, 200.0], [659.9619758961123, 200.0], [379.96197589611234, 480.0]], [[660.0, 759.9619758961123], [460.0, 759.9619758961123], [460.0, 559.9619758961123], [660.0, 479.96197589611234], [660.0, 759.9619758961123]], [[480.0, 379.96197589611234], [640.0, 459.96197589611234], [480.0, 539.9619758961123], [480.0, 379.96197589611234]], [[0.0, 280.0], [0.0, 0.0], [240.0, 140.0], [0.0, 280.0]]]"
Sun Jul 19 05:03:07 2020,2,1,True,669.3396135719381,0.851585635217657,"[0, 0, 1, 1, 3, 0, 2, 0, 3, 2, 1, 0]","[[[0.0, 279.96197589611234], [200.0, 279.96197589611234], [200.0, 479.96197589611234], [0.0, 479.96197589611234], [0.0, 279.96197589611234]], [[100.98409951133698, 0.0], [300.984099511337, 0.0], [300.984099511337, 200.0], [100.98409951133698, 200.0], [100.98409951133698, 0.0]], [[458.7172512477639, 480.0], [458.7172512477639, 760.0], [278.7172512477639, 760.0], [278.7172512477639, 480.0], [458.7172512477639, 480.0]], [[469.3396135719381, 210.62236232417422], [469.3396135719381, 490.6223623241742], [329.3396135719381, 350.6223623241742], [469.3396135719381, 210.62236232417422]], [[669.3396135719381, 280.0], [489.3396135719381, 280.0], [669.3396135719381, 0.0], [669.3396135719381, 280.0]], [[0.0, 479.96197589611234], [280.0, 479.96197589611234], [280.0, 759.9619758961123], [0.0, 759.9619758961123], [0.0, 479.96197589611234]], [[669.3396135719381, 460.0], [469.3396135719381, 380.0], [469.3396135719381, 280.0], [669.3396135719381, 280.0], [669.3396135719381, 460.0]], [[0.0, 99.96197589611234], [100.0, 99.96197589611234], [100.0, 279.96197589611234], [0.0, 279.96197589611234], [0.0, 99.96197589611234]], [[200.0, 479.96197589611234], [200.0, 199.96197589611234], [480.0, 199.96197589611234], [200.0, 479.96197589611234]], [[669.3396135719381, 748.5283091424494], [469.3396135719381, 748.5283091424494], [469.3396135719381, 548.5283091424494], [669.3396135719381, 468.5283091424494], [669.3396135719381, 748.5283091424494]], [[479.99999999999983, 384.2641545712247], [639.9999999999998, 464.2641545712247], [479.99999999999983, 544.2641545712247], [479.99999999999983, 384.2641545712247]], [[363.35551406060114, 0.0], [643.3555140606011, 0.0], [503.35551406060114, 240.0], [363.35551406060114, 0.0]]]"
Sun Jul 19 05:03:26 2020,2,1,True,676.0330097076575,0.843154094274908,"[0, 0, 1, 1, 3, 0, 0, 1, 2, 3, 2, 0]","[[[476.03300970765747, 0.0], [676.0330097076575, 0.0], [676.0330097076575, 200.0], [476.03300970765747, 200.0], [476.03300970765747, 0.0]], [[0.0, 0.0], [200.0, 0.0], [200.0, 200.0], [0.0, 200.0], [0.0, 0.0]], [[460.0, 479.96197589611234], [460.0, 759.9619758961123], [280.0, 759.9619758961123], [280.0, 479.96197589611234], [460.0, 479.96197589611234]], [[676.0330097076575, 200.0], [676.0330097076575, 480.0], [536.0330097076575, 340.0], [676.0330097076575, 200.0]], [[199.96197589611234, 479.96197589611234], [19.961975896112335, 479.96197589611234], [199.96197589611234, 199.96197589611234], [199.96197589611234, 479.96197589611234]], [[0.0, 479.96197589611234], [280.0, 479.96197589611234], [280.0, 759.9619758961123], [0.0, 759.9619758961123], [0.0, 479.96197589611234]], [[460.0, 555.0192857413117], [660.0, 635.0192857413117], [660.0, 735.0192857413117], [460.0, 735.0192857413117], [460.0, 555.0192857413117]], [[659.9619758961123, 463.00407609975673], [659.9619758961123, 563.0040760997567], [479.96197589611234, 563.0040760997567], [479.96197589611234, 463.00407609975673], [659.9619758961123, 463.00407609975673]], [[479.96197589611234, 479.96197589611234], [199.96197589611234, 479.96197589611234], [199.96197589611234, 199.96197589611234], [479.96197589611234, 479.96197589611234]], [[199.96197589611234, 200.0], [199.96197589611234, 0.0], [399.96197589611234, 0.0], [479.96197589611234, 200.0], [199.96197589611234, 200.0]], [[160.0, 200.0], [80.0, 360.0], [0.0, 200.0], [160.0, 200.0]], [[304.81311083098564, 204.81311083098564], [584.8131108309856, 204.81311083098564], [444.81311083098564, 444.81311083098564], [304.81311083098564, 204.81311083098564]]]"
Sun Jul 19 05:03:48 2020,2,1,True,682.793339804734,0.8348060339355524,"[0, 0, 1, 1, 1, 0, 1, 0, 2, 1, 0, 0]","[[[476.9070109799843, 480.0], [676.9070109799843, 480.0], [676.9070109799843, 680.0], [476.9070109799843, 680.0], [476.9070109799843, 480.0]], [[179.99999999999994, 180.72600668346877], [379.99999999999994, 180.72600668346877], [379.99999999999994, 380.72600668346877], [179.99999999999994, 380.72600668346877], [179.99999999999994, 180.72600668346877]], [[476.90701097998436, 480.0], [476.90701097998436, 760.0], [296.90701097998436, 760.0], [296.90701097998436, 480.0], [476.90701097998436, 480.0]], [[170.43478260869563, 370.4347826086956], [170.43478260869563, 650.4347826086956], [30.434782608695627, 510.4347826086956], [170.43478260869563, 370.4347826086956]], [[180.7260066834687, 380.72600668346877], [360.7260066834687, 380.72600668346877], [180.7260066834687, 660.7260066834688], [180.7260066834687, 380.72600668346877]], [[380.0, 200.0], [660.0, 200.0], [660.0, 480.0], [380.0, 480.0], [380.0, 200.0]], [[180.0, 240.86956521739125], [100.0, 440.86956521739125], [0.0, 440.86956521739125], [0.0, 240.86956521739125], [180.0, 240.86956521739125]], [[582.793339804734, 20.0], [682.793339804734, 20.0], [682.793339804734, 200.0], [582.793339804734, 200.0], [582.793339804734, 20.0]], [[280.0, 760.0], [0.0, 760.0], [0.0, 480.0], [280.0, 760.0]], [[582.793339804734, 0.0], [582.793339804734, 200.0], [382.79333980473405, 200.0], [302.79333980473405, 0.0], [582.793339804734, 0.0]], [[194.42028985507244, 170.43478260869563], [274.42028985507244, 10.434782608695627], [354.42028985507244, 170.43478260869563], [194.42028985507244, 170.43478260869563]], [[0.0, 0.8695652173912549], [280.0, 0.8695652173912549], [140.0, 240.86956521739125], [0.0, 0.8695652173912549]]]"
Sun Jul 19 05:04:16 2020,2,1,True,689.6212732027814,0.8265406276589627,"[0, 0, 0, 2, 3, 0, 0, 0, 0, 2, 2, 3]","[[[289.62127320278137, 0.0], [489.62127320278137, 0.0], [489.62127320278137, 200.0], [289.62127320278137, 200.0], [289.62127320278137, 0.0]], [[489.62127320278137, 0.0], [689.6212732027814, 0.0], [689.6212732027814, 200.0], [489.62127320278137, 200.0], [489.62127320278137, 0.0]], [[75.48160621254442, 580.0], [355.4816062125444, 580.0], [355.4816062125444, 760.0], [75.48160621254442, 760.0], [75.48160621254442, 580.0]], [[333.76476732064384, 397.3492791935098], [53.76476732064384, 397.3492791935098], [193.76476732064384, 257.3492791935098], [333.76476732064384, 397.3492791935098]], [[404.1134619354398, 580.0], [224.11346193543977, 580.0], [404.1134619354398, 300.0], [404.1134619354398, 580.0]], [[404.1134619354398, 200.0], [684.1134619354398, 200.0], [684.1134619354398, 480.0], [404.1134619354398, 480.0], [404.1134619354398, 200.0]], [[0.0, 400.0], [200.0, 480.0], [200.0, 580.0], [0.0, 580.0], [0.0, 400.0]], [[355.4816062125444, 580.0], [455.4816062125444, 580.0], [455.4816062125444, 760.0], [355.4816062125444, 760.0], [355.4816062125444, 580.0]], [[9.621273202781367, 0.0], [289.62127320278137, 0.0], [289.62127320278137, 280.0], [9.621273202781367, 0.0]], [[655.4816062125444, 760.0], [455.4816062125444, 760.0], [455.4816062125444, 560.0], [655.4816062125444, 480.0], [655.4816062125444, 760.0]], [[318.6746395967549, 397.3492791935098], [238.6746395967549, 557.3492791935098], [158.6746395967549, 397.3492791935098], [318.6746395967549, 397.3492791935098]], [[0.0, 370.37872679721863], [0.0, 90.37872679721863], [240.0, 230.37872679721863], [0.0, 370.37872679721863]]]"
Sun Jul 19 05:04:21 2020,2,0,True,662.0364222746701,0.8609798204780862,"[0, 0, 0, 2, 3, 0, 1, 0, 3, 0, 2, 2]","[[[262.03642227467014, 0.0], [462.03642227467014, 0.0], [462.03642227467014, 200.0], [262.03642227467014, 200.0], [262.03642227467014, 0.0]], [[462.03642227467014, 0.0], [662.0364222746701, 0.0], [662.0364222746701, 200.0], [462.03642227467014, 200.0], [462.03642227467014, 0.0]], [[100.0, 580.0], [380.0, 580.0], [380.0, 760.0], [100.0, 760.0], [100.0, 580.0]], [[382.03642227467014, 326.34815247086306], [102.03642227467014, 326.34815247086306], [242.03642227467014, 186.34815247086306], [382.03642227467014, 326.34815247086306]], [[662.0364222746701, 760.0], [482.03642227467014, 760.0], [662.0364222746701, 480.0], [662.0364222746701, 760.0]], [[382.03642227467014, 200.0], [662.0364222746701, 200.0], [662.0364222746701, 480.0], [382.03642227467014, 480.0], [382.03642227467014, 200.0]], [[180.0, 326.34815247086306], [100.0, 526.348152470863], [0.0, 526.348152470863], [0.0, 326.34815247086306], [180.0, 326.34815247086306]], [[0.0, 580.0], [100.0, 580.0], [100.0, 760.0], [0.0, 760.0], [0.0, 580.0]], [[382.03642227467014, 760.0], [382.03642227467014, 480.0], [662.0364222746701, 480.0], [382.03642227467014, 760.0]], [[0.0, 34.732727216396256], [200.0, 34.732727216396256], [200.0, 234.73272721639626], [0.0, 314.73272721639626], [0.0, 34.732727216396256]], [[382.03642227467014, 340.0], [302.03642227467014, 500.0], [222.03642227467014, 340.0], [382.03642227467014, 340.0]], [[348.70308894133683, 580.0], [68.70308894133683, 580.0], [208.70308894133683, 340.0], [348.70308894133683, 580.0]]]"
Sun Jul 19 05:07:02 2020,2,9,True,668.6567864974169,0.8524552678000854,"[0, 0, 1, 3, 3, 0, 1, 0, 0, 0, 0, 3]","[[[468.6567864974169, 560.0], [668.6567864974169, 560.0], [668.6567864974169, 760.0], [468.6567864974169, 760.0], [468.6567864974169, 560.0]], [[460.0, 0.0], [660.0, 0.0], [660.0, 200.0], [460.0, 200.0], [460.0, 0.0]], [[460.0, 0.0], [460.0, 280.0], [280.0, 280.0], [280.0, 0.0], [460.0, 0.0]], [[0.0, 280.0], [0.0, 0.0], [140.0, 140.0], [0.0, 280.0]], [[668.6567864974169, 560.0], [488.6567864974169, 560.0], [668.6567864974169, 280.0], [668.6567864974169, 560.0]], [[0.0, 480.0], [280.0, 480.0], [280.0, 760.0], [0.0, 760.0], [0.0, 480.0]], [[660.0, 200.0], [580.0, 400.0], [480.0, 400.0], [480.0, 200.0], [660.0, 200.0]], [[0.0, 280.0], [100.0, 280.0], [100.0, 460.0], [0.0, 460.0], [0.0, 280.0]], [[0.0, 0.0], [280.0, 0.0], [280.0, 280.0], [0.0, 0.0]], [[280.0, 355.4627145989667], [480.0, 355.4627145989667], [480.0, 555.4627145989667], [280.0, 635.4627145989667], [280.0, 355.4627145989667]], [[288.6567864974168, 760.0], [368.6567864974168, 600.0], [448.6567864974168, 760.0], [288.6567864974168, 760.0]], [[100.0, 460.0], [100.0, 180.0], [340.0, 320.0], [100.0, 460.0]]]"
Sun Jul 19 05:07:22 2020,2,1,True,675.3433543623911,0.8440151166337478,"[0, 0, 0, 0, 0, 0, 0, 0, 1, 3, 0, 1]","[[[475.3433543623911, 380.0], [675.3433543623911, 380.0], [675.3433543623911, 580.0], [475.3433543623911, 580.0], [475.3433543623911, 380.0]], [[0.0, 280.0], [200.0, 280.0], [200.0, 480.0], [0.0, 480.0], [0.0, 280.0]], [[280.0, 580.0], [560.0, 580.0], [560.0, 760.0], [280.0, 760.0], [280.0, 580.0]], [[295.3433543623911, 200.0], [575.3433543623911, 200.0], [435.3433543623911, 340.0], [295.3433543623911, 200.0]], [[0.0, 760.0], [0.0, 580.0], [280.0, 760.0], [0.0, 760.0]], [[0.0, 0.0], [280.0, 0.0], [280.0, 280.0], [0.0, 280.0], [0.0, 0.0]], [[253.59223300970882, 380.0], [453.5922330097088, 460.0], [453.5922330097088, 560.0], [253.59223300970882, 560.0], [253.59223300970882, 380.0]], [[560.0, 580.0], [660.0, 580.0], [660.0, 760.0], [560.0, 760.0], [560.0, 580.0]], [[675.3433543623911, 100.0], [675.3433543623911, 380.0], [395.3433543623911, 380.0], [675.3433543623911, 100.0]], [[280.0, 200.0], [280.0, 0.0], [480.0, 0.0], [560.0, 200.0], [280.0, 200.0]], [[230.0, 380.0], [310.0, 220.0], [390.0, 380.0], [230.0, 380.0]], [[253.59223300970882, 448.7378640776699], [253.59223300970882, 728.7378640776699], [13.59223300970882, 588.7378640776699], [253.59223300970882, 448.7378640776699]]]"
Sun Jul 19 05:07:36 2020,2,1,True,682.096787906015,0.8356585313205424,"[0, 0, 1, 0, 3, 0, 3, 0, 2, 0, 1, 1]","[[[343.3318480751582, 386.16399215349134], [543.3318480751582, 386.16399215349134], [543.3318480751582, 586.1639921534913], [343.3318480751582, 586.1639921534913], [343.3318480751582, 386.16399215349134]], [[143.33184807515818, 280.0], [343.3318480751582, 280.0], [343.3318480751582, 480.0], [143.33184807515818, 480.0], [143.33184807515818, 280.0]], [[180.0, 0.0], [180.0, 280.0], [0.0, 280.0], [0.0, 0.0], [180.0, 0.0]], [[291.6311910446185, 586.1639921534913], [571.6311910446185, 586.1639921534913], [431.6311910446185, 726.1639921534913], [291.6311910446185, 586.1639921534913]], [[185.71428571428572, 760.0], [5.714285714285722, 760.0], [185.71428571428572, 480.0], [185.71428571428572, 760.0]], [[180.0, 0.0], [460.0, 0.0], [460.0, 280.0], [180.0, 280.0], [180.0, 0.0]], [[502.09678790601504, 760.0], [582.096787906015, 560.0], [682.096787906015, 560.0], [682.096787906015, 760.0], [502.09678790601504, 760.0]], [[40.0, 280.0], [140.0, 280.0], [140.0, 460.0], [40.0, 460.0], [40.0, 280.0]], [[465.46719889112717, 760.0], [185.46719889112717, 760.0], [185.46719889112717, 480.0], [465.46719889112717, 760.0]], [[460.0, 0.0], [660.0, 0.0], [660.0, 200.0], [460.0, 280.0], [460.0, 0.0]], [[0.0, 440.0], [160.0, 520.0], [0.0, 600.0], [0.0, 440.0]], [[682.096787906015, 187.1102070548245], [682.096787906015, 467.1102070548245], [442.09678790601504, 327.1102070548245], [682.096787906015, 187.1102070548245]]]"
Sun Jul 19 05:07:50 2020,2,1,True,688.9177557850752,0.8273846844757845,"[0, 0, 1, 2, 1, 0, 0, 1, 0, 0, 0, 2]","[[[279.6924654392982, 560.0], [479.6924654392982, 560.0], [479.6924654392982, 760.0], [279.6924654392982, 760.0], [279.6924654392982, 560.0]], [[0.0, 305.1870836102256], [200.0, 305.1870836102256], [200.0, 505.1870836102256], [0.0, 505.1870836102256], [0.0, 305.1870836102256]], [[688.9177557850752, 195.83691649619868], [688.9177557850752, 475.8369164961987], [508.9177557850752, 475.8369164961987], [508.9177557850752, 195.83691649619868], [688.9177557850752, 195.83691649619868]], [[425.1870836102256, 280.0], [145.1870836102256, 280.0], [285.1870836102256, 140.0], [425.1870836102256, 280.0]], [[454.8129163897744, 0.0], [634.8129163897744, 0.0], [454.8129163897744, 280.0], [454.8129163897744, 0.0]], [[200.0, 280.0], [480.0, 280.0], [480.0, 560.0], [200.0, 560.0], [200.0, 280.0]], [[479.6924654392982, 564.146800357888], [679.6924654392982, 644.146800357888], [679.6924654392982, 744.146800357888], [479.6924654392982, 744.146800357888], [479.6924654392982, 564.146800357888]], [[688.9177557850752, 475.8369164961987], [688.9177557850752, 575.8369164961987], [508.9177557850752, 575.8369164961987], [508.9177557850752, 475.8369164961987], [688.9177557850752, 475.8369164961987]], [[174.8129163897744, 0.0], [454.8129163897744, 0.0], [454.8129163897744, 280.0], [174.8129163897744, 0.0]], [[0.0, 25.187083610225613], [200.0, 25.187083610225613], [200.0, 225.1870836102256], [0.0, 305.1870836102256], [0.0, 25.187083610225613]], [[528.9177557850752, 195.83691649619868], [608.9177557850752, 35.83691649619868], [688.9177557850752, 195.83691649619868], [528.9177557850752, 195.83691649619868]], [[280.0, 760.0], [0.0, 760.0], [140.0, 520.0], [280.0, 760.0]]]"
Sun Jul 19 05:08:00 2020,2,1,True,695.806933342926,0.8191927569067172,"[0, 0, 0, 3, 2, 0, 0, 0, 2, 0, 3, 3]","[[[461.36104555367217, 560.0], [661.3610455536722, 560.0], [661.3610455536722, 760.0], [461.36104555367217, 760.0], [461.36104555367217, 560.0]], [[495.80693334292596, 195.80693334292596], [695.806933342926, 195.80693334292596], [695.806933342926, 395.80693334292596], [495.80693334292596, 395.80693334292596], [495.80693334292596, 195.80693334292596]], [[140.0, 570.0], [420.0, 570.0], [420.0, 750.0], [140.0, 750.0], [140.0, 570.0]], [[0.0, 760.0], [0.0, 480.0], [140.0, 620.0], [0.0, 760.0]], [[489.36104555367217, 0.0], [489.36104555367217, 180.0], [209.36104555367217, 0.0], [489.36104555367217, 0.0]], [[100.0, 290.0], [380.0, 290.0], [380.0, 570.0], [100.0, 570.0], [100.0, 290.0]], [[489.36104555367217, 0.0], [689.3610455536722, 80.0], [689.3610455536722, 180.0], [489.36104555367217, 180.0], [489.36104555367217, 0.0]], [[0.0, 280.0], [100.0, 280.0], [100.0, 460.0], [0.0, 460.0], [0.0, 280.0]], [[660.0, 560.0], [380.0, 560.0], [380.0, 280.0], [660.0, 560.0]], [[0.0, 0.0], [200.0, 0.0], [200.0, 200.0], [0.0, 280.0], [0.0, 0.0]], [[450.70883011100767, 315.35441505550386], [290.70883011100767, 235.35441505550386], [450.70883011100767, 155.35441505550386], [450.70883011100767, 315.35441505550386]], [[200.0, 288.26789928692506], [200.0, 8.267899286925058], [440.0, 148.26789928692506], [200.0, 288.26789928692506]]]"
Sun Jul 19 05:08:29 2020,2,2,True,667.9746560092088,0.8533257884444972,"[0, 0, 1, 2, 1, 0, 3, 1, 0, 0, 0, 3]","[[[79.52013845278526, 436.3020068512228], [279.52013845278526, 436.3020068512228], [279.52013845278526, 636.3020068512228], [79.52013845278526, 636.3020068512228], [79.52013845278526, 436.3020068512228]], [[280.0, 560.0], [480.0, 560.0], [480.0, 760.0], [280.0, 760.0], [280.0, 560.0]], [[380.0, 0.0], [380.0, 280.0], [200.0, 280.0], [200.0, 0.0], [380.0, 0.0]], [[667.9746560092086, 560.0], [387.9746560092086, 560.0], [527.9746560092086, 420.0], [667.9746560092086, 560.0]], [[0.0, 280.0], [180.0, 280.0], [0.0, 560.0], [0.0, 280.0]], [[387.97465600920884, 0.0], [667.9746560092088, 0.0], [667.9746560092088, 280.0], [387.97465600920884, 280.0], [387.97465600920884, 0.0]], [[487.97465600920884, 760.0], [567.9746560092088, 560.0], [667.9746560092088, 560.0], [667.9746560092088, 760.0], [487.97465600920884, 760.0]], [[180.0, 636.3020068512229], [180.0, 736.3020068512229], [0.0, 736.3020068512229], [0.0, 636.3020068512229], [180.0, 636.3020068512229]], [[387.97465600920884, 280.0], [667.9746560092088, 280.0], [667.9746560092088, 560.0], [387.97465600920884, 280.0]], [[0.0, 0.0], [200.0, 0.0], [200.0, 200.0], [0.0, 280.0], [0.0, 0.0]], [[101.8489965743886, 436.3020068512228], [181.8489965743886, 276.3020068512228], [261.8489965743886, 436.3020068512228], [101.8489965743886, 436.3020068512228]], [[287.9746560092088, 560.0], [287.9746560092088, 280.0], [527.9746560092087, 420.0], [287.9746560092088, 560.0]]]"
Sun Jul 19 05:08:47 2020,2,1,True,674.6544025693009,0.8448770182618786,"[0, 0, 1, 0, 0, 0, 3, 1, 0, 2, 1, 3]","[[[0.0, 560.0], [200.0, 560.0], [200.0, 760.0], [0.0, 760.0], [0.0, 560.0]], [[441.25566976884045, 560.0], [641.2556697688404, 560.0], [641.2556697688404, 760.0], [441.25566976884045, 760.0], [441.25566976884045, 560.0]], [[180.0, 280.0], [180.0, 560.0], [0.0, 560.0], [0.0, 280.0], [180.0, 280.0]], [[375.0760673308823, 279.5783352384186], [655.0760673308823, 279.5783352384186], [515.0760673308823, 419.5783352384186], [375.0760673308823, 279.5783352384186]], [[0.0, 180.0], [0.0, 0.0], [280.0, 180.0], [0.0, 180.0]], [[394.65440256930094, 0.0], [674.6544025693009, 0.0], [674.6544025693009, 280.0], [394.65440256930094, 280.0], [394.65440256930094, 0.0]], [[494.65440256930094, 560.0], [574.6544025693009, 360.0], [674.6544025693009, 360.0], [674.6544025693009, 560.0], [494.65440256930094, 560.0]], [[180.0, 180.0], [180.0, 280.0], [0.0, 280.0], [0.0, 180.0], [180.0, 180.0]], [[114.65440256930094, 0.0], [394.65440256930094, 0.0], [394.65440256930094, 280.0], [114.65440256930094, 0.0]], [[441.25566976884045, 760.0], [241.25566976884045, 760.0], [241.25566976884045, 560.0], [441.25566976884045, 480.0], [441.25566976884045, 760.0]], [[376.11873815497734, 350.0996706504661], [536.1187381549773, 430.0996706504661], [376.11873815497734, 510.0996706504661], [376.11873815497734, 350.0996706504661]], [[180.0, 464.5022679075363], [180.0, 184.5022679075363], [420.0, 324.5022679075363], [180.0, 464.5022679075363]]]"
Sun Jul 19 05:09:06 2020,2,1,True,681.4009465949939,0.8365118992691867,"[0, 0, 0, 0, 1, 0, 1, 0, 2, 0, 0, 1]","[[[420.0, 501.69889563917377], [620.0, 501.69889563917377], [620.0, 701.6988956391738], [420.0, 701.6988956391738], [420.0, 501.69889563917377]], [[0.0, 180.0], [200.0, 180.0], [200.0, 380.0], [0.0, 380.0], [0.0, 180.0]], [[0.0, 0.0], [280.0, 0.0], [280.0, 180.0], [0.0, 180.0], [0.0, 0.0]], [[278.9170610812474, 280.0], [558.9170610812474, 280.0], [418.9170610812474, 420.0], [278.9170610812474, 280.0]], [[484.0, 0.0], [664.0, 0.0], [484.0, 280.0], [484.0, 0.0]], [[140.0, 480.0], [420.0, 480.0], [420.0, 760.0], [140.0, 760.0], [140.0, 480.0]], [[180.0, 380.0], [100.0, 580.0], [0.0, 580.0], [0.0, 380.0], [180.0, 380.0]], [[0.0, 580.0], [100.0, 580.0], [100.0, 760.0], [0.0, 760.0], [0.0, 580.0]], [[480.0, 480.0], [200.0, 480.0], [200.0, 200.0], [480.0, 480.0]], [[280.0, 0.0], [480.0, 0.0], [480.0, 200.0], [280.0, 280.0], [280.0, 0.0]], [[521.2571428571428, 257.6], [601.2571428571428, 97.60000000000002], [681.2571428571428, 257.6], [521.2571428571428, 257.6]], [[681.4009465949939, 257.5161144862535], [681.4009465949939, 537.5161144862535], [441.4009465949939, 397.5161144862535], [681.4009465949939, 257.5161144862535]]]"
Sun Jul 19 05:09:32 2020,2,1,True,688.2149560609439,0.8282296032368185,"[0, 0, 0, 3, 1, 0, 3, 1, 0, 3, 2, 2]","[[[465.02397813296966, 460.0], [665.0239781329697, 460.0], [665.0239781329697, 660.0], [465.02397813296966, 660.0], [465.02397813296966, 460.0]], [[0.0, 200.0], [200.0, 200.0], [200.0, 400.0], [0.0, 400.0], [0.0, 200.0]], [[360.0, 0.0], [640.0, 0.0], [640.0, 180.0], [360.0, 180.0], [360.0, 0.0]], [[433.33333333333326, 480.0], [433.33333333333326, 200.0], [573.3333333333333, 340.0], [433.33333333333326, 480.0]], [[0.0, 400.0], [180.0, 400.0], [0.0, 680.0], [0.0, 400.0]], [[185.02397813296972, 480.0], [465.0239781329697, 480.0], [465.0239781329697, 760.0], [185.02397813296972, 760.0], [185.02397813296972, 480.0]], [[0.0, 755.5555555555555], [80.0, 555.5555555555555], [180.0, 555.5555555555555], [180.0, 755.5555555555555], [0.0, 755.5555555555555]], [[645.0239781329697, 660.0], [645.0239781329697, 760.0], [465.02397813296966, 760.0], [465.02397813296966, 660.0], [645.0239781329697, 660.0]], [[408.2149560609439, 180.0], [688.2149560609439, 180.0], [688.2149560609439, 460.0], [408.2149560609439, 180.0]], [[0.0, 200.0], [0.0, 0.0], [200.0, 0.0], [280.0, 200.0], [0.0, 200.0]], [[360.0, 0.0], [280.0, 160.0], [200.0, 0.0], [360.0, 0.0]], [[433.33333333333326, 480.0], [153.33333333333326, 480.0], [293.33333333333326, 240.0], [433.33333333333326, 480.0]]]"
Sun Jul 19 05:09:56 2020,2,3,True,695.0971056215534,0.8200293101354638,"[0, 0, 0, 2, 3, 0, 1, 1, 0, 3, 1, 0]","[[[0.0, 200.0], [200.0, 200.0], [200.0, 400.0], [0.0, 400.0], [0.0, 200.0]], [[180.0, 0.0], [380.0, 0.0], [380.0, 200.0], [180.0, 200.0], [180.0, 0.0]], [[380.68635781850617, 580.0], [660.6863578185062, 580.0], [660.6863578185062, 760.0], [380.68635781850617, 760.0], [380.68635781850617, 580.0]], [[280.0, 760.0], [0.0, 760.0], [140.0, 620.0], [280.0, 760.0]], [[695.0971056215534, 582.4415394035095], [515.0971056215534, 582.4415394035095], [695.0971056215534, 302.4415394035095], [695.0971056215534, 582.4415394035095]], [[380.0, 0.0], [660.0, 0.0], [660.0, 280.0], [380.0, 280.0], [380.0, 0.0]], [[180.0, 0.0], [100.0, 200.0], [0.0, 200.0], [0.0, 0.0], [180.0, 0.0]], [[516.6666666666666, 480.0], [516.6666666666666, 580.0], [336.66666666666663, 580.0], [336.66666666666663, 480.0], [516.6666666666666, 480.0]], [[56.66666666666663, 480.0], [336.66666666666663, 480.0], [336.66666666666663, 760.0], [56.66666666666663, 480.0]], [[199.99999999999997, 480.0], [199.99999999999997, 280.0], [400.0, 280.0], [480.0, 480.0], [199.99999999999997, 480.0]], [[0.0, 503.33333333333337], [160.0, 583.3333333333334], [0.0, 663.3333333333334], [0.0, 503.33333333333337]], [[400.0, 280.0], [680.0, 280.0], [540.0, 520.0], [400.0, 280.0]]]"
Sun Jul 19 05:10:12 2020,2,1,True,702.0480766777689,0.8119102080549147,"[0, 0, 1, 0, 1, 0, 3, 1, 1, 0, 3, 2]","[[[440.0, 560.0], [640.0, 560.0], [640.0, 760.0], [440.0, 760.0], [440.0, 560.0]], [[198.33333333333331, 0.0], [398.3333333333333, 0.0], [398.3333333333333, 200.0], [198.33333333333331, 200.0], [198.33333333333331, 0.0]], [[180.0, 340.0], [180.0, 620.0], [0.0, 620.0], [0.0, 340.0], [180.0, 340.0]], [[0.0, 620.0], [280.0, 620.0], [140.0, 760.0], [0.0, 620.0]], [[440.0, 280.0], [620.0, 280.0], [440.0, 560.0], [440.0, 280.0]], [[403.494623655914, 0.0], [683.494623655914, 0.0], [683.494623655914, 280.0], [403.494623655914, 280.0], [403.494623655914, 0.0]], [[522.0480766777689, 560.0], [602.0480766777689, 360.0], [702.0480766777689, 360.0], [702.0480766777689, 560.0], [522.0480766777689, 560.0]], [[187.29322139669125, 0.0], [187.29322139669125, 100.0], [7.293221396691251, 100.0], [7.293221396691251, 0.0], [187.29322139669125, 0.0]], [[440.0, 480.0], [440.0, 760.0], [160.0, 760.0], [440.0, 480.0]], [[180.0, 340.0], [380.0, 340.0], [380.0, 540.0], [180.0, 620.0], [180.0, 340.0]], [[403.494623655914, 351.747311827957], [243.49462365591398, 271.747311827957], [403.494623655914, 191.747311827957], [403.494623655914, 351.747311827957]], [[280.0, 340.0], [0.0, 340.0], [140.0, 100.0], [280.0, 340.0]]]"
Sun Jul 19 05:10:26 2020,2,1,True,709.0685574445466,0.8038714931236778,"[0, 0, 1, 1, 3, 0, 0, 0, 2, 1, 1, 0]","[[[506.66666666666663, 280.0], [706.6666666666666, 280.0], [706.6666666666666, 480.0], [506.66666666666663, 480.0], [506.66666666666663, 280.0]], [[380.0, 560.0], [580.0, 560.0], [580.0, 760.0], [380.0, 760.0], [380.0, 560.0]], [[180.0, 300.0], [180.0, 580.0], [0.0, 580.0], [0.0, 300.0], [180.0, 300.0]], [[506.66666666666663, 280.0], [506.66666666666663, 560.0], [366.66666666666663, 420.0], [506.66666666666663, 280.0]], [[380.0, 753.6111111111111], [200.0, 753.6111111111111], [380.0, 473.6111111111111], [380.0, 753.6111111111111]], [[393.9661536106581, 0.0], [673.9661536106581, 0.0], [673.9661536106581, 280.0], [393.9661536106581, 280.0], [393.9661536106581, 0.0]], [[0.0, 580.0], [200.0, 660.0], [200.0, 760.0], [0.0, 760.0], [0.0, 580.0]], [[580.0, 480.0], [680.0, 480.0], [680.0, 660.0], [580.0, 660.0], [580.0, 480.0]], [[280.0, 280.0], [0.0, 280.0], [0.0, 0.0], [280.0, 280.0]], [[393.9661536106581, 0.0], [393.9661536106581, 200.0], [193.96615361065813, 200.0], [113.96615361065813, 0.0], [393.9661536106581, 0.0]], [[180.0, 455.83333333333337], [340.0, 535.8333333333334], [180.0, 615.8333333333334], [180.0, 455.83333333333337]], [[168.33333333333326, 279.9999999999999], [448.33333333333326, 279.9999999999999], [308.33333333333326, 519.9999999999999], [168.33333333333326, 279.9999999999999]]]"
Sun Jul 19 05:10:36 2020,2,0,True,680.7058151467647,0.8373661386704977,"[0, 0, 1, 3, 3, 0, 1, 0, 2, 1, 0, 0]","[[[480.70581514676473, 280.0], [680.7058151467647, 280.0], [680.7058151467647, 480.0], [480.70581514676473, 480.0], [480.70581514676473, 280.0]], [[480.0, 539.6470924266177], [680.0, 539.6470924266177], [680.0, 739.6470924266177], [480.0, 739.6470924266177], [480.0, 539.6470924266177]], [[180.0, 280.0], [180.0, 560.0], [0.0, 560.0], [0.0, 280.0], [180.0, 280.0]], [[179.99999999999997, 652.0], [179.99999999999997, 372.0], [320.0, 512.0], [179.99999999999997, 652.0]], [[350.3809523809523, 760.0], [170.3809523809523, 760.0], [350.3809523809523, 480.0], [350.3809523809523, 760.0]], [[399.9999999999999, 0.0], [679.9999999999999, 0.0], [679.9999999999999, 280.0], [399.9999999999999, 280.0], [399.9999999999999, 0.0]], [[180.0, 560.0], [100.0, 760.0], [0.0, 760.0], [0.0, 560.0], [180.0, 560.0]], [[380.0, 580.0], [480.0, 580.0], [480.0, 760.0], [380.0, 760.0], [380.0, 580.0]], [[280.0, 280.0000000000001], [0.0, 280.0000000000001], [0.0, 1.1368683772161603e-13], [280.0, 280.0000000000001]], [[399.9999999999999, 0.0], [399.9999999999999, 200.0], [199.9999999999999, 200.0], [119.99999999999989, 0.0], [399.9999999999999, 0.0]], [[350.3809523809523, 539.3502744683751], [430.3809523809523, 379.3502744683751], [510.3809523809523, 539.3502744683751], [350.3809523809523, 539.3502744683751]], [[184.66666666666669, 280.0], [464.6666666666667, 280.0], [324.6666666666667, 520.0], [184.66666666666669, 280.0]]]"
Sun Jul 19 05:10:51 2020,2,1,True,687.5128732982324,0.8290753848222749,"[0, 0, 1, 2, 3, 0, 1, 0, 2, 1, 0, 0]","[[[0.0, 280.0], [200.0, 280.0], [200.0, 480.0], [0.0, 480.0], [0.0, 280.0]], [[207.51287329823242, 7.512873298232421], [407.5128732982324, 7.512873298232421], [407.5128732982324, 207.51287329823242], [207.51287329823242, 207.51287329823242], [207.51287329823242, 7.512873298232421]], [[680.0, 460.0], [680.0, 740.0], [500.0, 740.0], [500.0, 460.0], [680.0, 460.0]], [[300.0, 760.0], [20.0, 760.0], [160.0, 620.0], [300.0, 760.0]], [[497.1895953917558, 560.0], [317.1895953917558, 560.0], [497.1895953917558, 280.0], [497.1895953917558, 560.0]], [[407.5128732982324, 0.0], [687.5128732982324, 0.0], [687.5128732982324, 280.0], [407.5128732982324, 280.0], [407.5128732982324, 0.0]], [[180.0, 480.0], [100.0, 680.0], [0.0, 680.0], [0.0, 480.0], [180.0, 480.0]], [[553.4775825408941, 280.0], [653.4775825408941, 280.0], [653.4775825408941, 460.0], [553.4775825408941, 460.0], [553.4775825408941, 280.0]], [[280.0, 280.0], [0.0, 280.0], [0.0, 0.0], [280.0, 280.0]], [[500.0, 560.0], [500.0, 760.0], [300.0, 760.0], [220.0, 560.0], [500.0, 560.0]], [[169.83641612885447, 540.3271677422911], [249.83641612885447, 380.32716774229107], [329.83641612885447, 540.3271677422911], [169.83641612885447, 540.3271677422911]], [[200.0, 280.0], [480.0, 280.0], [340.0, 520.0], [200.0, 280.0]]]"
Sun Jul 19 05:11:02 2020,2,1,True,694.3880020312148,0.8208667176458166,"[0, 0, 1, 3, 3, 0, 0, 0, 3, 0, 3, 0]","[[[0.0, 280.0], [200.0, 280.0], [200.0, 480.0], [0.0, 480.0], [0.0, 280.0]], [[488.2928722771203, 280.0], [688.2928722771203, 280.0], [688.2928722771203, 480.0], [488.2928722771203, 480.0], [488.2928722771203, 280.0]], [[668.2928722771203, 480.0], [668.2928722771203, 760.0], [488.2928722771203, 760.0], [488.2928722771203, 480.0], [668.2928722771203, 480.0]], [[200.0, 660.0], [200.0, 380.0], [340.0, 520.0], [200.0, 660.0]], [[488.2928722771203, 569.3221986800351], [308.2928722771203, 569.3221986800351], [488.2928722771203, 289.32219868003506], [488.2928722771203, 569.3221986800351]], [[384.88736629827076, 0.0], [664.8873662982708, 0.0], [664.8873662982708, 280.0], [384.88736629827076, 280.0], [384.88736629827076, 0.0]], [[184.88736629827076, 95.11263370172924], [384.88736629827076, 175.11263370172924], [384.88736629827076, 275.11263370172924], [184.88736629827076, 275.11263370172924], [184.88736629827076, 95.11263370172924]], [[388.2928722771203, 569.3221986800351], [488.2928722771203, 569.3221986800351], [488.2928722771203, 749.3221986800351], [388.2928722771203, 749.3221986800351], [388.2928722771203, 569.3221986800351]], [[0.0, 280.0], [0.0, 0.0], [280.0, 0.0], [0.0, 280.0]], [[0.0, 480.0], [200.0, 480.0], [200.0, 680.0], [0.0, 760.0], [0.0, 480.0]], [[361.2783037850423, 160.0], [201.27830378504228, 80.0], [361.2783037850423, 0.0], [361.2783037850423, 160.0]], [[200.0, 280.0], [480.0, 280.0], [340.0, 520.0], [200.0, 280.0]]]"
Sun Jul 19 05:11:08 2020,2,1,True,701.3318820515269,0.8127393244017987,"[0, 0, 1, 3, 3, 0, 0, 1, 3, 2, 3, 0]","[[[0.0, 280.0], [200.0, 280.0], [200.0, 480.0], [0.0, 480.0], [0.0, 280.0]], [[480.0, 280.0], [680.0, 280.0], [680.0, 480.0], [480.0, 480.0], [480.0, 280.0]], [[646.6124819499662, 480.0], [646.6124819499662, 760.0], [466.6124819499662, 760.0], [466.6124819499662, 480.0], [646.6124819499662, 480.0]], [[200.0, 673.3875180500338], [200.0, 393.3875180500338], [340.0, 533.3875180500338], [200.0, 673.3875180500338]], [[438.60626160359317, 660.0], [258.60626160359317, 660.0], [438.60626160359317, 380.0], [438.60626160359317, 660.0]], [[386.6124819499662, 0.0], [666.6124819499662, 0.0], [666.6124819499662, 280.0], [386.6124819499662, 280.0], [386.6124819499662, 0.0]], [[186.6124819499662, 88.52498452854246], [386.6124819499662, 168.52498452854246], [386.6124819499662, 268.52498452854246], [186.6124819499662, 268.52498452854246], [186.6124819499662, 88.52498452854246]], [[393.3875180500338, 660.0], [393.3875180500338, 760.0], [213.3875180500338, 760.0], [213.3875180500338, 660.0], [393.3875180500338, 660.0]], [[0.0, 280.0], [0.0, 0.0], [280.0, 0.0], [0.0, 280.0]], [[200.0, 760.0], [0.0, 760.0], [0.0, 560.0], [200.0, 480.0], [200.0, 760.0]], [[370.16255415010136, 160.0], [210.16255415010136, 80.0], [370.16255415010136, 0.0], [370.16255415010136, 160.0]], [[200.0, 293.3875180500338], [480.0, 293.3875180500338], [340.0, 533.3875180500338], [200.0, 293.3875180500338]]]"
Sun Jul 19 05:11:12 2020,2,0,True,673.2786067694658,0.8466034629185405,"[0, 0, 1, 3, 3, 0, 0, 1, 3, 2, 3, 0]","[[[0.0, 285.3550072200135], [200.0, 285.3550072200135], [200.0, 485.3550072200135], [0.0, 485.3550072200135], [0.0, 285.3550072200135]], [[473.2786067694658, 280.0], [673.2786067694658, 280.0], [673.2786067694658, 480.0], [473.2786067694658, 480.0], [473.2786067694658, 280.0]], [[633.1759188108837, 480.0], [633.1759188108837, 760.0], [453.1759188108837, 760.0], [453.1759188108837, 480.0], [633.1759188108837, 480.0]], [[213.3875180500338, 675.2264011835441], [213.3875180500338, 395.2264011835441], [353.3875180500338, 535.2264011835441], [213.3875180500338, 675.2264011835441]], [[453.1759188108837, 660.0], [273.1759188108837, 660.0], [453.1759188108837, 380.0], [453.1759188108837, 660.0]], [[386.6124819499662, 0.0], [666.6124819499662, 0.0], [666.6124819499662, 280.0], [386.6124819499662, 280.0], [386.6124819499662, 0.0]], [[185.76119419760062, 94.23880580239938], [385.7611941976006, 174.23880580239938], [385.7611941976006, 274.2388058023994], [185.76119419760062, 274.2388058023994], [185.76119419760062, 94.23880580239938]], [[408.6139192335779, 660.0], [408.6139192335779, 760.0], [228.61391923357792, 760.0], [228.61391923357792, 660.0], [408.6139192335779, 660.0]], [[0.0, 280.0], [0.0, 0.0], [280.0, 0.0], [0.0, 280.0]], [[213.3875180500338, 760.0], [13.387518050033805, 760.0], [13.387518050033805, 560.0], [213.3875180500338, 480.0], [213.3875180500338, 760.0]], [[370.16255415010136, 160.0], [210.16255415010136, 80.0], [370.16255415010136, 0.0], [370.16255415010136, 160.0]], [[195.0774262788957, 276.916309412406], [475.0774262788957, 276.916309412406], [335.0774262788957, 516.916309412406], [195.0774262788957, 276.916309412406]]]"
Sun Jul 19 05:11:25 2020,2,1,True,680.0113928371604,0.8382212504143964,"[0, 0, 1, 2, 2, 0, 0, 0, 0, 0, 1, 2]","[[[0.0, 280.0], [200.0, 280.0], [200.0, 480.0], [0.0, 480.0], [0.0, 280.0]], [[200.0, 0.0], [400.0, 0.0], [400.0, 200.0], [200.0, 200.0], [200.0, 0.0]], [[380.0, 199.9999999999999], [380.0, 479.9999999999999], [200.0, 479.9999999999999], [200.0, 199.9999999999999], [380.0, 199.9999999999999]], [[280.0, 760.0], [0.0, 760.0], [140.0, 620.0], [280.0, 760.0]], [[315.55555555555543, 479.9999999999999], [315.55555555555543, 659.9999999999999], [35.55555555555543, 479.9999999999999], [315.55555555555543, 479.9999999999999]], [[400.0, 0.0], [680.0, 0.0], [680.0, 280.0], [400.0, 280.0], [400.0, 0.0]], [[480.0, 280.0], [680.0, 360.0], [680.0, 460.0], [480.0, 460.0], [480.0, 280.0]], [[380.0, 280.0], [480.0, 280.0], [480.0, 460.0], [380.0, 460.0], [380.0, 280.0]], [[379.9999999999999, 479.9999999999999], [659.9999999999999, 479.9999999999999], [659.9999999999999, 759.9999999999999], [379.9999999999999, 479.9999999999999]], [[0.0, 0.0], [200.0, 0.0], [200.0, 200.0], [0.0, 280.0], [0.0, 0.0]], [[0.0, 480.0], [160.0, 560.0], [0.0, 640.0], [0.0, 480.0]], [[545.6140350877192, 745.6140350877192], [265.61403508771923, 745.6140350877192], [405.61403508771923, 505.61403508771923], [545.6140350877192, 745.6140350877192]]]"
Sun Jul 19 05:11:44 2020,2,1,True,686.811506765532,0.8299220301132638,"[0, 0, 1, 0, 3, 0, 1, 0, 1, 0, 0, 3]","[[[0.0, 560.0], [200.0, 560.0], [200.0, 760.0], [0.0, 760.0], [0.0, 560.0]], [[200.0, 280.0], [400.0, 280.0], [400.0, 480.0], [200.0, 480.0], [200.0, 280.0]], [[380.0, 0.0], [380.0, 280.0], [200.0, 280.0], [200.0, 0.0], [380.0, 0.0]], [[300.0, 480.0], [580.0, 480.0], [440.0, 620.0], [300.0, 480.0]], [[195.0877192982456, 560.0], [15.087719298245588, 560.0], [195.0877192982456, 280.0], [195.0877192982456, 560.0]], [[380.0, 0.0], [660.0, 0.0], [660.0, 280.0], [380.0, 280.0], [380.0, 0.0]], [[580.0, 280.0], [500.0, 480.0], [400.0, 480.0], [400.0, 280.0], [580.0, 280.0]], [[580.0, 480.0], [680.0, 480.0], [680.0, 660.0], [580.0, 660.0], [580.0, 480.0]], [[580.0, 480.0], [580.0, 760.0], [300.0, 760.0], [580.0, 480.0]], [[0.0, 0.0], [200.0, 0.0], [200.0, 200.0], [0.0, 280.0], [0.0, 0.0]], [[500.0, 480.0], [580.0, 320.0], [660.0, 480.0], [500.0, 480.0]], [[200.0, 760.0], [200.0, 480.0], [440.0, 620.0], [200.0, 760.0]]]"
Sun Jul 19 05:11:54 2020,2,1,True,693.6796218331874,0.8217049803101621,"[0, 0, 1, 1, 3, 0, 1, 0, 3, 0, 1, 1]","[[[0.0, 559.9999999999995], [200.0, 559.9999999999995], [200.0, 759.9999999999995], [0.0, 759.9999999999995], [0.0, 559.9999999999995]], [[411.42857142857156, 280.0], [611.4285714285716, 280.0], [611.4285714285716, 480.0], [411.42857142857156, 480.0], [411.42857142857156, 280.0]], [[693.6796218331874, 480.0], [693.6796218331874, 760.0], [513.6796218331874, 760.0], [513.6796218331874, 480.0], [693.6796218331874, 480.0]], [[513.6796218331874, 480.0], [513.6796218331874, 760.0], [373.6796218331874, 620.0], [513.6796218331874, 480.0]], [[280.0, 559.9999999999995], [100.0, 559.9999999999995], [280.0, 279.99999999999955], [280.0, 559.9999999999995]], [[413.6796218331874, 0.0], [693.6796218331874, 0.0], [693.6796218331874, 280.0], [413.6796218331874, 280.0], [413.6796218331874, 0.0]], [[380.0, 559.9999999999995], [300.0, 759.9999999999995], [200.0, 759.9999999999995], [200.0, 559.9999999999995], [380.0, 559.9999999999995]], [[280.0, 338.3333333333329], [380.0, 338.3333333333329], [380.0, 518.3333333333329], [280.0, 518.3333333333329], [280.0, 338.3333333333329]], [[0.0, 560.0], [0.0, 280.0], [280.0, 280.0], [0.0, 560.0]], [[0.0, 0.0], [200.0, 0.0], [200.0, 200.0], [0.0, 280.0], [0.0, 0.0]], [[200.0, 0.0], [360.0, 80.0], [200.0, 160.0], [200.0, 0.0]], [[411.42857142857156, 76.66666666666629], [411.42857142857156, 356.6666666666663], [171.42857142857156, 216.6666666666663], [411.42857142857156, 76.66666666666629]]]"
Sun Jul 19 05:12:05 2020,2,1,True,700.6164180515193,0.8135692874358041,"[0, 0, 1, 1, 1, 0, 3, 0, 1, 0, 2, 2]","[[[0.0, 559.9999999999995], [200.0, 559.9999999999995], [200.0, 759.9999999999995], [0.0, 759.9999999999995], [0.0, 559.9999999999995]], [[485.95043888035843, 280.0], [685.9504388803584, 280.0], [685.9504388803584, 480.0], [485.95043888035843, 480.0], [485.95043888035843, 280.0]], [[665.9324369598598, 480.0], [665.9324369598598, 760.0], [485.93243695985984, 760.0], [485.93243695985984, 480.0], [665.9324369598598, 480.0]], [[480.70815797759127, 380.0], [480.70815797759127, 660.0], [340.70815797759127, 520.0], [480.70815797759127, 380.0]], [[305.9504388803584, 294.06756304014016], [485.9504388803584, 294.06756304014016], [305.9504388803584, 574.0675630401402], [305.9504388803584, 294.06756304014016]], [[385.93243695985984, 0.0], [665.9324369598598, 0.0], [665.9324369598598, 280.0], [385.93243695985984, 280.0], [385.93243695985984, 0.0]], [[125.95043888035838, 559.9999999999995], [205.95043888035838, 359.99999999999955], [305.9504388803584, 359.99999999999955], [305.9504388803584, 559.9999999999995], [125.95043888035838, 559.9999999999995]], [[0.0, 336.234248319564], [100.0, 336.234248319564], [100.0, 516.234248319564], [0.0, 516.234248319564], [0.0, 336.234248319564]], [[385.93243695985984, 14.067563040140158], [385.93243695985984, 294.06756304014016], [105.93243695985984, 294.06756304014016], [385.93243695985984, 14.067563040140158]], [[0.0, 0.0], [200.0, 0.0], [200.0, 200.0], [0.0, 280.0], [0.0, 0.0]], [[238.91665736028807, 294.06756304014016], [158.91665736028807, 454.06756304014016], [78.91665736028807, 294.06756304014016], [238.91665736028807, 294.06756304014016]], [[480.70815797759127, 760.0], [200.70815797759127, 760.0], [340.70815797759127, 520.0], [480.70815797759127, 760.0]]]"
Sun Jul 19 05:12:06 2020,2,0,True,672.5917613294586,0.8474680077456291,"[0, 0, 1, 1, 1, 0, 3, 0, 1, 0, 2, 2]","[[[0.0, 559.9999999999995], [200.0, 559.9999999999995], [200.0, 759.9999999999995], [0.0, 759.9999999999995], [0.0, 559.9999999999995]], [[472.59176132945856, 280.0], [672.5917613294586, 280.0], [672.5917613294586, 480.0], [472.59176132945856, 480.0], [472.59176132945856, 280.0]], [[665.9324369598598, 480.0], [665.9324369598598, 760.0], [485.93243695985984, 760.0], [485.93243695985984, 480.0], [665.9324369598598, 480.0]], [[472.57678903356543, 371.868631055974], [472.57678903356543, 651.868631055974], [332.57678903356543, 511.868631055974], [472.57678903356543, 371.868631055974]], [[292.59176132945856, 294.06756304014016], [472.59176132945856, 294.06756304014016], [292.59176132945856, 574.0675630401402], [292.59176132945856, 294.06756304014016]], [[385.93243695985984, 0.0], [665.9324369598598, 0.0], [665.9324369598598, 280.0], [385.93243695985984, 280.0], [385.93243695985984, 0.0]], [[112.59176132945856, 559.9999999999995], [192.59176132945856, 359.99999999999955], [292.59176132945856, 359.99999999999955], [292.59176132945856, 559.9999999999995], [112.59176132945856, 559.9999999999995]], [[0.0, 362.95160342136364], [100.0, 362.95160342136364], [100.0, 542.9516034213636], [0.0, 542.9516034213636], [0.0, 362.95160342136364]], [[385.93243695985984, 14.067563040140158], [385.93243695985984, 294.06756304014016], [105.93243695985984, 294.06756304014016], [385.93243695985984, 14.067563040140158]], [[0.0, 0.0], [200.0, 0.0], [200.0, 200.0], [0.0, 280.0], [0.0, 0.0]], [[225.55797980938826, 294.06756304014016], [145.55797980938826, 454.06756304014016], [65.55797980938826, 294.06756304014016], [225.55797980938826, 294.06756304014016]], [[480.70815797759127, 760.0], [200.70815797759127, 760.0], [340.70815797759127, 520.0], [480.70815797759127, 760.0]]]"
Sun Jul 19 05:12:27 2020,2,1,True,679.3176789427531,0.8390772353917122,"[0, 0, 1, 1, 1, 0, 1, 0, 0, 3, 0, 2]","[[[280.0, 0.0], [480.0, 0.0], [480.0, 200.0], [280.0, 200.0], [280.0, 0.0]], [[479.3176789427531, 0.0], [679.3176789427531, 0.0], [679.3176789427531, 200.0], [479.3176789427531, 200.0], [479.3176789427531, 0.0]], [[577.6510122760864, 480.0], [577.6510122760864, 760.0], [397.65101227608636, 760.0], [397.65101227608636, 480.0], [577.6510122760864, 480.0]], [[364.0, 480.0], [364.0, 760.0], [224.0, 620.0], [364.0, 480.0]], [[0.0, 280.0], [180.0, 280.0], [0.0, 560.0], [0.0, 280.0]], [[0.0, 0.0], [280.0, 0.0], [280.0, 280.0], [0.0, 280.0], [0.0, 0.0]], [[377.65101227608636, 280.0], [297.65101227608636, 480.0], [197.65101227608636, 480.0], [197.65101227608636, 280.0], [377.65101227608636, 280.0]], [[577.6510122760864, 478.33333333333326], [677.6510122760864, 478.33333333333326], [677.6510122760864, 658.3333333333333], [577.6510122760864, 658.3333333333333], [577.6510122760864, 478.33333333333326]], [[399.3176789427531, 200.0], [679.3176789427531, 200.0], [679.3176789427531, 480.0], [399.3176789427531, 200.0]], [[0.0, 760.0], [0.0, 560.0], [200.0, 560.0], [280.0, 760.0], [0.0, 760.0]], [[22.857142857142847, 560.0], [102.85714285714285, 400.0], [182.85714285714283, 560.0], [22.857142857142847, 560.0]], [[577.6510122760864, 480.0], [297.65101227608636, 480.0], [437.65101227608636, 240.0], [577.6510122760864, 480.0]]]"
Sun Jul 19 05:13:07 2020,2,3,True,686.1108557321807,0.8307695399917941,"[0, 0, 0, 1, 1, 0, 0, 0, 2, 2, 0, 0]","[[[480.0, 180.0], [680.0, 180.0], [680.0, 380.0], [480.0, 380.0], [480.0, 180.0]], [[461.36645962732916, 560.0], [661.3664596273292, 560.0], [661.3664596273292, 760.0], [461.36645962732916, 760.0], [461.36645962732916, 560.0]], [[372.1449717850429, 0.0], [652.1449717850429, 0.0], [652.1449717850429, 180.0], [372.1449717850429, 180.0], [372.1449717850429, 0.0]], [[181.36645962732916, 421.36645962732905], [181.36645962732916, 701.366459627329], [41.366459627329164, 561.366459627329], [181.36645962732916, 421.36645962732905]], [[0.0, 354.26298862729163], [180.0, 354.26298862729163], [0.0, 634.2629886272916], [0.0, 354.26298862729163]], [[181.36645962732916, 480.0], [461.36645962732916, 480.0], [461.36645962732916, 760.0], [181.36645962732916, 760.0], [181.36645962732916, 480.0]], [[480.0, 380.0], [680.0, 460.0], [680.0, 560.0], [480.0, 560.0], [480.0, 380.0]], [[272.1449717850429, 57.58635357885498], [372.1449717850429, 57.58635357885498], [372.1449717850429, 237.58635357885498], [272.1449717850429, 237.58635357885498], [272.1449717850429, 57.58635357885498]], [[280.0, 354.2629886272917], [0.0, 354.2629886272917], [0.0, 74.26298862729169], [280.0, 354.2629886272917]], [[480.0, 474.4443422928722], [280.0, 474.4443422928722], [280.0, 274.4443422928722], [480.0, 194.4443422928722], [480.0, 474.4443422928722]], [[0.0, 760.0], [80.0, 600.0], [160.0, 760.0], [0.0, 760.0]], [[25.73701137270831, 0.0], [305.7370113727083, 0.0], [165.7370113727083, 240.0], [25.73701137270831, 0.0]]]"
Sun Jul 19 05:13:09 2020,2,0,True,658.6664215028934,0.8653849374914523,"[0, 0, 0, 1, 1, 0, 0, 1, 2, 1, 0, 0]","[[[458.6664215028934, 180.0], [658.6664215028934, 180.0], [658.6664215028934, 380.0], [458.6664215028934, 380.0], [458.6664215028934, 180.0]], [[458.6664215028934, 560.0], [658.6664215028934, 560.0], [658.6664215028934, 760.0], [458.6664215028934, 760.0], [458.6664215028934, 560.0]], [[378.6664215028934, 0.0], [658.6664215028934, 0.0], [658.6664215028934, 180.0], [378.6664215028934, 180.0], [378.6664215028934, 0.0]], [[178.6664215028934, 418.6664215028934], [178.6664215028934, 698.6664215028934], [38.6664215028934, 558.6664215028934], [178.6664215028934, 418.6664215028934]], [[0.0, 338.814188285172], [180.0, 338.814188285172], [0.0, 618.814188285172], [0.0, 338.814188285172]], [[178.6664215028934, 480.0], [458.6664215028934, 480.0], [458.6664215028934, 760.0], [178.6664215028934, 760.0], [178.6664215028934, 480.0]], [[458.6664215028934, 380.0], [658.6664215028934, 460.0], [658.6664215028934, 560.0], [458.6664215028934, 560.0], [458.6664215028934, 380.0]], [[458.6664215028934, 180.0], [458.6664215028934, 280.0], [278.6664215028934, 280.0], [278.6664215028934, 180.0], [458.6664215028934, 180.0]], [[280.0, 280.0], [0.0, 280.0], [0.0, 0.0], [280.0, 280.0]], [[436.47432468593126, 280.0000000000001], [436.47432468593126, 480.0000000000001], [236.47432468593126, 480.0000000000001], [156.47432468593126, 280.0000000000001], [436.47432468593126, 280.0000000000001]], [[0.0, 760.0], [80.0, 600.0], [160.0, 760.0], [0.0, 760.0]], [[98.6664215028934, 0.0], [378.6664215028934, 0.0], [238.6664215028934, 240.0], [98.6664215028934, 0.0]]]"
Sun Jul 19 05:13:53 2020,2,3,True,665.2530857179223,0.8568167697935172,"[0, 0, 1, 1, 1, 0, 2, 0, 1, 3, 2, 3]","[[[0.0, 0.0], [200.0, 0.0], [200.0, 200.0], [0.0, 200.0], [0.0, 0.0]], [[0.0, 540.0], [200.0, 540.0], [200.0, 740.0], [0.0, 740.0], [0.0, 540.0]], [[660.0, 472.87117119327047], [660.0, 752.8711711932705], [480.0, 752.8711711932705], [480.0, 472.87117119327047], [660.0, 472.87117119327047]], [[386.9565217391305, 66.95652173913038], [386.9565217391305, 346.9565217391304], [246.9565217391305, 206.95652173913038], [386.9565217391305, 66.95652173913038]], [[200.0, 0.0], [380.0, 0.0], [200.0, 280.0], [200.0, 0.0]], [[200.0, 480.0], [480.0, 480.0], [480.0, 760.0], [200.0, 760.0], [200.0, 480.0]], [[645.1909358360482, 180.0], [445.1909358360482, 100.0], [445.1909358360482, 0.0], [645.1909358360482, 0.0], [645.1909358360482, 180.0]], [[0.0, 360.0], [100.0, 360.0], [100.0, 540.0], [0.0, 540.0], [0.0, 360.0]], [[665.2530857179223, 163.13271429480574], [665.2530857179223, 443.13271429480574], [385.2530857179223, 443.13271429480574], [665.2530857179223, 163.13271429480574]], [[120.0, 480.0], [120.0, 280.0], [320.0, 280.0], [400.0, 480.0], [120.0, 480.0]], [[160.0, 200.0], [80.0, 360.0], [0.0, 200.0], [160.0, 200.0]], [[386.9565217391305, 346.02992511013133], [386.9565217391305, 66.02992511013133], [626.9565217391305, 206.02992511013133], [386.9565217391305, 346.02992511013133]]]"
Sun Jul 19 05:16:21 2020,2,9,True,671.9056165751016,0.8483334354391259,"[0, 0, 1, 3, 3, 0, 1, 1, 1, 0, 1, 0]","[[[271.9056165751016, 0.0], [471.9056165751016, 0.0], [471.9056165751016, 200.0], [271.9056165751016, 200.0], [271.9056165751016, 0.0]], [[20.0, 0.0], [220.0, 0.0], [220.0, 200.0], [20.0, 200.0], [20.0, 0.0]], [[640.0, 480.0], [640.0, 760.0], [460.0, 760.0], [460.0, 480.0], [640.0, 480.0]], [[0.0, 460.0], [0.0, 180.0], [140.0, 320.0], [0.0, 460.0]], [[364.28571428571416, 480.0], [184.28571428571416, 480.0], [364.28571428571416, 200.0], [364.28571428571416, 480.0]], [[180.0, 480.0], [460.0, 480.0], [460.0, 760.0], [180.0, 760.0], [180.0, 480.0]], [[180.0, 460.0], [100.0, 660.0], [0.0, 660.0], [0.0, 460.0], [180.0, 460.0]], [[180.0, 660.0], [180.0, 760.0], [0.0, 760.0], [0.0, 660.0], [180.0, 660.0]], [[671.9056165751016, 200.0], [671.9056165751016, 480.0], [391.9056165751016, 480.0], [671.9056165751016, 200.0]], [[471.9056165751016, 0.0], [671.9056165751016, 0.0], [671.9056165751016, 200.0], [471.9056165751016, 280.0], [471.9056165751016, 0.0]], [[364.28571428571416, 226.19004885530626], [524.2857142857142, 306.19004885530626], [364.28571428571416, 386.19004885530626], [364.28571428571416, 226.19004885530626]], [[70.0, 200.0], [350.0, 200.0], [210.0, 440.0], [70.0, 200.0]]]"
Sun Jul 19 05:16:21 2020,2,0,True,645.0293919120975,0.8836806619157561,"[0, 0, 1, 3, 3, 0, 1, 1, 1, 0, 1, 0]","[[[220.0, 0.0], [420.0, 0.0], [420.0, 200.0], [220.0, 200.0], [220.0, 0.0]], [[20.0, 0.0], [220.0, 0.0], [220.0, 200.0], [20.0, 200.0], [20.0, 0.0]], [[640.0, 480.0], [640.0, 760.0], [460.0, 760.0], [460.0, 480.0], [640.0, 480.0]], [[0.0, 460.0], [0.0, 180.0], [140.0, 320.0], [0.0, 460.0]], [[364.28571428571416, 480.0], [184.28571428571416, 480.0], [364.28571428571416, 200.0], [364.28571428571416, 480.0]], [[180.0, 480.0], [460.0, 480.0], [460.0, 760.0], [180.0, 760.0], [180.0, 480.0]], [[180.0, 460.0], [100.0, 660.0], [0.0, 660.0], [0.0, 460.0], [180.0, 460.0]], [[180.0, 660.0], [180.0, 760.0], [0.0, 760.0], [0.0, 660.0], [180.0, 660.0]], [[645.0293919120975, 200.0], [645.0293919120975, 480.0], [365.0293919120975, 480.0], [645.0293919120975, 200.0]], [[445.0293919120975, 0.0], [645.0293919120975, 0.0], [645.0293919120975, 200.0], [445.0293919120975, 280.0], [445.0293919120975, 0.0]], [[364.28571428571416, 239.62816118680837], [524.2857142857142, 319.62816118680837], [364.28571428571416, 399.62816118680837], [364.28571428571416, 239.62816118680837]], [[70.0, 200.0], [350.0, 200.0], [210.0, 440.0], [70.0, 200.0]]]"
Sun Jul 19 05:19:11 2020,2,9,False,651.4796858312185,0.8749313484314417,"[0, 0, 1, 3, 1, 0, 3, 1, 1, 1, 0, 0]","[[[0.0, 0.0], [200.0, 0.0], [200.0, 200.0], [0.0, 200.0], [0.0, 0.0]], [[0.0, 195.83333333333337], [200.0, 195.83333333333337], [200.0, 395.83333333333337], [0.0, 395.83333333333337], [0.0, 195.83333333333337]], [[644.1666666666667, 0.0], [644.1666666666667, 280.0], [464.16666666666674, 280.0], [464.16666666666674, 0.0], [644.1666666666667, 0.0]], [[200.0, 395.83333333333337], [200.0, 115.83333333333337], [340.0, 255.83333333333337], [200.0, 395.83333333333337]], [[380.4255526491604, 446.08420717209026], [560.4255526491604, 446.08420717209026], [380.4255526491604, 726.0842071720903], [380.4255526491604, 446.08420717209026]], [[0.0, 480.0], [280.0, 480.0], [280.0, 760.0], [0.0, 760.0], [0.0, 480.0]], [[471.4796858312185, 660.0], [551.4796858312185, 460.0], [651.4796858312185, 460.0], [651.4796858312185, 660.0], [471.4796858312185, 660.0]], [[620.0, 660.0], [620.0, 760.0], [440.0, 760.0], [440.0, 660.0], [620.0, 660.0]], [[371.4796858312185, 224.35364750211488], [371.4796858312185, 504.3536475021149], [91.47968583121849, 504.3536475021149], [371.4796858312185, 224.35364750211488]], [[651.4796858312185, 280.0], [651.4796858312185, 480.0], [451.4796858312185, 480.0], [371.4796858312185, 280.0], [651.4796858312185, 280.0]], [[304.16666666666674, 220.0000000000001], [384.16666666666674, 60.000000000000114], [464.16666666666674, 220.0000000000001], [304.16666666666674, 220.0000000000001]], [[184.16666666666674, 5.684341886080802e-14], [464.16666666666674, 5.684341886080802e-14], [324.16666666666674, 240.00000000000006], [184.16666666666674, 5.684341886080802e-14]]]"
Sun Jul 19 05:21:26 2020,2,7,True,657.9944826895306,0.8662686618133087,"[0, 0, 1, 1, 3, 0, 1, 1, 2, 3, 1, 1]","[[[457.9944826895306, 560.0], [657.9944826895306, 560.0], [657.9944826895306, 760.0], [457.9944826895306, 760.0], [457.9944826895306, 560.0]], [[0.0, 200.0], [200.0, 200.0], [200.0, 400.0], [0.0, 400.0], [0.0, 200.0]], [[657.9944826895306, 0.0], [657.9944826895306, 280.0], [477.9944826895306, 280.0], [477.9944826895306, 0.0], [657.9944826895306, 0.0]], [[380.0, 100.0], [380.0, 380.0], [240.0, 240.0], [380.0, 100.0]], [[180.0, 755.5555555555557], [0.0, 755.5555555555557], [180.0, 475.55555555555566], [180.0, 755.5555555555557]], [[180.0, 480.0], [460.0, 480.0], [460.0, 760.0], [180.0, 760.0], [180.0, 480.0]], [[180.0, 400.0], [100.0, 600.0], [0.0, 600.0], [0.0, 400.0], [180.0, 400.0]], [[445.4204983979697, 0.0], [445.4204983979697, 100.0], [265.4204983979697, 100.0], [265.4204983979697, 0.0], [445.4204983979697, 0.0]], [[480.0, 480.0], [200.0, 480.0], [200.0, 200.0], [480.0, 480.0]], [[0.0, 200.0], [0.0, 0.0], [200.0, 0.0], [280.0, 200.0], [0.0, 200.0]], [[398.8391309887256, 238.83913098872563], [558.8391309887256, 318.8391309887256], [398.8391309887256, 398.8391309887256], [398.8391309887256, 238.83913098872563]], [[657.9944826895306, 280.0], [657.9944826895306, 560.0], [417.9944826895306, 420.0], [657.9944826895306, 280.0]]]"
Sun Jul 19 05:21:42 2020,2,1,True,664.5744275164259,0.8576917443696126,"[0, 0, 1, 3, 0, 0, 2, 1, 0, 0, 0, 1]","[[[0.0, 560.0], [200.0, 560.0], [200.0, 760.0], [0.0, 760.0], [0.0, 560.0]], [[0.0, 15.425572483574115], [200.0, 15.425572483574115], [200.0, 215.42557248357411], [0.0, 215.42557248357411], [0.0, 15.425572483574115]], [[660.0, 480.0], [660.0, 760.0], [480.0, 760.0], [480.0, 480.0], [660.0, 480.0]], [[200.0, 295.4255724835741], [200.0, 15.425572483574115], [340.0, 155.42557248357411], [200.0, 295.4255724835741]], [[200.0, 480.0], [200.0, 300.0], [480.0, 480.0], [200.0, 480.0]], [[200.0, 480.0], [480.0, 480.0], [480.0, 760.0], [200.0, 760.0], [200.0, 480.0]], [[200.0, 468.0], [0.0, 388.0], [0.0, 288.0], [200.0, 288.0], [200.0, 468.0]], [[180.0, 460.0], [180.0, 560.0], [0.0, 560.0], [0.0, 460.0], [180.0, 460.0]], [[184.57442751642589, 0.0], [464.5744275164259, 0.0], [464.5744275164259, 280.0], [184.57442751642589, 0.0]], [[464.5744275164259, 0.0], [664.5744275164259, 0.0], [664.5744275164259, 200.0], [464.5744275164259, 280.0], [464.5744275164259, 0.0]], [[264.1914758388086, 319.61704832238274], [344.1914758388086, 159.61704832238274], [424.1914758388086, 319.61704832238274], [264.1914758388086, 319.61704832238274]], [[664.5744275164259, 202.66841605124847], [664.5744275164259, 482.66841605124847], [424.5744275164259, 342.66841605124847], [664.5744275164259, 202.66841605124847]]]"
Sun Jul 19 05:21:46 2020,2,0,True,637.9914504157688,0.8934289003850132,"[0, 0, 1, 3, 0, 0, 1, 1, 0, 0, 3, 1]","[[[0.0, 260.0], [200.0, 260.0], [200.0, 460.0], [0.0, 460.0], [0.0, 260.0]], [[0.0, 42.00854958423122], [200.0, 42.00854958423122], [200.0, 242.00854958423122], [0.0, 242.00854958423122], [0.0, 42.00854958423122]], [[637.9914504157688, 480.0], [637.9914504157688, 760.0], [457.9914504157688, 760.0], [457.9914504157688, 480.0], [637.9914504157688, 480.0]], [[200.0, 322.0085495842312], [200.0, 42.00854958423122], [340.0, 182.00854958423122], [200.0, 322.0085495842312]], [[222.00854958423122, 480.0], [222.00854958423122, 300.0], [502.0085495842312, 480.0], [222.00854958423122, 480.0]], [[180.0, 480.0], [460.0, 480.0], [460.0, 760.0], [180.0, 760.0], [180.0, 480.0]], [[180.0, 560.0], [100.0, 760.0], [0.0, 760.0], [0.0, 560.0], [180.0, 560.0]], [[180.0, 460.0], [180.0, 560.0], [0.0, 560.0], [0.0, 460.0], [180.0, 460.0]], [[157.99145041576878, 0.0], [437.9914504157688, 0.0], [437.9914504157688, 280.0], [157.99145041576878, 0.0]], [[437.9914504157688, 0.0], [637.9914504157688, 0.0], [637.9914504157688, 200.0], [437.9914504157688, 280.0], [437.9914504157688, 0.0]], [[380.0, 382.0085495842312], [220.0, 302.0085495842312], [380.0, 222.00854958423122], [380.0, 382.0085495842312]], [[637.9914504157688, 200.0], [637.9914504157688, 480.0], [397.9914504157688, 340.0], [637.9914504157688, 200.0]]]"
错误，Sun Jul 19 05:24:24 2020,2,9,False,644.3713649199265,0.8845830696881319,"[0, 0, 0, 0, 2, 0, 2, 1, 1, 1, 1, 2]","[[[164.37136491992646, 0.0], [364.37136491992646, 0.0], [364.37136491992646, 200.0], [164.37136491992646, 200.0], [164.37136491992646, 0.0]], [[444.37136491992646, 535.6286350800735], [644.3713649199265, 535.6286350800735], [644.3713649199265, 735.6286350800735], [444.37136491992646, 735.6286350800735], [444.37136491992646, 535.6286350800735]], [[0.0, 340.0], [280.0, 340.0], [280.0, 520.0], [0.0, 520.0], [0.0, 340.0]], [[342.2222222222222, 280.0], [622.2222222222222, 280.0], [482.2222222222222, 420.0], [342.2222222222222, 280.0]], [[342.2222222222222, 200.0], [342.2222222222222, 380.0], [62.22222222222217, 200.0], [342.2222222222222, 200.0]], [[364.37136491992646, 0.0], [644.3713649199265, 0.0], [644.3713649199265, 280.0], [364.37136491992646, 280.0], [364.37136491992646, 0.0]], [[280.0, 700.0], [80.0, 620.0], [80.0, 520.0], [280.0, 520.0], [280.0, 700.0]], [[180.0, 660.0], [180.0, 760.0], [0.0, 760.0], [0.0, 660.0], [180.0, 660.0]], [[644.3713649199265, 257.8508573022957], [644.3713649199265, 537.8508573022957], [364.37136491992646, 537.8508573022957], [644.3713649199265, 257.8508573022957]], [[280.0, 0.0], [280.0, 200.0], [80.0, 200.0], [0.0, 0.0], [280.0, 0.0]], [[280.0, 348.8888888888889], [440.0, 428.8888888888889], [280.0, 508.8888888888889], [280.0, 348.8888888888889]], [[525.0, 760.0], [245.0, 760.0], [385.0, 520.0], [525.0, 760.0]]]"

89.34%
Sun Jul 19 05:26:56 2020,2,开始运行[全局邻域-检验重叠] 初始利用率,0.7746751124110888
Sun Jul 19 05:27:00 2020,2,0,True,706.3606294216704,0.8069532420948842,"[0, 0, 1, 1, 2, 0, 1, 1, 1, 0, 1, 0]","[[[0.0, 0.0], [200.0, 0.0], [200.0, 200.0], [0.0, 200.0]], [[0.0, 200.0], [200.0, 200.0], [200.0, 400.0], [0.0, 400.0], [0.0, 200.0]], [[180.0, 400.0], [180.0, 680.0], [0.0, 680.0], [0.0, 400.0], [180.0, 400.0]], [[325.7142857142858, 480.0], [325.7142857142858, 760.0], [185.71428571428578, 620.0], [325.7142857142858, 480.0]], [[505.7142857142858, 380.0], [505.7142857142858, 560.0], [225.71428571428578, 380.0], [505.7142857142858, 380.0]], [[200.0, 100.0], [480.0, 100.0], [480.0, 380.0], [200.0, 380.0], [200.0, 100.0]], [[505.7142857142858, 560.0], [425.7142857142858, 760.0], [325.7142857142858, 760.0], [325.7142857142858, 560.0], [505.7142857142858, 560.0]], [[380.0, 0.0], [380.0, 100.0], [200.0, 100.0], [200.0, 0.0], [380.0, 0.0]], [[706.3606294216704, 480.0], [706.3606294216704, 760.0], [426.3606294216704, 760.0], [706.3606294216704, 480.0]], [[505.7142857142858, 280.0], [705.7142857142858, 280.0], [705.7142857142858, 480.0], [505.7142857142858, 560.0], [505.7142857142858, 280.0]], [[200.0, 382.8571428571429], [360.0, 462.8571428571429], [200.0, 542.8571428571429], [200.0, 382.8571428571429]], [[421.66666666666663, 0.0], [701.6666666666666, 0.0], [561.6666666666666, 240.0], [421.66666666666663, 0.0]]]"
Sun Jul 19 05:27:03 2020,2,0,True,678.1062042448036,0.8405762938488377,"[0, 0, 1, 2, 3, 0, 3, 1, 1, 0, 2, 0]","[[[0.0, 0.0], [200.0, 0.0], [200.0, 200.0], [0.0, 200.0]], [[0.0, 200.0], [200.0, 200.0], [200.0, 400.0], [0.0, 400.0], [0.0, 200.0]], [[180.0, 400.0], [180.0, 680.0], [0.0, 680.0], [0.0, 400.0], [180.0, 400.0]], [[380.0, 760.0], [100.0, 760.0], [240.0, 620.0], [380.0, 760.0]], [[678.1062042448036, 280.0], [498.1062042448036, 280.0], [678.1062042448036, 0.0], [678.1062042448036, 280.0]], [[200.0, 164.8791600701329], [480.0, 164.8791600701329], [480.0, 444.8791600701329], [200.0, 444.8791600701329], [200.0, 164.8791600701329]], [[273.7399300058444, 653.7399300058444], [353.7399300058444, 453.73993000584437], [453.7399300058444, 453.73993000584437], [453.7399300058444, 653.7399300058444], [273.7399300058444, 653.7399300058444]], [[380.0, 0.0], [380.0, 100.0], [200.0, 100.0], [200.0, 0.0], [380.0, 0.0]], [[678.1062042448036, 480.0], [678.1062042448036, 760.0], [398.1062042448036, 760.0], [678.1062042448036, 480.0]], [[478.1062042448036, 280.0], [678.1062042448036, 280.0], [678.1062042448036, 480.0], [478.1062042448036, 560.0], [478.1062042448036, 280.0]], [[340.0, 444.8791600701329], [260.0, 604.8791600701329], [180.0, 444.8791600701329], [340.0, 444.8791600701329]], [[383.8204899590892, 1.1368683772161603e-13], [663.8204899590892, 1.1368683772161603e-13], [523.8204899590892, 240.0000000000001], [383.8204899590892, 1.1368683772161603e-13]]]"
Sun Jul 19 05:27:18 2020,2,1,True,684.8872662872517,0.8322537562859779,"[0, 0, 1, 1, 0, 0, 0, 0, 2, 3, 2, 1]","[[[0.0, 0.0], [200.0, 0.0], [200.0, 200.0], [0.0, 200.0], [0.0, 0.0]], [[0.0, 560.0], [200.0, 560.0], [200.0, 760.0], [0.0, 760.0], [0.0, 560.0]], [[671.6504854368933, 360.625261494984], [671.6504854368933, 640.625261494984], [491.6504854368933, 640.625261494984], [491.6504854368933, 360.625261494984], [671.6504854368933, 360.625261494984]], [[200.0, 200.0], [200.0, 480.0], [60.0, 340.0], [200.0, 200.0]], [[200.0, 760.0], [200.0, 580.0], [480.0, 760.0], [200.0, 760.0]], [[200.0, 200.0], [480.0, 200.0], [480.0, 480.0], [200.0, 480.0], [200.0, 200.0]], [[480.0, 180.62526149498393], [680.0, 260.62526149498393], [680.0, 360.62526149498393], [480.0, 360.62526149498393], [480.0, 180.62526149498393]], [[550.9819560750115, 29.018043924988547], [650.9819560750115, 29.018043924988547], [650.9819560750115, 209.01804392498855], [550.9819560750115, 209.01804392498855], [550.9819560750115, 29.018043924988547]], [[280.0, 560.0], [0.0, 560.0], [0.0, 280.0], [280.0, 560.0]], [[200.0, 200.0], [200.0, 0.0], [400.0, 0.0], [480.0, 200.0], [200.0, 200.0]], [[560.0, 0.0], [480.0, 160.0], [400.0, 0.0], [560.0, 0.0]], [[491.6504854368933, 473.20388349514565], [491.6504854368933, 753.2038834951456], [251.6504854368933, 613.2038834951456], [491.6504854368933, 473.20388349514565]]]"
Sun Jul 19 05:27:30 2020,2,1,True,691.7361389501242,0.8240136200851266,"[0, 0, 0, 1, 1, 0, 0, 0, 2, 0, 0, 0]","[[[0.0, 560.0], [200.0, 560.0], [200.0, 760.0], [0.0, 760.0], [0.0, 560.0]], [[200.0, 560.0], [400.0, 560.0], [400.0, 760.0], [200.0, 760.0], [200.0, 560.0]], [[200.0, 0.0], [480.0, 0.0], [480.0, 180.0], [200.0, 180.0], [200.0, 0.0]], [[200.0, 200.0], [200.0, 480.0], [60.0, 340.0], [200.0, 200.0]], [[504.83760226786825, 180.0], [684.8376022678683, 180.0], [504.83760226786825, 460.0], [504.83760226786825, 180.0]], [[224.83760226786825, 180.0], [504.83760226786825, 180.0], [504.83760226786825, 460.0], [224.83760226786825, 460.0], [224.83760226786825, 180.0]], [[480.0, 0.0], [680.0, 80.0], [680.0, 180.0], [480.0, 180.0], [480.0, 0.0]], [[551.6666666666666, 580.0], [651.6666666666666, 580.0], [651.6666666666666, 760.0], [551.6666666666666, 760.0], [551.6666666666666, 580.0]], [[280.0, 560.0], [0.0, 560.0], [0.0, 280.0], [280.0, 560.0]], [[0.0, 0.0], [200.0, 0.0], [200.0, 200.0], [0.0, 280.0], [0.0, 0.0]], [[527.6947451250112, 460.0000000000001], [607.6947451250112, 300.0000000000001], [687.6947451250112, 460.0000000000001], [527.6947451250112, 460.0000000000001]], [[341.6666666666667, 460.0], [621.6666666666667, 460.0], [481.6666666666667, 700.0], [341.6666666666667, 460.0]]]"
Sun Jul 19 05:27:32 2020,2,0,True,664.0666933921192,0.858347520922007,"[0, 0, 0, 1, 3, 0, 1, 1, 2, 0, 0, 0]","[[[0.0, 560.0], [200.0, 560.0], [200.0, 760.0], [0.0, 760.0], [0.0, 560.0]], [[200.0, 560.0], [400.0, 560.0], [400.0, 760.0], [200.0, 760.0], [200.0, 560.0]], [[200.0, 0.0], [480.0, 0.0], [480.0, 180.0], [200.0, 180.0], [200.0, 0.0]], [[200.0, 200.0], [200.0, 480.0], [60.0, 340.0], [200.0, 200.0]], [[636.1279192454588, 759.9999999999999], [456.12791924545877, 759.9999999999999], [636.1279192454588, 479.9999999999999], [636.1279192454588, 759.9999999999999]], [[200.0, 180.0], [480.0, 180.0], [480.0, 460.0], [200.0, 460.0], [200.0, 180.0]], [[660.0, 0.0], [580.0, 200.0], [480.0, 200.0], [480.0, 0.0], [660.0, 0.0]], [[660.0, 200.0], [660.0, 300.0], [480.0, 300.0], [480.0, 200.0], [660.0, 200.0]], [[280.0, 560.0], [0.0, 560.0], [0.0, 280.0], [280.0, 560.0]], [[0.0, 0.0], [200.0, 0.0], [200.0, 200.0], [0.0, 280.0], [0.0, 0.0]], [[504.0666933921192, 470.6285943361023], [584.0666933921192, 310.6285943361023], [664.0666933921192, 470.6285943361023], [504.0666933921192, 470.6285943361023]], [[347.866680029393, 470.6285943361023], [627.866680029393, 470.6285943361023], [487.866680029393, 710.6285943361023], [347.866680029393, 470.6285943361023]]]"
Sun Jul 19 05:27:44 2020,2,1,True,670.7073603260404,0.8498490306158484,"[0, 0, 1, 1, 3, 0, 2, 1, 2, 3, 1, 0]","[[[440.0, 100.0], [640.0, 100.0], [640.0, 300.0], [440.0, 300.0], [440.0, 100.0]], [[400.0, 300.0], [600.0, 300.0], [600.0, 500.0], [400.0, 500.0], [400.0, 300.0]], [[180.0, 480.0], [180.0, 760.0], [0.0, 760.0], [0.0, 480.0], [180.0, 480.0]], [[160.0, 80.0], [160.0, 360.0], [20.0, 220.0], [160.0, 80.0]], [[662.0278351802439, 760.0], [482.02783518024387, 760.0], [662.0278351802439, 480.0], [662.0278351802439, 760.0]], [[160.0, 0.0], [440.0, 0.0], [440.0, 280.0], [160.0, 280.0], [160.0, 0.0]], [[400.0, 460.0], [200.0, 380.0], [200.0, 280.0], [400.0, 280.0], [400.0, 460.0]], [[637.5040256564344, 0.0], [637.5040256564344, 100.0], [457.50402565643435, 100.0], [457.50402565643435, 0.0], [637.5040256564344, 0.0]], [[280.0, 480.0], [0.0, 480.0], [0.0, 200.0], [280.0, 480.0]], [[180.0, 743.05432336448], [180.0, 543.05432336448], [380.0, 543.05432336448], [460.0, 743.05432336448], [180.0, 743.05432336448]], [[0.0, 0.0], [160.0, 80.0], [0.0, 160.0], [0.0, 0.0]], [[354.8849780373867, 500.0], [634.8849780373866, 500.0], [494.8849780373867, 740.0], [354.8849780373867, 500.0]]]"
Sun Jul 19 05:27:58 2020,2,1,True,677.4144339293008,0.8414346837780677,"[0, 0, 1, 1, 1, 0, 2, 0, 2, 2, 2, 3]","[[[200.0, 280.0], [400.0, 280.0], [400.0, 480.0], [200.0, 480.0], [200.0, 280.0]], [[0.0, 280.0], [200.0, 280.0], [200.0, 480.0], [0.0, 480.0], [0.0, 280.0]], [[180.0, 0.0], [180.0, 280.0], [0.0, 280.0], [0.0, 0.0], [180.0, 0.0]], [[677.4144339293008, 480.0], [677.4144339293008, 760.0], [537.4144339293008, 620.0], [677.4144339293008, 480.0]], [[180.0, 0.0], [360.0, 0.0], [180.0, 280.0], [180.0, 0.0]], [[0.0, 480.0], [280.0, 480.0], [280.0, 760.0], [0.0, 760.0], [0.0, 480.0]], [[647.4211502782929, 180.0], [447.4211502782929, 100.0], [447.4211502782929, 0.0], [647.4211502782929, 0.0], [647.4211502782929, 180.0]], [[295.7142857142857, 100.0], [395.7142857142857, 100.0], [395.7142857142857, 280.0], [295.7142857142857, 280.0], [295.7142857142857, 100.0]], [[560.0, 760.0], [280.0, 760.0], [280.0, 480.0], [560.0, 760.0]], [[619.1381446431002, 538.2762892862005], [419.1381446431002, 538.2762892862005], [419.1381446431002, 338.2762892862005], [619.1381446431002, 258.2762892862005], [619.1381446431002, 538.2762892862005]], [[578.2762892862006, 538.2762892862005], [498.27628928620055, 698.2762892862005], [418.27628928620055, 538.2762892862005], [578.2762892862006, 538.2762892862005]], [[397.5164668488684, 350.888934666169], [397.5164668488684, 70.888934666169], [637.5164668488684, 210.888934666169], [397.5164668488684, 350.888934666169]]]"
Sun Jul 19 05:28:01 2020,2,0,True,650.3178565721288,0.8764944622688206,"[0, 0, 1, 0, 1, 0, 2, 0, 2, 2, 3, 3]","[[[200.0, 280.0], [400.0, 280.0], [400.0, 480.0], [200.0, 480.0], [200.0, 280.0]], [[0.0, 280.0], [200.0, 280.0], [200.0, 480.0], [0.0, 480.0], [0.0, 280.0]], [[180.0, 0.0], [180.0, 280.0], [0.0, 280.0], [0.0, 0.0], [180.0, 0.0]], [[321.2958339991832, 521.2958339991832], [601.2958339991832, 521.2958339991832], [461.2958339991832, 661.2958339991832], [321.2958339991832, 521.2958339991832]], [[180.0, 0.0], [360.0, 0.0], [180.0, 280.0], [180.0, 0.0]], [[0.0, 480.0], [280.0, 480.0], [280.0, 760.0], [0.0, 760.0], [0.0, 480.0]], [[650.3178565721288, 180.0], [450.3178565721288, 100.0], [450.3178565721288, 0.0], [650.3178565721288, 0.0], [650.3178565721288, 180.0]], [[295.7142857142857, 100.0], [395.7142857142857, 100.0], [395.7142857142857, 280.0], [295.7142857142857, 280.0], [295.7142857142857, 100.0]], [[560.0, 760.0], [280.0, 760.0], [280.0, 480.0], [560.0, 760.0]], [[649.7758917632469, 521.2958339991832], [449.77589176324693, 521.2958339991832], [449.77589176324693, 321.2958339991832], [649.7758917632469, 241.29583399918317], [649.7758917632469, 521.2958339991832]], [[621.2958339991832, 741.2958339991831], [461.2958339991832, 661.2958339991831], [621.2958339991832, 581.2958339991831], [621.2958339991832, 741.2958339991831]], [[400.0, 350.64791699959153], [400.0, 70.64791699959153], [640.0, 210.64791699959153], [400.0, 350.64791699959153]]]"
Sun Jul 19 05:30:25 2020,2,7,True,656.8210351378501,0.8678162992760599,"[0, 0, 1, 3, 0, 0, 0, 1, 1, 0, 1, 1]","[[[422.82796940288813, 0.0], [622.8279694028881, 0.0], [622.8279694028881, 200.0], [422.82796940288813, 200.0], [422.82796940288813, 0.0]], [[0.0, 100.0], [200.0, 100.0], [200.0, 300.0], [0.0, 300.0], [0.0, 100.0]], [[388.793440769341, 0.0], [388.793440769341, 280.0], [208.79344076934098, 280.0], [208.79344076934098, 0.0], [388.793440769341, 0.0]], [[480.0, 656.8210351378502], [480.0, 376.82103513785023], [620.0, 516.8210351378502], [480.0, 656.8210351378502]], [[200.0, 450.49970372567225], [200.0, 270.49970372567225], [480.0, 450.49970372567225], [200.0, 450.49970372567225]], [[0.0, 480.0], [280.0, 480.0], [280.0, 760.0], [0.0, 760.0], [0.0, 480.0]], [[0.0, 300.0], [200.0, 380.0], [200.0, 480.0], [0.0, 480.0], [0.0, 300.0]], [[200.0, 0.0], [200.0, 100.0], [20.0, 100.0], [20.0, 0.0], [200.0, 0.0]], [[656.8210351378501, 480.0], [656.8210351378501, 760.0], [376.8210351378501, 760.0], [656.8210351378501, 480.0]], [[280.0, 450.26167866710773], [480.0, 450.26167866710773], [480.0, 650.2616786671077], [280.0, 730.2616786671077], [280.0, 450.26167866710773]], [[388.793440769341, 182.98273568322645], [548.793440769341, 262.98273568322645], [388.793440769341, 342.98273568322645], [388.793440769341, 182.98273568322645]], [[656.8210351378501, 199.96663896826283], [656.8210351378501, 479.9666389682628], [416.8210351378501, 339.9666389682628], [656.8210351378501, 199.96663896826283]]]"
Sun Jul 19 05:30:53 2020,2,1,True,663.3892454892286,0.8592240586891682,"[0, 0, 1, 3, 2, 0, 3, 0, 0, 2, 0, 3]","[[[280.0, 280.0], [480.0, 280.0], [480.0, 480.0], [280.0, 480.0], [280.0, 280.0]], [[280.0, 62.10691361406731], [480.0, 62.10691361406731], [480.0, 262.1069136140673], [280.0, 262.1069136140673], [280.0, 62.10691361406731]], [[660.0, 280.0], [660.0, 560.0], [480.0, 560.0], [480.0, 280.0], [660.0, 280.0]], [[0.0, 560.0], [0.0, 280.0], [140.0, 420.0], [0.0, 560.0]], [[663.3892454892286, 0.0], [663.3892454892286, 180.0], [383.38924548922864, 0.0], [663.3892454892286, 0.0]], [[0.0, 0.0], [280.0, 0.0], [280.0, 280.0], [0.0, 280.0], [0.0, 0.0]], [[483.38924548922864, 760.0], [563.3892454892286, 560.0], [663.3892454892286, 560.0], [663.3892454892286, 760.0], [483.38924548922864, 760.0]], [[199.38924548922859, 560.0], [299.3892454892286, 560.0], [299.3892454892286, 740.0], [199.38924548922859, 740.0], [199.38924548922859, 560.0]], [[0.0, 280.0], [280.0, 280.0], [280.0, 560.0], [0.0, 280.0]], [[200.0, 760.0], [0.0, 760.0], [0.0, 560.0], [200.0, 480.0], [200.0, 760.0]], [[471.0534568070336, 280.0], [551.0534568070336, 120.0], [631.0534568070336, 280.0], [471.0534568070336, 280.0]], [[299.3892454892286, 760.0], [299.3892454892286, 480.0], [539.3892454892286, 620.0], [299.3892454892286, 760.0]]]"
Sun Jul 19 05:31:41 2020,2,3,True,670.0231379441209,0.8507168897912556,"[0, 0, 0, 1, 1, 0, 0, 0, 1, 3, 0, 0]","[[[156.85367566965937, 380.0], [356.85367566965937, 380.0], [356.85367566965937, 580.0], [156.85367566965937, 580.0], [156.85367566965937, 380.0]], [[0.0, 0.0], [200.0, 0.0], [200.0, 200.0], [0.0, 200.0], [0.0, 0.0]], [[100.0, 580.0], [380.0, 580.0], [380.0, 760.0], [100.0, 760.0], [100.0, 580.0]], [[140.0, 200.0], [140.0, 480.0], [0.0, 340.0], [140.0, 200.0]], [[356.85367566965937, 240.0], [536.8536756696594, 240.0], [356.85367566965937, 520.0], [356.85367566965937, 240.0]], [[382.5679613839451, 480.0], [662.5679613839451, 480.0], [662.5679613839451, 760.0], [382.5679613839451, 760.0], [382.5679613839451, 480.0]], [[140.0, 200.0], [340.0, 280.0], [340.0, 380.0], [140.0, 380.0], [140.0, 200.0]], [[0.0, 580.0], [100.0, 580.0], [100.0, 760.0], [0.0, 760.0], [0.0, 580.0]], [[662.5679613839451, 200.0], [662.5679613839451, 480.0], [382.5679613839451, 480.0], [662.5679613839451, 200.0]], [[200.0, 217.10319209579274], [200.0, 17.103192095792735], [400.0, 17.103192095792735], [480.0, 217.10319209579274], [200.0, 217.10319209579274]], [[0.0, 580.0], [80.0, 420.0], [160.0, 580.0], [0.0, 580.0]], [[390.0231379441209, 0.0], [670.0231379441209, 0.0], [530.0231379441209, 240.0], [390.0231379441209, 0.0]]]"
Sun Jul 19 05:32:04 2020,2,1,True,676.7233693235621,0.842293950288372,"[0, 0, 0, 1, 1, 0, 1, 0, 2, 2, 2, 2]","[[[476.7233693235621, 0.0], [676.7233693235621, 0.0], [676.7233693235621, 200.0], [476.7233693235621, 200.0], [476.7233693235621, 0.0]], [[280.0, 0.0], [480.0, 0.0], [480.0, 200.0], [280.0, 200.0], [280.0, 0.0]], [[0.0, 16.72336932356211], [280.0, 16.72336932356211], [280.0, 196.7233693235621], [0.0, 196.7233693235621], [0.0, 16.72336932356211]], [[676.7233693235621, 248.7233693235621], [676.7233693235621, 528.7233693235621], [536.7233693235621, 388.7233693235621], [676.7233693235621, 248.7233693235621]], [[280.0, 200.0], [460.0, 200.0], [280.0, 480.0], [280.0, 200.0]], [[348.0, 480.0], [628.0, 480.0], [628.0, 760.0], [348.0, 760.0], [348.0, 480.0]], [[180.0, 480.0], [100.0, 680.0], [0.0, 680.0], [0.0, 480.0], [180.0, 480.0]], [[176.7233693235621, 196.7233693235621], [276.7233693235621, 196.7233693235621], [276.7233693235621, 376.7233693235621], [176.7233693235621, 376.7233693235621], [176.7233693235621, 196.7233693235621]], [[280.0, 480.0], [0.0, 480.0], [0.0, 200.0], [280.0, 480.0]], [[348.0, 760.0], [148.0, 760.0], [148.0, 560.0], [348.0, 480.0], [348.0, 760.0]], [[602.1821497787711, 227.71665589968939], [522.1821497787711, 387.7166558996894], [442.1821497787711, 227.71665589968939], [602.1821497787711, 227.71665589968939]], [[576.0141005039522, 480.0], [296.01410050395225, 480.0], [436.01410050395225, 240.0], [576.0141005039522, 480.0]]]"
Sun Jul 19 05:32:17 2020,2,1,True,683.4906030167978,0.8339544062261107,"[0, 0, 1, 1, 1, 0, 2, 0, 3, 0, 0, 2]","[[[0.0, 0.0], [200.0, 0.0], [200.0, 200.0], [0.0, 200.0], [0.0, 0.0]], [[300.0, 0.0], [500.0, 0.0], [500.0, 200.0], [300.0, 200.0], [300.0, 0.0]], [[180.0, 480.0], [180.0, 760.0], [0.0, 760.0], [0.0, 480.0], [180.0, 480.0]], [[280.0, 199.9999999999999], [280.0, 479.9999999999999], [140.0, 339.9999999999999], [280.0, 199.9999999999999]], [[280.0, 199.9999999999999], [460.0, 199.9999999999999], [280.0, 479.9999999999999], [280.0, 199.9999999999999]], [[380.0, 479.9999999999999], [660.0, 479.9999999999999], [660.0, 759.9999999999999], [380.0, 759.9999999999999], [380.0, 479.9999999999999]], [[681.3555406433247, 400.6911308987608], [481.35554064332473, 320.6911308987608], [481.35554064332473, 220.69113089876078], [681.3555406433247, 220.69113089876078], [681.3555406433247, 400.6911308987608]], [[200.0, 0.0], [300.0, 0.0], [300.0, 180.0], [200.0, 180.0], [200.0, 0.0]], [[0.0, 480.0], [0.0, 200.0], [280.0, 200.0], [0.0, 480.0]], [[180.0, 479.9999999999999], [380.0, 479.9999999999999], [380.0, 679.9999999999999], [180.0, 759.9999999999999], [180.0, 479.9999999999999]], [[489.6544345506196, 220.69113089876078], [569.6544345506196, 60.691130898760775], [649.6544345506196, 220.69113089876078], [489.6544345506196, 220.69113089876078]], [[574.2857142857142, 479.9999999999999], [294.2857142857142, 479.9999999999999], [434.2857142857142, 239.9999999999999], [574.2857142857142, 479.9999999999999]]]"
Sun Jul 19 05:32:21 2020,2,0,True,656.1509788961258,0.868702506485532,"[0, 0, 1, 1, 1, 0, 2, 0, 3, 2, 0, 2]","[[[0.0, 0.0], [200.0, 0.0], [200.0, 200.0], [0.0, 200.0], [0.0, 0.0]], [[300.0, 0.0], [500.0, 0.0], [500.0, 200.0], [300.0, 200.0], [300.0, 0.0]], [[180.0, 480.0], [180.0, 760.0], [0.0, 760.0], [0.0, 480.0], [180.0, 480.0]], [[230.0, 250.0], [230.0, 530.0], [90.0, 390.0], [230.0, 250.0]], [[230.0, 250.0], [410.0, 250.0], [230.0, 530.0], [230.0, 250.0]], [[376.1509788961258, 479.9999999999999], [656.1509788961258, 479.9999999999999], [656.1509788961258, 759.9999999999999], [376.1509788961258, 759.9999999999999], [376.1509788961258, 479.9999999999999]], [[656.1509788961258, 385.9873661615819], [456.1509788961258, 305.9873661615819], [456.1509788961258, 205.98736616158192], [656.1509788961258, 205.98736616158192], [656.1509788961258, 385.9873661615819]], [[200.0, 0.0], [300.0, 0.0], [300.0, 180.0], [200.0, 180.0], [200.0, 0.0]], [[0.0, 480.0], [0.0, 200.0], [280.0, 200.0], [0.0, 480.0]], [[380.0, 759.9999999999999], [180.0, 759.9999999999999], [180.0, 559.9999999999999], [380.0, 479.9999999999999], [380.0, 759.9999999999999]], [[496.1509788961258, 205.98736616158192], [576.1509788961258, 45.98736616158192], [656.1509788961258, 205.98736616158192], [496.1509788961258, 205.98736616158192]], [[557.658348635203, 479.9999999999999], [277.65834863520297, 479.9999999999999], [417.65834863520297, 239.9999999999999], [557.658348635203, 479.9999999999999]]]"
Sun Jul 19 05:33:32 2020,2,3,True,662.7124886850871,0.8601014915698338,"[0, 0, 0, 3, 0, 0, 1, 1, 0, 0, 0, 1]","[[[199.99999999999932, 560.0], [399.9999999999993, 560.0], [399.9999999999993, 760.0], [199.99999999999932, 760.0], [199.99999999999932, 560.0]], [[0.0, 560.0], [200.0, 560.0], [200.0, 760.0], [0.0, 760.0], [0.0, 560.0]], [[0.0, 380.0], [280.0, 380.0], [280.0, 560.0], [0.0, 560.0], [0.0, 380.0]], [[480.0, 380.0], [480.0, 100.0], [620.0, 240.0], [480.0, 380.0]], [[280.0, 560.0], [280.0, 380.0], [560.0, 560.0], [280.0, 560.0]], [[0.0, 100.0], [280.0, 100.0], [280.0, 380.0], [0.0, 380.0], [0.0, 100.0]], [[579.9999999999993, 560.0], [499.9999999999993, 760.0], [399.9999999999993, 760.0], [399.9999999999993, 560.0], [579.9999999999993, 560.0]], [[180.0, 0.0], [180.0, 100.0], [0.0, 100.0], [0.0, 0.0], [180.0, 0.0]], [[380.0, 0.0], [660.0, 0.0], [660.0, 280.0], [380.0, 0.0]], [[280.0, 100.0], [480.0, 100.0], [480.0, 300.0], [280.0, 380.0], [280.0, 100.0]], [[499.99999999999926, 760.0], [579.9999999999993, 600.0], [659.9999999999993, 760.0], [499.99999999999926, 760.0]], [[629.9049397402807, 301.43905958151845], [629.9049397402807, 581.4390595815184], [389.9049397402807, 441.43905958151845], [629.9049397402807, 301.43905958151845]]]"
Sun Jul 19 05:34:11 2020,2,3,True,669.339613571938,0.8515856352176572,"[0, 0, 1, 0, 3, 0, 2, 0, 1, 3, 1, 0]","[[[469.339613571938, 0.0], [669.339613571938, 0.0], [669.339613571938, 200.0], [469.339613571938, 200.0], [469.339613571938, 0.0]], [[289.339613571938, 280.0], [489.339613571938, 280.0], [489.339613571938, 480.0], [289.339613571938, 480.0], [289.339613571938, 280.0]], [[669.339613571938, 200.0], [669.339613571938, 480.0], [489.339613571938, 480.0], [489.339613571938, 200.0], [669.339613571938, 200.0]], [[20.0, 260.0], [300.0, 260.0], [160.0, 400.0], [20.0, 260.0]], [[469.339613571938, 280.0], [289.339613571938, 280.0], [469.339613571938, 0.0], [469.339613571938, 280.0]], [[289.339613571938, 480.0], [569.339613571938, 480.0], [569.339613571938, 760.0], [289.339613571938, 760.0], [289.339613571938, 480.0]], [[289.339613571938, 730.660386428062], [89.339613571938, 650.660386428062], [89.339613571938, 550.660386428062], [289.339613571938, 550.660386428062], [289.339613571938, 730.660386428062]], [[569.339613571938, 480.0], [669.339613571938, 480.0], [669.339613571938, 660.0], [569.339613571938, 660.0], [569.339613571938, 480.0]], [[289.339613571938, 270.660386428062], [289.339613571938, 550.660386428062], [9.339613571938003, 550.660386428062], [289.339613571938, 270.660386428062]], [[0.0, 260.0], [0.0, 60.0], [200.0, 60.0], [280.0, 260.0], [0.0, 260.0]], [[0.0, 320.0], [160.0, 400.0], [0.0, 480.0], [0.0, 320.0]], [[165.00000000000006, 5.684341886080802e-14], [445.00000000000006, 5.684341886080802e-14], [305.00000000000006, 240.00000000000006], [165.00000000000006, 5.684341886080802e-14]]]"
Sun Jul 19 05:34:25 2020,2,1,True,676.0330097076574,0.8431540942749082,"[0, 0, 1, 2, 2, 0, 3, 0, 3, 1, 0, 3]","[[[96.03300970765736, 0.0], [296.03300970765736, 0.0], [296.03300970765736, 200.0], [96.03300970765736, 200.0], [96.03300970765736, 0.0]], [[0.0, 560.0], [200.0, 560.0], [200.0, 760.0], [0.0, 760.0], [0.0, 560.0]], [[660.0, 480.0], [660.0, 760.0], [480.0, 760.0], [480.0, 480.0], [660.0, 480.0]], [[676.0330097076574, 280.0], [396.03300970765736, 280.0], [536.0330097076574, 140.0], [676.0330097076574, 280.0]], [[642.5660290290605, 0.0], [642.5660290290605, 180.0], [362.5660290290605, 0.0], [642.5660290290605, 0.0]], [[200.0, 480.0], [480.0, 480.0], [480.0, 760.0], [200.0, 760.0], [200.0, 480.0]], [[160.0, 480.0], [240.0, 280.0], [340.0, 280.0], [340.0, 480.0], [160.0, 480.0]], [[0.0, 60.0], [100.0, 60.0], [100.0, 240.0], [0.0, 240.0], [0.0, 60.0]], [[0.0, 520.0], [0.0, 240.0], [280.0, 240.0], [0.0, 520.0]], [[620.0, 280.0], [620.0, 480.0], [420.0, 480.0], [340.0, 280.0], [620.0, 280.0]], [[40.0, 560.0], [120.0, 400.0], [200.0, 560.0], [40.0, 560.0]], [[296.03300970765736, 280.0], [296.03300970765736, 0.0], [536.0330097076574, 140.0], [296.03300970765736, 280.0]]]"
Sun Jul 19 05:34:37 2020,2,1,True,682.7933398047339,0.8348060339355525,"[0, 0, 1, 2, 1, 0, 2, 1, 3, 1, 2, 2]","[[[280.0, 480.0], [480.0, 480.0], [480.0, 680.0], [280.0, 680.0], [280.0, 480.0]], [[440.0, 280.0], [640.0, 280.0], [640.0, 480.0], [440.0, 480.0], [440.0, 280.0]], [[660.0, 480.0], [660.0, 760.0], [480.0, 760.0], [480.0, 480.0], [660.0, 480.0]], [[560.0, 280.0], [280.0, 280.0], [420.0, 140.0], [560.0, 280.0]], [[280.0, 0.0], [460.0, 0.0], [280.0, 280.0], [280.0, 0.0]], [[0.0, 480.0], [280.0, 480.0], [280.0, 760.0], [0.0, 760.0], [0.0, 480.0]], [[680.0, 280.0], [480.0, 200.0], [480.0, 100.0], [680.0, 100.0], [680.0, 280.0]], [[640.0, 0.0], [640.0, 100.0], [460.0, 100.0], [460.0, 0.0], [640.0, 0.0]], [[0.0, 480.0], [0.0, 200.0], [280.0, 200.0], [0.0, 480.0]], [[280.0, 0.0], [280.0, 200.0], [80.0, 200.0], [0.0, 0.0], [280.0, 0.0]], [[436.66666666666663, 280.0], [356.66666666666663, 440.0], [276.66666666666663, 280.0], [436.66666666666663, 280.0]], [[380.0, 480.0], [100.0, 480.0], [240.0, 240.0], [380.0, 480.0]]]"
Sun Jul 19 05:35:00 2020,2,1,True,689.6212732027813,0.826540627658963,"[0, 0, 0, 1, 1, 0, 1, 0, 1, 0, 2, 2]","[[[0.0, 180.0], [200.0, 180.0], [200.0, 380.0], [0.0, 380.0], [0.0, 180.0]], [[209.62127320278125, 276.1514907188875], [409.62127320278125, 276.1514907188875], [409.62127320278125, 476.1514907188875], [209.62127320278125, 476.1514907188875], [209.62127320278125, 276.1514907188875]], [[409.62127320278125, 280.0], [689.6212732027813, 280.0], [689.6212732027813, 460.0], [409.62127320278125, 460.0], [409.62127320278125, 280.0]], [[355.83078161212825, 480.0], [355.83078161212825, 760.0], [215.83078161212825, 620.0], [355.83078161212825, 480.0]], [[0.0, 380.0], [180.0, 380.0], [0.0, 660.0], [0.0, 380.0]], [[409.62127320278125, 0.0], [689.6212732027813, 0.0], [689.6212732027813, 280.0], [409.62127320278125, 280.0], [409.62127320278125, 0.0]], [[569.6212732027811, 480.0], [489.62127320278114, 680.0], [389.62127320278114, 680.0], [389.62127320278114, 480.0], [569.6212732027811, 480.0]], [[100.0, 0.0], [200.0, 0.0], [200.0, 180.0], [100.0, 180.0], [100.0, 0.0]], [[689.6212732027813, 479.9999999999999], [689.6212732027813, 759.9999999999999], [409.62127320278125, 759.9999999999999], [689.6212732027813, 479.9999999999999]], [[200.0, 0.0], [400.0, 0.0], [400.0, 200.0], [200.0, 280.0], [200.0, 0.0]], [[287.7550362526844, 476.15149071888754], [207.75503625268442, 636.1514907188875], [127.75503625268442, 476.15149071888754], [287.7550362526844, 476.15149071888754]], [[280.0, 760.0], [0.0, 760.0], [140.0, 520.0], [280.0, 760.0]]]"
Sun Jul 19 05:35:02 2020,2,0,True,662.03642227467,0.8609798204780864,"[0, 0, 1, 1, 1, 0, 1, 1, 1, 0, 2, 2]","[[[380.0, 280.0], [580.0, 280.0], [580.0, 480.0], [380.0, 480.0], [380.0, 280.0]], [[180.0, 280.0], [380.0, 280.0], [380.0, 480.0], [180.0, 480.0], [180.0, 280.0]], [[180.0, 100.0], [180.0, 380.0], [0.0, 380.0], [0.0, 100.0], [180.0, 100.0]], [[360.0, 480.0], [360.0, 760.0], [220.0, 620.0], [360.0, 480.0]], [[0.0, 380.0], [180.0, 380.0], [0.0, 660.0], [0.0, 380.0]], [[382.03642227467003, 0.0], [662.03642227467, 0.0], [662.03642227467, 280.0], [382.03642227467003, 280.0], [382.03642227467003, 0.0]], [[540.0, 480.0], [460.0, 680.0], [360.0, 680.0], [360.0, 480.0], [540.0, 480.0]], [[180.0, 0.0], [180.0, 100.0], [0.0, 100.0], [0.0, 0.0], [180.0, 0.0]], [[662.03642227467, 479.9999999999999], [662.03642227467, 759.9999999999999], [382.03642227467003, 759.9999999999999], [662.03642227467, 479.9999999999999]], [[182.03642227467003, 0.0], [382.03642227467003, 0.0], [382.03642227467003, 200.0], [182.03642227467003, 280.0], [182.03642227467003, 0.0]], [[290.0, 480.0], [210.0, 640.0], [130.0, 480.0], [290.0, 480.0]], [[280.0, 760.0], [0.0, 760.0], [140.0, 520.0], [280.0, 760.0]]]"
Sun Jul 19 05:35:17 2020,2,1,True,668.6567864974168,0.8524552678000855,"[0, 0, 0, 3, 2, 0, 0, 1, 2, 2, 3, 1]","[[[0.0, 560.0], [200.0, 560.0], [200.0, 760.0], [0.0, 760.0], [0.0, 560.0]], [[0.0, 80.0], [200.0, 80.0], [200.0, 280.0], [0.0, 280.0], [0.0, 80.0]], [[388.65678649741676, 280.0], [668.6567864974168, 280.0], [668.6567864974168, 460.0], [388.65678649741676, 460.0], [388.65678649741676, 280.0]], [[200.0, 360.0], [200.0, 80.0], [340.0, 220.0], [200.0, 360.0]], [[355.55555555555554, 0.0], [355.55555555555554, 180.0], [75.55555555555554, 0.0], [355.55555555555554, 0.0]], [[388.65678649741676, 0.0], [668.6567864974168, 0.0], [668.6567864974168, 280.0], [388.65678649741676, 280.0], [388.65678649741676, 0.0]], [[0.0, 380.0], [200.0, 460.0], [200.0, 560.0], [0.0, 560.0], [0.0, 380.0]], [[180.0, 280.0], [180.0, 380.0], [0.0, 380.0], [0.0, 280.0], [180.0, 280.0]], [[480.0, 760.0], [200.0, 760.0], [200.0, 480.0], [480.0, 760.0]], [[668.6567864974168, 748.6567864974168], [468.65678649741676, 748.6567864974168], [468.65678649741676, 548.6567864974168], [668.6567864974168, 468.65678649741676], [668.6567864974168, 748.6567864974168]], [[463.25396825396825, 663.2539682539682], [303.25396825396825, 583.2539682539682], [463.25396825396825, 503.2539682539682], [463.25396825396825, 663.2539682539682]], [[361.4285714285714, 274.16666666666674], [361.4285714285714, 554.1666666666667], [121.42857142857139, 414.16666666666674], [361.4285714285714, 274.16666666666674]]]"
Sun Jul 19 05:35:36 2020,2,1,True,675.343354362391,0.844015116633748,"[0, 0, 0, 3, 0, 0, 3, 1, 0, 3, 1, 1]","[[[0.0, 160.0], [200.0, 160.0], [200.0, 360.0], [0.0, 360.0], [0.0, 160.0]], [[462.4590949558657, 560.0], [662.4590949558657, 560.0], [662.4590949558657, 760.0], [462.4590949558657, 760.0], [462.4590949558657, 560.0]], [[350.2912621359221, 380.0], [630.2912621359221, 380.0], [630.2912621359221, 560.0], [350.2912621359221, 560.0], [350.2912621359221, 380.0]], [[200.0, 398.0894849624799], [200.0, 118.0894849624799], [340.0, 258.0894849624799], [200.0, 398.0894849624799]], [[0.0, 559.5180563910517], [0.0, 379.5180563910517], [280.0, 559.5180563910517], [0.0, 559.5180563910517]], [[361.9105150375201, 0.0], [641.9105150375201, 0.0], [641.9105150375201, 280.0], [361.9105150375201, 280.0], [361.9105150375201, 0.0]], [[282.4590949558657, 760.0], [362.4590949558657, 560.0], [462.4590949558657, 560.0], [462.4590949558657, 760.0], [282.4590949558657, 760.0]], [[530.2912621359221, 280.0], [530.2912621359221, 380.0], [350.2912621359221, 380.0], [350.2912621359221, 280.0], [530.2912621359221, 280.0]], [[81.9105150375201, 0.0], [361.9105150375201, 0.0], [361.9105150375201, 280.0], [81.9105150375201, 0.0]], [[0.0, 760.0], [0.0, 560.0], [200.0, 560.0], [280.0, 760.0], [0.0, 760.0]], [[0.0, 0.0], [160.0, 80.0], [0.0, 160.0], [0.0, 0.0]], [[350.2912621359221, 310.4195820498587], [350.2912621359221, 590.4195820498587], [110.29126213592212, 450.4195820498587], [350.2912621359221, 310.4195820498587]]]"
Sun Jul 19 05:35:37 2020,2,0,True,648.3296201878953,0.8791824131601541,"[0, 0, 0, 3, 0, 0, 2, 1, 0, 3, 1, 1]","[[[0.0, 160.0], [200.0, 160.0], [200.0, 360.0], [0.0, 360.0], [0.0, 160.0]], [[448.32962018789533, 560.0], [648.3296201878953, 560.0], [648.3296201878953, 760.0], [448.32962018789533, 760.0], [448.32962018789533, 560.0]], [[350.2912621359221, 380.0], [630.2912621359221, 380.0], [630.2912621359221, 560.0], [350.2912621359221, 560.0], [350.2912621359221, 380.0]], [[200.0, 387.66990291262124], [200.0, 107.66990291262124], [340.0, 247.66990291262124], [200.0, 387.66990291262124]], [[0.0, 559.5180563910517], [0.0, 379.5180563910517], [280.0, 559.5180563910517], [0.0, 559.5180563910517]], [[368.32962018789533, 0.0], [648.3296201878953, 0.0], [648.3296201878953, 280.0], [368.32962018789533, 280.0], [368.32962018789533, 0.0]], [[448.0, 760.0], [248.0, 680.0], [248.0, 580.0], [448.0, 580.0], [448.0, 760.0]], [[530.2912621359221, 280.0], [530.2912621359221, 380.0], [350.2912621359221, 380.0], [350.2912621359221, 280.0], [530.2912621359221, 280.0]], [[92.33009708737876, 0.0], [372.33009708737876, 0.0], [372.33009708737876, 280.0], [92.33009708737876, 0.0]], [[0.0, 760.0], [0.0, 560.0], [200.0, 560.0], [280.0, 760.0], [0.0, 760.0]], [[0.0, 0.0], [160.0, 80.0], [0.0, 160.0], [0.0, 0.0]], [[350.2912621359221, 300.0], [350.2912621359221, 580.0], [110.29126213592212, 440.0], [350.2912621359221, 300.0]]]"
Sun Jul 19 05:37:15 2020,2,5,True,654.8129163897743,0.8704776367922319,"[0, 0, 0, 1, 1, 0, 2, 1, 3, 2, 0, 2]","[[[0.0, 460.0], [200.0, 460.0], [200.0, 660.0], [0.0, 660.0], [0.0, 460.0]], [[433.29770006857325, 477.48993481143145], [633.2977000685732, 477.48993481143145], [633.2977000685732, 677.4899348114315], [433.29770006857325, 677.4899348114315], [433.29770006857325, 477.48993481143145]], [[0.0, 0.0], [280.0, 0.0], [280.0, 180.0], [0.0, 180.0], [0.0, 0.0]], [[454.1636751542842, 105.83632484571581], [454.1636751542842, 385.8363248457158], [314.1636751542842, 245.8363248457158], [454.1636751542842, 105.83632484571581]], [[200.0, 460.0000000000001], [380.0, 460.0000000000001], [200.0, 740.0000000000001], [200.0, 460.0000000000001]], [[0.0, 180.0], [280.0, 180.0], [280.0, 460.0], [0.0, 460.0], [0.0, 180.0]], [[654.1636751542842, 485.8363248457158], [454.1636751542842, 405.8363248457158], [454.1636751542842, 305.8363248457158], [654.1636751542842, 305.8363248457158], [654.1636751542842, 485.8363248457158]], [[180.0, 660.0], [180.0, 760.0], [0.0, 760.0], [0.0, 660.0], [180.0, 660.0]], [[280.0, 280.0], [280.0, 0.0], [560.0, 0.0], [280.0, 280.0]], [[654.1636751542842, 305.8363248457158], [454.1636751542842, 305.8363248457158], [454.1636751542842, 105.83632484571581], [654.1636751542842, 25.836324845715808], [654.1636751542842, 305.8363248457158]], [[280.0, 451.6726496914316], [360.0, 291.6726496914316], [440.0, 451.6726496914316], [280.0, 451.6726496914316]], [[481.42857142857156, 760.0], [201.42857142857156, 760.0], [341.42857142857156, 520.0], [481.42857142857156, 760.0]]]"
Sun Jul 19 05:37:31 2020,2,1,True,661.361045553672,0.8618590463289423,"[0, 0, 1, 1, 3, 0, 2, 0, 2, 0, 2, 3]","[[[219.99999999999977, 0.0], [419.9999999999998, 0.0], [419.9999999999998, 200.0], [219.99999999999977, 200.0], [219.99999999999977, 0.0]], [[0.0, 0.0], [200.0, 0.0], [200.0, 200.0], [0.0, 200.0], [0.0, 0.0]], [[599.9999999999998, 0.0], [599.9999999999998, 280.0], [419.9999999999998, 280.0], [419.9999999999998, 0.0], [599.9999999999998, 0.0]], [[200.0, 400.0], [200.0, 680.0], [60.0, 540.0], [200.0, 400.0]], [[654.285714285714, 480.0], [474.285714285714, 480.0], [654.285714285714, 200.0], [654.285714285714, 480.0]], [[351.42857142857156, 480.0], [631.4285714285716, 480.0], [631.4285714285716, 760.0], [351.42857142857156, 760.0], [351.42857142857156, 480.0]], [[419.9999999999998, 380.0], [219.99999999999977, 300.0], [219.99999999999977, 200.0], [419.9999999999998, 200.0], [419.9999999999998, 380.0]], [[243.1578947368422, 543.1578947368422], [343.1578947368422, 543.1578947368422], [343.1578947368422, 723.1578947368422], [243.1578947368422, 723.1578947368422], [243.1578947368422, 543.1578947368422]], [[280.0, 760.0], [0.0, 760.0], [0.0, 480.0], [280.0, 760.0]], [[0.0, 200.0], [200.0, 200.0], [200.0, 400.0], [0.0, 480.0], [0.0, 200.0]], [[579.9999999999998, 280.0], [499.9999999999997, 440.0], [419.9999999999997, 280.0], [579.9999999999998, 280.0]], [[200.00000000000006, 568.3333333333335], [200.00000000000006, 288.3333333333335], [440.00000000000006, 428.3333333333335], [200.00000000000006, 568.3333333333335]]]"
Sun Jul 19 05:37:36 2020,2,1,True,667.9746560092087,0.8533257884444975,"[0, 0, 1, 1, 3, 0, 2, 0, 2, 0, 2, 3]","[[[200.0, 0.0], [400.0, 0.0], [400.0, 200.0], [200.0, 200.0], [200.0, 0.0]], [[0.0, 0.0], [200.0, 0.0], [200.0, 200.0], [0.0, 200.0], [0.0, 0.0]], [[580.6208894458108, 0.0], [580.6208894458108, 280.0], [400.6208894458108, 280.0], [400.6208894458108, 0.0], [580.6208894458108, 0.0]], [[200.0, 400.0], [200.0, 680.0], [60.0, 540.0], [200.0, 400.0]], [[634.9066037315251, 480.0], [454.90660373152514, 480.0], [634.9066037315251, 200.0], [634.9066037315251, 480.0]], [[370.8076819827604, 480.0], [650.8076819827604, 480.0], [650.8076819827604, 760.0], [370.8076819827604, 760.0], [370.8076819827604, 480.0]], [[400.0, 379.6378144899437], [200.0, 299.6378144899437], [200.0, 199.6378144899437], [400.0, 199.6378144899437], [400.0, 379.6378144899437]], [[250.29756704628022, 550.2975670462802], [350.2975670462802, 550.2975670462802], [350.2975670462802, 730.2975670462802], [250.29756704628022, 730.2975670462802], [250.29756704628022, 550.2975670462802]], [[280.0, 760.0], [0.0, 760.0], [0.0, 480.0], [280.0, 760.0]], [[0.0, 200.0], [200.0, 200.0], [200.0, 400.0], [0.0, 480.0], [0.0, 200.0]], [[560.0, 280.0], [480.0, 440.0], [400.0, 280.0], [560.0, 280.0]], [[199.99999999999997, 579.6378144899437], [199.99999999999997, 299.6378144899437], [440.0, 439.6378144899437], [199.99999999999997, 579.6378144899437]]]"
Sun Jul 19 05:37:37 2020,2,0,True,641.2556697688403,0.888881029629685,"[0, 0, 1, 1, 3, 0, 2, 0, 2, 0, 2, 3]","[[[200.0, 0.0], [400.0, 0.0], [400.0, 200.0], [200.0, 200.0], [200.0, 0.0]], [[0.0, 0.0], [200.0, 0.0], [200.0, 200.0], [0.0, 200.0], [0.0, 0.0]], [[580.6208894458108, 0.0], [580.6208894458108, 280.0], [400.6208894458108, 280.0], [400.6208894458108, 0.0], [580.6208894458108, 0.0]], [[200.0, 400.0], [200.0, 680.0], [60.0, 540.0], [200.0, 400.0]], [[634.9066037315251, 480.0], [454.90660373152514, 480.0], [634.9066037315251, 200.0], [634.9066037315251, 480.0]], [[361.25566976884033, 480.0], [641.2556697688403, 480.0], [641.2556697688403, 760.0], [361.25566976884033, 760.0], [361.25566976884033, 480.0]], [[400.6208894458108, 380.0], [200.6208894458108, 300.0], [200.6208894458108, 200.0], [400.6208894458108, 200.0], [400.6208894458108, 380.0]], [[250.29756704628022, 550.2975670462802], [350.2975670462802, 550.2975670462802], [350.2975670462802, 730.2975670462802], [250.29756704628022, 730.2975670462802], [250.29756704628022, 550.2975670462802]], [[280.0, 760.0], [0.0, 760.0], [0.0, 480.0], [280.0, 760.0]], [[0.0, 200.0], [200.0, 200.0], [200.0, 400.0], [0.0, 480.0], [0.0, 200.0]], [[560.6208894458108, 280.0], [480.6208894458108, 440.0], [400.6208894458108, 280.0], [560.6208894458108, 280.0]], [[200.0, 574.065807365157], [200.0, 294.06580736515696], [440.0, 434.06580736515696], [200.0, 574.065807365157]]]"
错误，Sun Jul 19 05:41:03 2020,2,9,False,647.6682264665287,0.8800802273561237,"[0, 0, 0, 0, 2, 0, 1, 1, 1, 2, 0, 3]","[[[0.0, 0.0], [200.0, 0.0], [200.0, 200.0], [0.0, 200.0], [0.0, 0.0]], [[200.0, 20.784711557231503], [400.0, 20.784711557231503], [400.0, 220.7847115572315], [200.0, 220.7847115572315], [200.0, 20.784711557231503]], [[367.6682264665287, 480.0], [647.6682264665287, 480.0], [647.6682264665287, 660.0], [367.6682264665287, 660.0], [367.6682264665287, 480.0]], [[100.0, 480.0], [380.0, 480.0], [240.0, 620.0], [100.0, 480.0]], [[647.6682264665287, 0.0], [647.6682264665287, 180.0], [367.6682264665287, 0.0], [647.6682264665287, 0.0]], [[0.0, 220.7847115572315], [280.0, 220.7847115572315], [280.0, 500.7847115572315], [0.0, 500.7847115572315], [0.0, 220.7847115572315]], [[180.0, 560.0], [100.0, 760.0], [0.0, 760.0], [0.0, 560.0], [180.0, 560.0]], [[560.0, 660.0], [560.0, 760.0], [380.0, 760.0], [380.0, 660.0], [560.0, 660.0]], [[380.0, 480.0], [380.0, 760.0], [100.0, 760.0], [380.0, 480.0]], [[647.6682264665287, 480.0], [447.6682264665287, 480.0], [447.6682264665287, 280.0], [647.6682264665287, 200.0], [647.6682264665287, 480.0]], [[287.6682264665287, 480.0], [367.6682264665287, 320.0], [447.6682264665287, 480.0], [287.6682264665287, 480.0]], [[400.0, 315.07042584294584], [400.0, 35.07042584294584], [640.0, 175.07042584294584], [400.0, 315.07042584294584]]]"
错误，Sun Jul 19 05:44:20 2020,2,9,False,654.144908731194,0.8713665617387363,"[0, 0, 1, 3, 3, 0, 2, 1, 2, 0, 0, 1]","[[[454.14490873119405, 280.0], [654.144908731194, 280.0], [654.144908731194, 480.0], [454.14490873119405, 480.0], [454.14490873119405, 280.0]], [[174.14490873119405, 0.0], [374.14490873119405, 0.0], [374.14490873119405, 200.0], [174.14490873119405, 200.0], [174.14490873119405, 0.0]], [[180.0, 200.0], [180.0, 480.0], [0.0, 480.0], [0.0, 200.0], [180.0, 200.0]], [[0.0, 760.0], [0.0, 480.0], [140.0, 620.0], [0.0, 760.0]], [[354.14490873119405, 760.0], [174.14490873119405, 760.0], [354.14490873119405, 480.0], [354.14490873119405, 760.0]], [[374.14490873119405, 0.0], [654.144908731194, 0.0], [654.144908731194, 280.0], [374.14490873119405, 280.0], [374.14490873119405, 0.0]], [[654.144908731194, 660.0], [454.14490873119405, 580.0], [454.14490873119405, 480.0], [654.144908731194, 480.0], [654.144908731194, 660.0]], [[280.0, 480.0], [280.0, 580.0], [100.0, 580.0], [100.0, 480.0], [280.0, 480.0]], [[634.144908731194, 760.0], [354.14490873119405, 760.0], [354.14490873119405, 480.0], [634.144908731194, 760.0]], [[180.0, 200.0], [380.0, 200.0], [380.0, 400.0], [180.0, 480.0], [180.0, 200.0]], [[0.0, 200.0], [80.0, 40.0], [160.0, 200.0], [0.0, 200.0]], [[535.5734801597655, 305.83333333333326], [535.5734801597655, 585.8333333333333], [295.5734801597655, 445.83333333333326], [535.5734801597655, 305.83333333333326]]]"
Sun Jul 19 05:44:41 2020,2,1,True,660.686357818506,0.8627391700383527,"[0, 0, 1, 2, 2, 0, 3, 1, 3, 3, 2, 3]","[[[451.42857142857133, 180.0], [651.4285714285713, 180.0], [651.4285714285713, 380.0], [451.42857142857133, 380.0], [451.42857142857133, 180.0]], [[0.0, 280.0], [200.0, 280.0], [200.0, 480.0], [0.0, 480.0], [0.0, 280.0]], [[627.9791123819463, 480.0], [627.9791123819463, 760.0], [447.97911238194627, 760.0], [447.97911238194627, 480.0], [627.9791123819463, 480.0]], [[280.0, 760.0], [0.0, 760.0], [140.0, 620.0], [280.0, 760.0]], [[582.2222222222223, 0.0], [582.2222222222223, 180.0], [302.2222222222223, 0.0], [582.2222222222223, 0.0]], [[0.0, 0.0], [280.0, 0.0], [280.0, 280.0], [0.0, 280.0], [0.0, 0.0]], [[271.4136517013902, 751.4136517013902], [351.4136517013902, 551.4136517013902], [451.4136517013902, 551.4136517013902], [451.4136517013902, 751.4136517013902], [271.4136517013902, 751.4136517013902]], [[660.0, 380.0], [660.0, 480.0], [480.0, 480.0], [480.0, 380.0], [660.0, 380.0]], [[0.0, 760.0], [0.0, 480.0], [280.0, 480.0], [0.0, 760.0]], [[200.0, 480.0], [200.0, 280.0], [400.0, 280.0], [480.0, 480.0], [200.0, 480.0]], [[339.9651873032438, 580.0348126967563], [259.9651873032438, 740.0348126967563], [179.9651873032438, 580.0348126967563], [339.9651873032438, 580.0348126967563]], [[280.00000000000006, 280.0], [280.00000000000006, 0.0], [520.0, 140.0], [280.00000000000006, 280.0]]]"
Sun Jul 19 05:45:15 2020,2,3,True,667.2932213966911,0.8541971980577748,"[0, 0, 1, 2, 1, 0, 2, 1, 2, 1, 1, 1]","[[[307.29322139669114, 0.0], [507.29322139669114, 0.0], [507.29322139669114, 200.0], [307.29322139669114, 200.0], [307.29322139669114, 0.0]], [[179.99999999999983, 300.0], [379.99999999999983, 300.0], [379.99999999999983, 500.0], [179.99999999999983, 500.0], [179.99999999999983, 300.0]], [[180.0, 200.0], [180.0, 480.0], [0.0, 480.0], [0.0, 200.0], [180.0, 200.0]], [[280.0, 760.0], [0.0, 760.0], [140.0, 620.0], [280.0, 760.0]], [[0.0, 480.0], [180.0, 480.0], [0.0, 760.0], [0.0, 480.0]], [[379.9999999999999, 480.0], [659.9999999999999, 480.0], [659.9999999999999, 760.0], [379.9999999999999, 760.0], [379.9999999999999, 480.0]], [[348.6956521739131, 708.6956521739131], [148.69565217391312, 628.6956521739131], [148.69565217391312, 528.6956521739131], [348.6956521739131, 528.6956521739131], [348.6956521739131, 708.6956521739131]], [[360.0, 200.0], [360.0, 300.0], [180.0, 300.0], [180.0, 200.0], [360.0, 200.0]], [[659.9999999999998, 480.0], [379.9999999999998, 480.0], [379.9999999999998, 200.0], [659.9999999999998, 480.0]], [[280.0, 0.0], [280.0, 200.0], [80.0, 200.0], [0.0, 0.0], [280.0, 0.0]], [[507.29322139669114, 0.0], [667.2932213966911, 80.0], [507.29322139669114, 160.0], [507.29322139669114, 0.0]], [[666.8975026198334, 106.89750261983369], [666.8975026198334, 386.8975026198337], [426.8975026198334, 246.8975026198337], [666.8975026198334, 106.89750261983369]]]"
Sun Jul 19 05:45:27 2020,2,1,True,673.966153610658,0.8457398000572028,"[0, 0, 0, 2, 2, 0, 1, 1, 2, 0, 0, 0]","[[[460.0, 0.0], [660.0, 0.0], [660.0, 200.0], [460.0, 200.0], [460.0, 0.0]], [[263.89904050947064, 280.0], [463.89904050947064, 280.0], [463.89904050947064, 480.0], [263.89904050947064, 480.0], [263.89904050947064, 280.0]], [[0.0, 0.0], [280.0, 0.0], [280.0, 180.0], [0.0, 180.0], [0.0, 0.0]], [[380.0, 760.0], [100.0, 760.0], [240.0, 620.0], [380.0, 760.0]], [[394.30519624452705, 517.767626157196], [394.30519624452705, 697.767626157196], [114.30519624452705, 517.767626157196], [394.30519624452705, 517.767626157196]], [[393.966153610658, 480.0], [673.966153610658, 480.0], [673.966153610658, 760.0], [393.966153610658, 760.0], [393.966153610658, 480.0]], [[180.0, 560.0], [100.0, 760.0], [0.0, 760.0], [0.0, 560.0], [180.0, 560.0]], [[460.0, 0.0], [460.0, 100.0], [280.0, 100.0], [280.0, 0.0], [460.0, 0.0]], [[280.0, 517.767626157196], [0.0, 517.767626157196], [0.0, 237.767626157196], [280.0, 517.767626157196]], [[463.89904050947064, 200.0], [663.8990405094706, 200.0], [663.8990405094706, 400.0], [463.89904050947064, 480.0], [463.89904050947064, 200.0]], [[272.23237384280395, 280.0], [352.23237384280395, 120.0], [432.23237384280395, 280.0], [272.23237384280395, 280.0]], [[42.23237384280395, 180.0], [322.23237384280395, 180.0], [182.23237384280395, 420.0], [42.23237384280395, 180.0]]]"
Sun Jul 19 05:45:42 2020,2,1,True,680.7058151467646,0.8373661386704979,"[0, 0, 0, 0, 1, 0, 2, 0, 1, 0, 0, 2]","[[[447.0075074662317, 0.0], [647.0075074662317, 0.0], [647.0075074662317, 200.0], [447.0075074662317, 200.0], [447.0075074662317, 0.0]], [[280.0, 200.0], [480.0, 200.0], [480.0, 400.0], [280.0, 400.0], [280.0, 200.0]], [[0.0, 0.0], [280.0, 0.0], [280.0, 180.0], [0.0, 180.0], [0.0, 0.0]], [[220.70581514676462, 459.039148480098], [500.7058151467646, 459.039148480098], [360.7058151467646, 599.039148480098], [220.70581514676462, 459.039148480098]], [[500.7058151467646, 200.0], [680.7058151467646, 200.0], [500.7058151467646, 480.0], [500.7058151467646, 200.0]], [[0.0, 180.0], [280.0, 180.0], [280.0, 460.0], [0.0, 460.0], [0.0, 180.0]], [[579.7449636268625, 760.0], [379.7449636268625, 680.0], [379.7449636268625, 580.0], [579.7449636268625, 580.0], [579.7449636268625, 760.0]], [[579.7449636268625, 580.0], [679.7449636268625, 580.0], [679.7449636268625, 760.0], [579.7449636268625, 760.0], [579.7449636268625, 580.0]], [[680.7058151467645, 300.0], [680.7058151467645, 580.0], [400.7058151467645, 580.0], [680.7058151467645, 300.0]], [[0.0, 460.0], [200.0, 460.0], [200.0, 660.0], [0.0, 740.0], [0.0, 460.0]], [[280.0, 160.0], [360.0, 0.0], [440.0, 160.0], [280.0, 160.0]], [[421.6666666666666, 760.0], [141.66666666666657, 760.0], [281.6666666666666, 520.0], [421.6666666666666, 760.0]]]"
Sun Jul 19 05:46:13 2020,2,1,True,687.5128732982323,0.829075384822275,"[0, 0, 1, 2, 1, 0, 2, 1, 0, 2, 3, 3]","[[[471.1111111111111, 560.0], [671.1111111111111, 560.0], [671.1111111111111, 760.0], [471.1111111111111, 760.0], [471.1111111111111, 560.0]], [[105.35167870193862, 560.0], [305.3516787019386, 560.0], [305.3516787019386, 760.0], [105.35167870193862, 760.0], [105.35167870193862, 560.0]], [[407.5128732982323, 0.0], [407.5128732982323, 280.0], [227.5128732982323, 280.0], [227.5128732982323, 0.0], [407.5128732982323, 0.0]], [[351.5493168299311, 443.88038909190465], [71.54931682993112, 443.88038909190465], [211.54931682993112, 303.88038909190465], [351.5493168299311, 443.88038909190465]], [[0.0, 443.8803890919046], [180.0, 443.8803890919046], [0.0, 723.8803890919046], [0.0, 443.8803890919046]], [[407.5128732982323, 0.0], [687.5128732982323, 0.0], [687.5128732982323, 280.0], [407.5128732982323, 280.0], [407.5128732982323, 0.0]], [[487.66892773802647, 460.0], [287.66892773802647, 380.0], [287.66892773802647, 280.0], [487.66892773802647, 280.0], [487.66892773802647, 460.0]], [[180.0, 0.0], [180.0, 100.0], [0.0, 100.0], [0.0, 0.0], [180.0, 0.0]], [[191.1111111111111, 453.0849954740348], [471.1111111111111, 453.0849954740348], [471.1111111111111, 733.0849954740348], [191.1111111111111, 453.0849954740348]], [[687.5128732982323, 560.0], [487.5128732982323, 560.0], [487.5128732982323, 360.0], [687.5128732982323, 280.0], [687.5128732982323, 560.0]], [[227.5128732982323, 236.04917609063554], [67.51287329823231, 156.04917609063554], [227.5128732982323, 76.04917609063554], [227.5128732982323, 236.04917609063554]], [[0.0, 427.2841572426978], [0.0, 147.2841572426978], [240.0, 287.2841572426978], [0.0, 427.2841572426978]]]"
Sun Jul 19 05:46:20 2020,2,0,True,660.012358366303,0.8636201925232031,"[0, 0, 1, 2, 0, 0, 3, 0, 0, 0, 2, 3]","[[[460.01235836630303, 280.0], [660.012358366303, 280.0], [660.012358366303, 480.0], [460.01235836630303, 480.0], [460.01235836630303, 280.0]], [[0.0, 0.0], [200.0, 0.0], [200.0, 200.0], [0.0, 200.0], [0.0, 0.0]], [[660.0, 480.0], [660.0, 760.0], [480.0, 760.0], [480.0, 480.0], [660.0, 480.0]], [[380.0, 480.0], [100.0, 480.0], [240.0, 340.0], [380.0, 480.0]], [[200.0, 757.0585630082879], [200.0, 577.0585630082879], [480.0, 757.0585630082879], [200.0, 757.0585630082879]], [[380.01235836630303, 0.0], [660.012358366303, 0.0], [660.012358366303, 280.0], [380.01235836630303, 280.0], [380.01235836630303, 0.0]], [[200.01235836630303, 200.0], [280.01235836630303, 0.0], [380.01235836630303, 0.0], [380.01235836630303, 200.0], [200.01235836630303, 200.0]], [[360.01235836630303, 280.0], [460.01235836630303, 280.0], [460.01235836630303, 460.0], [360.01235836630303, 460.0], [360.01235836630303, 280.0]], [[202.94143699171207, 480.0], [482.94143699171207, 480.0], [482.94143699171207, 760.0], [202.94143699171207, 480.0]], [[0.0, 480.0], [200.0, 480.0], [200.0, 680.0], [0.0, 760.0], [0.0, 480.0]], [[348.3369378568384, 200.0], [268.3369378568384, 360.0], [188.3369378568384, 200.0], [348.3369378568384, 200.0]], [[0.0, 480.0], [0.0, 200.0], [240.0, 340.0], [0.0, 480.0]]]"
Sun Jul 19 05:46:39 2020,2,1,True,666.6124819499661,0.8550694975477259,"[0, 0, 1, 0, 3, 0, 1, 0, 2, 0, 2, 1]","[[[433.61186403165084, 279.9999999999998], [633.6118640316508, 279.9999999999998], [633.6118640316508, 479.9999999999998], [433.61186403165084, 479.9999999999998], [433.61186403165084, 279.9999999999998]], [[100.0, 0.0], [300.0, 0.0], [300.0, 200.0], [100.0, 200.0], [100.0, 0.0]], [[660.0, 0.0], [660.0, 280.0], [480.0, 280.0], [480.0, 0.0], [660.0, 0.0]], [[53.61186403165061, 200.0], [333.6118640316506, 200.0], [193.6118640316506, 340.0], [53.61186403165061, 200.0]], [[662.8571428571424, 760.0], [482.85714285714243, 760.0], [662.8571428571424, 480.0], [662.8571428571424, 760.0]], [[199.9999999999999, 479.99999999999955], [479.9999999999999, 479.99999999999955], [479.9999999999999, 759.9999999999995], [199.9999999999999, 759.9999999999995], [199.9999999999999, 479.99999999999955]], [[480.0, 0.0], [400.0, 200.0], [300.0, 200.0], [300.0, 0.0], [480.0, 0.0]], [[0.0, 19.999999999999773], [100.0, 19.999999999999773], [100.0, 199.99999999999977], [0.0, 199.99999999999977], [0.0, 19.999999999999773]], [[333.61186403165084, 479.9999999999998], [53.61186403165084, 479.9999999999998], [53.61186403165084, 199.99999999999977], [333.61186403165084, 479.9999999999998]], [[0.0, 480.0], [200.0, 480.0], [200.0, 680.0], [0.0, 760.0], [0.0, 480.0]], [[639.9999999999999, 479.99999999999955], [559.9999999999999, 639.9999999999995], [479.9999999999999, 479.99999999999955], [639.9999999999999, 479.99999999999955]], [[433.61186403165084, 199.99999999999977], [433.61186403165084, 479.9999999999998], [193.61186403165084, 339.9999999999998], [433.61186403165084, 199.99999999999977]]]"
Sun Jul 19 05:47:12 2020,2,3,True,673.2786067694658,0.8466034629185405,"[0, 0, 1, 2, 1, 0, 2, 0, 3, 1, 3, 2]","[[[460.0, 0.0], [660.0, 0.0], [660.0, 200.0], [460.0, 200.0], [460.0, 0.0]], [[0.0, 560.0], [200.0, 560.0], [200.0, 760.0], [0.0, 760.0], [0.0, 560.0]], [[180.0, 0.0], [180.0, 280.0], [0.0, 280.0], [0.0, 0.0], [180.0, 0.0]], [[536.0728242592455, 420.0], [256.0728242592455, 420.0], [396.0728242592455, 280.0], [536.0728242592455, 420.0]], [[200.0, 480.0], [380.0, 480.0], [200.0, 760.0], [200.0, 480.0]], [[180.0, 0.0], [460.0, 0.0], [460.0, 280.0], [180.0, 280.0], [180.0, 0.0]], [[673.2786067694658, 380.0], [473.2786067694658, 300.0], [473.2786067694658, 200.0], [673.2786067694658, 200.0], [673.2786067694658, 380.0]], [[16.020806931212974, 380.0], [116.02080693121297, 380.0], [116.02080693121297, 560.0], [16.020806931212974, 560.0], [16.020806931212974, 380.0]], [[116.02080693121297, 560.0], [116.02080693121297, 280.0], [396.020806931213, 280.0], [116.02080693121297, 560.0]], [[633.2786067694658, 420.0], [633.2786067694658, 620.0], [433.2786067694658, 620.0], [353.2786067694658, 420.0], [633.2786067694658, 420.0]], [[673.2786067694658, 760.0], [513.2786067694658, 680.0], [673.2786067694658, 600.0], [673.2786067694658, 760.0]], [[494.2857142857143, 760.0], [214.28571428571428, 760.0], [354.2857142857143, 520.0], [494.2857142857143, 760.0]]]"
Sun Jul 19 05:47:25 2020,2,1,True,680.0113928371604,0.8382212504143964,"[0, 0, 1, 0, 1, 0, 1, 0, 1, 0, 0, 2]","[[[480.01139283716043, 560.0], [680.0113928371604, 560.0], [680.0113928371604, 760.0], [480.01139283716043, 760.0], [480.01139283716043, 560.0]], [[416.0, 360.0], [616.0, 360.0], [616.0, 560.0], [416.0, 560.0], [416.0, 360.0]], [[180.0, 0.0], [180.0, 280.0], [0.0, 280.0], [0.0, 0.0], [180.0, 0.0]], [[177.46031746031753, 286.34920634920616], [457.4603174603175, 286.34920634920616], [317.4603174603175, 426.34920634920616], [177.46031746031753, 286.34920634920616]], [[200.0, 457.7777777777776], [380.0, 457.7777777777776], [200.0, 737.7777777777776], [200.0, 457.7777777777776]], [[180.0, 0.0], [460.0, 0.0], [460.0, 280.0], [180.0, 280.0], [180.0, 0.0]], [[180.0, 280.0], [100.0, 480.0], [0.0, 480.0], [0.0, 280.0], [180.0, 280.0]], [[460.0, 0.0], [560.0, 0.0], [560.0, 180.0], [460.0, 180.0], [460.0, 0.0]], [[680.0113928371604, 80.0], [680.0113928371604, 360.0], [400.01139283716043, 360.0], [680.0113928371604, 80.0]], [[0.0, 480.0], [200.0, 480.0], [200.0, 680.0], [0.0, 760.0], [0.0, 480.0]], [[108.88888888888897, 457.7777777777776], [188.88888888888897, 297.7777777777776], [268.88888888888897, 457.7777777777776], [108.88888888888897, 457.7777777777776]], [[480.0113928371604, 760.0], [200.01139283716037, 760.0], [340.0113928371604, 520.0], [480.0113928371604, 760.0]]]"
Sun Jul 19 05:47:38 2020,2,1,True,686.811506765532,0.8299220301132638,"[0, 0, 1, 0, 1, 0, 0, 0, 1, 1, 3, 2]","[[[0.0, 467.18906287632603], [200.0, 467.18906287632603], [200.0, 667.189062876326], [0.0, 667.189062876326], [0.0, 467.18906287632603]], [[352.81093712367397, 360.0], [552.810937123674, 360.0], [552.810937123674, 560.0], [352.81093712367397, 560.0], [352.81093712367397, 360.0]], [[180.0, 0.0], [180.0, 280.0], [0.0, 280.0], [0.0, 0.0], [180.0, 0.0]], [[120.0, 280.0], [400.0, 280.0], [260.0, 420.0], [120.0, 280.0]], [[460.0, 0.0], [640.0, 0.0], [460.0, 280.0], [460.0, 0.0]], [[180.0, 0.0], [460.0, 0.0], [460.0, 280.0], [180.0, 280.0], [180.0, 0.0]], [[0.0, 280.0], [200.0, 360.0], [200.0, 460.0], [0.0, 460.0], [0.0, 280.0]], [[552.810937123674, 367.18906287632603], [652.810937123674, 367.18906287632603], [652.810937123674, 547.189062876326], [552.810937123674, 547.189062876326], [552.810937123674, 367.18906287632603]], [[660.0, 80.0], [660.0, 360.0], [380.0, 360.0], [660.0, 80.0]], [[633.3333333333333, 560.0], [633.3333333333333, 760.0], [433.33333333333326, 760.0], [353.33333333333326, 560.0], [633.3333333333333, 560.0]], [[352.81093712367397, 543.594531438163], [192.81093712367397, 463.594531438163], [352.81093712367397, 383.594531438163], [352.81093712367397, 543.594531438163]], [[433.33333333333326, 760.0], [153.33333333333326, 760.0], [293.33333333333326, 520.0], [433.33333333333326, 760.0]]]"
Sun Jul 19 05:47:38 2020,2,0,True,659.3390464949107,0.8645021147013167,"[0, 0, 1, 0, 1, 0, 0, 0, 1, 1, 3, 2]","[[[0.0, 467.18906287632603], [200.0, 467.18906287632603], [200.0, 667.189062876326], [0.0, 667.189062876326], [0.0, 467.18906287632603]], [[352.81093712367397, 360.0], [552.810937123674, 360.0], [552.810937123674, 560.0], [352.81093712367397, 560.0], [352.81093712367397, 360.0]], [[180.0, 0.0], [180.0, 280.0], [0.0, 280.0], [0.0, 0.0], [180.0, 0.0]], [[120.0, 280.0], [400.0, 280.0], [260.0, 420.0], [120.0, 280.0]], [[460.0, 0.0], [640.0, 0.0], [460.0, 280.0], [460.0, 0.0]], [[180.0, 0.0], [460.0, 0.0], [460.0, 280.0], [180.0, 280.0], [180.0, 0.0]], [[0.0, 280.0], [200.0, 360.0], [200.0, 460.0], [0.0, 460.0], [0.0, 280.0]], [[552.810937123674, 367.18906287632603], [652.810937123674, 367.18906287632603], [652.810937123674, 547.189062876326], [552.810937123674, 547.189062876326], [552.810937123674, 367.18906287632603]], [[659.3390464949107, 80.66095350508931], [659.3390464949107, 360.6609535050893], [379.3390464949107, 360.6609535050893], [659.3390464949107, 80.66095350508931]], [[633.3333333333333, 560.0], [633.3333333333333, 760.0], [433.33333333333326, 760.0], [353.33333333333326, 560.0], [633.3333333333333, 560.0]], [[352.81093712367397, 543.594531438163], [192.81093712367397, 463.594531438163], [352.81093712367397, 383.594531438163], [352.81093712367397, 543.594531438163]], [[433.33333333333326, 760.0], [153.33333333333326, 760.0], [293.33333333333326, 520.0], [433.33333333333326, 760.0]]]"
Sun Jul 19 05:47:56 2020,2,1,True,665.9324369598598,0.8559426878230857,"[0, 0, 1, 1, 0, 0, 1, 1, 1, 0, 0, 0]","[[[280.0, 0.0], [480.0, 0.0], [480.0, 200.0], [280.0, 200.0], [280.0, 0.0]], [[0.0, 560.0], [200.0, 560.0], [200.0, 760.0], [0.0, 760.0], [0.0, 560.0]], [[380.0, 440.0], [380.0, 720.0], [200.0, 720.0], [200.0, 440.0], [380.0, 440.0]], [[665.9324369598598, 477.4920311251635], [665.9324369598598, 757.4920311251635], [525.9324369598598, 617.4920311251635], [665.9324369598598, 477.4920311251635]], [[380.0, 757.4920311251635], [380.0, 577.4920311251635], [660.0, 757.4920311251635], [380.0, 757.4920311251635]], [[0.0, 0.0], [280.0, 0.0], [280.0, 280.0], [0.0, 280.0], [0.0, 0.0]], [[660.0, 0.0], [580.0, 200.0], [480.0, 200.0], [480.0, 0.0], [660.0, 0.0]], [[560.0, 477.4920311251635], [560.0, 577.4920311251635], [380.0, 577.4920311251635], [380.0, 477.4920311251635], [560.0, 477.4920311251635]], [[665.9324369598598, 197.49203112516352], [665.9324369598598, 477.4920311251635], [385.93243695985984, 477.4920311251635], [665.9324369598598, 197.49203112516352]], [[0.0, 280.0], [200.0, 280.0], [200.0, 480.0], [0.0, 560.0], [0.0, 280.0]], [[240.0, 440.0], [320.0, 280.0], [400.0, 440.0], [240.0, 440.0]], [[280.0, 203.42446808502348], [560.0, 203.42446808502348], [420.0, 443.4244680850235], [280.0, 203.42446808502348]]]"
Sun Jul 19 05:48:24 2020,2,1,True,672.5917613294584,0.8474680077456294,"[0, 0, 1, 1, 2, 0, 0, 1, 2, 1, 3, 3]","[[[472.59176132945845, 560.0], [672.5917613294584, 560.0], [672.5917613294584, 760.0], [472.59176132945845, 760.0], [472.59176132945845, 560.0]], [[472.59176132945845, 360.0], [672.5917613294584, 360.0], [672.5917613294584, 560.0], [472.59176132945845, 560.0], [472.59176132945845, 360.0]], [[180.0, 480.0], [180.0, 760.0], [0.0, 760.0], [0.0, 480.0], [180.0, 480.0]], [[140.0, 59.71805579258614], [140.0, 339.71805579258614], [0.0, 199.71805579258614], [140.0, 59.71805579258614]], [[492.59176132945845, 0.0], [492.59176132945845, 180.0], [212.59176132945845, 0.0], [492.59176132945845, 0.0]], [[180.0, 479.71805579258614], [460.0, 479.71805579258614], [460.0, 759.7180557925861], [180.0, 759.7180557925861], [180.0, 479.71805579258614]], [[472.59176132945834, 180.0], [672.5917613294583, 260.0], [672.5917613294583, 360.0], [472.59176132945834, 360.0], [472.59176132945834, 180.0]], [[672.5917613294584, 0.0], [672.5917613294584, 100.0], [492.59176132945845, 100.0], [492.59176132945845, 0.0], [672.5917613294584, 0.0]], [[280.0, 479.71805579258614], [0.0, 479.71805579258614], [0.0, 199.71805579258614], [280.0, 479.71805579258614]], [[472.59176132945834, 272.3098171220446], [472.59176132945834, 472.3098171220446], [272.59176132945834, 472.3098171220446], [192.59176132945834, 272.3098171220446], [472.59176132945834, 272.3098171220446]], [[672.5917613294583, 260.0], [512.5917613294583, 180.0], [672.5917613294583, 100.0], [672.5917613294583, 260.0]], [[140.0, 280.0], [140.0, 0.0], [380.0, 140.0], [140.0, 280.0]]]"
Sun Jul 19 05:48:35 2020,2,1,True,679.317678942753,0.8390772353917123,"[0, 0, 1, 2, 2, 0, 1, 0, 2, 0, 3, 3]","[[[479.317678942753, 0.0], [679.317678942753, 0.0], [679.317678942753, 200.0], [479.317678942753, 200.0], [479.317678942753, 0.0]], [[460.0, 279.99999999999994], [660.0, 279.99999999999994], [660.0, 479.99999999999994], [460.0, 479.99999999999994], [460.0, 279.99999999999994]], [[660.0, 480.0], [660.0, 760.0], [480.0, 760.0], [480.0, 480.0], [660.0, 480.0]], [[559.317678942753, 280.0], [279.317678942753, 280.0], [419.317678942753, 140.0], [559.317678942753, 280.0]], [[481.53990116497516, 0.0], [481.53990116497516, 180.0], [201.53990116497516, 0.0], [481.53990116497516, 0.0]], [[200.0, 480.0], [480.0, 480.0], [480.0, 760.0], [200.0, 760.0], [200.0, 480.0]], [[460.0, 279.99999999999994], [380.0, 479.99999999999994], [280.0, 479.99999999999994], [280.0, 279.99999999999994], [460.0, 279.99999999999994]], [[79.31767894275296, 99.31767894275288], [179.31767894275296, 99.31767894275288], [179.31767894275296, 279.3176789427529], [79.31767894275296, 279.3176789427529], [79.31767894275296, 99.31767894275288]], [[280.0, 479.99999999999994], [0.0, 479.99999999999994], [0.0, 199.99999999999994], [280.0, 479.99999999999994]], [[0.0, 480.0], [200.0, 480.0], [200.0, 680.0], [0.0, 760.0], [0.0, 480.0]], [[273.10589298091776, 393.1058929809177], [113.10589298091776, 313.1058929809177], [273.10589298091776, 233.1058929809177], [273.10589298091776, 393.1058929809177]], [[179.31767894275296, 280.0], [179.31767894275296, 0.0], [419.317678942753, 140.0], [179.31767894275296, 280.0]]]"
Sun Jul 19 05:48:41 2020,2,1,True,686.1108557321805,0.8307695399917944,"[0, 0, 1, 2, 2, 0, 3, 0, 2, 2, 2, 3]","[[[452.1449717850428, 0.0], [652.1449717850428, 0.0], [652.1449717850428, 200.0], [452.1449717850428, 200.0], [452.1449717850428, 0.0]], [[460.0, 480.0], [660.0, 480.0], [660.0, 680.0], [460.0, 680.0], [460.0, 480.0]], [[180.0, 480.0], [180.0, 760.0], [0.0, 760.0], [0.0, 480.0], [180.0, 480.0]], [[502.1052631578948, 257.8947368421052], [222.1052631578948, 257.8947368421052], [362.1052631578948, 117.8947368421052], [502.1052631578948, 257.8947368421052]], [[452.1449717850428, 0.0], [452.1449717850428, 180.0], [172.1449717850428, 0.0], [452.1449717850428, 0.0]], [[180.0, 480.0], [460.0, 480.0], [460.0, 760.0], [180.0, 760.0], [180.0, 480.0]], [[257.89473684210526, 457.8947368421052], [337.89473684210526, 257.8947368421052], [437.89473684210526, 257.8947368421052], [437.89473684210526, 457.8947368421052], [257.89473684210526, 457.8947368421052]], [[0.0, 19.999999999999943], [100.0, 19.999999999999943], [100.0, 199.99999999999994], [0.0, 199.99999999999994], [0.0, 19.999999999999943]], [[280.0, 479.99999999999994], [0.0, 479.99999999999994], [0.0, 199.99999999999994], [280.0, 479.99999999999994]], [[652.1449717850428, 480.0], [452.1449717850428, 480.0], [452.1449717850428, 280.0], [652.1449717850428, 200.0], [652.1449717850428, 480.0]], [[297.8947368421053, 257.8947368421052], [217.8947368421053, 417.8947368421052], [137.8947368421053, 257.8947368421052], [297.8947368421053, 257.8947368421052]], [[99.99999999999996, 280.0], [99.99999999999996, 0.0], [339.99999999999994, 140.0], [99.99999999999996, 280.0]]]"
Sun Jul 19 05:48:41 2020,2,0,True,658.6664215028933,0.8653849374914524,"[0, 0, 1, 2, 2, 0, 3, 0, 2, 2, 2, 3]","[[[452.1449717850428, 0.0], [652.1449717850428, 0.0], [652.1449717850428, 200.0], [452.1449717850428, 200.0], [452.1449717850428, 0.0]], [[458.6664215028933, 480.0], [658.6664215028933, 480.0], [658.6664215028933, 680.0], [458.6664215028933, 680.0], [458.6664215028933, 480.0]], [[180.0, 480.0], [180.0, 760.0], [0.0, 760.0], [0.0, 480.0], [180.0, 480.0]], [[502.1052631578948, 257.8947368421052], [222.1052631578948, 257.8947368421052], [362.1052631578948, 117.8947368421052], [502.1052631578948, 257.8947368421052]], [[452.1449717850428, 0.0], [452.1449717850428, 180.0], [172.1449717850428, 0.0], [452.1449717850428, 0.0]], [[180.0, 480.0], [460.0, 480.0], [460.0, 760.0], [180.0, 760.0], [180.0, 480.0]], [[257.89473684210526, 457.8947368421052], [337.89473684210526, 257.8947368421052], [437.89473684210526, 257.8947368421052], [437.89473684210526, 457.8947368421052], [257.89473684210526, 457.8947368421052]], [[0.0, 19.999999999999943], [100.0, 19.999999999999943], [100.0, 199.99999999999994], [0.0, 199.99999999999994], [0.0, 19.999999999999943]], [[280.0, 479.99999999999994], [0.0, 479.99999999999994], [0.0, 199.99999999999994], [280.0, 479.99999999999994]], [[652.1449717850428, 480.0], [452.1449717850428, 480.0], [452.1449717850428, 280.0], [652.1449717850428, 200.0], [652.1449717850428, 480.0]], [[297.89473684210526, 257.8947368421052], [217.89473684210526, 417.8947368421052], [137.89473684210526, 257.8947368421052], [297.89473684210526, 257.8947368421052]], [[99.99999999999996, 280.0], [99.99999999999996, 0.0], [339.99999999999994, 140.0], [99.99999999999996, 280.0]]]"
Sun Jul 19 05:49:45 2020,2,3,True,665.2530857179222,0.8568167697935173,"[0, 0, 1, 1, 3, 0, 1, 1, 2, 1, 1, 0]","[[[199.89908476981054, 199.89908476981054], [399.89908476981054, 199.89908476981054], [399.89908476981054, 399.89908476981054], [199.89908476981054, 399.89908476981054], [199.89908476981054, 199.89908476981054]], [[460.0, 560.0], [660.0, 560.0], [660.0, 760.0], [460.0, 760.0], [460.0, 560.0]], [[640.0, 0.0], [640.0, 280.0], [460.0, 280.0], [460.0, 0.0], [640.0, 0.0]], [[190.0, 110.0], [190.0, 390.0], [50.0, 250.0], [190.0, 110.0]], [[665.2530857179222, 520.7174222165656], [485.2530857179222, 520.7174222165656], [665.2530857179222, 240.71742221656564], [665.2530857179222, 520.7174222165656]], [[0.0, 480.0], [280.0, 480.0], [280.0, 760.0], [0.0, 760.0], [0.0, 480.0]], [[180.0, 0.0], [100.0, 200.0], [0.0, 200.0], [0.0, 0.0], [180.0, 0.0]], [[460.0, 658.1291678490438], [460.0, 758.1291678490438], [280.0, 758.1291678490438], [280.0, 658.1291678490438], [460.0, 658.1291678490438]], [[280.0, 480.0], [0.0, 480.0], [0.0, 200.0], [280.0, 480.0]], [[460.0, 0.0], [460.0, 200.0], [260.0, 200.0], [180.0, 0.0], [460.0, 0.0]], [[399.89908476981054, 249.94954238490527], [559.8990847698105, 329.94954238490527], [399.89908476981054, 409.94954238490527], [399.89908476981054, 249.94954238490527]], [[243.9086812452756, 418.1291678490438], [523.9086812452756, 418.1291678490438], [383.9086812452756, 658.1291678490438], [243.9086812452756, 418.1291678490438]]]"
Sun Jul 19 05:49:57 2020,2,1,True,671.9056165751015,0.848333435439126,"[0, 0, 1, 2, 3, 0, 2, 1, 3, 1, 0, 0]","[[[438.64296228920534, 0.0], [638.6429622892053, 0.0], [638.6429622892053, 200.0], [438.64296228920534, 200.0], [438.64296228920534, 0.0]], [[460.0, 200.0], [660.0, 200.0], [660.0, 400.0], [460.0, 400.0], [460.0, 200.0]], [[180.0, 280.0], [180.0, 560.0], [0.0, 560.0], [0.0, 280.0], [180.0, 280.0]], [[320.0, 240.0], [40.0, 240.0], [180.0, 100.0], [320.0, 240.0]], [[652.8571428571429, 760.0], [472.8571428571429, 760.0], [652.8571428571429, 480.0], [652.8571428571429, 760.0]], [[180.0, 240.0], [460.0, 240.0], [460.0, 520.0], [180.0, 520.0], [180.0, 240.0]], [[430.0, 230.0], [230.0, 150.0], [230.0, 50.0], [430.0, 50.0], [430.0, 230.0]], [[640.0, 400.0], [640.0, 500.0], [460.0, 500.0], [460.0, 400.0], [640.0, 400.0]], [[0.0, 280.0], [0.0, 0.0], [280.0, 0.0], [0.0, 280.0]], [[280.0, 560.0], [280.0, 760.0], [80.0, 760.0], [0.0, 560.0], [280.0, 560.0]], [[298.64296228920534, 760.0], [378.64296228920534, 600.0], [458.64296228920534, 760.0], [298.64296228920534, 760.0]], [[331.9762956225387, 520.0], [611.9762956225387, 520.0], [471.9762956225387, 760.0], [331.9762956225387, 520.0]]]"
Sun Jul 19 05:50:02 2020,2,1,True,678.6246727408525,0.8399340944941842,"[0, 0, 1, 2, 3, 0, 2, 1, 3, 3, 0, 0]","[[[478.6246727408525, 0.0], [678.6246727408525, 0.0], [678.6246727408525, 200.0], [478.6246727408525, 200.0], [478.6246727408525, 0.0]], [[0.0, 560.0], [200.0, 560.0], [200.0, 760.0], [0.0, 760.0], [0.0, 560.0]], [[180.0, 280.0], [180.0, 560.0], [0.0, 560.0], [0.0, 280.0], [180.0, 280.0]], [[370.0, 190.0], [90.0, 190.0], [230.0, 50.0], [370.0, 190.0]], [[645.0293919120974, 760.0], [465.02939191209737, 760.0], [645.0293919120974, 480.0], [645.0293919120974, 760.0]], [[180.0, 186.80947479745885], [460.0, 186.80947479745885], [460.0, 466.80947479745885], [180.0, 466.80947479745885], [180.0, 186.80947479745885]], [[480.0, 180.0], [280.0, 100.0], [280.0, 0.0], [480.0, 0.0], [480.0, 180.0]], [[640.0, 360.0], [640.0, 460.0], [460.0, 460.0], [460.0, 360.0], [640.0, 360.0]], [[0.0, 280.0], [0.0, 0.0], [280.0, 0.0], [0.0, 280.0]], [[200.0, 736.712387418818], [200.0, 536.712387418818], [400.0, 536.712387418818], [480.0, 736.712387418818], [200.0, 736.712387418818]], [[460.0, 360.0], [540.0, 200.0], [620.0, 360.0], [460.0, 360.0]], [[359.22330097087377, 466.80947479745885], [639.2233009708738, 466.80947479745885], [499.22330097087377, 706.8094747974588], [359.22330097087377, 466.80947479745885]]]"
Sun Jul 19 05:50:39 2020,2,3,True,685.410919468261,0.8316179153407764,"[0, 0, 1, 0, 0, 0, 1, 0, 1, 1, 1, 0]","[[[0.0, 552.5447251023161], [200.0, 552.5447251023161], [200.0, 752.5447251023161], [0.0, 752.5447251023161], [0.0, 552.5447251023161]], [[263.26821866002115, 280.0], [463.26821866002115, 280.0], [463.26821866002115, 480.0], [263.26821866002115, 480.0], [263.26821866002115, 280.0]], [[685.410919468261, 480.0], [685.410919468261, 760.0], [505.410919468261, 760.0], [505.410919468261, 480.0], [685.410919468261, 480.0]], [[225.410919468261, 480.0], [505.410919468261, 480.0], [365.410919468261, 620.0], [225.410919468261, 480.0]], [[0.0, 534.589080531739], [0.0, 354.589080531739], [280.0, 534.589080531739], [0.0, 534.589080531739]], [[371.4796858312184, 0.0], [651.4796858312184, 0.0], [651.4796858312184, 280.0], [371.4796858312184, 280.0], [371.4796858312184, 0.0]], [[672.6924149126216, 280.0], [592.6924149126216, 480.0], [492.69241491262164, 480.0], [492.69241491262164, 280.0], [672.6924149126216, 280.0]], [[0.0, 21.30078542195406], [100.0, 21.30078542195406], [100.0, 201.30078542195406], [0.0, 201.30078542195406], [0.0, 21.30078542195406]], [[505.410919468261, 480.0], [505.410919468261, 760.0], [225.410919468261, 760.0], [505.410919468261, 480.0]], [[371.4796858312184, 0.0], [371.4796858312184, 200.0], [171.47968583121838, 200.0], [91.47968583121838, 0.0], [371.4796858312184, 0.0]], [[200.0, 534.589080531739], [360.0, 614.589080531739], [200.0, 694.589080531739], [200.0, 534.589080531739]], [[29.176093830547956, 201.30078542195406], [309.176093830548, 201.30078542195406], [169.17609383054796, 441.30078542195406], [29.176093830547956, 201.30078542195406]]]"
Sun Jul 19 05:50:51 2020,2,1,True,692.2650286629436,0.8233840745948281,"[0, 0, 1, 3, 3, 0, 3, 0, 2, 0, 3, 0]","[[[380.0, 0.0], [580.0, 0.0], [580.0, 200.0], [380.0, 200.0], [380.0, 0.0]], [[177.9944826895305, 280.0], [377.9944826895305, 280.0], [377.9944826895305, 480.0], [177.9944826895305, 480.0], [177.9944826895305, 280.0]], [[363.69360009151495, 480.0], [363.69360009151495, 760.0], [183.69360009151495, 760.0], [183.69360009151495, 480.0], [363.69360009151495, 480.0]], [[0.0, 622.0055173104695], [0.0, 342.0055173104695], [140.0, 482.0055173104695], [0.0, 622.0055173104695]], [[692.2650286629436, 760.0], [512.2650286629436, 760.0], [692.2650286629436, 480.0], [692.2650286629436, 760.0]], [[400.0, 200.0], [680.0, 200.0], [680.0, 480.0], [400.0, 480.0], [400.0, 200.0]], [[3.693600091514952, 760.0], [83.69360009151495, 560.0], [183.69360009151495, 560.0], [183.69360009151495, 760.0], [3.693600091514952, 760.0]], [[592.2650286629436, 20.0], [692.2650286629436, 20.0], [692.2650286629436, 200.0], [592.2650286629436, 200.0], [592.2650286629436, 20.0]], [[280.0, 280.0], [0.0, 280.0], [0.0, 0.0], [280.0, 280.0]], [[363.69360009151495, 480.0], [563.693600091515, 480.0], [563.693600091515, 680.0], [363.69360009151495, 760.0], [363.69360009151495, 480.0]], [[177.9944826895305, 440.0], [17.994482689530514, 360.0], [177.9944826895305, 280.0], [177.9944826895305, 440.0]], [[100.0, 0.0], [380.0, 0.0], [240.0, 240.0], [100.0, 0.0]]]"
Sun Jul 19 05:51:03 2020,2,0,True,664.5744275164258,0.8576917443696128,"[0, 0, 0, 3, 3, 0, 0, 0, 1, 1, 2, 0]","[[[0.0, 180.0], [200.0, 180.0], [200.0, 380.0], [0.0, 380.0], [0.0, 180.0]], [[464.57442751642566, 0.0], [664.5744275164257, 0.0], [664.5744275164257, 200.0], [464.57442751642566, 200.0], [464.57442751642566, 0.0]], [[140.0, 580.0], [420.0, 580.0], [420.0, 760.0], [140.0, 760.0], [140.0, 580.0]], [[227.4315703735685, 442.8571428571428], [227.4315703735685, 162.85714285714278], [367.4315703735685, 302.8571428571428], [227.4315703735685, 442.8571428571428]], [[664.5744275164257, 759.9999999999998], [484.57442751642566, 759.9999999999998], [664.5744275164257, 479.9999999999998], [664.5744275164257, 759.9999999999998]], [[384.57442751642566, 199.99999999999977], [664.5744275164257, 199.99999999999977], [664.5744275164257, 479.9999999999998], [384.57442751642566, 479.9999999999998], [384.57442751642566, 199.99999999999977]], [[16.574427516425658, 0.0], [216.57442751642566, 80.0], [216.57442751642566, 180.0], [16.574427516425658, 180.0], [16.574427516425658, 0.0]], [[40.0, 580.0], [140.0, 580.0], [140.0, 760.0], [40.0, 760.0], [40.0, 580.0]], [[370.2887132307113, 300.0], [370.2887132307113, 580.0], [90.28871323071132, 580.0], [370.2887132307113, 300.0]], [[464.57442751642566, 0.0], [464.57442751642566, 200.0], [264.57442751642566, 200.0], [184.57442751642566, 0.0], [464.57442751642566, 0.0]], [[160.0, 400.0], [80.0, 560.0], [0.0, 400.0], [160.0, 400.0]], [[370.2887132307113, 479.9999999999999], [650.2887132307113, 479.9999999999999], [510.2887132307113, 719.9999999999999], [370.2887132307113, 479.9999999999999]]]"
Sun Jul 19 05:51:05 2020,2,0,True,637.9914504157687,0.8934289003850134,"[0, 0, 0, 3, 3, 0, 0, 0, 1, 1, 2, 0]","[[[0.0, 200.0], [200.0, 200.0], [200.0, 400.0], [0.0, 400.0], [0.0, 200.0]], [[437.99145041576867, 0.0], [637.9914504157687, 0.0], [637.9914504157687, 200.0], [437.99145041576867, 200.0], [437.99145041576867, 0.0]], [[100.0, 580.0], [380.0, 580.0], [380.0, 760.0], [100.0, 760.0], [100.0, 580.0]], [[200.0, 440.0], [200.0, 160.0], [340.0, 300.0], [200.0, 440.0]], [[633.1221463142977, 760.0], [453.12214631429765, 760.0], [633.1221463142977, 480.0], [633.1221463142977, 760.0]], [[353.12214631429765, 200.0], [633.1221463142977, 200.0], [633.1221463142977, 480.0], [353.12214631429765, 480.0], [353.12214631429765, 200.0]], [[0.0, 20.0], [200.0, 100.0], [200.0, 200.0], [0.0, 200.0], [0.0, 20.0]], [[0.0, 580.0], [100.0, 580.0], [100.0, 760.0], [0.0, 760.0], [0.0, 580.0]], [[340.0, 300.0], [340.0, 580.0], [60.0, 580.0], [340.0, 300.0]], [[440.0, 0.0], [440.0, 200.0], [240.0, 200.0], [160.0, 0.0], [440.0, 0.0]], [[160.0, 400.0], [80.0, 560.0], [0.0, 400.0], [160.0, 400.0]], [[338.8364320285833, 480.0000000000001], [618.8364320285833, 480.0000000000001], [478.8364320285833, 720.0000000000001], [338.8364320285833, 480.0000000000001]]]"
Sun Jul 19 05:52:16 2020,2,3,True,644.3713649199264,0.884583069688132,"[0, 0, 1, 3, 3, 0, 0, 1, 3, 1, 0, 0]","[[[264.37136491992635, 560.0], [464.37136491992635, 560.0], [464.37136491992635, 760.0], [264.37136491992635, 760.0], [264.37136491992635, 560.0]], [[0.0, 0.0], [200.0, 0.0], [200.0, 200.0], [0.0, 200.0], [0.0, 0.0]], [[644.3713649199264, 480.0], [644.3713649199264, 760.0], [464.37136491992635, 760.0], [464.37136491992635, 480.0], [644.3713649199264, 480.0]], [[280.0, 464.37136491992635], [280.0, 184.37136491992635], [420.0, 324.37136491992635], [280.0, 464.37136491992635]], [[644.3713649199264, 480.0], [464.37136491992635, 480.0], [644.3713649199264, 200.0], [644.3713649199264, 480.0]], [[0.0, 200.0], [280.0, 200.0], [280.0, 480.0], [0.0, 480.0], [0.0, 200.0]], [[200.0, 4.37136491992635], [400.0, 84.37136491992635], [400.0, 184.37136491992635], [200.0, 184.37136491992635], [200.0, 4.37136491992635]], [[464.37136491992624, 460.0], [464.37136491992624, 560.0], [284.37136491992624, 560.0], [284.37136491992624, 460.0], [464.37136491992624, 460.0]], [[0.0, 760.0], [0.0, 480.0], [280.0, 480.0], [0.0, 760.0]], [[644.3713649199264, 0.0], [644.3713649199264, 200.0], [444.37136491992635, 200.0], [364.37136491992635, 0.0], [644.3713649199264, 0.0]], [[104.37136491992635, 760.0], [184.37136491992635, 600.0], [264.37136491992635, 760.0], [104.37136491992635, 760.0]], [[350.0856506342121, 199.9999999999999], [630.085650634212, 199.9999999999999], [490.0856506342121, 439.9999999999999], [350.0856506342121, 199.9999999999999]]]"
错误，Sun Jul 19 05:55:09 2020,2,9,False,650.8150785691256,0.8758248214733981,"[0, 0, 1, 2, 3, 0, 3, 0, 3, 1, 3, 0]","[[[450.8150785691254, 280.0000000000001], [650.8150785691254, 280.0000000000001], [650.8150785691254, 480.0000000000001], [450.8150785691254, 480.0000000000001], [450.8150785691254, 280.0000000000001]], [[300.0, 520.0], [500.0, 520.0], [500.0, 720.0], [300.0, 720.0], [300.0, 520.0]], [[648.0, 480.0], [648.0, 760.0], [468.0, 760.0], [468.0, 480.0], [648.0, 480.0]], [[280.0, 760.0], [0.0, 760.0], [140.0, 620.0], [280.0, 760.0]], [[650.8150785691256, 280.0000000000001], [470.8150785691256, 280.0000000000001], [650.8150785691256, 1.1368683772161603e-13], [650.8150785691256, 280.0000000000001]], [[58.8305759383951, 0.0], [338.8305759383951, 0.0], [338.8305759383951, 280.0], [58.8305759383951, 280.0], [58.8305759383951, 0.0]], [[264.0, 520.0], [344.0, 320.0], [444.0, 320.0], [444.0, 520.0], [264.0, 520.0]], [[338.8305759383951, 140.0], [438.8305759383951, 140.0], [438.8305759383951, 320.0], [338.8305759383951, 320.0], [338.8305759383951, 140.0]], [[0.0, 760.0], [0.0, 480.0], [280.0, 480.0], [0.0, 760.0]], [[280.0, 280.0], [280.0, 480.0], [80.0, 480.0], [0.0, 280.0], [280.0, 280.0]], [[300.0, 700.0], [140.0, 620.0], [300.0, 540.0], [300.0, 700.0]], [[357.16390927172847, 0.0], [637.1639092717285, 0.0], [497.16390927172847, 240.0], [357.16390927172847, 0.0]]]"

89.41%
Sun Jul 19 05:57:05 2020,2,开始运行[全局邻域-检验重叠] 初始利用率,0.7746751124110888
Sun Jul 19 05:57:07 2020,2,0,True,706.3606294216704,0.8069532420948842,"[0, 0, 1, 2, 1, 0, 3, 0, 1, 0, 0, 0]","[[[0.0, 0.0], [200.0, 0.0], [200.0, 200.0], [0.0, 200.0]], [[0.0, 200.0], [200.0, 200.0], [200.0, 400.0], [0.0, 400.0]], [[180.0, 400.0], [180.0, 680.0], [0.0, 680.0], [0.0, 400.0], [180.0, 400.0]], [[380.0, 760.0], [100.0, 760.0], [240.0, 620.0], [380.0, 760.0]], [[280.0, 371.953206705708], [460.0, 371.953206705708], [280.0, 651.953206705708], [280.0, 371.953206705708]], [[200.0, 91.953206705708], [480.0, 91.953206705708], [480.0, 371.953206705708], [200.0, 371.953206705708], [200.0, 91.953206705708]], [[306.4164721891901, 686.41647218919], [386.4164721891901, 486.41647218919], [486.4164721891901, 486.41647218919], [486.4164721891901, 686.41647218919], [306.4164721891901, 686.41647218919]], [[180.0, 411.42857142857133], [280.0, 411.42857142857133], [280.0, 591.4285714285713], [180.0, 591.4285714285713], [180.0, 411.42857142857133]], [[706.3606294216704, 480.0], [706.3606294216704, 760.0], [426.3606294216704, 760.0], [706.3606294216704, 480.0]], [[486.4164721891901, 297.1428571428571], [686.41647218919, 297.1428571428571], [686.41647218919, 497.1428571428571], [486.4164721891901, 577.1428571428571], [486.4164721891901, 297.1428571428571]], [[546.3606294216704, 297.1428571428571], [626.3606294216704, 137.1428571428571], [706.3606294216704, 297.1428571428571], [546.3606294216704, 297.1428571428571]], [[426.3606294216704, 1.1368683772161603e-13], [706.3606294216704, 1.1368683772161603e-13], [566.3606294216704, 240.0000000000001], [426.3606294216704, 1.1368683772161603e-13]]]"
Sun Jul 19 05:57:19 2020,2,0,True,678.1062042448036,0.8405762938488377,"[0, 0, 1, 0, 2, 0, 1, 1, 1, 0, 1, 2]","[[[0.0, 0.0], [200.0, 0.0], [200.0, 200.0], [0.0, 200.0]], [[478.1062042448036, 280.0], [678.1062042448036, 280.0], [678.1062042448036, 480.0], [478.1062042448036, 480.0], [478.1062042448036, 280.0]], [[678.1062042448036, 0.0], [678.1062042448036, 280.0], [498.1062042448036, 280.0], [498.1062042448036, 0.0], [678.1062042448036, 0.0]], [[398.1062042448036, 480.0], [678.1062042448036, 480.0], [538.1062042448036, 620.0], [398.1062042448036, 480.0]], [[398.1062042448036, 432.75751830207855], [398.1062042448036, 612.7575183020786], [118.10620424480362, 432.75751830207855], [398.1062042448036, 432.75751830207855]], [[200.0, 140.38936415176534], [480.0, 140.38936415176534], [480.0, 420.38936415176534], [200.0, 420.38936415176534], [200.0, 140.38936415176534]], [[180.0, 480.0], [100.0, 680.0], [0.0, 680.0], [0.0, 480.0], [180.0, 480.0]], [[380.0, 0.0], [380.0, 100.0], [200.0, 100.0], [200.0, 0.0], [380.0, 0.0]], [[678.1062042448036, 480.0], [678.1062042448036, 760.0], [398.1062042448036, 760.0], [678.1062042448036, 480.0]], [[0.0, 200.0], [200.0, 200.0], [200.0, 400.0], [0.0, 480.0], [0.0, 200.0]], [[317.1683427362045, 572.288587547779], [477.1683427362045, 652.288587547779], [317.1683427362045, 732.288587547779], [317.1683427362045, 572.288587547779]], [[333.3333333333334, 760.0], [53.33333333333343, 760.0], [193.33333333333343, 520.0], [333.3333333333334, 760.0]]]"
Sun Jul 19 05:57:38 2020,2,1,True,684.8872662872517,0.8322537562859779,"[0, 0, 1, 1, 3, 0, 0, 0, 2, 1, 2, 0]","[[[280.0, 280.0], [480.0, 280.0], [480.0, 480.0], [280.0, 480.0], [280.0, 280.0]], [[0.0, 560.0], [200.0, 560.0], [200.0, 760.0], [0.0, 760.0], [0.0, 560.0]], [[400.0, 0.0], [400.0, 280.0], [220.0, 280.0], [220.0, 0.0], [400.0, 0.0]], [[220.0, 20.0], [220.0, 300.0], [80.0, 160.0], [220.0, 20.0]], [[650.9819560750115, 760.0], [470.98195607501145, 760.0], [650.9819560750115, 480.0], [650.9819560750115, 760.0]], [[400.0, 0.0], [680.0, 0.0], [680.0, 280.0], [400.0, 280.0], [400.0, 0.0]], [[200.0, 580.0], [400.0, 660.0], [400.0, 760.0], [200.0, 760.0], [200.0, 580.0]], [[480.0, 280.0], [580.0, 280.0], [580.0, 460.0], [480.0, 460.0], [480.0, 280.0]], [[280.0, 360.0], [0.0, 360.0], [0.0, 80.0], [280.0, 360.0]], [[280.0, 360.0], [280.0, 560.0], [80.0, 560.0], [0.0, 360.0], [280.0, 360.0]], [[160.0, 0.0], [80.0, 160.0], [0.0, 0.0], [160.0, 0.0]], [[356.69624178929723, 480.0], [636.6962417892972, 480.0], [496.69624178929723, 720.0], [356.69624178929723, 480.0]]]"
Sun Jul 19 05:57:42 2020,2,0,True,657.4917756357617,0.8669309961312269,"[0, 0, 1, 1, 3, 0, 0, 0, 2, 1, 0, 0]","[[[357.49177563576166, 280.0], [557.4917756357617, 280.0], [557.4917756357617, 480.0], [357.49177563576166, 480.0], [357.49177563576166, 280.0]], [[0.0, 560.0], [200.0, 560.0], [200.0, 760.0], [0.0, 760.0], [0.0, 560.0]], [[377.49177563576166, 0.0], [377.49177563576166, 280.0], [197.49177563576166, 280.0], [197.49177563576166, 0.0], [377.49177563576166, 0.0]], [[197.49177563576166, 0.0], [197.49177563576166, 280.0], [57.491775635761655, 140.0], [197.49177563576166, 0.0]], [[657.4917756357617, 760.0], [477.49177563576166, 760.0], [657.4917756357617, 480.0], [657.4917756357617, 760.0]], [[377.49177563576166, 0.0], [657.4917756357617, 0.0], [657.4917756357617, 280.0], [377.49177563576166, 280.0], [377.49177563576166, 0.0]], [[200.0, 580.0], [400.0, 660.0], [400.0, 760.0], [200.0, 760.0], [200.0, 580.0]], [[557.4917756357617, 280.0], [657.4917756357617, 280.0], [657.4917756357617, 460.0], [557.4917756357617, 460.0], [557.4917756357617, 280.0]], [[280.0, 362.50822436423834], [0.0, 362.50822436423834], [0.0, 82.50822436423834], [280.0, 362.50822436423834]], [[280.0, 362.50822436423834], [280.0, 562.5082243642383], [80.0, 562.5082243642383], [0.0, 362.50822436423834], [280.0, 362.50822436423834]], [[259.3784268184326, 603.7513707273731], [339.3784268184326, 443.7513707273731], [419.3784268184326, 603.7513707273731], [259.3784268184326, 603.7513707273731]], [[363.2060613500474, 480.0], [643.2060613500473, 480.0], [503.2060613500474, 720.0], [363.2060613500474, 480.0]]]"
Sun Jul 19 05:59:30 2020,2,5,True,664.0666933921193,0.8583475209220067,"[0, 0, 1, 2, 1, 0, 3, 0, 3, 2, 1, 2]","[[[464.0666933921193, 0.0], [664.0666933921193, 0.0], [664.0666933921193, 200.0], [464.0666933921193, 200.0], [464.0666933921193, 0.0]], [[464.0666933921193, 480.0], [664.0666933921193, 480.0], [664.0666933921193, 680.0], [464.0666933921193, 680.0], [464.0666933921193, 480.0]], [[664.0666933921193, 200.0], [664.0666933921193, 480.0], [484.0666933921193, 480.0], [484.0666933921193, 200.0], [664.0666933921193, 200.0]], [[360.0, 200.0], [80.0, 200.0], [220.0, 60.0], [360.0, 200.0]], [[200.0, 480.0], [380.0, 480.0], [200.0, 760.0], [200.0, 480.0]], [[180.0, 200.0], [460.0, 200.0], [460.0, 480.0], [180.0, 480.0], [180.0, 200.0]], [[0.0, 400.0], [80.0, 200.0], [180.0, 200.0], [180.0, 400.0], [0.0, 400.0]], [[360.0, 20.0], [460.0, 20.0], [460.0, 200.0], [360.0, 200.0], [360.0, 20.0]], [[0.0, 280.0], [0.0, 0.0], [280.0, 0.0], [0.0, 280.0]], [[200.0, 760.0], [0.0, 760.0], [0.0, 560.0], [200.0, 480.0], [200.0, 760.0]], [[0.0, 400.0], [160.0, 480.0], [0.0, 560.0], [0.0, 400.0]], [[494.2857142857143, 760.0], [214.28571428571428, 760.0], [354.2857142857143, 520.0], [494.2857142857143, 760.0]]]"
Sun Jul 19 06:00:07 2020,2,2,True,637.5040256564345,0.8941120009604239,"[0, 0, 1, 0, 3, 0, 0, 1, 0, 3, 2, 3]","[[[0.0, 280.0], [200.0, 280.0], [200.0, 480.0], [0.0, 480.0], [0.0, 280.0]], [[437.50402565643435, 560.0], [637.5040256564344, 560.0], [637.5040256564344, 760.0], [437.50402565643435, 760.0], [437.50402565643435, 560.0]], [[180.0, 480.0], [180.0, 760.0], [0.0, 760.0], [0.0, 480.0], [180.0, 480.0]], [[209.64573261173882, 507.85829304469553], [489.6457326117388, 507.85829304469553], [349.6457326117388, 647.8582930446955], [209.64573261173882, 507.85829304469553]], [[637.5040256564345, 560.0], [457.50402565643446, 560.0], [637.5040256564345, 280.0], [637.5040256564345, 560.0]], [[0.0, 0.0], [280.0, 0.0], [280.0, 280.0], [0.0, 280.0], [0.0, 0.0]], [[180.0, 580.0], [380.0, 660.0], [380.0, 760.0], [180.0, 760.0], [180.0, 580.0]], [[587.7441656724012, 230.24014001596674], [587.7441656724012, 330.24014001596674], [407.7441656724012, 330.24014001596674], [407.7441656724012, 230.24014001596674], [587.7441656724012, 230.24014001596674]], [[357.50402565643446, 0.0], [637.5040256564345, 0.0], [637.5040256564345, 280.0], [357.50402565643446, 0.0]], [[200.0, 507.85829304469553], [200.0, 307.85829304469553], [400.0, 307.85829304469553], [480.0, 507.85829304469553], [200.0, 507.85829304469553]], [[568.9527387885084, 330.24014001596674], [488.9527387885085, 490.24014001596674], [408.9527387885085, 330.24014001596674], [568.9527387885084, 330.24014001596674]], [[278.5752625299376, 301.07123687350315], [278.5752625299376, 21.071236873503153], [518.5752625299376, 161.07123687350315], [278.5752625299376, 301.07123687350315]]]"
Sun Jul 19 06:02:23 2020,2,5,True,643.8790659129988,0.8852594068915086,"[0, 0, 1, 1, 0, 0, 3, 1, 3, 3, 1, 1]","[[[0.0, 360.0], [200.0, 360.0], [200.0, 560.0], [0.0, 560.0], [0.0, 360.0]], [[263.87906591299884, 0.0], [463.87906591299884, 0.0], [463.87906591299884, 200.0], [263.87906591299884, 200.0], [263.87906591299884, 0.0]], [[643.8790659129988, 0.0], [643.8790659129988, 280.0], [463.87906591299884, 280.0], [463.87906591299884, 0.0], [643.8790659129988, 0.0]], [[363.87906591299884, 479.6976647824971], [363.87906591299884, 759.6976647824971], [223.87906591299884, 619.6976647824971], [363.87906591299884, 479.6976647824971]], [[0.0, 335.3508280869277], [0.0, 155.35082808692772], [280.0, 335.3508280869277], [0.0, 335.3508280869277]], [[363.87906591299884, 480.0], [643.8790659129988, 480.0], [643.8790659129988, 760.0], [363.87906591299884, 760.0], [363.87906591299884, 480.0]], [[463.87906591299884, 480.0], [543.8790659129988, 280.0], [643.8790659129988, 280.0], [643.8790659129988, 480.0], [463.87906591299884, 480.0]], [[443.87906591299884, 200.0], [443.87906591299884, 300.0], [263.87906591299884, 300.0], [263.87906591299884, 200.0], [443.87906591299884, 200.0]], [[222.1403312347711, 615.3508280869278], [222.1403312347711, 335.3508280869278], [502.1403312347711, 335.3508280869278], [222.1403312347711, 615.3508280869278]], [[0.0, 760.0], [0.0, 560.0], [200.0, 560.0], [280.0, 760.0], [0.0, 760.0]], [[7.232045198112346, 0.0], [167.23204519811236, 80.0], [7.232045198112346, 160.0], [7.232045198112346, 0.0]], [[263.87906591299884, 30.701656173855554], [263.87906591299884, 310.70165617385555], [23.87906591299884, 170.70165617385555], [263.87906591299884, 30.701656173855554]]]"
错误，Sun Jul 19 06:05:25 2020,2,9,False,650.3178565721288,0.8764944622688206,"[0, 0, 1, 3, 1, 0, 3, 1, 1, 2, 0, 0]","[[[0.0, 560.0], [200.0, 560.0], [200.0, 760.0], [0.0, 760.0], [0.0, 560.0]], [[0.0, 0.0], [200.0, 0.0], [200.0, 200.0], [0.0, 200.0], [0.0, 0.0]], [[380.0, 0.0], [380.0, 280.0], [200.0, 280.0], [200.0, 0.0], [380.0, 0.0]], [[150.0, 510.0], [150.0, 230.0], [290.0, 370.0], [150.0, 510.0]], [[0.0, 200.0], [180.0, 200.0], [0.0, 480.0], [0.0, 200.0]], [[190.3178565721288, 480.0], [470.3178565721288, 480.0], [470.3178565721288, 760.0], [190.3178565721288, 760.0], [190.3178565721288, 480.0]], [[470.3178565721288, 760.0], [550.3178565721288, 560.0], [650.3178565721288, 560.0], [650.3178565721288, 760.0], [470.3178565721288, 760.0]], [[650.3178565721288, 464.0], [650.3178565721288, 564.0], [470.3178565721288, 564.0], [470.3178565721288, 464.0], [650.3178565721288, 464.0]], [[450.3178565721288, 209.6821434278712], [450.3178565721288, 489.6821434278712], [170.3178565721288, 489.6821434278712], [450.3178565721288, 209.6821434278712]], [[650.3178565721288, 464.0], [450.3178565721288, 464.0], [450.3178565721288, 264.0], [650.3178565721288, 184.0], [650.3178565721288, 464.0]], [[0.0, 530.0], [80.0, 370.0], [160.0, 530.0], [0.0, 530.0]], [[370.3178565721288, 0.0], [650.3178565721288, 0.0], [510.3178565721288, 240.0], [370.3178565721288, 0.0]]]"
Sun Jul 19 06:05:51 2020,2,1,True,656.8210351378501,0.8678162992760599,"[0, 0, 1, 0, 3, 0, 1, 0, 3, 2, 0, 1]","[[[200.0, 280.0], [400.0, 280.0], [400.0, 480.0], [200.0, 480.0], [200.0, 280.0]], [[0.0, 280.0], [200.0, 280.0], [200.0, 480.0], [0.0, 480.0], [0.0, 280.0]], [[656.8210351378501, 480.0], [656.8210351378501, 760.0], [476.8210351378501, 760.0], [476.8210351378501, 480.0], [656.8210351378501, 480.0]], [[0.0, 0.0], [280.0, 0.0], [140.0, 140.0], [0.0, 0.0]], [[280.0, 280.0], [100.0, 280.0], [280.0, 0.0], [280.0, 280.0]], [[196.82103513785012, 480.0], [476.8210351378501, 480.0], [476.8210351378501, 760.0], [196.82103513785012, 760.0], [196.82103513785012, 480.0]], [[580.0, 264.4527992595231], [500.0, 464.4527992595231], [400.0, 464.4527992595231], [400.0, 264.4527992595231], [580.0, 264.4527992595231]], [[0.0, 100.0], [100.0, 100.0], [100.0, 280.0], [0.0, 280.0], [0.0, 100.0]], [[306.08610489445243, 280.0], [306.08610489445243, 0.0], [586.0861048944524, 0.0], [306.08610489445243, 280.0]], [[200.0, 760.0], [0.0, 760.0], [0.0, 560.0], [200.0, 480.0], [200.0, 760.0]], [[492.22639962976154, 480.0], [572.2263996297615, 320.0], [652.2263996297615, 480.0], [492.22639962976154, 480.0]], [[656.8210351378501, 29.265069756602315], [656.8210351378501, 309.2650697566023], [416.8210351378501, 169.26506975660232], [656.8210351378501, 29.265069756602315]]]"
Sun Jul 19 06:07:01 2020,2,5,True,663.3892454892286,0.8592240586891682,"[0, 0, 1, 2, 3, 0, 1, 0, 3, 2, 1, 1]","[[[463.38924548922864, 200.0], [663.3892454892286, 200.0], [663.3892454892286, 400.0], [463.38924548922864, 400.0], [463.38924548922864, 200.0]], [[0.0, 0.0], [200.0, 0.0], [200.0, 200.0], [0.0, 200.0], [0.0, 0.0]], [[180.0, 200.0], [180.0, 480.0], [0.0, 480.0], [0.0, 200.0], [180.0, 200.0]], [[571.6946227446143, 188.30537725538568], [291.6946227446143, 188.30537725538568], [431.6946227446143, 48.30537725538568], [571.6946227446143, 188.30537725538568]], [[660.0, 760.0], [480.0, 760.0], [660.0, 480.0], [660.0, 760.0]], [[200.0, 480.0], [480.0, 480.0], [480.0, 760.0], [200.0, 760.0], [200.0, 480.0]], [[659.0506373941039, 400.0], [579.0506373941039, 600.0], [479.0506373941039, 600.0], [479.0506373941039, 400.0], [659.0506373941039, 400.0]], [[563.3892454892286, 0.0], [663.3892454892286, 0.0], [663.3892454892286, 180.0], [563.3892454892286, 180.0], [563.3892454892286, 0.0]], [[200.0, 280.0], [200.0, 0.0], [480.0, 0.0], [200.0, 280.0]], [[200.0, 760.0], [0.0, 760.0], [0.0, 560.0], [200.0, 480.0], [200.0, 760.0]], [[180.0, 328.0], [340.0, 408.0], [180.0, 488.0], [180.0, 328.0]], [[443.38064672351834, 188.30537725538568], [443.38064672351834, 468.3053772553857], [203.38064672351834, 328.3053772553857], [443.38064672351834, 188.30537725538568]]]"
Sun Jul 19 06:07:25 2020,2,1,True,670.0231379441209,0.8507168897912556,"[0, 0, 0, 0, 3, 0, 3, 1, 3, 3, 2, 1]","[[[288.0, 555.0], [488.0, 555.0], [488.0, 755.0], [288.0, 755.0], [288.0, 555.0]], [[288.0, 200.0], [488.0, 200.0], [488.0, 400.0], [288.0, 400.0], [288.0, 200.0]], [[0.0, 0.0], [280.0, 0.0], [280.0, 180.0], [0.0, 180.0], [0.0, 0.0]], [[268.0, 400.0], [548.0, 400.0], [408.0, 540.0], [268.0, 400.0]], [[260.0, 480.0], [80.0, 480.0], [260.0, 200.0], [260.0, 480.0]], [[0.0, 480.0], [280.0, 480.0], [280.0, 760.0], [0.0, 760.0], [0.0, 480.0]], [[488.29814664439675, 379.2546333890082], [568.2981466443968, 179.25463338900818], [668.2981466443968, 179.25463338900818], [668.2981466443968, 379.2546333890082], [488.29814664439675, 379.2546333890082]], [[668.0, 660.0], [668.0, 760.0], [488.0, 760.0], [488.0, 660.0], [668.0, 660.0]], [[0.0, 460.0], [0.0, 180.0], [280.0, 180.0], [0.0, 460.0]], [[280.0, 200.0], [280.0, 0.0], [480.0, 0.0], [560.0, 200.0], [280.0, 200.0]], [[640.0, 0.0], [560.0, 160.0], [480.0, 0.0], [640.0, 0.0]], [[668.0, 380.0], [668.0, 660.0], [428.0, 520.0], [668.0, 380.0]]]"
Sun Jul 19 06:07:43 2020,2,1,True,676.7233693235621,0.842293950288372,"[0, 0, 1, 0, 3, 0, 0, 1, 3, 3, 2, 1]","[[[200.0, 560.0], [400.0, 560.0], [400.0, 760.0], [200.0, 760.0], [200.0, 560.0]], [[400.0, 560.0], [600.0, 560.0], [600.0, 760.0], [400.0, 760.0], [400.0, 560.0]], [[180.0, 200.0], [180.0, 480.0], [0.0, 480.0], [0.0, 200.0], [180.0, 200.0]], [[314.68934772942487, 296.8586282696255], [594.6893477294249, 296.8586282696255], [454.68934772942487, 436.8586282696255], [314.68934772942487, 296.8586282696255]], [[396.7233693235621, 296.8586282696255], [216.7233693235621, 296.8586282696255], [396.7233693235621, 16.858628269625513], [396.7233693235621, 296.8586282696255]], [[396.7233693235621, 0.0], [676.7233693235621, 0.0], [676.7233693235621, 280.0], [396.7233693235621, 280.0], [396.7233693235621, 0.0]], [[180.0, 282.16928054020065], [380.0, 362.16928054020065], [380.0, 462.16928054020065], [180.0, 462.16928054020065], [180.0, 282.16928054020065]], [[460.0, 460.0], [460.0, 560.0], [280.0, 560.0], [280.0, 460.0], [460.0, 460.0]], [[0.0, 760.0], [0.0, 480.0], [280.0, 480.0], [0.0, 760.0]], [[0.0, 200.0], [0.0, 0.0], [200.0, 0.0], [280.0, 200.0], [0.0, 200.0]], [[360.0, 0.0], [280.0, 160.0], [200.0, 0.0], [360.0, 0.0]], [[676.7233693235621, 306.42196543874456], [676.7233693235621, 586.4219654387446], [436.7233693235621, 446.42196543874456], [676.7233693235621, 306.42196543874456]]]"
Sun Jul 19 06:08:11 2020,2,1,True,683.4906030167978,0.8339544062261107,"[0, 0, 0, 3, 1, 0, 2, 0, 1, 3, 0, 0]","[[[280.0, 0.0], [480.0, 0.0], [480.0, 200.0], [280.0, 200.0], [280.0, 0.0]], [[469.36068108338293, 560.0], [669.3606810833829, 560.0], [669.3606810833829, 760.0], [469.36068108338293, 760.0], [469.36068108338293, 560.0]], [[389.72873902824915, 369.6544345506197], [669.7287390282492, 369.6544345506197], [669.7287390282492, 549.6544345506197], [389.72873902824915, 549.6544345506197], [389.72873902824915, 369.6544345506197]], [[0.0, 593.498907263135], [0.0, 313.49890726313504], [140.0, 453.49890726313504], [0.0, 593.498907263135]], [[318.7923040965046, 200.0], [498.7923040965046, 200.0], [318.7923040965046, 480.0], [318.7923040965046, 200.0]], [[0.0, 0.0], [280.0, 0.0], [280.0, 280.0], [0.0, 280.0], [0.0, 0.0]], [[469.36068108338293, 729.6544345506197], [269.36068108338293, 649.6544345506197], [269.36068108338293, 549.6544345506197], [469.36068108338293, 549.6544345506197], [469.36068108338293, 729.6544345506197]], [[480.0, 0.0], [580.0, 0.0], [580.0, 180.0], [480.0, 180.0], [480.0, 0.0]], [[669.7287390282493, 89.65443455061973], [669.7287390282493, 369.6544345506197], [389.72873902824927, 369.6544345506197], [669.7287390282493, 89.65443455061973]], [[33.49890726313504, 760.0], [33.49890726313504, 560.0], [233.49890726313504, 560.0], [313.49890726313504, 760.0], [33.49890726313504, 760.0]], [[174.8272172753098, 549.6544345506196], [254.8272172753098, 389.6544345506196], [334.8272172753098, 549.6544345506196], [174.8272172753098, 549.6544345506196]], [[38.79230409650458, 280.0], [318.7923040965046, 280.0], [178.79230409650458, 520.0], [38.79230409650458, 280.0]]]"
Sun Jul 19 06:08:31 2020,2,0,True,656.1509788961258,0.868702506485532,"[0, 0, 0, 3, 3, 0, 3, 0, 1, 3, 2, 0]","[[[277.5256292903665, 0.0], [477.5256292903665, 0.0], [477.5256292903665, 200.0], [277.5256292903665, 200.0], [277.5256292903665, 0.0]], [[456.1509788961258, 560.0], [656.1509788961258, 560.0], [656.1509788961258, 760.0], [456.1509788961258, 760.0], [456.1509788961258, 560.0]], [[373.67660818649233, 380.0], [653.6766081864923, 380.0], [653.6766081864923, 560.0], [373.67660818649233, 560.0], [373.67660818649233, 380.0]], [[477.5256292903665, 280.0], [477.5256292903665, 0.0], [617.5256292903665, 140.0], [477.5256292903665, 280.0]], [[368.9730738271678, 517.0972833416836], [188.9730738271678, 517.0972833416836], [368.9730738271678, 237.09728334168358], [368.9730738271678, 517.0972833416836]], [[0.0, 0.0], [280.0, 0.0], [280.0, 280.0], [0.0, 280.0], [0.0, 0.0]], [[276.1509788961258, 760.0], [356.1509788961258, 560.0], [456.1509788961258, 560.0], [456.1509788961258, 760.0], [276.1509788961258, 760.0]], [[0.0, 370.3774472403145], [100.0, 370.3774472403145], [100.0, 550.3774472403145], [0.0, 550.3774472403145], [0.0, 370.3774472403145]], [[656.1509788961258, 100.0], [656.1509788961258, 380.0], [376.1509788961258, 380.0], [656.1509788961258, 100.0]], [[0.0, 750.3774472403145], [0.0, 550.3774472403145], [200.0, 550.3774472403145], [280.0, 750.3774472403145], [0.0, 750.3774472403145]], [[344.81127637984275, 520.0], [264.81127637984275, 680.0], [184.81127637984275, 520.0], [344.81127637984275, 520.0]], [[47.2798224431499, 280.0], [327.2798224431499, 280.0], [187.2798224431499, 520.0], [47.2798224431499, 280.0]]]"
Sun Jul 19 06:08:45 2020,2,1,True,662.7124886850871,0.8601014915698338,"[0, 0, 1, 0, 2, 0, 1, 1, 1, 3, 1, 3]","[[[428.11030995414455, 280.0], [628.1103099541446, 280.0], [628.1103099541446, 480.0], [428.11030995414455, 480.0], [428.11030995414455, 280.0]], [[0.0, 560.0], [200.0, 560.0], [200.0, 760.0], [0.0, 760.0], [0.0, 560.0]], [[180.0, 280.0], [180.0, 560.0], [0.0, 560.0], [0.0, 280.0], [180.0, 280.0]], [[380.0, 0.0], [660.0, 0.0], [520.0, 140.0], [380.0, 0.0]], [[662.7124886850871, 580.0], [662.7124886850871, 760.0], [382.7124886850871, 580.0], [662.7124886850871, 580.0]], [[0.0, 0.0], [280.0, 0.0], [280.0, 280.0], [0.0, 280.0], [0.0, 0.0]], [[380.0, 559.7242251146386], [300.0, 759.7242251146386], [200.0, 759.7242251146386], [200.0, 559.7242251146386], [380.0, 559.7242251146386]], [[640.0, 480.0], [640.0, 580.0], [460.0, 580.0], [460.0, 480.0], [640.0, 480.0]], [[660.0, 0.0], [660.0, 280.0], [380.0, 280.0], [660.0, 0.0]], [[180.0, 559.7242251146386], [180.0, 359.72422511463856], [380.0, 359.72422511463856], [460.0, 559.7242251146386], [180.0, 559.7242251146386]], [[378.2680442406426, 600.0], [538.2680442406427, 680.0], [378.2680442406426, 760.0], [378.2680442406426, 600.0]], [[280.0, 280.0], [280.0, 0.0], [520.0, 140.0], [280.0, 280.0]]]"
Sun Jul 19 06:10:58 2020,2,7,True,669.339613571938,0.8515856352176572,"[0, 0, 0, 2, 1, 0, 3, 1, 3, 3, 2, 1]","[[[0.0, 560.0], [200.0, 560.0], [200.0, 760.0], [0.0, 760.0], [0.0, 560.0]], [[0.0, 360.0], [200.0, 360.0], [200.0, 560.0], [0.0, 560.0], [0.0, 360.0]], [[200.0, 280.0], [480.0, 280.0], [480.0, 460.0], [200.0, 460.0], [200.0, 280.0]], [[280.0, 280.0], [0.0, 280.0], [140.0, 140.0], [280.0, 280.0]], [[489.339613571938, 280.0], [669.339613571938, 280.0], [489.339613571938, 560.0], [489.339613571938, 280.0]], [[380.0, 0.0], [660.0, 0.0], [660.0, 280.0], [380.0, 280.0], [380.0, 0.0]], [[489.339613571938, 760.0], [569.339613571938, 560.0], [669.339613571938, 560.0], [669.339613571938, 760.0], [489.339613571938, 760.0]], [[380.0, 460.0], [380.0, 560.0], [200.0, 560.0], [200.0, 460.0], [380.0, 460.0]], [[0.0, 280.0], [0.0, 0.0], [280.0, 0.0], [0.0, 280.0]], [[200.0, 760.0], [200.0, 560.0], [400.0, 560.0], [480.0, 760.0], [200.0, 760.0]], [[560.0, 560.0], [480.0, 720.0], [400.0, 560.0], [560.0, 560.0]], [[380.0, 0.0], [380.0, 280.0], [140.0, 140.0], [380.0, 0.0]]]"
Sun Jul 19 06:11:14 2020,2,1,True,676.0330097076574,0.8431540942749082,"[0, 0, 0, 3, 2, 0, 0, 0, 0, 1, 1, 1]","[[[0.0, 75.49326705274689], [200.0, 75.49326705274689], [200.0, 275.4932670527469], [0.0, 275.4932670527469], [0.0, 75.49326705274689]], [[475.56872880024457, 380.0], [675.5687288002446, 380.0], [675.5687288002446, 580.0], [475.56872880024457, 580.0], [475.56872880024457, 380.0]], [[372.0, 580.0], [652.0, 580.0], [652.0, 760.0], [372.0, 760.0], [372.0, 580.0]], [[279.99999999999994, 560.0], [279.99999999999994, 280.0], [419.99999999999994, 420.0], [279.99999999999994, 560.0]], [[362.56602902906036, 0.0], [362.56602902906036, 180.0], [82.56602902906036, 0.0], [362.56602902906036, 0.0]], [[0.0, 280.0], [280.0, 280.0], [280.0, 560.0], [0.0, 560.0], [0.0, 280.0]], [[475.56872880024434, 200.0], [675.5687288002443, 280.0], [675.5687288002443, 380.0], [475.56872880024434, 380.0], [475.56872880024434, 200.0]], [[0.0, 580.0], [100.0, 580.0], [100.0, 760.0], [0.0, 760.0], [0.0, 580.0]], [[395.56872880024423, 0.0], [675.5687288002442, 0.0], [675.5687288002442, 280.0], [395.56872880024423, 0.0]], [[372.0, 560.0], [372.0, 760.0], [172.0, 760.0], [92.0, 560.0], [372.0, 560.0]], [[202.56602902906036, 100.0], [362.56602902906036, 180.0], [202.56602902906036, 260.0], [202.56602902906036, 100.0]], [[475.5687288002444, 114.08175846680933], [475.5687288002444, 394.08175846680933], [235.5687288002444, 254.08175846680933], [475.5687288002444, 114.08175846680933]]]"
Sun Jul 19 06:11:32 2020,2,1,True,682.7933398047339,0.8348060339355525,"[0, 0, 1, 0, 1, 0, 1, 0, 1, 0, 1, 1]","[[[0.0, 80.0], [200.0, 80.0], [200.0, 280.0], [0.0, 280.0], [0.0, 80.0]], [[185.65048266187682, 560.0], [385.6504826618768, 560.0], [385.6504826618768, 760.0], [185.65048266187682, 760.0], [185.65048266187682, 560.0]], [[380.0, 0.0], [380.0, 280.0], [200.0, 280.0], [200.0, 0.0], [380.0, 0.0]], [[344.28571428571433, 460.0], [624.2857142857143, 460.0], [484.28571428571433, 600.0], [344.28571428571433, 460.0]], [[280.0, 280.0], [460.0, 280.0], [280.0, 560.0], [280.0, 280.0]], [[0.0, 280.0], [280.0, 280.0], [280.0, 560.0], [0.0, 560.0], [0.0, 280.0]], [[180.0, 560.0], [100.0, 760.0], [0.0, 760.0], [0.0, 560.0], [180.0, 560.0]], [[580.0, 0.0], [680.0, 0.0], [680.0, 180.0], [580.0, 180.0], [580.0, 0.0]], [[624.2857142857142, 180.0000000000001], [624.2857142857142, 460.0000000000001], [344.2857142857142, 460.0000000000001], [624.2857142857142, 180.0000000000001]], [[380.0, 0.0], [580.0, 0.0], [580.0, 200.0], [380.0, 280.0], [380.0, 0.0]], [[385.6504826618768, 600.0], [545.6504826618768, 680.0], [385.6504826618768, 760.0], [385.6504826618768, 600.0]], [[682.7933398047338, 480.0], [682.7933398047338, 760.0], [442.7933398047338, 620.0], [682.7933398047338, 480.0]]]"
Sun Jul 19 06:11:51 2020,2,1,True,689.6212732027813,0.826540627658963,"[0, 0, 0, 2, 2, 0, 0, 0, 0, 1, 1, 2]","[[[0.0, 0.0], [200.0, 0.0], [200.0, 200.0], [0.0, 200.0], [0.0, 0.0]], [[279.8783303302155, 560.0], [479.8783303302155, 560.0], [479.8783303302155, 760.0], [279.8783303302155, 760.0], [279.8783303302155, 560.0]], [[380.0, 203.80952380952385], [660.0, 203.80952380952385], [660.0, 383.80952380952385], [380.0, 383.80952380952385], [380.0, 203.80952380952385]], [[620.0, 200.0], [340.0, 200.0], [480.0, 60.0], [620.0, 200.0]], [[689.6212732027813, 0.0], [689.6212732027813, 180.0], [409.62127320278125, 0.0], [689.6212732027813, 0.0]], [[0.0, 480.0], [280.0, 480.0], [280.0, 760.0], [0.0, 760.0], [0.0, 480.0]], [[479.8783303302155, 580.0], [679.8783303302155, 660.0], [679.8783303302155, 760.0], [479.8783303302155, 760.0], [479.8783303302155, 580.0]], [[200.0, 0.0], [300.0, 0.0], [300.0, 180.0], [200.0, 180.0], [200.0, 0.0]], [[100.0, 200.0], [380.0, 200.0], [380.0, 480.0], [100.0, 200.0]], [[689.402139854025, 383.80952380952385], [689.402139854025, 583.8095238095239], [489.402139854025, 583.8095238095239], [409.402139854025, 383.80952380952385], [689.402139854025, 383.80952380952385]], [[300.0, 0.0], [460.0, 80.0], [300.0, 160.0], [300.0, 0.0]], [[280.0, 480.0], [0.0, 480.0], [140.0, 240.0], [280.0, 480.0]]]"
Sun Jul 19 06:11:53 2020,2,0,True,662.03642227467,0.8609798204780864,"[0, 0, 0, 2, 2, 0, 3, 0, 0, 1, 1, 3]","[[[0.0, 0.0], [200.0, 0.0], [200.0, 200.0], [0.0, 200.0], [0.0, 0.0]], [[283.10600244928986, 557.3260495634506], [483.10600244928986, 557.3260495634506], [483.10600244928986, 757.3260495634506], [283.10600244928986, 757.3260495634506], [283.10600244928986, 557.3260495634506]], [[380.0, 177.32604956345062], [660.0, 177.32604956345062], [660.0, 357.3260495634506], [380.0, 357.3260495634506], [380.0, 177.32604956345062]], [[380.0, 481.81183476208565], [100.0, 481.81183476208565], [240.0, 341.81183476208565], [380.0, 481.81183476208565]], [[662.03642227467, 0.0], [662.03642227467, 180.0], [382.03642227467003, 0.0], [662.03642227467, 0.0]], [[3.1060024492898606, 480.0], [283.10600244928986, 480.0], [283.10600244928986, 760.0], [3.1060024492898606, 760.0], [3.1060024492898606, 480.0]], [[482.03642227467003, 760.0], [562.03642227467, 560.0], [662.03642227467, 560.0], [662.03642227467, 760.0], [482.03642227467003, 760.0]], [[200.0, 0.0], [300.0, 0.0], [300.0, 180.0], [200.0, 180.0], [200.0, 0.0]], [[100.0, 201.81183476208565], [380.0, 201.81183476208565], [380.0, 481.81183476208565], [100.0, 201.81183476208565]], [[660.0, 357.3260495634506], [660.0, 557.3260495634506], [460.0, 557.3260495634506], [380.0, 357.3260495634506], [660.0, 357.3260495634506]], [[300.0, 0.0], [460.0, 80.0], [300.0, 160.0], [300.0, 0.0]], [[0.0, 481.8118347620857], [0.0, 201.8118347620857], [240.0, 341.8118347620857], [0.0, 481.8118347620857]]]"
Sun Jul 19 06:12:09 2020,2,1,True,668.6567864974168,0.8524552678000855,"[0, 0, 1, 2, 3, 0, 3, 1, 0, 0, 0, 0]","[[[388.65678649741676, 280.0], [588.6567864974168, 280.0], [588.6567864974168, 480.0], [388.65678649741676, 480.0], [388.65678649741676, 280.0]], [[0.0, 560.0], [200.0, 560.0], [200.0, 760.0], [0.0, 760.0], [0.0, 560.0]], [[180.0, 280.0], [180.0, 560.0], [0.0, 560.0], [0.0, 280.0], [180.0, 280.0]], [[635.5549653836832, 760.0], [355.5549653836832, 760.0], [495.5549653836832, 620.0], [635.5549653836832, 760.0]], [[364.2857142857143, 280.0], [184.28571428571428, 280.0], [364.2857142857143, 0.0], [364.2857142857143, 280.0]], [[364.2857142857142, 0.0], [644.2857142857142, 0.0], [644.2857142857142, 280.0], [364.2857142857142, 280.0], [364.2857142857142, 0.0]], [[200.0, 728.0], [280.0, 528.0], [380.0, 528.0], [380.0, 728.0], [200.0, 728.0]], [[180.0, 180.0], [180.0, 280.0], [0.0, 280.0], [0.0, 180.0], [180.0, 180.0]], [[388.65678649741676, 480.0], [668.6567864974168, 480.0], [668.6567864974168, 760.0], [388.65678649741676, 480.0]], [[188.65678649741676, 280.0], [388.65678649741676, 280.0], [388.65678649741676, 480.0], [188.65678649741676, 560.0], [188.65678649741676, 280.0]], [[0.0, 168.57142857142858], [80.0, 8.571428571428584], [160.0, 168.57142857142858], [0.0, 168.57142857142858]], [[75.0, 0.0], [355.0, 0.0], [215.0, 240.0], [75.0, 0.0]]]"
Sun Jul 19 06:12:16 2020,2,1,True,675.343354362391,0.844015116633748,"[0, 0, 1, 2, 3, 0, 1, 1, 0, 0, 0, 0]","[[[380.0, 280.0], [580.0, 280.0], [580.0, 480.0], [380.0, 480.0], [380.0, 280.0]], [[0.0, 560.0], [200.0, 560.0], [200.0, 760.0], [0.0, 760.0], [0.0, 560.0]], [[180.0, 280.0], [180.0, 560.0], [0.0, 560.0], [0.0, 280.0], [180.0, 280.0]], [[635.5549653836832, 760.0], [355.5549653836832, 760.0], [495.5549653836832, 620.0], [635.5549653836832, 760.0]], [[369.2857142857143, 280.0], [189.28571428571428, 280.0], [369.2857142857143, 0.0], [369.2857142857143, 280.0]], [[369.2857142857142, 0.0], [649.2857142857142, 0.0], [649.2857142857142, 280.0], [369.2857142857142, 280.0], [369.2857142857142, 0.0]], [[380.0, 552.0], [300.0, 752.0], [200.0, 752.0], [200.0, 552.0], [380.0, 552.0]], [[180.0, 180.0], [180.0, 280.0], [0.0, 280.0], [0.0, 180.0], [180.0, 180.0]], [[379.9999999999999, 480.0], [659.9999999999999, 480.0], [659.9999999999999, 760.0], [379.9999999999999, 480.0]], [[180.0, 280.0], [380.0, 280.0], [380.0, 480.0], [180.0, 560.0], [180.0, 280.0]], [[0.0, 180.0], [80.0, 20.0], [160.0, 180.0], [0.0, 180.0]], [[75.0, 0.0], [355.0, 0.0], [215.0, 240.0], [75.0, 0.0]]]"
Sun Jul 19 06:12:19 2020,2,0,True,648.3296201878953,0.8791824131601541,"[0, 0, 1, 0, 3, 0, 1, 1, 1, 0, 0, 0]","[[[380.0, 280.0], [580.0, 280.0], [580.0, 480.0], [380.0, 480.0], [380.0, 280.0]], [[0.0, 560.0], [200.0, 560.0], [200.0, 760.0], [0.0, 760.0], [0.0, 560.0]], [[180.0, 281.2146272826186], [180.0, 561.2146272826186], [0.0, 561.2146272826186], [0.0, 281.2146272826186], [180.0, 281.2146272826186]], [[328.5714285714286, 500.57142857142867], [608.5714285714287, 500.57142857142867], [468.5714285714286, 640.5714285714287], [328.5714285714286, 500.57142857142867]], [[368.32962018789533, 280.0], [188.32962018789533, 280.0], [368.32962018789533, 0.0], [368.32962018789533, 280.0]], [[368.32962018789533, 0.0], [648.3296201878953, 0.0], [648.3296201878953, 280.0], [368.32962018789533, 280.0], [368.32962018789533, 0.0]], [[380.0, 552.0], [300.0, 752.0], [200.0, 752.0], [200.0, 552.0], [380.0, 552.0]], [[180.0, 181.2146272826186], [180.0, 281.2146272826186], [0.0, 281.2146272826186], [0.0, 181.2146272826186], [180.0, 181.2146272826186]], [[629.1428571428575, 480.0], [629.1428571428575, 760.0], [349.14285714285745, 760.0], [629.1428571428575, 480.0]], [[180.0, 280.0], [380.0, 280.0], [380.0, 480.0], [180.0, 560.0], [180.0, 280.0]], [[0.0, 180.0], [80.0, 20.0], [160.0, 180.0], [0.0, 180.0]], [[74.04390590218108, 0.0], [354.0439059021811, 0.0], [214.04390590218108, 240.0], [74.04390590218108, 0.0]]]"
错误，Sun Jul 19 06:15:18 2020,2,9,False,654.8129163897743,0.8704776367922319,"[0, 0, 1, 1, 3, 0, 0, 0, 3, 3, 0, 0]","[[[0.0, 280.0], [200.0, 280.0], [200.0, 480.0], [0.0, 480.0], [0.0, 280.0]], [[180.0, 542.8571428571429], [380.0, 542.8571428571429], [380.0, 742.8571428571429], [180.0, 742.8571428571429], [180.0, 542.8571428571429]], [[180.0, 480.0], [180.0, 760.0], [0.0, 760.0], [0.0, 480.0], [180.0, 480.0]], [[654.8129163897743, 0.0], [654.8129163897743, 280.0], [514.8129163897743, 140.0], [654.8129163897743, 0.0]], [[554.9310744593905, 460.11815806961624], [374.9310744593905, 460.11815806961624], [554.9310744593905, 180.11815806961624], [554.9310744593905, 460.11815806961624]], [[94.81291638977427, 0.0], [374.8129163897743, 0.0], [374.8129163897743, 280.0], [94.81291638977427, 280.0], [94.81291638977427, 0.0]], [[0.0, 242.0748334440903], [200.0, 322.0748334440903], [200.0, 422.0748334440903], [0.0, 422.0748334440903], [0.0, 242.0748334440903]], [[554.8129163897743, 280.0], [654.8129163897743, 280.0], [654.8129163897743, 460.0], [554.8129163897743, 460.0], [554.8129163897743, 280.0]], [[374.8129163897743, 280.0], [374.8129163897743, 0.0], [654.8129163897743, 0.0], [374.8129163897743, 280.0]], [[374.8129163897743, 760.0], [374.8129163897743, 560.0], [574.8129163897743, 560.0], [654.8129163897743, 760.0], [374.8129163897743, 760.0]], [[180.0, 542.8571428571429], [260.0, 382.8571428571429], [340.0, 542.8571428571429], [180.0, 542.8571428571429]], [[199.99999999999994, 280.0], [479.99999999999994, 280.0], [339.99999999999994, 520.0], [199.99999999999994, 280.0]]]"
Sun Jul 19 06:17:38 2020,2,9,True,661.361045553672,0.8618590463289423,"[0, 0, 1, 0, 0, 0, 0, 0, 1, 0, 3, 1]","[[[0.0, 51.37960026581675], [200.0, 51.37960026581675], [200.0, 251.37960026581675], [0.0, 251.37960026581675], [0.0, 51.37960026581675]], [[0.0, 560.0], [200.0, 560.0], [200.0, 760.0], [0.0, 760.0], [0.0, 560.0]], [[660.0, 479.9999999999999], [660.0, 759.9999999999999], [480.0, 759.9999999999999], [480.0, 479.9999999999999], [660.0, 479.9999999999999]], [[148.62039973418325, 0.0], [428.62039973418325, 0.0], [288.62039973418325, 140.0], [148.62039973418325, 0.0]], [[200.0, 759.9999999999999], [200.0, 579.9999999999999], [480.0, 759.9999999999999], [200.0, 759.9999999999999]], [[0.0, 280.0], [280.0, 280.0], [280.0, 560.0], [0.0, 560.0], [0.0, 280.0]], [[280.0, 288.38354700910907], [480.0, 368.38354700910907], [480.0, 468.38354700910907], [280.0, 468.38354700910907], [280.0, 288.38354700910907]], [[377.50000000000006, 468.38354700910907], [477.50000000000006, 468.38354700910907], [477.50000000000006, 648.3835470091091], [377.50000000000006, 648.3835470091091], [377.50000000000006, 468.38354700910907]], [[451.37960026581675, 0.0], [451.37960026581675, 280.0], [171.37960026581675, 280.0], [451.37960026581675, 0.0]], [[451.37960026581675, 0.0], [651.3796002658167, 0.0], [651.3796002658167, 200.0], [451.37960026581675, 280.0], [451.37960026581675, 0.0]], [[377.50000000000006, 671.2499999999999], [217.50000000000006, 591.2499999999999], [377.50000000000006, 511.2499999999999], [377.50000000000006, 671.2499999999999]], [[661.361045553672, 194.1774902487511], [661.361045553672, 474.1774902487511], [421.36104555367206, 334.1774902487511], [661.361045553672, 194.1774902487511]]]"
Sun Jul 19 06:18:00 2020,2,1,True,667.9746560092087,0.8533257884444975,"[0, 0, 1, 2, 3, 0, 3, 0, 3, 2, 3, 0]","[[[180.0, 69.93664002302182], [380.0, 69.93664002302182], [380.0, 269.9366400230218], [180.0, 269.9366400230218], [180.0, 69.93664002302182]], [[267.97465600920873, 560.0], [467.97465600920873, 560.0], [467.97465600920873, 760.0], [267.97465600920873, 760.0], [267.97465600920873, 560.0]], [[180.0, 0.0], [180.0, 280.0], [0.0, 280.0], [0.0, 0.0], [180.0, 0.0]], [[621.3502293271943, 498.64977067280574], [341.35022932719426, 498.64977067280574], [481.35022932719426, 358.64977067280574], [621.3502293271943, 498.64977067280574]], [[633.4893409389515, 280.0], [453.4893409389515, 280.0], [633.4893409389515, 0.0], [633.4893409389515, 280.0]], [[0.0, 280.0], [280.0, 280.0], [280.0, 560.0], [0.0, 560.0], [0.0, 280.0]], [[87.97465600920873, 760.0], [167.97465600920873, 560.0], [267.97465600920873, 560.0], [267.97465600920873, 760.0], [87.97465600920873, 760.0]], [[0.0, 560.0], [100.0, 560.0], [100.0, 740.0], [0.0, 740.0], [0.0, 560.0]], [[280.0, 560.0], [280.0, 280.0], [560.0, 280.0], [280.0, 560.0]], [[667.9746560092087, 760.0], [467.97465600920873, 760.0], [467.97465600920873, 560.0], [667.9746560092087, 480.0], [667.9746560092087, 760.0]], [[641.3502293271943, 438.64977067280574], [481.35022932719426, 358.64977067280574], [641.3502293271943, 278.64977067280574], [641.3502293271943, 438.64977067280574]], [[339.2036266532373, 0.0], [619.2036266532373, 0.0], [479.2036266532373, 240.0], [339.2036266532373, 0.0]]]"
Sun Jul 19 06:18:24 2020,2,1,True,674.6544025693008,0.8448770182618787,"[0, 0, 1, 0, 0, 0, 3, 1, 2, 2, 3, 1]","[[[460.0, 534.7009294541986], [660.0, 534.7009294541986], [660.0, 734.7009294541986], [460.0, 734.7009294541986], [460.0, 534.7009294541986]], [[80.0, 560.0], [280.0, 560.0], [280.0, 760.0], [80.0, 760.0], [80.0, 560.0]], [[460.0, 480.0], [460.0, 760.0], [280.0, 760.0], [280.0, 480.0], [460.0, 480.0]], [[331.4067262047971, 0.0], [611.4067262047971, 0.0], [471.4067262047971, 140.0], [331.4067262047971, 0.0]], [[0.0, 279.9999999999998], [0.0, 99.99999999999977], [280.0, 279.9999999999998], [0.0, 279.9999999999998]], [[0.0, 279.9999999999998], [280.0, 279.9999999999998], [280.0, 559.9999999999998], [0.0, 559.9999999999998], [0.0, 279.9999999999998]], [[280.0, 480.0], [360.0, 280.0], [460.0, 280.0], [460.0, 480.0], [280.0, 480.0]], [[180.0, 0.0], [180.0, 100.0], [0.0, 100.0], [0.0, 0.0], [180.0, 0.0]], [[611.4067262047971, 280.0], [331.4067262047971, 280.0], [331.4067262047971, 0.0], [611.4067262047971, 280.0]], [[674.6544025693008, 534.7009294541986], [474.6544025693008, 534.7009294541986], [474.6544025693008, 334.70092945419856], [674.6544025693008, 254.70092945419856], [674.6544025693008, 534.7009294541986]], [[631.4067262047971, 220.0], [471.4067262047971, 140.0], [631.4067262047971, 60.0], [631.4067262047971, 220.0]], [[331.4067262047971, 11.679409713868381], [331.4067262047971, 291.6794097138684], [91.40672620479711, 151.67940971386838], [331.4067262047971, 11.679409713868381]]]"
Sun Jul 19 06:18:31 2020,2,1,True,681.4009465949938,0.8365118992691869,"[0, 0, 1, 0, 1, 0, 3, 0, 2, 0, 3, 2]","[[[481.4009465949938, 560.0], [681.4009465949938, 560.0], [681.4009465949938, 760.0], [481.4009465949938, 760.0], [481.4009465949938, 560.0]], [[180.0, 559.9999999999998], [380.0, 559.9999999999998], [380.0, 759.9999999999998], [180.0, 759.9999999999998], [180.0, 559.9999999999998]], [[180.0, 0.0], [180.0, 280.0], [0.0, 280.0], [0.0, 0.0], [180.0, 0.0]], [[380.0, 0.0], [660.0, 0.0], [520.0, 140.0], [380.0, 0.0]], [[387.11523230927946, 280.0], [567.1152323092795, 280.0], [387.11523230927946, 560.0], [387.11523230927946, 280.0]], [[0.0, 279.9999999999998], [280.0, 279.9999999999998], [280.0, 559.9999999999998], [0.0, 559.9999999999998], [0.0, 279.9999999999998]], [[0.0, 759.9999999999998], [80.0, 559.9999999999998], [180.0, 559.9999999999998], [180.0, 759.9999999999998], [0.0, 759.9999999999998]], [[280.0, 240.0], [380.0, 240.0], [380.0, 420.0], [280.0, 420.0], [280.0, 240.0]], [[660.0, 280.0], [380.0, 280.0], [380.0, 0.0], [660.0, 280.0]], [[180.0, 0.0], [380.0, 0.0], [380.0, 200.0], [180.0, 280.0], [180.0, 0.0]], [[680.0, 220.0], [520.0, 140.0], [680.0, 60.0], [680.0, 220.0]], [[681.4009465949938, 560.0], [401.4009465949938, 560.0], [541.4009465949938, 320.0], [681.4009465949938, 560.0]]]"
Sun Jul 19 06:18:45 2020,2,1,True,688.2149560609438,0.8282296032368186,"[0, 0, 0, 1, 1, 0, 1, 0, 3, 1, 0, 2]","[[[460.0, 0.0], [660.0, 0.0], [660.0, 200.0], [460.0, 200.0], [460.0, 0.0]], [[439.6190476190476, 480.0], [639.6190476190476, 480.0], [639.6190476190476, 680.0], [439.6190476190476, 680.0], [439.6190476190476, 480.0]], [[180.0, 0.0], [460.0, 0.0], [460.0, 180.0], [180.0, 180.0], [180.0, 0.0]], [[210.0, 450.0], [210.0, 730.0], [70.0, 590.0], [210.0, 450.0]], [[208.22222222222217, 451.7777777777778], [388.2222222222222, 451.7777777777778], [208.22222222222217, 731.7777777777778], [208.22222222222217, 451.7777777777778]], [[400.0, 200.0], [680.0, 200.0], [680.0, 480.0], [400.0, 480.0], [400.0, 200.0]], [[180.0, 0.0], [100.0, 200.0], [0.0, 200.0], [0.0, 0.0], [180.0, 0.0]], [[0.0, 200.0], [100.0, 200.0], [100.0, 380.0], [0.0, 380.0], [0.0, 200.0]], [[0.0, 660.0], [0.0, 380.0], [280.0, 380.0], [0.0, 660.0]], [[388.0, 180.0], [388.0, 380.0], [188.0, 380.0], [108.0, 180.0], [388.0, 180.0]], [[0.0, 760.0], [80.0, 600.0], [160.0, 760.0], [0.0, 760.0]], [[486.2857142857142, 760.0], [206.28571428571422, 760.0], [346.2857142857142, 520.0], [486.2857142857142, 760.0]]]"
Sun Jul 19 06:18:49 2020,2,1,True,695.0971056215533,0.8200293101354639,"[0, 0, 0, 1, 1, 0, 3, 0, 3, 1, 2, 2]","[[[480.0, 0.0], [680.0, 0.0], [680.0, 200.0], [480.0, 200.0], [480.0, 0.0]], [[0.0, 0.0], [200.0, 0.0], [200.0, 200.0], [0.0, 200.0], [0.0, 0.0]], [[200.0, 0.0], [480.0, 0.0], [480.0, 180.0], [200.0, 180.0], [200.0, 0.0]], [[209.31364218149383, 470.68635781850617], [209.31364218149383, 750.6863578185062], [69.31364218149383, 610.6863578185062], [209.31364218149383, 470.68635781850617]], [[209.3136421814938, 480.0], [389.31364218149383, 480.0], [209.3136421814938, 760.0], [209.3136421814938, 480.0]], [[380.0, 200.0], [660.0, 200.0], [660.0, 480.0], [380.0, 480.0], [380.0, 200.0]], [[460.0811731530729, 685.397400032911], [540.0811731530729, 485.39740003291104], [640.0811731530729, 485.39740003291104], [640.0811731530729, 685.397400032911], [460.0811731530729, 685.397400032911]], [[0.0, 200.0], [100.0, 200.0], [100.0, 380.0], [0.0, 380.0], [0.0, 200.0]], [[0.0, 680.0], [0.0, 400.0], [280.0, 400.0], [0.0, 680.0]], [[380.0, 200.0], [380.0, 400.0], [180.0, 400.0], [100.0, 200.0], [380.0, 200.0]], [[530.589647729344, 509.12621359223306], [450.58964772934405, 669.1262135922331], [370.58964772934405, 509.12621359223306], [530.589647729344, 509.12621359223306]], [[503.5993564672081, 760.0], [223.5993564672081, 760.0], [363.5993564672081, 520.0], [503.5993564672081, 760.0]]]"
Sun Jul 19 06:18:52 2020,2,1,True,702.0480766777688,0.8119102080549148,"[0, 0, 0, 2, 0, 0, 2, 0, 3, 1, 3, 1]","[[[480.0, 0.0], [680.0, 0.0], [680.0, 200.0], [480.0, 200.0], [480.0, 0.0]], [[280.0, 0.0], [480.0, 0.0], [480.0, 200.0], [280.0, 200.0], [280.0, 0.0]], [[379.9999999999999, 356.11707089787296], [659.9999999999999, 356.11707089787296], [659.9999999999999, 536.117070897873], [379.9999999999999, 536.117070897873], [379.9999999999999, 356.11707089787296]], [[280.0, 760.0], [0.0, 760.0], [140.0, 620.0], [280.0, 760.0]], [[379.9999999999999, 760.0], [379.9999999999999, 580.0], [659.9999999999999, 760.0], [379.9999999999999, 760.0]], [[99.99999999999989, 200.0], [379.9999999999999, 200.0], [379.9999999999999, 480.0], [99.99999999999989, 480.0], [99.99999999999989, 200.0]], [[667.2932213966911, 716.117070897873], [467.29322139669114, 636.117070897873], [467.29322139669114, 536.117070897873], [667.2932213966911, 536.117070897873], [667.2932213966911, 716.117070897873]], [[0.0, 200.0], [100.0, 200.0], [100.0, 380.0], [0.0, 380.0], [0.0, 200.0]], [[0.0, 760.0], [0.0, 480.0], [280.0, 480.0], [0.0, 760.0]], [[280.0, 0.0], [280.0, 200.0], [80.0, 200.0], [0.0, 0.0], [280.0, 0.0]], [[667.2932213966911, 359.7636815962186], [507.29322139669114, 279.7636815962186], [667.2932213966911, 199.7636815962186], [667.2932213966911, 359.7636815962186]], [[379.9999999999999, 480.0], [379.9999999999999, 760.0], [139.9999999999999, 620.0], [379.9999999999999, 480.0]]]"
Sun Jul 19 06:18:57 2020,2,1,True,709.0685574445465,0.803871493123678,"[0, 0, 0, 1, 0, 0, 2, 0, 2, 3, 2, 0]","[[[360.0, 0.0], [560.0, 0.0], [560.0, 200.0], [360.0, 200.0], [360.0, 0.0]], [[369.0685574445465, 200.0], [569.0685574445465, 200.0], [569.0685574445465, 400.0], [369.0685574445465, 400.0], [369.0685574445465, 200.0]], [[379.9999999999999, 400.0], [659.9999999999999, 400.0], [659.9999999999999, 580.0], [379.9999999999999, 580.0], [379.9999999999999, 400.0]], [[709.0685574445465, 169.06855744454663], [709.0685574445465, 449.0685574445466], [569.0685574445465, 309.0685574445466], [709.0685574445465, 169.06855744454663]], [[353.513001888991, 760.0], [353.513001888991, 580.0], [633.5130018889911, 760.0], [353.513001888991, 760.0]], [[89.06855744454651, 199.9999999999999], [369.0685574445465, 199.9999999999999], [369.0685574445465, 479.9999999999999], [89.06855744454651, 479.9999999999999], [89.06855744454651, 199.9999999999999]], [[709.0685574445465, 760.0], [509.0685574445465, 680.0], [509.0685574445465, 580.0], [709.0685574445465, 580.0], [709.0685574445465, 760.0]], [[598.1371148890931, 0.0], [698.1371148890931, 0.0], [698.1371148890931, 180.0], [598.1371148890931, 180.0], [598.1371148890931, 0.0]], [[280.0, 760.0], [0.0, 760.0], [0.0, 480.0], [280.0, 760.0]], [[0.0, 200.0], [0.0, 0.0], [200.0, 0.0], [280.0, 200.0], [0.0, 200.0]], [[360.0, 0.0], [280.0, 160.0], [200.0, 0.0], [360.0, 0.0]], [[99.99999999999989, 479.9999999999999], [379.9999999999999, 479.9999999999999], [239.9999999999999, 719.9999999999999], [99.99999999999989, 479.9999999999999]]]"
Sun Jul 19 06:19:00 2020,2,1,True,716.159243018992,0.795912369429384,"[0, 0, 0, 1, 0, 0, 2, 0, 2, 3, 2, 0]","[[[360.0, 0.0], [560.0, 0.0], [560.0, 200.0], [360.0, 200.0], [360.0, 0.0]], [[280.0, 200.0], [480.0, 200.0], [480.0, 400.0], [280.0, 400.0], [280.0, 200.0]], [[379.9999999999999, 400.0], [659.9999999999999, 400.0], [659.9999999999999, 580.0], [379.9999999999999, 580.0], [379.9999999999999, 400.0]], [[690.0, 150.0000000000001], [690.0, 430.0000000000001], [550.0, 290.0000000000001], [690.0, 150.0000000000001]], [[325.1502595912091, 760.0], [325.1502595912091, 580.0], [605.1502595912091, 760.0], [325.1502595912091, 760.0]], [[0.0, 200.0], [280.0, 200.0], [280.0, 480.0], [0.0, 480.0], [0.0, 200.0]], [[680.7058151467646, 760.0], [480.7058151467646, 680.0], [480.7058151467646, 580.0], [680.7058151467646, 580.0], [680.7058151467646, 760.0]], [[560.0, 0.0], [660.0, 0.0], [660.0, 180.0], [560.0, 180.0], [560.0, 0.0]], [[280.0, 760.0], [0.0, 760.0], [0.0, 480.0], [280.0, 760.0]], [[0.0, 200.0], [0.0, 0.0], [200.0, 0.0], [280.0, 200.0], [0.0, 200.0]], [[360.0, 0.0], [280.0, 160.0], [200.0, 0.0], [360.0, 0.0]], [[100.0, 480.0], [380.0, 480.0], [240.0, 720.0], [100.0, 480.0]]]"
Sun Jul 19 06:19:01 2020,2,0,True,687.5128732982323,0.829075384822275,"[0, 0, 0, 1, 0, 0, 2, 0, 2, 3, 2, 0]","[[[360.0, 0.0], [560.0, 0.0], [560.0, 200.0], [360.0, 200.0], [360.0, 0.0]], [[280.0, 200.0], [480.0, 200.0], [480.0, 400.0], [280.0, 400.0], [280.0, 200.0]], [[379.9999999999999, 400.0], [659.9999999999999, 400.0], [659.9999999999999, 580.0], [379.9999999999999, 580.0], [379.9999999999999, 400.0]], [[687.5128732982323, 150.0000000000001], [687.5128732982323, 430.0000000000001], [547.5128732982323, 290.0000000000001], [687.5128732982323, 150.0000000000001]], [[325.1502595912091, 760.0], [325.1502595912091, 580.0], [605.1502595912091, 760.0], [325.1502595912091, 760.0]], [[0.0, 200.0], [280.0, 200.0], [280.0, 480.0], [0.0, 480.0], [0.0, 200.0]], [[680.7058151467646, 760.0], [480.7058151467646, 680.0], [480.7058151467646, 580.0], [680.7058151467646, 580.0], [680.7058151467646, 760.0]], [[560.0, 0.0], [660.0, 0.0], [660.0, 180.0], [560.0, 180.0], [560.0, 0.0]], [[280.0, 760.0], [0.0, 760.0], [0.0, 480.0], [280.0, 760.0]], [[0.0, 200.0], [0.0, 0.0], [200.0, 0.0], [280.0, 200.0], [0.0, 200.0]], [[360.0, 0.0], [280.0, 160.0], [200.0, 0.0], [360.0, 0.0]], [[100.0, 480.0], [380.0, 480.0], [240.0, 720.0], [100.0, 480.0]]]"
Sun Jul 19 06:19:19 2020,2,1,True,694.3880020312147,0.8208667176458169,"[0, 0, 0, 3, 0, 0, 3, 1, 0, 1, 2, 2]","[[[460.01235836630303, 0.0], [660.012358366303, 0.0], [660.012358366303, 200.0], [460.01235836630303, 200.0], [460.01235836630303, 0.0]], [[428.90124725519195, 560.0], [628.901247255192, 560.0], [628.901247255192, 760.0], [428.90124725519195, 760.0], [428.90124725519195, 560.0]], [[0.0, 460.0], [280.0, 460.0], [280.0, 640.0], [0.0, 640.0], [0.0, 460.0]], [[280.0, 460.0], [280.0, 180.0], [420.0, 320.0], [280.0, 460.0]], [[0.0, 180.0], [0.0, 0.0], [280.0, 180.0], [0.0, 180.0]], [[0.0, 180.0], [280.0, 180.0], [280.0, 460.0], [0.0, 460.0], [0.0, 180.0]], [[248.90124725519195, 760.0], [328.90124725519195, 560.0], [428.90124725519195, 560.0], [428.90124725519195, 760.0], [248.90124725519195, 760.0]], [[180.0, 640.0], [180.0, 740.0], [0.0, 740.0], [0.0, 640.0], [180.0, 640.0]], [[100.0, 0.0], [380.0, 0.0], [380.0, 280.0], [100.0, 0.0]], [[666.6666666666666, 200.0], [666.6666666666666, 400.0], [466.66666666666663, 400.0], [386.66666666666663, 200.0], [666.6666666666666, 200.0]], [[640.0, 400.0], [560.0, 560.0], [480.0, 400.0], [640.0, 400.0]], [[560.0, 560.0], [280.0, 560.0], [420.0, 320.0], [560.0, 560.0]]]"
Sun Jul 19 06:19:19 2020,2,0,True,666.6124819499661,0.8550694975477259,"[0, 0, 0, 3, 0, 0, 3, 1, 0, 1, 2, 2]","[[[460.01235836630303, 0.0], [660.012358366303, 0.0], [660.012358366303, 200.0], [460.01235836630303, 200.0], [460.01235836630303, 0.0]], [[428.90124725519195, 560.0], [628.901247255192, 560.0], [628.901247255192, 760.0], [428.90124725519195, 760.0], [428.90124725519195, 560.0]], [[0.0, 460.0], [280.0, 460.0], [280.0, 640.0], [0.0, 640.0], [0.0, 460.0]], [[280.0, 460.0], [280.0, 180.0], [420.0, 320.0], [280.0, 460.0]], [[0.0, 180.0], [0.0, 0.0], [280.0, 180.0], [0.0, 180.0]], [[0.0, 180.0], [280.0, 180.0], [280.0, 460.0], [0.0, 460.0], [0.0, 180.0]], [[248.90124725519195, 760.0], [328.90124725519195, 560.0], [428.90124725519195, 560.0], [428.90124725519195, 760.0], [248.90124725519195, 760.0]], [[180.0, 640.0], [180.0, 740.0], [0.0, 740.0], [0.0, 640.0], [180.0, 640.0]], [[100.0, 0.0], [380.0, 0.0], [380.0, 280.0], [100.0, 0.0]], [[666.6124819499661, 199.90711191422747], [666.6124819499661, 399.90711191422747], [466.6124819499661, 399.90711191422747], [386.6124819499661, 199.90711191422747], [666.6124819499661, 199.90711191422747]], [[640.0, 400.0], [560.0, 560.0], [480.0, 400.0], [640.0, 400.0]], [[560.0, 560.0], [280.0, 560.0], [420.0, 320.0], [560.0, 560.0]]]"
Sun Jul 19 06:20:06 2020,2,3,True,673.2786067694658,0.8466034629185405,"[0, 0, 0, 3, 3, 0, 1, 1, 2, 1, 1, 1]","[[[193.2786067694658, 0.0], [393.2786067694658, 0.0], [393.2786067694658, 200.0], [193.2786067694658, 200.0], [193.2786067694658, 0.0]], [[445.7588719954565, 280.0], [645.7588719954565, 280.0], [645.7588719954565, 480.0], [445.7588719954565, 480.0], [445.7588719954565, 280.0]], [[0.0, 580.0], [280.0, 580.0], [280.0, 760.0], [0.0, 760.0], [0.0, 580.0]], [[280.0, 480.0], [280.0, 200.0], [420.0, 340.0], [280.0, 480.0]], [[673.2786067694658, 760.0], [493.2786067694658, 760.0], [673.2786067694658, 480.0], [673.2786067694658, 760.0]], [[393.2786067694658, 0.0], [673.2786067694658, 0.0], [673.2786067694658, 280.0], [393.2786067694658, 280.0], [393.2786067694658, 0.0]], [[624.7071781980371, 480.0], [544.7071781980371, 680.0], [444.7071781980371, 680.0], [444.7071781980371, 480.0], [624.7071781980371, 480.0]], [[180.0, 480.0], [180.0, 580.0], [0.0, 580.0], [0.0, 480.0], [180.0, 480.0]], [[280.0, 280.0], [0.0, 280.0], [0.0, 0.0], [280.0, 280.0]], [[280.0, 280.0], [280.0, 480.0], [80.0, 480.0], [0.0, 280.0], [280.0, 280.0]], [[280.0, 586.6693759025017], [440.0, 666.6693759025017], [280.0, 746.6693759025017], [280.0, 586.6693759025017]], [[444.7071781980371, 383.9208127178117], [444.7071781980371, 663.9208127178117], [204.70717819803713, 523.9208127178117], [444.7071781980371, 383.9208127178117]]]"
Sun Jul 19 06:20:24 2020,2,1,True,680.0113928371604,0.8382212504143964,"[0, 0, 0, 2, 1, 0, 3, 1, 0, 0, 1, 3]","[[[460.0, 548.5542346435698], [660.0, 548.5542346435698], [660.0, 748.5542346435698], [460.0, 748.5542346435698], [460.0, 548.5542346435698]], [[280.0, 0.0], [480.0, 0.0], [480.0, 200.0], [280.0, 200.0], [280.0, 0.0]], [[0.0, 0.0], [280.0, 0.0], [280.0, 180.0], [0.0, 180.0], [0.0, 0.0]], [[595.7142857142857, 480.0], [315.71428571428567, 480.0], [455.71428571428567, 340.0], [595.7142857142857, 480.0]], [[0.0, 180.0], [180.0, 180.0], [0.0, 460.0], [0.0, 180.0]], [[180.0, 480.0], [460.0, 480.0], [460.0, 760.0], [180.0, 760.0], [180.0, 480.0]], [[35.71428571428572, 480.0], [115.71428571428572, 280.0], [215.71428571428572, 280.0], [215.71428571428572, 480.0], [35.71428571428572, 480.0]], [[180.0, 641.8522285055485], [180.0, 741.8522285055485], [0.0, 741.8522285055485], [0.0, 641.8522285055485], [180.0, 641.8522285055485]], [[395.71428571428567, 280.0], [675.7142857142857, 280.0], [675.7142857142857, 560.0], [395.71428571428567, 280.0]], [[480.0, 0.0], [680.0, 0.0], [680.0, 200.0], [480.0, 280.0], [480.0, 0.0]], [[0.0, 481.8522285055485], [160.0, 561.8522285055485], [0.0, 641.8522285055485], [0.0, 481.8522285055485]], [[215.71428571428572, 480.0], [215.71428571428572, 200.0], [455.7142857142857, 340.0], [215.71428571428572, 480.0]]]"
Sun Jul 19 06:20:32 2020,2,0,True,652.810937123674,0.8731471358483297,"[0, 0, 1, 3, 3, 0, 3, 1, 0, 0, 2, 3]","[[[0.0, 280.0], [200.0, 280.0], [200.0, 480.0], [0.0, 480.0], [0.0, 280.0]], [[200.0, 0.0], [400.0, 0.0], [400.0, 200.0], [200.0, 200.0], [200.0, 0.0]], [[180.0, 480.0], [180.0, 760.0], [0.0, 760.0], [0.0, 480.0], [180.0, 480.0]], [[460.0, 647.189062876326], [460.0, 367.18906287632603], [600.0, 507.18906287632603], [460.0, 647.189062876326]], [[652.810937123674, 280.0], [472.81093712367397, 280.0], [652.810937123674, 0.0], [652.810937123674, 280.0]], [[180.0, 480.0], [460.0, 480.0], [460.0, 760.0], [180.0, 760.0], [180.0, 480.0]], [[472.81093712367397, 760.0], [552.810937123674, 560.0], [652.810937123674, 560.0], [652.810937123674, 760.0], [472.81093712367397, 760.0]], [[580.0, 0.0], [580.0, 100.0], [400.0, 100.0], [400.0, 0.0], [580.0, 0.0]], [[372.81093712367397, 280.0], [652.810937123674, 280.0], [652.810937123674, 560.0], [372.81093712367397, 280.0]], [[0.0, 0.0], [200.0, 0.0], [200.0, 200.0], [0.0, 280.0], [0.0, 0.0]], [[560.0, 100.0], [480.0, 260.0], [400.0, 100.0], [560.0, 100.0]], [[199.99999999999994, 480.0], [199.99999999999994, 200.0], [439.99999999999994, 340.0], [199.99999999999994, 480.0]]]"
Sun Jul 19 06:21:58 2020,2,5,True,659.3390464949107,0.8645021147013167,"[0, 0, 1, 3, 0, 0, 2, 0, 2, 1, 3, 1]","[[[0.0, 280.0], [200.0, 280.0], [200.0, 480.0], [0.0, 480.0], [0.0, 280.0]], [[440.0, 200.0], [640.0, 200.0], [640.0, 400.0], [440.0, 400.0], [440.0, 200.0]], [[180.0, 480.0], [180.0, 760.0], [0.0, 760.0], [0.0, 480.0], [180.0, 480.0]], [[280.0, 280.0], [280.0, 0.0], [420.0, 140.0], [280.0, 280.0]], [[237.1897163091607, 537.1897163091608], [237.1897163091607, 357.18971630916076], [517.1897163091608, 537.1897163091608], [237.1897163091607, 537.1897163091608]], [[0.0, 0.0], [280.0, 0.0], [280.0, 280.0], [0.0, 280.0], [0.0, 0.0]], [[659.3390464949107, 580.0], [459.3390464949107, 500.0], [459.3390464949107, 400.0], [659.3390464949107, 400.0], [659.3390464949107, 580.0]], [[540.0, 580.0], [640.0, 580.0], [640.0, 760.0], [540.0, 760.0], [540.0, 580.0]], [[460.0, 760.0], [180.0, 760.0], [180.0, 480.0], [460.0, 760.0]], [[659.3390464949107, 0.0], [659.3390464949107, 200.0], [459.3390464949107, 200.0], [379.3390464949107, 0.0], [659.3390464949107, 0.0]], [[540.0, 760.0], [380.0, 680.0], [540.0, 600.0], [540.0, 760.0]], [[440.0, 186.66666666666669], [440.0, 466.6666666666667], [200.0, 326.6666666666667], [440.0, 186.66666666666669]]]"
Sun Jul 19 06:22:17 2020,2,1,True,665.9324369598598,0.8559426878230857,"[0, 0, 1, 3, 1, 0, 1, 0, 0, 0, 0, 2]","[[[457.1428571428571, 160.0], [657.1428571428571, 160.0], [657.1428571428571, 360.0], [457.1428571428571, 360.0], [457.1428571428571, 160.0]], [[0.0, 280.0], [200.0, 280.0], [200.0, 480.0], [0.0, 480.0], [0.0, 280.0]], [[380.0, 0.0], [380.0, 280.0], [200.0, 280.0], [200.0, 0.0], [380.0, 0.0]], [[380.0, 634.0675630401402], [380.0, 354.06756304014016], [520.0, 494.06756304014016], [380.0, 634.0675630401402]], [[380.0, 0.0], [560.0, 0.0], [380.0, 280.0], [380.0, 0.0]], [[0.0, 480.0], [280.0, 480.0], [280.0, 760.0], [0.0, 760.0], [0.0, 480.0]], [[380.0, 280.0], [300.0, 480.0], [200.0, 480.0], [200.0, 280.0], [380.0, 280.0]], [[280.0, 480.0], [380.0, 480.0], [380.0, 660.0], [280.0, 660.0], [280.0, 480.0]], [[385.93243695985984, 360.0], [665.9324369598598, 360.0], [665.9324369598598, 640.0], [385.93243695985984, 360.0]], [[0.0, 0.0], [200.0, 0.0], [200.0, 200.0], [0.0, 280.0], [0.0, 0.0]], [[480.0, 160.0], [560.0, 0.0], [640.0, 160.0], [480.0, 160.0]], [[634.0675630401402, 760.0], [354.06756304014016, 760.0], [494.06756304014016, 520.0], [634.0675630401402, 760.0]]]"
Sun Jul 19 06:22:30 2020,2,1,True,672.5917613294584,0.8474680077456294,"[0, 0, 1, 0, 0, 0, 3, 0, 2, 0, 3, 1]","[[[200.0, 0.0], [400.0, 0.0], [400.0, 200.0], [200.0, 200.0], [200.0, 0.0]], [[0.0, 0.0], [200.0, 0.0], [200.0, 200.0], [0.0, 200.0], [0.0, 0.0]], [[460.0, 480.0], [460.0, 760.0], [280.0, 760.0], [280.0, 480.0], [460.0, 480.0]], [[392.59176132945845, 200.0], [672.5917613294584, 200.0], [532.5917613294584, 340.0], [392.59176132945845, 200.0]], [[0.0, 479.99999999999994], [0.0, 299.99999999999994], [280.0, 479.99999999999994], [0.0, 479.99999999999994]], [[0.0, 480.0], [280.0, 480.0], [280.0, 760.0], [0.0, 760.0], [0.0, 480.0]], [[492.0, 200.0], [572.0, 0.0], [672.0, 0.0], [672.0, 200.0], [492.0, 200.0]], [[400.0, 0.0], [500.0, 0.0], [500.0, 180.0], [400.0, 180.0], [400.0, 0.0]], [[582.2222222222222, 480.0], [302.2222222222222, 480.0], [302.2222222222222, 200.0], [582.2222222222222, 480.0]], [[460.0, 480.0], [660.0, 480.0], [660.0, 680.0], [460.0, 760.0], [460.0, 480.0]], [[672.5917613294584, 430.0], [512.5917613294584, 350.0], [672.5917613294584, 270.0], [672.5917613294584, 430.0]], [[302.22222222222223, 200.0], [302.22222222222223, 480.0], [62.22222222222223, 340.0], [302.22222222222223, 200.0]]]"
Sun Jul 19 06:22:40 2020,2,1,True,679.317678942753,0.8390772353917123,"[0, 0, 0, 0, 0, 0, 1, 1, 2, 2, 3, 1]","[[[200.0, 0.0], [400.0, 0.0], [400.0, 200.0], [200.0, 200.0], [200.0, 0.0]], [[0.0, 0.0], [200.0, 0.0], [200.0, 200.0], [0.0, 200.0], [0.0, 0.0]], [[399.317678942753, 20.0], [679.317678942753, 20.0], [679.317678942753, 200.0], [399.317678942753, 200.0], [399.317678942753, 20.0]], [[333.9605256027605, 200.0], [613.9605256027605, 200.0], [473.9605256027605, 340.0], [333.9605256027605, 200.0]], [[0.0, 479.99999999999994], [0.0, 299.99999999999994], [280.0, 479.99999999999994], [0.0, 479.99999999999994]], [[0.0, 480.0], [280.0, 480.0], [280.0, 760.0], [0.0, 760.0], [0.0, 480.0]], [[460.0, 503.78640776699035], [380.0, 703.7864077669904], [280.0, 703.7864077669904], [280.0, 503.78640776699035], [460.0, 503.78640776699035]], [[180.0, 199.99999999999994], [180.0, 299.99999999999994], [0.0, 299.99999999999994], [0.0, 199.99999999999994], [180.0, 199.99999999999994]], [[619.2233009708738, 485.26277536811324], [339.22330097087377, 485.26277536811324], [339.22330097087377, 205.26277536811324], [619.2233009708738, 485.26277536811324]], [[637.514563106796, 760.0], [437.514563106796, 760.0], [437.514563106796, 560.0], [637.514563106796, 480.0], [637.514563106796, 760.0]], [[645.6880908762801, 417.54709968209613], [485.68809087628006, 337.54709968209613], [645.6880908762801, 257.54709968209613], [645.6880908762801, 417.54709968209613]], [[325.63106796116506, 215.0485436893203], [325.63106796116506, 495.0485436893203], [85.63106796116506, 355.0485436893203], [325.63106796116506, 215.0485436893203]]]"
Sun Jul 19 06:22:52 2020,2,1,True,686.1108557321805,0.8307695399917944,"[0, 0, 0, 2, 1, 0, 3, 1, 0, 1, 0, 2]","[[[281.42857142857144, 340.0], [481.42857142857144, 340.0], [481.42857142857144, 540.0], [281.42857142857144, 540.0], [281.42857142857144, 340.0]], [[452.1449717850428, 0.0], [652.1449717850428, 0.0], [652.1449717850428, 200.0], [452.1449717850428, 200.0], [452.1449717850428, 0.0]], [[0.0, 0.0], [280.0, 0.0], [280.0, 180.0], [0.0, 180.0], [0.0, 0.0]], [[486.1883615482905, 340.0], [206.18836154829052, 340.0], [346.1883615482905, 200.0], [486.1883615482905, 340.0]], [[0.0, 180.0], [180.0, 180.0], [0.0, 460.0], [0.0, 180.0]], [[0.0, 480.0], [280.0, 480.0], [280.0, 760.0], [0.0, 760.0], [0.0, 480.0]], [[272.0, 200.0], [352.0, 0.0], [452.0, 0.0], [452.0, 200.0], [272.0, 200.0]], [[661.4285714285714, 460.0], [661.4285714285714, 560.0], [481.42857142857144, 560.0], [481.42857142857144, 460.0], [661.4285714285714, 460.0]], [[401.42857142857144, 200.0], [681.4285714285714, 200.0], [681.4285714285714, 480.0], [401.42857142857144, 200.0]], [[652.1449717850428, 560.0], [652.1449717850428, 760.0], [452.1449717850428, 760.0], [372.1449717850428, 560.0], [652.1449717850428, 560.0]], [[280.0, 729.637570537393], [360.0, 569.637570537393], [440.0, 729.637570537393], [280.0, 729.637570537393]], [[281.42857142857144, 480.0], [1.4285714285714448, 480.0], [141.42857142857144, 240.0], [281.42857142857144, 480.0]]]"
Sun Jul 19 06:22:59 2020,2,1,True,692.9719642895024,0.8225440990017765,"[0, 0, 0, 3, 1, 0, 1, 0, 1, 0, 2, 2]","[[[280.0, 0.0], [480.0, 0.0], [480.0, 200.0], [280.0, 200.0], [280.0, 0.0]], [[480.0, 0.0], [680.0, 0.0], [680.0, 200.0], [480.0, 200.0], [480.0, 0.0]], [[0.0, 0.0], [280.0, 0.0], [280.0, 180.0], [0.0, 180.0], [0.0, 0.0]], [[481.42857142857144, 560.0], [481.42857142857144, 280.0], [621.4285714285714, 420.0], [481.42857142857144, 560.0]], [[0.0, 180.0], [180.0, 180.0], [0.0, 460.0], [0.0, 180.0]], [[0.0, 480.0], [280.0, 480.0], [280.0, 760.0], [0.0, 760.0], [0.0, 480.0]], [[501.66666666666663, 200.0], [421.66666666666663, 400.0], [321.66666666666663, 400.0], [321.66666666666663, 200.0], [501.66666666666663, 200.0]], [[221.66666666666663, 200.0], [321.66666666666663, 200.0], [321.66666666666663, 380.0], [221.66666666666663, 380.0], [221.66666666666663, 200.0]], [[600.0, 480.0], [600.0, 760.0], [320.0, 760.0], [600.0, 480.0]], [[280.0, 400.0], [480.0, 400.0], [480.0, 600.0], [280.0, 680.0], [280.0, 400.0]], [[655.8843537414966, 214.45578231292518], [575.8843537414966, 374.4557823129252], [495.8843537414966, 214.45578231292518], [655.8843537414966, 214.45578231292518]], [[280.0, 480.0], [0.0, 480.0], [140.0, 240.0], [280.0, 480.0]]]"
Sun Jul 19 06:23:10 2020,2,1,True,699.9016839323974,0.8144000980215609,"[0, 0, 0, 1, 1, 0, 2, 0, 1, 2, 1, 2]","[[[479.5388000036364, 560.0], [679.5388000036364, 560.0], [679.5388000036364, 760.0], [479.5388000036364, 760.0], [479.5388000036364, 560.0]], [[465.2530857179222, 80.0], [665.2530857179222, 80.0], [665.2530857179222, 280.0], [465.2530857179222, 280.0], [465.2530857179222, 80.0]], [[0.0, 0.0], [280.0, 0.0], [280.0, 180.0], [0.0, 180.0], [0.0, 0.0]], [[565.2530857179222, 280.0], [565.2530857179222, 560.0], [425.2530857179222, 420.0], [565.2530857179222, 280.0]], [[0.0, 180.0], [180.0, 180.0], [0.0, 460.0], [0.0, 180.0]], [[0.0, 480.0], [280.0, 480.0], [280.0, 760.0], [0.0, 760.0], [0.0, 480.0]], [[425.2530857179222, 460.0], [225.2530857179222, 380.0], [225.2530857179222, 280.0], [425.2530857179222, 280.0], [425.2530857179222, 460.0]], [[565.2530857179222, 280.0], [665.2530857179222, 280.0], [665.2530857179222, 460.0], [565.2530857179222, 460.0], [565.2530857179222, 280.0]], [[460.0, 0.0], [460.0, 280.0], [180.0, 280.0], [460.0, 0.0]], [[479.5388000036364, 760.0], [279.5388000036364, 760.0], [279.5388000036364, 560.0], [479.5388000036364, 480.0], [479.5388000036364, 760.0]], [[280.0, 400.0], [440.0, 480.0], [280.0, 560.0], [280.0, 400.0]], [[281.42857142857144, 480.0], [1.4285714285714448, 480.0], [141.42857142857144, 240.0], [281.42857142857144, 480.0]]]"
Sun Jul 19 06:23:18 2020,2,1,True,706.9007007717214,0.8063367307144167,"[0, 0, 1, 0, 3, 0, 3, 1, 1, 3, 0, 0]","[[[0.0, 0.0], [200.0, 0.0], [200.0, 200.0], [0.0, 200.0], [0.0, 0.0]], [[280.0, 200.0], [480.0, 200.0], [480.0, 400.0], [280.0, 400.0], [280.0, 200.0]], [[660.0, 100.0], [660.0, 380.0], [480.0, 380.0], [480.0, 100.0], [660.0, 100.0]], [[0.0, 199.9999999999999], [280.0, 199.9999999999999], [140.0, 339.9999999999999], [0.0, 199.9999999999999]], [[706.9007007717214, 677.2517519293035], [526.9007007717214, 677.2517519293035], [706.9007007717214, 397.2517519293035], [706.9007007717214, 677.2517519293035]], [[0.0, 480.0], [280.0, 480.0], [280.0, 760.0], [0.0, 760.0], [0.0, 480.0]], [[229.14285714285717, 200.0], [309.14285714285717, 0.0], [409.14285714285717, 0.0], [409.14285714285717, 200.0], [229.14285714285717, 200.0]], [[589.1428571428571, 0.0], [589.1428571428571, 100.0], [409.1428571428571, 100.0], [409.1428571428571, 0.0], [589.1428571428571, 0.0]], [[280.0, 200.0], [280.0, 480.0], [0.0, 480.0], [280.0, 200.0]], [[280.0, 760.0], [280.0, 560.0], [480.0, 560.0], [560.0, 760.0], [280.0, 760.0]], [[280.0, 560.0], [360.0, 400.0], [440.0, 560.0], [280.0, 560.0]], [[398.1705293552176, 419.7209074660873], [678.1705293552176, 419.7209074660873], [538.1705293552176, 659.7209074660873], [398.1705293552176, 419.7209074660873]]]"
Sun Jul 19 06:23:25 2020,2,1,True,713.9697077794386,0.7983531987271453,"[0, 0, 0, 0, 3, 0, 0, 1, 1, 1, 0, 0]","[[[0.0, 0.0], [200.0, 0.0], [200.0, 200.0], [0.0, 200.0], [0.0, 0.0]], [[280.0, 560.0], [480.0, 560.0], [480.0, 760.0], [280.0, 760.0], [280.0, 560.0]], [[279.9999999999999, 200.0], [559.9999999999999, 200.0], [559.9999999999999, 380.0], [279.9999999999999, 380.0], [279.9999999999999, 200.0]], [[0.0, 199.9999999999999], [280.0, 199.9999999999999], [140.0, 339.9999999999999], [0.0, 199.9999999999999]], [[696.5336961586498, 617.3708065851717], [516.5336961586498, 617.3708065851717], [696.5336961586498, 337.37080658517175], [696.5336961586498, 617.3708065851717]], [[0.0, 480.0], [280.0, 480.0], [280.0, 760.0], [0.0, 760.0], [0.0, 480.0]], [[200.0, 0.0], [400.0, 80.0], [400.0, 180.0], [200.0, 180.0], [200.0, 0.0]], [[678.6246727408525, 617.3708065851717], [678.6246727408525, 717.3708065851717], [498.6246727408525, 717.3708065851717], [498.6246727408525, 617.3708065851717], [678.6246727408525, 617.3708065851717]], [[280.0, 200.0], [280.0, 480.0], [0.0, 480.0], [280.0, 200.0]], [[678.6246727408525, 0.0], [678.6246727408525, 200.0], [478.6246727408525, 200.0], [398.6246727408525, 0.0], [678.6246727408525, 0.0]], [[280.0, 560.0], [360.0, 400.0], [440.0, 560.0], [280.0, 560.0]], [[375.0, 380.0], [655.0, 380.0], [515.0, 620.0], [375.0, 380.0]]]"
Sun Jul 19 06:23:25 2020,2,0,True,685.4109194682611,0.8316179153407763,"[0, 0, 0, 0, 3, 0, 0, 1, 1, 1, 0, 0]","[[[0.0, 0.0], [200.0, 0.0], [200.0, 200.0], [0.0, 200.0], [0.0, 0.0]], [[280.0, 560.0], [480.0, 560.0], [480.0, 760.0], [280.0, 760.0], [280.0, 560.0]], [[280.0, 197.37080658517175], [560.0, 197.37080658517175], [560.0, 377.37080658517175], [280.0, 377.37080658517175], [280.0, 197.37080658517175]], [[0.0, 199.9999999999999], [280.0, 199.9999999999999], [140.0, 339.9999999999999], [0.0, 199.9999999999999]], [[685.4109194682611, 629.9014044988658], [505.4109194682611, 629.9014044988658], [685.4109194682611, 349.90140449886576], [685.4109194682611, 629.9014044988658]], [[0.0, 480.0], [280.0, 480.0], [280.0, 760.0], [0.0, 760.0], [0.0, 480.0]], [[200.0, 0.0], [400.0, 80.0], [400.0, 180.0], [200.0, 180.0], [200.0, 0.0]], [[660.0, 629.9014044988658], [660.0, 729.9014044988658], [480.0, 729.9014044988658], [480.0, 629.9014044988658], [660.0, 629.9014044988658]], [[280.0, 200.0], [280.0, 480.0], [0.0, 480.0], [280.0, 200.0]], [[678.6246727408525, 0.0], [678.6246727408525, 200.0], [478.6246727408525, 200.0], [398.6246727408525, 0.0], [678.6246727408525, 0.0]], [[280.0, 560.0], [360.0, 400.0], [440.0, 560.0], [280.0, 560.0]], [[373.46630384135017, 377.37080658517175], [653.4663038413502, 377.37080658517175], [513.4663038413502, 617.3708065851717], [373.46630384135017, 377.37080658517175]]]"
Sun Jul 19 06:23:28 2020,2,0,True,657.9944826895306,0.8662686618133087,"[0, 0, 0, 0, 3, 0, 0, 0, 1, 1, 0, 0]","[[[0.0, 0.0], [200.0, 0.0], [200.0, 200.0], [0.0, 200.0], [0.0, 0.0]], [[277.9944826895306, 560.0], [477.9944826895306, 560.0], [477.9944826895306, 760.0], [277.9944826895306, 760.0], [277.9944826895306, 560.0]], [[279.9999999999999, 200.0], [559.9999999999999, 200.0], [559.9999999999999, 380.0], [279.9999999999999, 380.0], [279.9999999999999, 200.0]], [[0.0, 199.9999999999999], [280.0, 199.9999999999999], [140.0, 339.9999999999999], [0.0, 199.9999999999999]], [[657.9944826895306, 674.4444444444443], [477.9944826895306, 674.4444444444443], [657.9944826895306, 394.44444444444434], [657.9944826895306, 674.4444444444443]], [[0.0, 480.0], [280.0, 480.0], [280.0, 760.0], [0.0, 760.0], [0.0, 480.0]], [[200.0, 0.0], [400.0, 80.0], [400.0, 180.0], [200.0, 180.0], [200.0, 0.0]], [[557.9944826895306, 200.0], [657.9944826895306, 200.0], [657.9944826895306, 380.0], [557.9944826895306, 380.0], [557.9944826895306, 200.0]], [[280.0, 200.0], [280.0, 480.0], [0.0, 480.0], [280.0, 200.0]], [[657.9944826895306, 0.0], [657.9944826895306, 200.0], [457.9944826895306, 200.0], [377.9944826895306, 0.0], [657.9944826895306, 0.0]], [[280.0, 560.0], [360.0, 400.0], [440.0, 560.0], [280.0, 560.0]], [[372.9944826895306, 380.0], [652.9944826895306, 380.0], [512.9944826895306, 620.0], [372.9944826895306, 380.0]]]"
Sun Jul 19 06:23:43 2020,2,1,True,664.5744275164259,0.8576917443696126,"[0, 0, 1, 3, 3, 0, 1, 0, 0, 2, 2, 2]","[[[100.0, 280.0], [300.0, 280.0], [300.0, 480.0], [100.0, 480.0], [100.0, 280.0]], [[180.0, 0.0], [380.0, 0.0], [380.0, 200.0], [180.0, 200.0], [180.0, 0.0]], [[180.0, 0.0], [180.0, 280.0], [0.0, 280.0], [0.0, 0.0], [180.0, 0.0]], [[300.0, 646.2206708942526], [300.0, 366.22067089425263], [440.0, 506.22067089425263], [300.0, 646.2206708942526]], [[460.0, 755.1095597831414], [280.0, 755.1095597831414], [460.0, 475.10955978314144], [460.0, 755.1095597831414]], [[0.0, 480.0], [280.0, 480.0], [280.0, 760.0], [0.0, 760.0], [0.0, 480.0]], [[664.5744275164259, 310.7950984106785], [584.5744275164259, 510.7950984106785], [484.5744275164259, 510.7950984106785], [484.5744275164259, 310.7950984106785], [664.5744275164259, 310.7950984106785]], [[0.0, 280.0], [100.0, 280.0], [100.0, 460.0], [0.0, 460.0], [0.0, 280.0]], [[384.5744275164259, 0.0], [664.5744275164259, 0.0], [664.5744275164259, 280.0], [384.5744275164259, 0.0]], [[664.5744275164259, 760.0], [464.5744275164259, 760.0], [464.5744275164259, 560.0], [664.5744275164259, 480.0], [664.5744275164259, 760.0]], [[484.5744275164259, 310.7950984106785], [404.5744275164259, 470.7950984106785], [324.5744275164259, 310.7950984106785], [484.5744275164259, 310.7950984106785]], [[595.3695259271042, 310.7950984106785], [315.3695259271042, 310.7950984106785], [455.3695259271042, 70.79509841067852], [595.3695259271042, 310.7950984106785]]]"
Sun Jul 19 06:24:24 2020,2,1,True,671.2201717915901,0.8491997469006066,"[0, 0, 1, 0, 0, 0, 1, 1, 1, 1, 0, 1]","[[[280.0, 0.0], [480.0, 0.0], [480.0, 200.0], [280.0, 200.0], [280.0, 0.0]], [[451.22017179159, 300.0], [651.22017179159, 300.0], [651.22017179159, 500.0], [451.22017179159, 500.0], [451.22017179159, 300.0]], [[180.0, 280.0], [180.0, 560.0], [0.0, 560.0], [0.0, 280.0], [180.0, 280.0]], [[316.0, 500.0], [596.0, 500.0], [456.0, 640.0], [316.0, 500.0]], [[180.0, 500.0], [180.0, 320.0], [460.0, 500.0], [180.0, 500.0]], [[0.0, 0.0], [280.0, 0.0], [280.0, 280.0], [0.0, 280.0], [0.0, 0.0]], [[660.0, 100.0], [580.0, 300.0], [480.0, 300.0], [480.0, 100.0], [660.0, 100.0]], [[660.0, 0.0], [660.0, 100.0], [480.0, 100.0], [480.0, 0.0], [660.0, 0.0]], [[671.2201717915901, 480.0], [671.2201717915901, 760.0], [391.22017179159013, 760.0], [671.2201717915901, 480.0]], [[376.0, 560.0], [376.0, 760.0], [176.0, 760.0], [96.0, 560.0], [376.0, 560.0]], [[0.0, 720.0], [80.0, 560.0], [160.0, 720.0], [0.0, 720.0]], [[451.1111111111111, 200.0], [451.1111111111111, 480.0], [211.1111111111111, 340.0], [451.1111111111111, 200.0]]]"
Sun Jul 19 06:24:38 2020,2,1,True,677.9323735095061,0.8407918286144619,"[0, 0, 1, 1, 0, 0, 0, 0, 0, 0, 2, 1]","[[[320.0, 560.0], [520.0, 560.0], [520.0, 760.0], [320.0, 760.0], [320.0, 560.0]], [[280.0, 262.0676264904939], [480.0, 262.0676264904939], [480.0, 462.0676264904939], [280.0, 462.0676264904939], [280.0, 262.0676264904939]], [[677.9323735095061, 0.0], [677.9323735095061, 280.0], [497.9323735095061, 280.0], [497.9323735095061, 0.0], [677.9323735095061, 0.0]], [[677.9323735095061, 480.0], [677.9323735095061, 760.0], [537.9323735095061, 620.0], [677.9323735095061, 480.0]], [[0.0, 759.9449592899949], [0.0, 579.9449592899949], [280.0, 759.9449592899949], [0.0, 759.9449592899949]], [[0.0, 180.0], [280.0, 180.0], [280.0, 460.0], [0.0, 460.0], [0.0, 180.0]], [[100.0, 0.0], [300.0, 80.0], [300.0, 180.0], [100.0, 180.0], [100.0, 0.0]], [[0.0, 0.0], [100.0, 0.0], [100.0, 180.0], [0.0, 180.0], [0.0, 0.0]], [[217.93237350950608, 0.0], [497.9323735095061, 0.0], [497.9323735095061, 280.0], [217.93237350950608, 0.0]], [[477.9323735095061, 280.0], [677.9323735095061, 280.0], [677.9323735095061, 480.0], [477.9323735095061, 560.0], [477.9323735095061, 280.0]], [[160.0, 460.0], [80.0, 620.0], [0.0, 460.0], [160.0, 460.0]], [[320.0, 480.0], [320.0, 760.0], [80.0, 620.0], [320.0, 480.0]]]"
Sun Jul 19 06:25:32 2020,2,3,True,684.7116972446012,0.8324671570440216,"[0, 0, 1, 1, 0, 0, 0, 0, 0, 1, 2, 2]","[[[0.0, 560.0], [200.0, 560.0], [200.0, 760.0], [0.0, 760.0], [0.0, 560.0]], [[0.0, 0.0], [200.0, 0.0], [200.0, 200.0], [0.0, 200.0], [0.0, 0.0]], [[684.7116972446012, 0.0], [684.7116972446012, 280.0], [504.71169724460117, 280.0], [504.71169724460117, 0.0], [684.7116972446012, 0.0]], [[504.71169724460117, 0.0], [504.71169724460117, 280.0], [364.71169724460117, 140.0], [504.71169724460117, 0.0]], [[80.0, 560.0], [80.0, 380.0], [360.0, 560.0], [80.0, 560.0]], [[404.71169724460117, 480.0], [684.7116972446012, 480.0], [684.7116972446012, 760.0], [404.71169724460117, 760.0], [404.71169724460117, 480.0]], [[200.0, 580.0], [400.0, 660.0], [400.0, 760.0], [200.0, 760.0], [200.0, 580.0]], [[0.0, 200.0], [100.0, 200.0], [100.0, 380.0], [0.0, 380.0], [0.0, 200.0]], [[124.71169724460117, 324.71169724460117], [404.71169724460117, 324.71169724460117], [404.71169724460117, 604.7116972446012], [124.71169724460117, 324.71169724460117]], [[674.8270183467607, 280.0], [674.8270183467607, 480.0], [474.8270183467607, 480.0], [394.8270183467607, 280.0], [674.8270183467607, 280.0]], [[391.1696865479653, 0.0], [311.1696865479653, 160.0], [231.16968654796528, 0.0], [391.1696865479653, 0.0]], [[407.25150994064927, 324.71169724460117], [127.25150994064927, 324.71169724460117], [267.25150994064927, 84.71169724460117], [407.25150994064927, 324.71169724460117]]]"
Sun Jul 19 06:25:42 2020,2,1,True,691.5588142170471,0.824224907964378,"[0, 0, 0, 2, 1, 0, 1, 1, 0, 1, 1, 2]","[[[480.0, 560.0], [680.0, 560.0], [680.0, 760.0], [480.0, 760.0], [480.0, 560.0]], [[280.0, 560.0], [480.0, 560.0], [480.0, 760.0], [280.0, 760.0], [280.0, 560.0]], [[0.0, 560.0], [280.0, 560.0], [280.0, 740.0], [0.0, 740.0], [0.0, 560.0]], [[340.0, 560.0], [60.0, 560.0], [200.0, 420.0], [340.0, 560.0]], [[180.0, 0.0], [360.0, 0.0], [180.0, 280.0], [180.0, 0.0]], [[388.0, 280.0], [668.0, 280.0], [668.0, 560.0], [388.0, 560.0], [388.0, 280.0]], [[180.0, 100.0], [100.0, 300.0], [0.0, 300.0], [0.0, 100.0], [180.0, 100.0]], [[180.0, 0.0], [180.0, 100.0], [0.0, 100.0], [0.0, 0.0], [180.0, 0.0]], [[108.0, 280.0], [388.0, 280.0], [388.0, 560.0], [108.0, 280.0]], [[640.0, 0.0], [640.0, 200.0], [440.0, 200.0], [360.0, 0.0], [640.0, 0.0]], [[0.0, 380.0], [160.0, 460.0], [0.0, 540.0], [0.0, 380.0]], [[477.323229354817, 280.0], [197.323229354817, 280.0], [337.323229354817, 40.0], [477.323229354817, 280.0]]]"
Sun Jul 19 06:25:43 2020,2,0,True,663.8964616483653,0.8585676124628937,"[0, 0, 1, 2, 1, 0, 2, 1, 0, 1, 1, 2]","[[[463.8964616483653, 560.0], [663.8964616483653, 560.0], [663.8964616483653, 760.0], [463.8964616483653, 760.0], [463.8964616483653, 560.0]], [[263.8964616483653, 560.0], [463.8964616483653, 560.0], [463.8964616483653, 760.0], [263.8964616483653, 760.0], [263.8964616483653, 560.0]], [[263.8964616483653, 480.0], [263.8964616483653, 760.0], [83.89646164836529, 760.0], [83.89646164836529, 480.0], [263.8964616483653, 480.0]], [[308.0, 480.0], [28.0, 480.0], [168.0, 340.0], [308.0, 480.0]], [[200.0, 0.0], [380.0, 0.0], [200.0, 280.0], [200.0, 0.0]], [[383.8964616483653, 280.0], [663.8964616483653, 280.0], [663.8964616483653, 560.0], [383.8964616483653, 560.0], [383.8964616483653, 280.0]], [[200.0, 280.0], [0.0, 200.0], [0.0, 100.0], [200.0, 100.0], [200.0, 280.0]], [[180.0, 0.0], [180.0, 100.0], [0.0, 100.0], [0.0, 0.0], [180.0, 0.0]], [[103.89646164836529, 280.0], [383.8964616483653, 280.0], [383.8964616483653, 560.0], [103.89646164836529, 280.0]], [[653.5090152565881, 10.097087378640822], [653.5090152565881, 210.09708737864082], [453.5090152565881, 210.09708737864082], [373.5090152565881, 10.097087378640822], [653.5090152565881, 10.097087378640822]], [[0.0, 268.0], [160.0, 348.0], [0.0, 428.0], [0.0, 268.0]], [[494.2857142857143, 280.0], [214.28571428571428, 280.0], [354.2857142857143, 40.0], [494.2857142857143, 280.0]]]"
Sun Jul 19 06:25:58 2020,2,1,True,670.535426264849,0.8500669430325679,"[0, 0, 1, 0, 1, 0, 0, 1, 1, 0, 0, 2]","[[[470.535426264849, 560.0], [670.535426264849, 560.0], [670.535426264849, 760.0], [470.535426264849, 760.0], [470.535426264849, 560.0]], [[180.0, 280.0], [380.0, 280.0], [380.0, 480.0], [180.0, 480.0], [180.0, 280.0]], [[180.0, 289.464573735151], [180.0, 569.464573735151], [0.0, 569.464573735151], [0.0, 289.464573735151], [180.0, 289.464573735151]], [[190.53542626484898, 0.0], [470.535426264849, 0.0], [330.535426264849, 140.0], [190.53542626484898, 0.0]], [[180.0, 480.0], [360.0, 480.0], [180.0, 760.0], [180.0, 480.0]], [[390.535426264849, 280.0], [670.535426264849, 280.0], [670.535426264849, 560.0], [390.535426264849, 560.0], [390.535426264849, 280.0]], [[470.535426264849, 96.21417050593959], [670.535426264849, 176.2141705059396], [670.535426264849, 276.2141705059396], [470.535426264849, 276.2141705059396], [470.535426264849, 96.21417050593959]], [[660.0, 0.0], [660.0, 100.0], [480.0, 100.0], [480.0, 0.0], [660.0, 0.0]], [[470.535426264849, 0.0], [470.535426264849, 280.0], [190.53542626484898, 280.0], [470.535426264849, 0.0]], [[0.0, 9.46457373515102], [200.0, 9.46457373515102], [200.0, 209.46457373515102], [0.0, 289.464573735151], [0.0, 9.46457373515102]], [[0.0, 755.441034027024], [80.0, 595.441034027024], [160.0, 755.441034027024], [0.0, 755.441034027024]], [[474.28571428571433, 760.0], [194.28571428571433, 760.0], [334.28571428571433, 520.0], [474.28571428571433, 760.0]]]"
Sun Jul 19 06:26:25 2020,2,1,True,677.2407805274975,0.8416504386461069,"[0, 0, 0, 1, 1, 0, 0, 0, 0, 0, 0, 1]","[[[0.0, 377.38748316057456], [200.0, 377.38748316057456], [200.0, 577.3874831605746], [0.0, 577.3874831605746], [0.0, 377.38748316057456]], [[200.0, 492.4446051349481], [400.0, 492.4446051349481], [400.0, 692.4446051349481], [200.0, 692.4446051349481], [200.0, 492.4446051349481]], [[397.24078052749746, 0.0], [677.2407805274975, 0.0], [677.2407805274975, 180.0], [397.24078052749746, 180.0], [397.24078052749746, 0.0]], [[199.14108068755493, 48.00276337491459], [199.14108068755493, 328.0027633749146], [59.14108068755493, 188.0027633749146], [199.14108068755493, 48.00276337491459]], [[0.0, 0.0], [180.0, 0.0], [0.0, 280.0], [0.0, 0.0]], [[397.24078052749746, 180.0], [677.2407805274975, 180.0], [677.2407805274975, 460.0], [397.24078052749746, 460.0], [397.24078052749746, 180.0]], [[0.0, 580.0], [200.0, 660.0], [200.0, 760.0], [0.0, 760.0], [0.0, 580.0]], [[400.0, 562.7592194725025], [500.0, 562.7592194725025], [500.0, 742.7592194725025], [400.0, 742.7592194725025], [400.0, 562.7592194725025]], [[397.24078052749746, 460.0], [677.2407805274975, 460.0], [677.2407805274975, 740.0], [397.24078052749746, 460.0]], [[199.14108068755493, 0.0], [399.1410806875549, 0.0], [399.1410806875549, 200.0], [199.14108068755493, 280.0], [199.14108068755493, 0.0]], [[0.0, 368.8888888888889], [80.0, 208.8888888888889], [160.0, 368.8888888888889], [0.0, 368.8888888888889]], [[397.24078052749746, 212.44460513494812], [397.24078052749746, 492.4446051349481], [157.24078052749746, 352.4446051349481], [397.24078052749746, 212.44460513494812]]]"
Sun Jul 19 06:26:40 2020,2,1,True,684.0131883327724,0.8333172659862443,"[0, 0, 1, 3, 3, 0, 0, 1, 3, 2, 2, 2]","[[[452.8399274997196, 380.0], [652.8399274997196, 380.0], [652.8399274997196, 580.0], [452.8399274997196, 580.0], [452.8399274997196, 380.0]], [[180.0, 0.0], [380.0, 0.0], [380.0, 200.0], [180.0, 200.0], [180.0, 0.0]], [[180.0, 0.0], [180.0, 280.0], [0.0, 280.0], [0.0, 0.0], [180.0, 0.0]], [[199.99999999999997, 743.7029814290522], [199.99999999999997, 463.7029814290522], [340.0, 603.7029814290522], [199.99999999999997, 743.7029814290522]], [[442.38048806153347, 760.0], [262.38048806153347, 760.0], [442.38048806153347, 480.0], [442.38048806153347, 760.0]], [[404.0131883327724, 100.0], [684.0131883327724, 100.0], [684.0131883327724, 380.0], [404.0131883327724, 380.0], [404.0131883327724, 100.0]], [[442.38048806153347, 575.8162242247256], [642.3804880615335, 655.8162242247256], [642.3804880615335, 755.8162242247256], [442.38048806153347, 755.8162242247256], [442.38048806153347, 575.8162242247256]], [[560.0, 0.0], [560.0, 100.0], [380.0, 100.0], [380.0, 0.0], [560.0, 0.0]], [[0.0, 560.0], [0.0, 280.0], [280.0, 280.0], [0.0, 560.0]], [[200.0, 760.0], [0.0, 760.0], [0.0, 560.0], [200.0, 480.0], [200.0, 760.0]], [[430.0, 463.7029814290522], [350.0, 623.7029814290522], [270.0, 463.7029814290522], [430.0, 463.7029814290522]], [[452.8399274997196, 463.7029814290522], [172.83992749971958, 463.7029814290522], [312.8399274997196, 223.70298142905222], [452.8399274997196, 463.7029814290522]]]"
Sun Jul 19 06:26:55 2020,2,0,True,656.6526607994615,0.8680388187356712,"[0, 0, 1, 0, 3, 0, 2, 1, 3, 0, 2, 2]","[[[456.6526607994615, 288.0], [656.6526607994615, 288.0], [656.6526607994615, 488.0], [456.6526607994615, 488.0], [456.6526607994615, 288.0]], [[0.0, 560.0], [200.0, 560.0], [200.0, 760.0], [0.0, 760.0], [0.0, 560.0]], [[180.0, 0.0], [180.0, 280.0], [0.0, 280.0], [0.0, 0.0], [180.0, 0.0]], [[153.7262907433187, 513.7262907433187], [433.7262907433187, 513.7262907433187], [293.7262907433187, 653.7262907433187], [153.7262907433187, 513.7262907433187]], [[456.6526607994615, 760.0], [276.6526607994615, 760.0], [456.6526607994615, 480.0], [456.6526607994615, 760.0]], [[376.6526607994615, 0.0], [656.6526607994615, 0.0], [656.6526607994615, 280.0], [376.6526607994615, 280.0], [376.6526607994615, 0.0]], [[656.6526607994615, 668.0], [456.6526607994615, 588.0], [456.6526607994615, 488.0], [656.6526607994615, 488.0], [656.6526607994615, 668.0]], [[636.6526607994615, 660.0], [636.6526607994615, 760.0], [456.6526607994615, 760.0], [456.6526607994615, 660.0], [636.6526607994615, 660.0]], [[0.0, 560.0], [0.0, 280.0], [280.0, 280.0], [0.0, 560.0]], [[180.0, 0.0], [380.0, 0.0], [380.0, 200.0], [180.0, 280.0], [180.0, 0.0]], [[460.6526607994615, 280.0], [380.6526607994615, 440.0], [300.6526607994615, 280.0], [460.6526607994615, 280.0]], [[423.6596637330641, 513.7262907433187], [143.65966373306412, 513.7262907433187], [283.6596637330641, 273.7262907433187], [423.6596637330641, 513.7262907433187]]]"

89.59%
Sun Jul 19 06:27:27 2020,2,开始运行[全局邻域-检验重叠] 初始利用率,0.7746751124110888
Sun Jul 19 06:27:29 2020,2,0,True,706.3606294216704,0.8069532420948842,"[0, 0, 1, 2, 1, 0, 3, 0, 1, 0, 0, 0]","[[[0.0, 0.0], [200.0, 0.0], [200.0, 200.0], [0.0, 200.0], [0.0, 0.0]], [[0.0, 200.0], [200.0, 200.0], [200.0, 400.0], [0.0, 400.0]], [[180.0, 400.0], [180.0, 680.0], [0.0, 680.0], [0.0, 400.0], [180.0, 400.0]], [[380.0, 760.0], [100.0, 760.0], [240.0, 620.0], [380.0, 760.0]], [[280.0, 371.953206705708], [460.0, 371.953206705708], [280.0, 651.953206705708], [280.0, 371.953206705708]], [[200.0, 91.953206705708], [480.0, 91.953206705708], [480.0, 371.953206705708], [200.0, 371.953206705708], [200.0, 91.953206705708]], [[306.4164721891901, 686.41647218919], [386.4164721891901, 486.41647218919], [486.4164721891901, 486.41647218919], [486.4164721891901, 686.41647218919], [306.4164721891901, 686.41647218919]], [[180.0, 411.42857142857133], [280.0, 411.42857142857133], [280.0, 591.4285714285713], [180.0, 591.4285714285713], [180.0, 411.42857142857133]], [[706.3606294216704, 480.0], [706.3606294216704, 760.0], [426.3606294216704, 760.0], [706.3606294216704, 480.0]], [[486.4164721891901, 297.1428571428571], [686.41647218919, 297.1428571428571], [686.41647218919, 497.1428571428571], [486.4164721891901, 577.1428571428571], [486.4164721891901, 297.1428571428571]], [[546.3606294216704, 297.1428571428571], [626.3606294216704, 137.1428571428571], [706.3606294216704, 297.1428571428571], [546.3606294216704, 297.1428571428571]], [[426.3606294216704, 1.1368683772161603e-13], [706.3606294216704, 1.1368683772161603e-13], [566.3606294216704, 240.0000000000001], [426.3606294216704, 1.1368683772161603e-13]]]"
Sun Jul 19 06:27:34 2020,2,0,True,678.1062042448036,0.8405762938488377,"[0, 0, 1, 0, 1, 0, 3, 1, 1, 0, 0, 0]","[[[0.0, 0.0], [200.0, 0.0], [200.0, 200.0], [0.0, 200.0], [0.0, 0.0]], [[0.0, 200.0], [200.0, 200.0], [200.0, 400.0], [0.0, 400.0]], [[180.0, 400.0], [180.0, 680.0], [0.0, 680.0], [0.0, 400.0], [180.0, 400.0]], [[254.53601981184914, 620.0], [534.5360198118492, 620.0], [394.53601981184914, 760.0], [254.53601981184914, 620.0]], [[180.0, 420.38936415176534], [360.0, 420.38936415176534], [180.0, 700.3893641517653], [180.0, 420.38936415176534]], [[200.0, 140.38936415176534], [480.0, 140.38936415176534], [480.0, 420.38936415176534], [200.0, 420.38936415176534], [200.0, 140.38936415176534]], [[279.99999999999994, 620.3893641517653], [359.99999999999994, 420.38936415176534], [459.99999999999994, 420.38936415176534], [459.99999999999994, 620.3893641517653], [279.99999999999994, 620.3893641517653]], [[380.0, 0.0], [380.0, 100.0], [200.0, 100.0], [200.0, 0.0], [380.0, 0.0]], [[678.1062042448036, 480.0], [678.1062042448036, 760.0], [398.1062042448036, 760.0], [678.1062042448036, 480.0]], [[478.1062042448036, 280.0], [678.1062042448036, 280.0], [678.1062042448036, 480.0], [478.1062042448036, 560.0], [478.1062042448036, 280.0]], [[164.53601981184914, 760.0], [244.53601981184914, 600.0], [324.53601981184914, 760.0], [164.53601981184914, 760.0]], [[398.1062042448036, 0.0], [678.1062042448036, 0.0], [538.1062042448036, 240.0], [398.1062042448036, 0.0]]]"
Sun Jul 19 06:27:43 2020,2,0,True,650.9819560750115,0.8756003060925394,"[0, 0, 1, 3, 0, 0, 0, 1, 0, 0, 0, 1]","[[[0.0, 303.3333333333333], [200.0, 303.3333333333333], [200.0, 503.3333333333333], [0.0, 503.3333333333333], [0.0, 303.3333333333333]], [[0.0, 103.33333333333331], [200.0, 103.33333333333331], [200.0, 303.3333333333333], [0.0, 303.3333333333333], [0.0, 103.33333333333331]], [[452.621359223301, 460.0], [452.621359223301, 740.0], [272.621359223301, 740.0], [272.621359223301, 460.0], [452.621359223301, 460.0]], [[479.9999999999998, 389.01804392498855], [479.9999999999998, 109.01804392498855], [619.9999999999998, 249.01804392498855], [479.9999999999998, 389.01804392498855]], [[0.0, 760.0], [0.0, 580.0], [280.0, 760.0], [0.0, 760.0]], [[199.99999999999977, 180.0], [479.9999999999998, 180.0], [479.9999999999998, 460.0], [199.99999999999977, 460.0], [199.99999999999977, 180.0]], [[200.0, 0.0], [400.0, 80.0], [400.0, 180.0], [200.0, 180.0], [200.0, 0.0]], [[180.0, 3.3333333333333144], [180.0, 103.33333333333331], [0.0, 103.33333333333331], [0.0, 3.3333333333333144], [180.0, 3.3333333333333144]], [[370.98195607501145, 0.0], [650.9819560750115, 0.0], [650.9819560750115, 280.0], [370.98195607501145, 0.0]], [[450.98195607501145, 466.8880752999803], [650.9819560750115, 466.8880752999803], [650.9819560750115, 666.8880752999803], [450.98195607501145, 746.8880752999803], [450.98195607501145, 466.8880752999803]], [[482.129968625008, 466.8880752999803], [562.129968625008, 306.8880752999803], [642.129968625008, 466.8880752999803], [482.129968625008, 466.8880752999803]], [[272.621359223301, 460.97087378640776], [272.621359223301, 740.9708737864078], [32.621359223301, 600.9708737864078], [272.621359223301, 460.97087378640776]]]"
Sun Jul 19 06:29:16 2020,2,5,True,657.4917756357615,0.866930996131227,"[0, 0, 1, 1, 3, 0, 2, 1, 3, 1, 0, 3]","[[[0.0, 560.0], [200.0, 560.0], [200.0, 760.0], [0.0, 760.0], [0.0, 560.0]], [[200.0, 280.0], [400.0, 280.0], [400.0, 480.0], [200.0, 480.0], [200.0, 280.0]], [[380.0, 480.0], [380.0, 760.0], [200.0, 760.0], [200.0, 480.0], [380.0, 480.0]], [[653.2315654395695, 473.2315654395695], [653.2315654395695, 753.2315654395695], [513.2315654395695, 613.2315654395695], [653.2315654395695, 473.2315654395695]], [[200.0, 560.0], [20.0, 560.0], [200.0, 280.0], [200.0, 560.0]], [[360.0, 0.0], [640.0, 0.0], [640.0, 280.0], [360.0, 280.0], [360.0, 0.0]], [[657.4917756357615, 460.0], [457.49177563576154, 380.0], [457.49177563576154, 280.0], [657.4917756357615, 280.0], [657.4917756357615, 460.0]], [[560.0, 660.0], [560.0, 760.0], [380.0, 760.0], [380.0, 660.0], [560.0, 660.0]], [[0.0, 480.0], [0.0, 200.0], [280.0, 200.0], [0.0, 480.0]], [[360.0, 0.0], [360.0, 200.0], [160.0, 200.0], [80.0, 0.0], [360.0, 0.0]], [[0.0, 200.0], [80.0, 40.0], [160.0, 200.0], [0.0, 200.0]], [[400.0, 626.463130879139], [400.0, 346.46313087913904], [640.0, 486.46313087913904], [400.0, 626.463130879139]]]"
Sun Jul 19 06:29:48 2020,2,1,True,664.0666933921192,0.858347520922007,"[0, 0, 1, 0, 3, 0, 1, 0, 2, 1, 0, 2]","[[[419.68678756631346, 200.0], [619.6867875663135, 200.0], [619.6867875663135, 400.0], [419.68678756631346, 400.0], [419.68678756631346, 200.0]], [[0.0, 0.0], [200.0, 0.0], [200.0, 200.0], [0.0, 200.0], [0.0, 0.0]], [[460.0, 466.29882939384845], [460.0, 746.2988293938485], [280.0, 746.2988293938485], [280.0, 466.29882939384845], [460.0, 466.29882939384845]], [[99.56751582854304, 299.56751582854304], [379.56751582854304, 299.56751582854304], [239.56751582854304, 439.56751582854304], [99.56751582854304, 299.56751582854304]], [[637.1428571428571, 760.0], [457.1428571428571, 760.0], [637.1428571428571, 480.0], [637.1428571428571, 760.0]], [[0.0, 480.0], [280.0, 480.0], [280.0, 760.0], [0.0, 760.0], [0.0, 480.0]], [[640.0, 400.0], [560.0, 600.0], [460.0, 600.0], [460.0, 400.0], [640.0, 400.0]], [[561.60573666633, 0.0], [661.60573666633, 0.0], [661.60573666633, 180.0], [561.60573666633, 180.0], [561.60573666633, 0.0]], [[280.0, 480.0], [0.0, 480.0], [0.0, 200.0], [280.0, 480.0]], [[561.60573666633, 0.0], [561.60573666633, 200.0], [361.60573666633, 200.0], [281.60573666633, 0.0], [561.60573666633, 0.0]], [[292.8362022632376, 466.29882939384845], [372.8362022632376, 306.29882939384845], [452.8362022632376, 466.29882939384845], [292.8362022632376, 466.29882939384845]], [[419.68678756631346, 299.56751582854304], [139.68678756631346, 299.56751582854304], [279.68678756631346, 59.56751582854304], [419.68678756631346, 299.56751582854304]]]"
Sun Jul 19 06:31:17 2020,2,5,True,670.7073603260404,0.8498490306158484,"[0, 0, 1, 1, 0, 0, 2, 0, 2, 0, 2, 2]","[[[270.70736032604043, 0.0], [470.70736032604043, 0.0], [470.70736032604043, 200.0], [270.70736032604043, 200.0], [270.70736032604043, 0.0]], [[470.70736032604043, 0.0], [670.7073603260404, 0.0], [670.7073603260404, 200.0], [470.70736032604043, 200.0], [470.70736032604043, 0.0]], [[670.7073603260404, 480.0], [670.7073603260404, 760.0], [490.70736032604043, 760.0], [490.70736032604043, 480.0], [670.7073603260404, 480.0]], [[390.7073603260404, 200.0], [390.7073603260404, 480.0], [250.70736032604037, 340.0], [390.7073603260404, 200.0]], [[210.70736032604043, 543.5514795419554], [210.70736032604043, 363.55147954195536], [490.70736032604043, 543.5514795419554], [210.70736032604043, 543.5514795419554]], [[390.70736032604043, 200.0], [670.7073603260404, 200.0], [670.7073603260404, 480.0], [390.70736032604043, 480.0], [390.70736032604043, 200.0]], [[474.15906954261715, 723.5514795419554], [274.15906954261715, 643.5514795419554], [274.15906954261715, 543.5514795419554], [474.15906954261715, 543.5514795419554], [474.15906954261715, 723.5514795419554]], [[170.70736032604043, 0.0], [270.70736032604043, 0.0], [270.70736032604043, 180.0], [170.70736032604043, 180.0], [170.70736032604043, 0.0]], [[280.0, 289.29263967395957], [0.0, 289.29263967395957], [0.0, 9.29263967395957], [280.0, 289.29263967395957]], [[0.0, 289.29263967395957], [200.0, 289.29263967395957], [200.0, 489.29263967395957], [0.0, 569.2926396739596], [0.0, 289.29263967395957]], [[160.0, 569.2926396739596], [80.0, 729.2926396739596], [0.0, 569.2926396739596], [160.0, 569.2926396739596]], [[342.08737314314317, 760.0], [62.08737314314317, 760.0], [202.08737314314317, 520.0], [342.08737314314317, 760.0]]]"
Sun Jul 19 06:31:33 2020,2,1,True,677.4144339293008,0.8414346837780677,"[0, 0, 1, 3, 2, 0, 3, 1, 1, 1, 3, 3]","[[[199.84614410229915, 457.4074074074074], [399.84614410229915, 457.4074074074074], [399.84614410229915, 657.4074074074074], [199.84614410229915, 657.4074074074074], [199.84614410229915, 457.4074074074074]], [[0.0, 560.0], [200.0, 560.0], [200.0, 760.0], [0.0, 760.0], [0.0, 560.0]], [[359.84614410229915, 177.4074074074074], [359.84614410229915, 457.4074074074074], [179.84614410229915, 457.4074074074074], [179.84614410229915, 177.4074074074074], [359.84614410229915, 177.4074074074074]], [[400.0, 720.0], [400.0, 440.0], [540.0, 580.0], [400.0, 720.0]], [[363.8790659129988, 2.842170943040401e-14], [363.8790659129988, 180.00000000000003], [83.87906591299878, 2.842170943040401e-14], [363.8790659129988, 2.842170943040401e-14]], [[363.87906591299884, 0.0], [643.8790659129988, 0.0], [643.8790659129988, 280.0], [363.87906591299884, 280.0], [363.87906591299884, 0.0]], [[0.0, 560.0], [80.0, 360.0], [180.0, 360.0], [180.0, 560.0], [0.0, 560.0]], [[379.84614410229915, 657.4074074074074], [379.84614410229915, 757.4074074074074], [199.84614410229915, 757.4074074074074], [199.84614410229915, 657.4074074074074], [379.84614410229915, 657.4074074074074]], [[657.2535515097065, 480.0], [657.2535515097065, 760.0], [377.25355150970654, 760.0], [657.2535515097065, 480.0]], [[640.0, 280.0], [640.0, 480.0], [440.0, 480.0], [360.0, 280.0], [640.0, 280.0]], [[164.12698412698415, 360.0], [4.126984126984155, 280.0], [164.12698412698415, 200.0], [164.12698412698415, 360.0]], [[0.0, 282.4074074074074], [0.0, 2.4074074074073906], [240.0, 142.4074074074074], [0.0, 282.4074074074074]]]"
Sun Jul 19 06:31:34 2020,2,0,True,650.3178565721288,0.8764944622688206,"[0, 0, 1, 3, 2, 0, 3, 1, 1, 1, 3, 3]","[[[199.84614410229915, 457.4074074074074], [399.84614410229915, 457.4074074074074], [399.84614410229915, 657.4074074074074], [199.84614410229915, 657.4074074074074], [199.84614410229915, 457.4074074074074]], [[0.0, 560.0], [200.0, 560.0], [200.0, 760.0], [0.0, 760.0], [0.0, 560.0]], [[359.84614410229915, 177.4074074074074], [359.84614410229915, 457.4074074074074], [179.84614410229915, 457.4074074074074], [179.84614410229915, 177.4074074074074], [359.84614410229915, 177.4074074074074]], [[400.0, 720.0], [400.0, 440.0], [540.0, 580.0], [400.0, 720.0]], [[363.8790659129988, 2.842170943040401e-14], [363.8790659129988, 180.00000000000003], [83.87906591299878, 2.842170943040401e-14], [363.8790659129988, 2.842170943040401e-14]], [[363.87906591299884, 0.0], [643.8790659129988, 0.0], [643.8790659129988, 280.0], [363.87906591299884, 280.0], [363.87906591299884, 0.0]], [[0.0, 560.0], [80.0, 360.0], [180.0, 360.0], [180.0, 560.0], [0.0, 560.0]], [[379.84614410229915, 657.4074074074074], [379.84614410229915, 757.4074074074074], [199.84614410229915, 757.4074074074074], [199.84614410229915, 657.4074074074074], [379.84614410229915, 657.4074074074074]], [[650.3178565721288, 480.0], [650.3178565721288, 760.0], [370.3178565721288, 760.0], [650.3178565721288, 480.0]], [[640.0, 280.0], [640.0, 480.0], [440.0, 480.0], [360.0, 280.0], [640.0, 280.0]], [[164.12698412698415, 360.0], [4.126984126984155, 280.0], [164.12698412698415, 200.0], [164.12698412698415, 360.0]], [[0.0, 282.4074074074074], [0.0, 2.4074074074073906], [240.0, 142.4074074074074], [0.0, 282.4074074074074]]]"
Sun Jul 19 06:32:46 2020,2,3,True,656.8210351378501,0.8678162992760599,"[0, 0, 1, 0, 0, 0, 0, 0, 2, 0, 3, 1]","[[[176.82103513785012, 280.0], [376.8210351378501, 280.0], [376.8210351378501, 480.0], [176.82103513785012, 480.0], [176.82103513785012, 280.0]], [[454.28571428571433, 534.2857142857143], [654.2857142857143, 534.2857142857143], [654.2857142857143, 734.2857142857143], [454.28571428571433, 734.2857142857143], [454.28571428571433, 534.2857142857143]], [[180.0, 300.0], [180.0, 580.0], [0.0, 580.0], [0.0, 300.0], [180.0, 300.0]], [[214.28571428571433, 494.28571428571433], [494.28571428571433, 494.28571428571433], [354.28571428571433, 634.2857142857143], [214.28571428571433, 494.28571428571433]], [[376.8210351378501, 494.28571428571433], [376.8210351378501, 314.28571428571433], [656.8210351378501, 494.28571428571433], [376.8210351378501, 494.28571428571433]], [[176.82103513785012, 0.0], [456.8210351378501, 0.0], [456.8210351378501, 280.0], [176.82103513785012, 280.0], [176.82103513785012, 0.0]], [[0.0, 580.0], [200.0, 660.0], [200.0, 760.0], [0.0, 760.0], [0.0, 580.0]], [[0.0, 120.0], [100.0, 120.0], [100.0, 300.0], [0.0, 300.0], [0.0, 120.0]], [[480.0, 760.0], [200.0, 760.0], [200.0, 480.0], [480.0, 760.0]], [[456.8210351378501, 0.0], [656.8210351378501, 0.0], [656.8210351378501, 200.0], [456.8210351378501, 280.0], [456.8210351378501, 0.0]], [[176.82103513785012, 160.0], [16.821035137850117, 80.0], [176.82103513785012, 0.0], [176.82103513785012, 160.0]], [[656.8210351378501, 200.0], [656.8210351378501, 480.0], [416.8210351378501, 340.0], [656.8210351378501, 200.0]]]"
Sun Jul 19 06:34:03 2020,2,5,True,663.3892454892286,0.8592240586891682,"[0, 0, 1, 0, 0, 0, 1, 0, 0, 1, 3, 2]","[[[200.0, 280.0], [400.0, 280.0], [400.0, 480.0], [200.0, 480.0], [200.0, 280.0]], [[0.0, 280.0], [200.0, 280.0], [200.0, 480.0], [0.0, 480.0], [0.0, 280.0]], [[663.3892454892286, 448.9837194408815], [663.3892454892286, 728.9837194408815], [483.38924548922864, 728.9837194408815], [483.38924548922864, 448.9837194408815], [663.3892454892286, 448.9837194408815]], [[280.0, 0.0], [560.0, 0.0], [420.0, 140.0], [280.0, 0.0]], [[280.0, 248.98371944088154], [280.0, 68.98371944088154], [560.0, 248.98371944088154], [280.0, 248.98371944088154]], [[0.0, 0.0], [280.0, 0.0], [280.0, 280.0], [0.0, 280.0], [0.0, 0.0]], [[180.0, 480.0], [100.0, 680.0], [0.0, 680.0], [0.0, 480.0], [180.0, 480.0]], [[563.3892454892286, 0.0], [663.3892454892286, 0.0], [663.3892454892286, 180.0], [563.3892454892286, 180.0], [563.3892454892286, 0.0]], [[203.38924548922864, 480.0], [483.38924548922864, 480.0], [483.38924548922864, 760.0], [203.38924548922864, 480.0]], [[663.3892454892286, 248.98371944088154], [663.3892454892286, 448.98371944088154], [463.38924548922864, 448.98371944088154], [383.38924548922864, 248.98371944088154], [663.3892454892286, 248.98371944088154]], [[563.3892454892286, 228.30537725538568], [403.38924548922864, 148.30537725538568], [563.3892454892286, 68.30537725538568], [563.3892454892286, 228.30537725538568]], [[333.3333333333334, 760.0], [53.33333333333343, 760.0], [193.33333333333343, 520.0], [333.3333333333334, 760.0]]]"
Sun Jul 19 06:34:28 2020,2,1,True,670.0231379441209,0.8507168897912556,"[0, 0, 1, 0, 2, 0, 0, 0, 1, 2, 1, 3]","[[[470.0231379441208, 0.0], [670.0231379441208, 0.0], [670.0231379441208, 200.0], [470.0231379441208, 200.0], [470.0231379441208, 0.0]], [[0.0, 285.71428571428567], [200.0, 285.71428571428567], [200.0, 485.71428571428567], [0.0, 485.71428571428567], [0.0, 285.71428571428567]], [[460.0, 0.0], [460.0, 280.0], [280.0, 280.0], [280.0, 0.0], [460.0, 0.0]], [[360.0, 510.02313794412066], [640.0, 510.02313794412066], [500.0, 650.0231379441207], [360.0, 510.02313794412066]], [[470.0231379441209, 280.0], [470.0231379441209, 460.0], [190.0231379441209, 280.0], [470.0231379441209, 280.0]], [[0.0, 0.0], [280.0, 0.0], [280.0, 280.0], [0.0, 280.0], [0.0, 0.0]], [[0.0, 580.0], [200.0, 660.0], [200.0, 760.0], [0.0, 760.0], [0.0, 580.0]], [[200.0, 580.0], [300.0, 580.0], [300.0, 760.0], [200.0, 760.0], [200.0, 580.0]], [[670.0231379441208, 480.0], [670.0231379441208, 760.0], [390.0231379441208, 760.0], [670.0231379441208, 480.0]], [[670.0231379441208, 480.0], [470.0231379441208, 480.0], [470.0231379441208, 280.0], [670.0231379441208, 200.0], [670.0231379441208, 480.0]], [[340.0, 570.0231379441207], [500.0, 650.0231379441207], [340.0, 730.0231379441207], [340.0, 570.0231379441207]], [[200.0, 580.0], [200.0, 300.0], [440.0, 440.0], [200.0, 580.0]]]"
Sun Jul 19 06:35:02 2020,2,3,True,676.7233693235621,0.842293950288372,"[0, 0, 1, 0, 0, 0, 2, 0, 1, 0, 3, 3]","[[[443.222212426356, 560.0], [643.222212426356, 560.0], [643.222212426356, 760.0], [443.222212426356, 760.0], [443.222212426356, 560.0]], [[180.0, 289.78704275129235], [380.0, 289.78704275129235], [380.0, 489.78704275129235], [180.0, 489.78704275129235], [180.0, 289.78704275129235]], [[180.0, 280.0], [180.0, 560.0], [0.0, 560.0], [0.0, 280.0], [180.0, 280.0]], [[363.222212426356, 0.0], [643.222212426356, 0.0], [503.222212426356, 140.0], [363.222212426356, 0.0]], [[0.0, 760.0], [0.0, 580.0], [280.0, 760.0], [0.0, 760.0]], [[0.0, 0.0], [280.0, 0.0], [280.0, 280.0], [0.0, 280.0], [0.0, 0.0]], [[443.222212426356, 760.0], [243.222212426356, 680.0], [243.222212426356, 580.0], [443.222212426356, 580.0], [443.222212426356, 760.0]], [[576.7233693235621, 300.0], [676.7233693235621, 300.0], [676.7233693235621, 480.0], [576.7233693235621, 480.0], [576.7233693235621, 300.0]], [[676.7233693235621, 20.0], [676.7233693235621, 300.0], [396.7233693235621, 300.0], [676.7233693235621, 20.0]], [[380.0, 300.0], [580.0, 300.0], [580.0, 500.0], [380.0, 580.0], [380.0, 300.0]], [[221.25000000000003, 699.375], [61.25000000000003, 619.375], [221.25000000000003, 539.375], [221.25000000000003, 699.375]], [[280.0, 289.78704275129235], [280.0, 9.787042751292347], [520.0, 149.78704275129235], [280.0, 289.78704275129235]]]"
Sun Jul 19 06:35:20 2020,2,1,True,683.4906030167978,0.8339544062261107,"[0, 0, 0, 0, 1, 0, 3, 0, 1, 0, 3, 2]","[[[0.0, 560.0], [200.0, 560.0], [200.0, 760.0], [0.0, 760.0], [0.0, 560.0]], [[200.0, 560.0], [400.0, 560.0], [400.0, 760.0], [200.0, 760.0], [200.0, 560.0]], [[400.0, 560.0], [680.0, 560.0], [680.0, 740.0], [400.0, 740.0], [400.0, 560.0]], [[403.49060301679776, 0.0], [683.4906030167978, 0.0], [543.4906030167978, 140.0], [403.49060301679776, 0.0]], [[0.0, 280.0], [180.0, 280.0], [0.0, 560.0], [0.0, 280.0]], [[0.0, 0.0], [280.0, 0.0], [280.0, 280.0], [0.0, 280.0], [0.0, 0.0]], [[219.37046004842617, 431.57384987893454], [299.37046004842614, 231.57384987893454], [399.37046004842614, 231.57384987893454], [399.37046004842614, 431.57384987893454], [219.37046004842617, 431.57384987893454]], [[280.0, 0.0], [380.0, 0.0], [380.0, 180.0], [280.0, 180.0], [280.0, 0.0]], [[683.4906030167978, 0.0], [683.4906030167978, 280.0], [403.49060301679776, 280.0], [683.4906030167978, 0.0]], [[483.49060301679776, 280.0], [683.4906030167978, 280.0], [683.4906030167978, 480.0], [483.49060301679776, 560.0], [483.49060301679776, 280.0]], [[483.8019226565817, 560.0], [323.8019226565817, 480.0], [483.8019226565817, 400.0], [483.8019226565817, 560.0]], [[294.28571428571433, 560.0], [14.285714285714334, 560.0], [154.28571428571433, 320.0], [294.28571428571433, 560.0]]]"
Sun Jul 19 06:35:40 2020,2,1,True,690.3255090469657,0.8256974319070405,"[0, 0, 0, 1, 1, 0, 2, 0, 0, 3, 1, 2]","[[[480.0, 419.3489819060685], [680.0, 419.3489819060685], [680.0, 619.3489819060685], [480.0, 619.3489819060685], [480.0, 419.3489819060685]], [[280.0, 380.0], [480.0, 380.0], [480.0, 580.0], [280.0, 580.0], [280.0, 380.0]], [[280.0, 0.0], [560.0, 0.0], [560.0, 180.0], [280.0, 180.0], [280.0, 0.0]], [[690.3255090469657, 149.67449095303425], [690.3255090469657, 429.67449095303425], [550.3255090469657, 289.67449095303425], [690.3255090469657, 149.67449095303425]], [[0.0, 460.0], [180.0, 460.0], [0.0, 740.0], [0.0, 460.0]], [[0.0, 0.0], [280.0, 0.0], [280.0, 280.0], [0.0, 280.0], [0.0, 0.0]], [[434.7619047619048, 760.0], [234.76190476190482, 680.0], [234.76190476190482, 580.0], [434.7619047619048, 580.0], [434.7619047619048, 760.0]], [[560.0, 0.0], [660.0, 0.0], [660.0, 180.0], [560.0, 180.0], [560.0, 0.0]], [[0.0, 280.0], [280.0, 280.0], [280.0, 560.0], [0.0, 280.0]], [[280.0, 380.0], [280.0, 180.0], [480.0, 180.0], [560.0, 380.0], [280.0, 380.0]], [[434.7619047619048, 596.7299342870209], [594.7619047619048, 676.7299342870209], [434.7619047619048, 756.7299342870209], [434.7619047619048, 596.7299342870209]], [[281.42857142857144, 760.0], [1.4285714285714448, 760.0], [141.42857142857144, 520.0], [281.42857142857144, 760.0]]]"
Sun Jul 19 06:35:47 2020,2,0,True,662.7124886850871,0.8601014915698338,"[0, 0, 1, 1, 1, 0, 1, 1, 3, 2, 0, 2]","[[[462.7124886850871, 560.0], [662.7124886850871, 560.0], [662.7124886850871, 760.0], [462.7124886850871, 760.0], [462.7124886850871, 560.0]], [[262.7124886850871, 560.0], [462.7124886850871, 560.0], [462.7124886850871, 760.0], [262.7124886850871, 760.0], [262.7124886850871, 560.0]], [[460.0, 0.0], [460.0, 280.0], [280.0, 280.0], [280.0, 0.0], [460.0, 0.0]], [[262.7124886850871, 297.2875113149129], [262.7124886850871, 577.2875113149129], [122.71248868508712, 437.2875113149129], [262.7124886850871, 297.2875113149129]], [[280.0, 280.0], [460.0, 280.0], [280.0, 560.0], [280.0, 280.0]], [[0.0, 0.0], [280.0, 0.0], [280.0, 280.0], [0.0, 280.0], [0.0, 0.0]], [[180.0, 560.0], [100.0, 760.0], [0.0, 760.0], [0.0, 560.0], [180.0, 560.0]], [[640.0, 0.0], [640.0, 100.0], [460.0, 100.0], [460.0, 0.0], [640.0, 0.0]], [[0.0, 560.0], [0.0, 280.0], [280.0, 280.0], [0.0, 560.0]], [[662.7124886850871, 368.7316132560677], [462.7124886850871, 368.7316132560677], [462.7124886850871, 168.7316132560677], [662.7124886850871, 88.7316132560677], [662.7124886850871, 368.7316132560677]], [[100.0, 760.0], [180.0, 600.0], [260.0, 760.0], [100.0, 760.0]], [[574.2857142857143, 560.0], [294.28571428571433, 560.0], [434.28571428571433, 320.0], [574.2857142857143, 560.0]]]"
Sun Jul 19 06:35:53 2020,2,0,True,636.2039891376836,0.8959390537185768,"[0, 0, 1, 1, 1, 0, 3, 1, 3, 2, 2, 2]","[[[436.2039891376836, 560.0], [636.2039891376836, 560.0], [636.2039891376836, 760.0], [436.2039891376836, 760.0], [436.2039891376836, 560.0]], [[236.2039891376836, 560.0], [436.2039891376836, 560.0], [436.2039891376836, 760.0], [236.2039891376836, 760.0], [236.2039891376836, 560.0]], [[460.0, 0.0], [460.0, 280.0], [280.0, 280.0], [280.0, 0.0], [460.0, 0.0]], [[280.0, 280.0], [280.0, 560.0], [140.0, 420.0], [280.0, 280.0]], [[280.0, 280.0], [460.0, 280.0], [280.0, 560.0], [280.0, 280.0]], [[0.0, 0.0], [280.0, 0.0], [280.0, 280.0], [0.0, 280.0], [0.0, 0.0]], [[440.04842615012103, 329.8789346246974], [520.048426150121, 129.87893462469742], [620.048426150121, 129.87893462469742], [620.048426150121, 329.8789346246974], [440.04842615012103, 329.8789346246974]], [[636.2039891376836, 0.0], [636.2039891376836, 100.0], [456.2039891376836, 100.0], [456.2039891376836, 0.0], [636.2039891376836, 0.0]], [[0.0, 560.0], [0.0, 280.0], [280.0, 280.0], [0.0, 560.0]], [[200.0, 760.0], [0.0, 760.0], [0.0, 560.0], [200.0, 480.0], [200.0, 760.0]], [[613.3817594834545, 329.8789346246974], [533.3817594834545, 489.8789346246974], [453.3817594834545, 329.8789346246974], [613.3817594834545, 329.8789346246974]], [[574.2857142857143, 560.0], [294.28571428571433, 560.0], [434.28571428571433, 320.0], [574.2857142857143, 560.0]]]"
错误，Sun Jul 19 06:39:30 2020,2,9,False,642.5660290290605,0.8870683700183929,"[0, 0, 0, 0, 2, 0, 3, 0, 2, 0, 3, 3]","[[[0.0, 560.0], [200.0, 560.0], [200.0, 760.0], [0.0, 760.0], [0.0, 560.0]], [[200.0, 560.0], [400.0, 560.0], [400.0, 760.0], [200.0, 760.0], [200.0, 560.0]], [[362.5660290290605, 20.0], [642.5660290290605, 20.0], [642.5660290290605, 200.0], [362.5660290290605, 200.0], [362.5660290290605, 20.0]], [[320.0, 480.0], [600.0, 480.0], [460.0, 620.0], [320.0, 480.0]], [[302.22222222222223, 0.0], [302.22222222222223, 180.0], [22.22222222222223, 0.0], [302.22222222222223, 0.0]], [[160.0, 200.0], [440.0, 200.0], [440.0, 480.0], [160.0, 480.0], [160.0, 200.0]], [[462.5660290290605, 760.0], [542.5660290290605, 560.0], [642.5660290290605, 560.0], [642.5660290290605, 760.0], [462.5660290290605, 760.0]], [[262.5660290290605, 0.0], [362.5660290290605, 0.0], [362.5660290290605, 180.0], [262.5660290290605, 180.0], [262.5660290290605, 0.0]], [[280.0, 560.0], [0.0, 560.0], [0.0, 280.0], [280.0, 560.0]], [[442.5660290290605, 200.0], [642.5660290290605, 200.0], [642.5660290290605, 400.0], [442.5660290290605, 480.0], [442.5660290290605, 200.0]], [[160.0, 360.0], [0.0, 280.0], [160.0, 200.0], [160.0, 360.0]], [[0.0, 280.0], [0.0, 0.0], [240.0, 140.0], [0.0, 280.0]]]"
错误，Sun Jul 19 06:42:08 2020,2,9,False,648.991689319351,0.878285514869696,"[0, 0, 1, 1, 1, 0, 1, 0, 2, 1, 2, 2]","[[[280.0, 560.0], [480.0, 560.0], [480.0, 760.0], [280.0, 760.0], [280.0, 560.0]], [[100.0, 0.0], [300.0, 0.0], [300.0, 200.0], [100.0, 200.0], [100.0, 0.0]], [[358.57142857142895, 202.2222222222216], [358.57142857142895, 482.2222222222216], [178.57142857142895, 482.2222222222216], [178.57142857142895, 202.2222222222216], [358.57142857142895, 202.2222222222216]], [[648.991689319351, 280.0], [648.991689319351, 560.0], [508.99168931935105, 420.0], [648.991689319351, 280.0]], [[0.0, 200.0], [180.0, 200.0], [0.0, 480.0], [0.0, 200.0]], [[368.99168931935105, 0.0], [648.991689319351, 0.0], [648.991689319351, 280.0], [368.99168931935105, 280.0], [368.99168931935105, 0.0]], [[648.991689319351, 560.0], [568.991689319351, 760.0], [468.99168931935105, 760.0], [468.99168931935105, 560.0], [648.991689319351, 560.0]], [[0.0, 11.008310680648947], [100.0, 11.008310680648947], [100.0, 191.00831068064895], [0.0, 191.00831068064895], [0.0, 11.008310680648947]], [[280.0, 760.0], [0.0, 760.0], [0.0, 480.0], [280.0, 760.0]], [[280.0, 524.7638119252888], [280.0, 724.7638119252888], [80.0, 724.7638119252888], [0.0, 524.7638119252888], [280.0, 524.7638119252888]], [[578.991689319351, 280.0], [498.99168931935105, 440.0], [418.99168931935105, 280.0], [578.991689319351, 280.0]], [[593.2010582010582, 560.0], [313.20105820105823, 560.0], [453.20105820105823, 320.0], [593.2010582010582, 560.0]]]"
Sun Jul 19 06:42:26 2020,2,1,True,655.4816062125445,0.8695896186828673,"[0, 0, 1, 0, 3, 0, 0, 0, 1, 1, 2, 3]","[[[209.51631190644548, 85.08676423475231], [409.5163119064455, 85.08676423475231], [409.5163119064455, 285.0867642347523], [209.51631190644548, 285.0867642347523], [209.51631190644548, 85.08676423475231]], [[0.0, 0.0], [200.0, 0.0], [200.0, 200.0], [0.0, 200.0], [0.0, 0.0]], [[180.0, 200.0], [180.0, 480.0], [0.0, 480.0], [0.0, 200.0], [180.0, 200.0]], [[375.48160621254453, 477.3642702906509], [655.4816062125445, 477.3642702906509], [515.4816062125445, 617.3642702906509], [375.48160621254453, 477.3642702906509]], [[655.4816062125445, 477.3642702906509], [475.48160621254453, 477.3642702906509], [655.4816062125445, 197.3642702906509], [655.4816062125445, 477.3642702906509]], [[0.0, 480.0], [280.0, 480.0], [280.0, 760.0], [0.0, 760.0], [0.0, 480.0]], [[180.0, 273.2802394721741], [380.0, 353.2802394721741], [380.0, 453.2802394721741], [180.0, 453.2802394721741], [180.0, 273.2802394721741]], [[380.0, 285.0867642347523], [480.0, 285.0867642347523], [480.0, 465.0867642347523], [380.0, 465.0867642347523], [380.0, 285.0867642347523]], [[655.4816062125445, 480.0], [655.4816062125445, 760.0], [375.48160621254453, 760.0], [655.4816062125445, 480.0]], [[655.4816062125445, 0.0], [655.4816062125445, 200.0], [455.48160621254453, 200.0], [375.48160621254453, 0.0], [655.4816062125445, 0.0]], [[597.4566178826238, 200.0], [517.4566178826238, 360.0], [437.45661788262385, 200.0], [597.4566178826238, 200.0]], [[277.146277607923, 758.3353286046216], [277.146277607923, 478.3353286046216], [517.146277607923, 618.3353286046216], [277.146277607923, 758.3353286046216]]]"
Sun Jul 19 06:42:47 2020,2,1,True,662.03642227467,0.8609798204780864,"[0, 0, 1, 0, 1, 0, 3, 1, 1, 1, 1, 2]","[[[280.0, 345.8105911646934], [480.0, 345.8105911646934], [480.0, 545.8105911646934], [280.0, 545.8105911646934], [280.0, 345.8105911646934]], [[247.6190476190477, 0.0], [447.6190476190477, 0.0], [447.6190476190477, 200.0], [247.6190476190477, 200.0], [247.6190476190477, 0.0]], [[660.0, 0.0], [660.0, 280.0], [480.0, 280.0], [480.0, 0.0], [660.0, 0.0]], [[305.8105911646934, 545.8105911646934], [585.8105911646934, 545.8105911646934], [445.8105911646934, 685.8105911646934], [305.8105911646934, 545.8105911646934]], [[0.0, 0.0], [180.0, 0.0], [0.0, 280.0], [0.0, 0.0]], [[0.0, 480.0], [280.0, 480.0], [280.0, 760.0], [0.0, 760.0], [0.0, 480.0]], [[480.0, 480.0], [560.0, 280.0], [660.0, 280.0], [660.0, 480.0], [480.0, 480.0]], [[474.28571428571433, 200.0], [474.28571428571433, 300.0], [294.28571428571433, 300.0], [294.28571428571433, 200.0], [474.28571428571433, 200.0]], [[651.6211823293868, 480.0], [651.6211823293868, 760.0], [371.6211823293868, 760.0], [651.6211823293868, 480.0]], [[280.0, 280.0], [280.0, 480.0], [80.0, 480.0], [0.0, 280.0], [280.0, 280.0]], [[280.0, 600.0], [440.0, 680.0], [280.0, 760.0], [280.0, 600.0]], [[294.28571428571433, 279.99999999999994], [14.285714285714334, 279.99999999999994], [154.28571428571433, 39.99999999999994], [294.28571428571433, 279.99999999999994]]]"
Sun Jul 19 06:43:08 2020,2,1,True,668.6567864974168,0.8524552678000855,"[0, 0, 0, 2, 3, 0, 1, 0, 3, 2, 1, 1]","[[[250.47720219940015, 217.91055677375948], [450.47720219940015, 217.91055677375948], [450.47720219940015, 417.9105567737595], [250.47720219940015, 417.9105567737595], [250.47720219940015, 217.91055677375948]], [[460.0, 283.4627145989667], [660.0, 283.4627145989667], [660.0, 483.4627145989667], [460.0, 483.4627145989667], [460.0, 283.4627145989667]], [[0.0, 8.387758973159634], [280.0, 8.387758973159634], [280.0, 188.38775897315963], [0.0, 188.38775897315963], [0.0, 8.387758973159634]], [[280.0, 480.0], [0.0, 480.0], [140.0, 340.0], [280.0, 480.0]], [[468.65678649741676, 760.0], [288.65678649741676, 760.0], [468.65678649741676, 480.0], [468.65678649741676, 760.0]], [[0.0, 480.0], [280.0, 480.0], [280.0, 760.0], [0.0, 760.0], [0.0, 480.0]], [[460.0, 417.9105567737595], [380.0, 617.9105567737595], [280.0, 617.9105567737595], [280.0, 417.9105567737595], [460.0, 417.9105567737595]], [[568.6567864974168, 24.886855972565513], [668.6567864974168, 24.886855972565513], [668.6567864974168, 204.8868559725655], [568.6567864974168, 204.8868559725655], [568.6567864974168, 24.886855972565513]], [[0.0, 468.38775897315963], [0.0, 188.38775897315963], [280.0, 188.38775897315963], [0.0, 468.38775897315963]], [[668.6567864974168, 760.0], [468.65678649741676, 760.0], [468.65678649741676, 560.0], [668.6567864974168, 480.0], [668.6567864974168, 760.0]], [[280.0, 0.0], [440.0, 80.0], [280.0, 160.0], [280.0, 0.0]], [[568.6567864974168, 3.462714598966727], [568.6567864974168, 283.4627145989667], [328.65678649741676, 143.46271459896673], [568.6567864974168, 3.462714598966727]]]"
Sun Jul 19 06:43:39 2020,2,1,True,675.343354362391,0.844015116633748,"[0, 0, 1, 0, 3, 0, 0, 0, 0, 3, 0, 0]","[[[180.0, 356.08521706618023], [380.0, 356.08521706618023], [380.0, 556.0852170661802], [180.0, 556.0852170661802], [180.0, 356.08521706618023]], [[475.343354362391, 0.0], [675.343354362391, 0.0], [675.343354362391, 200.0], [475.343354362391, 200.0], [475.343354362391, 0.0]], [[180.0, 480.0], [180.0, 760.0], [0.0, 760.0], [0.0, 480.0], [180.0, 480.0]], [[115.34335436239098, 0.0], [395.343354362391, 0.0], [255.34335436239098, 140.0], [115.34335436239098, 0.0]], [[360.0000000000001, 356.08521706618023], [180.0000000000001, 356.08521706618023], [360.0000000000001, 76.08521706618023], [360.0000000000001, 356.08521706618023]], [[395.343354362391, 200.0], [675.343354362391, 200.0], [675.343354362391, 480.0], [395.343354362391, 480.0], [395.343354362391, 200.0]], [[0.0, 4.656645637609017], [200.0, 84.65664563760902], [200.0, 184.65664563760902], [0.0, 184.65664563760902], [0.0, 4.656645637609017]], [[375.343354362391, 20.0], [475.343354362391, 20.0], [475.343354362391, 200.0], [375.343354362391, 200.0], [375.343354362391, 20.0]], [[395.343354362391, 480.0], [675.343354362391, 480.0], [675.343354362391, 760.0], [395.343354362391, 480.0]], [[180.0, 760.0], [180.0, 560.0], [380.0, 560.0], [460.0, 760.0], [180.0, 760.0]], [[0.0, 480.0], [80.0, 320.0], [160.0, 480.0], [0.0, 480.0]], [[0.0, 184.65664563760902], [280.0, 184.65664563760902], [140.0, 424.656645637609], [0.0, 184.65664563760902]]]"
Sun Jul 19 06:44:10 2020,2,1,True,682.0967879060149,0.8356585313205425,"[0, 0, 0, 2, 0, 0, 1, 1, 0, 0, 0, 0]","[[[179.99999999999994, 560.0], [379.99999999999994, 560.0], [379.99999999999994, 760.0], [179.99999999999994, 760.0], [179.99999999999994, 560.0]], [[0.0, 360.0], [200.0, 360.0], [200.0, 560.0], [0.0, 560.0], [0.0, 360.0]], [[400.0, 340.0], [680.0, 340.0], [680.0, 520.0], [400.0, 520.0], [400.0, 340.0]], [[680.0, 340.0], [400.0, 340.0], [540.0, 200.0], [680.0, 340.0]], [[280.0, 180.0], [280.0, 0.0], [560.0, 180.0], [280.0, 180.0]], [[0.0, 0.0], [280.0, 0.0], [280.0, 280.0], [0.0, 280.0], [0.0, 0.0]], [[180.0, 560.0], [100.0, 760.0], [0.0, 760.0], [0.0, 560.0], [180.0, 560.0]], [[460.0, 180.0], [460.0, 280.0], [280.0, 280.0], [280.0, 180.0], [460.0, 180.0]], [[380.0, 0.0], [660.0, 0.0], [660.0, 280.0], [380.0, 0.0]], [[200.0, 280.0], [400.0, 280.0], [400.0, 480.0], [200.0, 560.0], [200.0, 280.0]], [[510.0, 760.0], [590.0, 600.0], [670.0, 760.0], [510.0, 760.0]], [[356.66666666666663, 520.0], [636.6666666666666, 520.0], [496.66666666666663, 760.0], [356.66666666666663, 520.0]]]"
Sun Jul 19 06:44:29 2020,2,1,True,688.9177557850751,0.8273846844757846,"[0, 0, 1, 1, 2, 0, 3, 0, 3, 3, 3, 3]","[[[0.0, 560.0], [200.0, 560.0], [200.0, 760.0], [0.0, 760.0], [0.0, 560.0]], [[445.0, 526.5705406090966], [645.0, 526.5705406090966], [645.0, 726.5705406090966], [445.0, 726.5705406090966], [445.0, 526.5705406090966]], [[445.0, 480.0], [445.0, 760.0], [265.0, 760.0], [265.0, 480.0], [445.0, 480.0]], [[240.0, 320.0], [240.0, 600.0], [100.0, 460.0], [240.0, 320.0]], [[688.9177557850751, 200.0], [688.9177557850751, 380.0], [408.9177557850751, 200.0], [688.9177557850751, 200.0]], [[0.0, 0.0], [280.0, 0.0], [280.0, 280.0], [0.0, 280.0], [0.0, 0.0]], [[240.0, 407.1242998524517], [320.0, 207.1242998524517], [420.0, 207.1242998524517], [420.0, 407.1242998524517], [240.0, 407.1242998524517]], [[551.9312032729822, 2.842170943040401e-14], [651.9312032729822, 2.842170943040401e-14], [651.9312032729822, 180.00000000000003], [551.9312032729822, 180.00000000000003], [551.9312032729822, 2.842170943040401e-14]], [[0.0, 559.9999999999999], [0.0, 279.9999999999999], [280.0, 279.9999999999999], [0.0, 559.9999999999999]], [[279.9312032729822, 200.0], [279.9312032729822, 0.0], [479.9312032729822, 0.0], [559.9312032729822, 200.0], [279.9312032729822, 200.0]], [[688.9177557850751, 548.5294185016342], [528.9177557850751, 468.52941850163415], [688.9177557850751, 388.52941850163415], [688.9177557850751, 548.5294185016342]], [[445.0, 517.4814427095946], [445.0, 237.4814427095946], [685.0, 377.4814427095946], [445.0, 517.4814427095946]]]"
Sun Jul 19 06:44:29 2020,2,0,True,661.361045553672,0.8618590463289423,"[0, 0, 1, 1, 2, 0, 3, 0, 3, 3, 3, 3]","[[[0.0, 560.0], [200.0, 560.0], [200.0, 760.0], [0.0, 760.0], [0.0, 560.0]], [[445.0, 540.3488957247981], [645.0, 540.3488957247981], [645.0, 740.3488957247981], [445.0, 740.3488957247981], [445.0, 540.3488957247981]], [[420.0, 424.8393278583537], [420.0, 704.8393278583537], [240.0, 704.8393278583537], [240.0, 424.8393278583537], [420.0, 424.8393278583537]], [[240.0, 320.0], [240.0, 600.0], [100.0, 460.0], [240.0, 320.0]], [[661.361045553672, 200.0], [661.361045553672, 380.0], [381.36104555367206, 200.0], [661.361045553672, 200.0]], [[0.0, 0.0], [280.0, 0.0], [280.0, 280.0], [0.0, 280.0], [0.0, 0.0]], [[240.0, 424.8393278583537], [320.0, 224.83932785835373], [420.0, 224.83932785835373], [420.0, 424.8393278583537], [240.0, 424.8393278583537]], [[551.9312032729822, 2.842170943040401e-14], [651.9312032729822, 2.842170943040401e-14], [651.9312032729822, 180.00000000000003], [551.9312032729822, 180.00000000000003], [551.9312032729822, 2.842170943040401e-14]], [[0.0, 559.9999999999999], [0.0, 279.9999999999999], [280.0, 279.9999999999999], [0.0, 559.9999999999999]], [[279.9312032729822, 200.0], [279.9312032729822, 0.0], [479.9312032729822, 0.0], [559.9312032729822, 200.0], [279.9312032729822, 200.0]], [[661.361045553672, 548.5294185016342], [501.36104555367206, 468.52941850163415], [661.361045553672, 388.52941850163415], [661.361045553672, 548.5294185016342]], [[420.0, 515.9900284079429], [420.0, 235.99002840794287], [660.0, 375.9900284079429], [420.0, 515.9900284079429]]]"
Sun Jul 19 06:44:58 2020,2,1,True,667.9746560092087,0.8533257884444975,"[0, 0, 0, 1, 1, 0, 0, 0, 2, 0, 2, 2]","[[[200.0, 369.1810429545618], [400.0, 369.1810429545618], [400.0, 569.1810429545618], [200.0, 569.1810429545618], [200.0, 369.1810429545618]], [[0.0, 280.0], [200.0, 280.0], [200.0, 480.0], [0.0, 480.0], [0.0, 280.0]], [[287.97465600920873, 569.1810429545618], [567.9746560092087, 569.1810429545618], [567.9746560092087, 749.1810429545618], [287.97465600920873, 749.1810429545618], [287.97465600920873, 569.1810429545618]], [[467.97465600920873, 0.0], [467.97465600920873, 280.0], [327.97465600920873, 140.0], [467.97465600920873, 0.0]], [[0.0, 480.0], [180.0, 480.0], [0.0, 760.0], [0.0, 480.0]], [[0.0, 0.0], [280.0, 0.0], [280.0, 280.0], [0.0, 280.0], [0.0, 0.0]], [[408.0, 380.0], [608.0, 460.0], [608.0, 560.0], [408.0, 560.0], [408.0, 380.0]], [[567.9746560092087, 580.0], [667.9746560092087, 580.0], [667.9746560092087, 760.0], [567.9746560092087, 760.0], [567.9746560092087, 580.0]], [[560.0, 369.1810429545618], [280.0, 369.1810429545618], [280.0, 89.1810429545618], [560.0, 369.1810429545618]], [[467.97465600920873, 0.0], [667.9746560092087, 0.0], [667.9746560092087, 200.0], [467.97465600920873, 280.0], [467.97465600920873, 0.0]], [[667.5036747704675, 264.1883924954967], [587.5036747704675, 424.1883924954967], [507.50367477046746, 264.1883924954967], [667.5036747704675, 264.1883924954967]], [[294.28571428571433, 760.0], [14.285714285714334, 760.0], [154.28571428571433, 520.0], [294.28571428571433, 760.0]]]"
Sun Jul 19 06:45:24 2020,2,1,True,674.6544025693008,0.8448770182618787,"[0, 0, 0, 1, 2, 0, 2, 1, 2, 0, 1, 2]","[[[0.0, 560.0], [200.0, 560.0], [200.0, 760.0], [0.0, 760.0], [0.0, 560.0]], [[474.6544025693008, 0.0], [674.6544025693008, 0.0], [674.6544025693008, 200.0], [474.6544025693008, 200.0], [474.6544025693008, 0.0]], [[0.0, 0.0], [280.0, 0.0], [280.0, 180.0], [0.0, 180.0], [0.0, 0.0]], [[454.6544025693008, 0.0], [454.6544025693008, 280.0], [314.6544025693008, 140.0], [454.6544025693008, 0.0]], [[650.2508384494091, 385.3455974306992], [650.2508384494091, 565.3455974306992], [370.2508384494091, 385.3455974306992], [650.2508384494091, 385.3455974306992]], [[0.0, 180.0], [280.0, 180.0], [280.0, 460.0], [0.0, 460.0], [0.0, 180.0]], [[674.6544025693008, 380.0], [474.6544025693008, 300.0], [474.6544025693008, 200.0], [674.6544025693008, 200.0], [674.6544025693008, 380.0]], [[180.0, 460.0], [180.0, 560.0], [0.0, 560.0], [0.0, 460.0], [180.0, 460.0]], [[560.0, 385.3455974306992], [280.0, 385.3455974306992], [280.0, 105.34559743069917], [560.0, 385.3455974306992]], [[200.0, 460.0], [400.0, 460.0], [400.0, 660.0], [200.0, 740.0], [200.0, 460.0]], [[400.0, 427.3272012846504], [560.0, 507.3272012846504], [400.0, 587.3272012846504], [400.0, 427.3272012846504]], [[674.6544025693008, 760.0], [394.6544025693008, 760.0], [534.6544025693008, 520.0], [674.6544025693008, 760.0]]]"
Sun Jul 19 06:45:34 2020,2,1,True,681.4009465949938,0.8365118992691869,"[0, 0, 0, 0, 0, 0, 0, 1, 2, 0, 0, 1]","[[[480.0, 560.0], [680.0, 560.0], [680.0, 760.0], [480.0, 760.0], [480.0, 560.0]], [[480.0, 360.0], [680.0, 360.0], [680.0, 560.0], [480.0, 560.0], [480.0, 360.0]], [[367.6682264665287, 0.0], [647.6682264665287, 0.0], [647.6682264665287, 180.0], [367.6682264665287, 180.0], [367.6682264665287, 0.0]], [[340.0, 180.0], [620.0, 180.0], [480.0, 320.0], [340.0, 180.0]], [[0.0, 480.0], [0.0, 300.0], [280.0, 480.0], [0.0, 480.0]], [[0.0, 480.0], [280.0, 480.0], [280.0, 760.0], [0.0, 760.0], [0.0, 480.0]], [[0.0, 3.3333333333333144], [200.0, 83.33333333333331], [200.0, 183.33333333333331], [0.0, 183.33333333333331], [0.0, 3.3333333333333144]], [[460.0, 657.8064654388083], [460.0, 757.8064654388083], [280.0, 757.8064654388083], [280.0, 657.8064654388083], [460.0, 657.8064654388083]], [[520.0, 360.0], [240.0, 360.0], [240.0, 80.0], [520.0, 360.0]], [[280.0, 377.80646543880835], [480.0, 377.80646543880835], [480.0, 577.8064654388083], [280.0, 657.8064654388083], [280.0, 377.80646543880835]], [[520.0, 360.0], [600.0, 200.0], [680.0, 360.0], [520.0, 360.0]], [[240.0, 160.0], [240.0, 440.0], [0.0, 300.0], [240.0, 160.0]]]"
Sun Jul 19 06:45:59 2020,2,1,True,688.2149560609438,0.8282296032368186,"[0, 0, 0, 1, 0, 0, 0, 0, 2, 0, 3, 0]","[[[454.14490873119405, 360.0], [654.144908731194, 360.0], [654.144908731194, 560.0], [454.14490873119405, 560.0], [454.14490873119405, 360.0]], [[454.14490873119405, 560.0], [654.144908731194, 560.0], [654.144908731194, 760.0], [454.14490873119405, 760.0], [454.14490873119405, 560.0]], [[374.14490873119405, 0.0], [654.144908731194, 0.0], [654.144908731194, 180.0], [374.14490873119405, 180.0], [374.14490873119405, 0.0]], [[454.14490873119405, 374.14490873119405], [454.14490873119405, 654.144908731194], [314.14490873119405, 514.144908731194], [454.14490873119405, 374.14490873119405]], [[0.0, 480.0], [0.0, 300.0], [280.0, 480.0], [0.0, 480.0]], [[0.0, 480.0], [280.0, 480.0], [280.0, 760.0], [0.0, 760.0], [0.0, 480.0]], [[480.0, 180.0], [680.0, 260.0], [680.0, 360.0], [480.0, 360.0], [480.0, 180.0]], [[280.0, 580.0], [380.0, 580.0], [380.0, 760.0], [280.0, 760.0], [280.0, 580.0]], [[480.0, 285.85509126880595], [200.0, 285.85509126880595], [200.0, 5.85509126880595], [480.0, 285.85509126880595]], [[0.0, 3.7639872442323963], [200.0, 3.7639872442323963], [200.0, 203.7639872442324], [0.0, 283.7639872442324], [0.0, 3.7639872442323963]], [[160.0, 379.7639872442324], [0.0, 299.7639872442324], [160.0, 219.7639872442324], [160.0, 379.7639872442324]], [[166.7488032401368, 285.85509126880595], [446.7488032401368, 285.85509126880595], [306.7488032401368, 525.855091268806], [166.7488032401368, 285.85509126880595]]]"
Sun Jul 19 06:46:01 2020,2,0,True,660.686357818506,0.8627391700383527,"[0, 0, 0, 1, 0, 0, 2, 1, 2, 0, 3, 0]","[[[460.68635781850605, 360.0], [660.686357818506, 360.0], [660.686357818506, 560.0], [460.68635781850605, 560.0], [460.68635781850605, 360.0]], [[460.68635781850605, 560.0], [660.686357818506, 560.0], [660.686357818506, 760.0], [460.68635781850605, 760.0], [460.68635781850605, 560.0]], [[374.14490873119405, 0.0], [654.144908731194, 0.0], [654.144908731194, 180.0], [374.14490873119405, 180.0], [374.14490873119405, 0.0]], [[460.68635781850605, 380.68635781850605], [460.68635781850605, 660.686357818506], [320.68635781850605, 520.686357818506], [460.68635781850605, 380.68635781850605]], [[0.0, 480.0], [0.0, 300.0], [280.0, 480.0], [0.0, 480.0]], [[0.0, 480.0], [280.0, 480.0], [280.0, 760.0], [0.0, 760.0], [0.0, 480.0]], [[660.686357818506, 360.0], [460.68635781850605, 280.0], [460.68635781850605, 180.0], [660.686357818506, 180.0], [660.686357818506, 360.0]], [[460.0, 660.0], [460.0, 760.0], [280.0, 760.0], [280.0, 660.0], [460.0, 660.0]], [[480.0, 299.31364218149395], [200.0, 299.31364218149395], [200.0, 19.313642181493947], [480.0, 299.31364218149395]], [[0.0, 3.7639872442323963], [200.0, 3.7639872442323963], [200.0, 203.7639872442324], [0.0, 283.7639872442324], [0.0, 3.7639872442323963]], [[160.0, 379.7639872442324], [0.0, 299.7639872442324], [160.0, 219.7639872442324], [160.0, 379.7639872442324]], [[174.5996246058715, 299.31364218149395], [454.5996246058715, 299.31364218149395], [314.5996246058715, 539.313642181494], [174.5996246058715, 299.31364218149395]]]"
Sun Jul 19 06:48:29 2020,2,9,True,667.2932213966911,0.8541971980577748,"[0, 0, 1, 3, 0, 0, 3, 0, 0, 2, 2, 2]","[[[367.29322139669114, 0.0], [567.2932213966911, 0.0], [567.2932213966911, 200.0], [367.29322139669114, 200.0], [367.29322139669114, 0.0]], [[0.0, 0.0], [200.0, 0.0], [200.0, 200.0], [0.0, 200.0], [0.0, 0.0]], [[667.2932213966911, 480.0], [667.2932213966911, 760.0], [487.29322139669114, 760.0], [487.29322139669114, 480.0], [667.2932213966911, 480.0]], [[311.76694650827216, 511.76694650827216], [311.76694650827216, 231.76694650827216], [451.76694650827216, 371.76694650827216], [311.76694650827216, 511.76694650827216]], [[0.0, 480.0], [0.0, 300.0], [280.0, 480.0], [0.0, 480.0]], [[0.0, 480.0], [280.0, 480.0], [280.0, 760.0], [0.0, 760.0], [0.0, 480.0]], [[187.29322139669114, 231.76694650827216], [267.29322139669114, 31.766946508272156], [367.29322139669114, 31.766946508272156], [367.29322139669114, 231.76694650827216], [187.29322139669114, 231.76694650827216]], [[567.2932213966911, 0.0], [667.2932213966911, 0.0], [667.2932213966911, 180.0], [567.2932213966911, 180.0], [567.2932213966911, 0.0]], [[31.766946508272156, 231.76694650827216], [311.76694650827216, 231.76694650827216], [311.76694650827216, 511.76694650827216], [31.766946508272156, 231.76694650827216]], [[480.0, 760.0], [280.0, 760.0], [280.0, 560.0], [480.0, 480.0], [480.0, 760.0]], [[527.2932213966911, 200.0], [447.29322139669114, 360.0], [367.29322139669114, 200.0], [527.2932213966911, 200.0]], [[667.2932213966911, 480.0], [387.29322139669114, 480.0], [527.2932213966911, 240.0], [667.2932213966911, 480.0]]]"
Sun Jul 19 06:48:43 2020,2,1,True,673.966153610658,0.8457398000572028,"[0, 0, 0, 0, 1, 0, 0, 0, 0, 0, 0, 2]","[[[0.0, 560.0], [200.0, 560.0], [200.0, 760.0], [0.0, 760.0], [0.0, 560.0]], [[197.6396229984132, 560.0], [397.6396229984132, 560.0], [397.6396229984132, 760.0], [197.6396229984132, 760.0], [197.6396229984132, 560.0]], [[380.0, 0.0], [660.0, 0.0], [660.0, 180.0], [380.0, 180.0], [380.0, 0.0]], [[383.6734693877552, 180.0], [663.6734693877552, 180.0], [523.6734693877552, 320.0], [383.6734693877552, 180.0]], [[200.0, 0.0], [380.0, 0.0], [200.0, 280.0], [200.0, 0.0]], [[0.0, 280.0], [280.0, 280.0], [280.0, 560.0], [0.0, 560.0], [0.0, 280.0]], [[397.6396229984132, 580.0], [597.6396229984132, 660.0], [597.6396229984132, 760.0], [397.6396229984132, 760.0], [397.6396229984132, 580.0]], [[567.3469387755104, 276.3265306122448], [667.3469387755104, 276.3265306122448], [667.3469387755104, 456.3265306122448], [567.3469387755104, 456.3265306122448], [567.3469387755104, 276.3265306122448]], [[393.966153610658, 456.3265306122448], [673.966153610658, 456.3265306122448], [673.966153610658, 736.3265306122448], [393.966153610658, 456.3265306122448]], [[0.0, 0.0], [200.0, 0.0], [200.0, 200.0], [0.0, 280.0], [0.0, 0.0]], [[222.8571428571429, 280.0], [302.8571428571429, 120.0], [382.8571428571429, 280.0], [222.8571428571429, 280.0]], [[560.0, 456.3265306122448], [280.0, 456.3265306122448], [420.0, 216.32653061224482], [560.0, 456.3265306122448]]]"
Sun Jul 19 06:49:04 2020,2,1,True,680.7058151467646,0.8373661386704979,"[0, 0, 0, 2, 2, 0, 0, 1, 0, 3, 2, 0]","[[[280.0, 280.0], [480.0, 280.0], [480.0, 480.0], [280.0, 480.0], [280.0, 280.0]], [[0.0, 80.0], [200.0, 80.0], [200.0, 280.0], [0.0, 280.0], [0.0, 80.0]], [[400.7058151467646, 580.0], [680.7058151467646, 580.0], [680.7058151467646, 760.0], [400.7058151467646, 760.0], [400.7058151467646, 580.0]], [[634.039148480098, 200.00000000000006], [354.039148480098, 200.00000000000006], [494.039148480098, 60.00000000000006], [634.039148480098, 200.00000000000006]], [[680.7058151467646, 0.0], [680.7058151467646, 180.0], [400.7058151467646, 0.0], [680.7058151467646, 0.0]], [[0.0, 280.0], [280.0, 280.0], [280.0, 560.0], [0.0, 560.0], [0.0, 280.0]], [[480.0, 400.0], [680.0, 480.0], [680.0, 580.0], [480.0, 580.0], [480.0, 400.0]], [[460.0, 480.0], [460.0, 580.0], [280.0, 580.0], [280.0, 480.0], [460.0, 480.0]], [[400.0, 200.0], [680.0, 200.0], [680.0, 480.0], [400.0, 200.0]], [[0.0, 760.0], [0.0, 560.0], [200.0, 560.0], [280.0, 760.0], [0.0, 760.0]], [[368.0, 580.0], [288.0, 740.0], [208.0, 580.0], [368.0, 580.0]], [[171.61490605585556, 32.72727272727275], [451.61490605585556, 32.72727272727275], [311.61490605585556, 272.72727272727275], [171.61490605585556, 32.72727272727275]]]"
Sun Jul 19 06:49:17 2020,2,1,True,687.5128732982323,0.829075384822275,"[0, 0, 1, 0, 3, 0, 1, 0, 2, 3, 1, 1]","[[[480.0, 560.0], [680.0, 560.0], [680.0, 760.0], [480.0, 760.0], [480.0, 560.0]], [[280.0, 560.0], [480.0, 560.0], [480.0, 760.0], [280.0, 760.0], [280.0, 560.0]], [[673.6867167639598, 0.0], [673.6867167639598, 280.0], [493.6867167639598, 280.0], [493.6867167639598, 0.0], [673.6867167639598, 0.0]], [[0.0, 0.0], [280.0, 0.0], [140.0, 140.0], [0.0, 0.0]], [[493.6867167639598, 280.0], [313.6867167639598, 280.0], [493.6867167639598, 0.0], [493.6867167639598, 280.0]], [[373.477582540894, 280.0], [653.477582540894, 280.0], [653.477582540894, 560.0], [373.477582540894, 560.0], [373.477582540894, 280.0]], [[420.0, 40.0], [340.0, 240.0], [240.0, 240.0], [240.0, 40.0], [420.0, 40.0]], [[267.992982534597, 367.992982534597], [367.992982534597, 367.992982534597], [367.992982534597, 547.992982534597], [267.992982534597, 547.992982534597], [267.992982534597, 367.992982534597]], [[280.0, 560.0], [0.0, 560.0], [0.0, 280.0], [280.0, 560.0]], [[0.0, 760.0], [0.0, 560.0], [200.0, 560.0], [280.0, 760.0], [0.0, 760.0]], [[0.0, 90.0], [160.0, 170.0], [0.0, 250.0], [0.0, 90.0]], [[240.0, 123.33333333333337], [240.0, 403.33333333333337], [0.0, 263.33333333333337], [240.0, 123.33333333333337]]]"
Sun Jul 19 06:49:27 2020,2,1,True,694.3880020312147,0.8208667176458169,"[0, 0, 1, 1, 3, 0, 0, 0, 2, 1, 2, 0]","[[[294.3880020312147, 0.0], [494.3880020312147, 0.0], [494.3880020312147, 200.0], [294.3880020312147, 200.0], [294.3880020312147, 0.0]], [[494.3880020312147, 0.0], [694.3880020312147, 0.0], [694.3880020312147, 200.0], [494.3880020312147, 200.0], [494.3880020312147, 0.0]], [[280.0, 480.0], [280.0, 760.0], [100.0, 760.0], [100.0, 480.0], [280.0, 480.0]], [[638.5927977839334, 254.5927977839334], [638.5927977839334, 534.5927977839334], [498.5927977839334, 394.5927977839334], [638.5927977839334, 254.5927977839334]], [[694.3880020312147, 760.0], [514.3880020312147, 760.0], [694.3880020312147, 480.0], [694.3880020312147, 760.0]], [[0.0, 200.0], [280.0, 200.0], [280.0, 480.0], [0.0, 480.0], [0.0, 200.0]], [[280.0, 580.0], [480.0, 660.0], [480.0, 760.0], [280.0, 760.0], [280.0, 580.0]], [[0.0, 480.0], [100.0, 480.0], [100.0, 660.0], [0.0, 660.0], [0.0, 480.0]], [[623.0599737764373, 590.9547106185425], [343.05997377643735, 590.9547106185425], [343.05997377643735, 310.95471061854255], [623.0599737764373, 590.9547106185425]], [[280.0, 0.0], [280.0, 200.0], [80.0, 200.0], [0.0, 0.0], [280.0, 0.0]], [[600.2028309192945, 590.9547106185427], [520.2028309192945, 750.9547106185427], [440.20283091929446, 590.9547106185427], [600.2028309192945, 590.9547106185427]], [[332.1052631578945, 200.0], [612.1052631578946, 200.0], [472.1052631578945, 440.0], [332.1052631578945, 200.0]]]"
Sun Jul 19 06:49:35 2020,2,1,True,701.3318820515268,0.812739324401799,"[0, 0, 0, 3, 3, 0, 2, 0, 0, 3, 3, 0]","[[[480.0, 200.0], [680.0, 200.0], [680.0, 400.0], [480.0, 400.0], [480.0, 200.0]], [[480.0, 0.0], [680.0, 0.0], [680.0, 200.0], [480.0, 200.0], [480.0, 0.0]], [[0.0, 20.0], [280.0, 20.0], [280.0, 200.0], [0.0, 200.0], [0.0, 20.0]], [[455.2511415525114, 713.9192595009846], [455.2511415525114, 433.9192595009846], [595.2511415525114, 573.9192595009846], [455.2511415525114, 713.9192595009846]], [[455.2511415525114, 748.1278538812785], [275.2511415525114, 748.1278538812785], [455.2511415525114, 468.1278538812785], [455.2511415525114, 748.1278538812785]], [[0.0, 200.0], [280.0, 200.0], [280.0, 480.0], [0.0, 480.0], [0.0, 200.0]], [[480.0, 340.0], [280.0, 260.0], [280.0, 160.0], [480.0, 160.0], [480.0, 340.0]], [[280.0, 300.0], [380.0, 300.0], [380.0, 480.0], [280.0, 480.0], [280.0, 300.0]], [[421.3318820515268, 400.0], [701.3318820515268, 400.0], [701.3318820515268, 680.0], [421.3318820515268, 400.0]], [[0.0, 760.0], [0.0, 560.0], [200.0, 560.0], [280.0, 760.0], [0.0, 760.0]], [[466.6124819499661, 160.0], [306.6124819499661, 80.0], [466.6124819499661, 0.0], [466.6124819499661, 160.0]], [[153.33333333333331, 480.0], [433.3333333333333, 480.0], [293.3333333333333, 720.0], [153.33333333333331, 480.0]]]"
Sun Jul 19 06:49:44 2020,2,1,True,708.345200872042,0.8046924003978208,"[0, 0, 0, 1, 3, 0, 1, 1, 2, 0, 0, 0]","[[[482.8571428571429, 200.0], [682.8571428571429, 200.0], [682.8571428571429, 400.0], [482.8571428571429, 400.0], [482.8571428571429, 200.0]], [[483.67346938775495, 0.0], [683.673469387755, 0.0], [683.673469387755, 200.0], [483.67346938775495, 200.0], [483.67346938775495, 0.0]], [[0.0, 0.0], [280.0, 0.0], [280.0, 180.0], [0.0, 180.0], [0.0, 0.0]], [[423.673469387755, 223.67346938775506], [423.673469387755, 503.67346938775506], [283.673469387755, 363.67346938775506], [423.673469387755, 223.67346938775506]], [[443.2786067694657, 760.0], [263.2786067694657, 760.0], [443.2786067694657, 480.0], [443.2786067694657, 760.0]], [[3.6734693877550058, 180.0], [283.673469387755, 180.0], [283.673469387755, 460.0], [3.6734693877550058, 460.0], [3.6734693877550058, 180.0]], [[623.2786067694657, 400.0], [543.2786067694657, 600.0], [443.2786067694657, 600.0], [443.2786067694657, 400.0], [623.2786067694657, 400.0]], [[643.8612852153443, 660.0], [643.8612852153443, 760.0], [463.8612852153443, 760.0], [463.8612852153443, 660.0], [643.8612852153443, 660.0]], [[280.0, 736.326530612245], [0.0, 736.326530612245], [0.0, 456.32653061224505], [280.0, 736.326530612245]], [[283.673469387755, 0.0], [483.673469387755, 0.0], [483.673469387755, 200.0], [283.673469387755, 280.0], [283.673469387755, 0.0]], [[513.2786067694657, 660.0], [593.2786067694657, 500.0], [673.2786067694657, 660.0], [513.2786067694657, 660.0]], [[137.64784759880524, 497.64784759880536], [417.64784759880524, 497.64784759880536], [277.64784759880524, 737.6478475988054], [137.64784759880524, 497.64784759880536]]]"
Sun Jul 19 06:49:45 2020,2,0,True,680.0113928371603,0.8382212504143967,"[0, 0, 0, 1, 3, 0, 1, 1, 2, 0, 0, 0]","[[[480.0113928371603, 201.46483062023782], [680.0113928371603, 201.46483062023782], [680.0113928371603, 401.4648306202378], [480.0113928371603, 401.4648306202378], [480.0113928371603, 201.46483062023782]], [[480.0113928371603, 0.0], [680.0113928371603, 0.0], [680.0113928371603, 200.0], [480.0113928371603, 200.0], [480.0113928371603, 0.0]], [[0.0, 0.0], [280.0, 0.0], [280.0, 180.0], [0.0, 180.0], [0.0, 0.0]], [[423.673469387755, 223.67346938775506], [423.673469387755, 503.67346938775506], [283.673469387755, 363.67346938775506], [423.673469387755, 223.67346938775506]], [[443.2786067694657, 760.0], [263.2786067694657, 760.0], [443.2786067694657, 480.0], [443.2786067694657, 760.0]], [[0.0, 180.0], [280.0, 180.0], [280.0, 460.0], [0.0, 460.0], [0.0, 180.0]], [[623.2786067694657, 401.46483062023776], [543.2786067694657, 601.4648306202378], [443.2786067694657, 601.4648306202378], [443.2786067694657, 401.46483062023776], [623.2786067694657, 401.46483062023776]], [[643.8612852153443, 660.0], [643.8612852153443, 760.0], [463.8612852153443, 760.0], [463.8612852153443, 660.0], [643.8612852153443, 660.0]], [[280.0, 740.0000000000001], [0.0, 740.0000000000001], [0.0, 460.0000000000001], [280.0, 740.0000000000001]], [[280.0, 0.0], [480.0, 0.0], [480.0, 200.0], [280.0, 280.0], [280.0, 0.0]], [[514.0110220795846, 660.0], [594.0110220795846, 500.0], [674.0110220795846, 660.0], [514.0110220795846, 660.0]], [[137.64784759880524, 497.64784759880536], [417.64784759880524, 497.64784759880536], [277.64784759880524, 737.6478475988054], [137.64784759880524, 497.64784759880536]]]"
Sun Jul 19 06:50:01 2020,2,1,True,686.8115067655319,0.8299220301132639,"[0, 0, 0, 0, 0, 0, 0, 1, 3, 0, 3, 2]","[[[0.0, 560.0], [200.0, 560.0], [200.0, 760.0], [0.0, 760.0], [0.0, 560.0]], [[480.0, 180.0], [680.0, 180.0], [680.0, 380.0], [480.0, 380.0], [480.0, 180.0]], [[372.81093712367385, 0.0], [652.8109371236739, 0.0], [652.8109371236739, 180.0], [372.81093712367385, 180.0], [372.81093712367385, 0.0]], [[77.77777777777777, 0.0], [357.77777777777777, 0.0], [217.77777777777777, 140.0], [77.77777777777777, 0.0]], [[0.0, 180.0], [0.0, 0.0], [280.0, 180.0], [0.0, 180.0]], [[0.0, 180.0], [280.0, 180.0], [280.0, 460.0], [0.0, 460.0], [0.0, 180.0]], [[480.0, 380.0], [680.0, 460.0], [680.0, 560.0], [480.0, 560.0], [480.0, 380.0]], [[180.0, 460.0], [180.0, 560.0], [0.0, 560.0], [0.0, 460.0], [180.0, 460.0]], [[200.0, 740.0], [200.0, 460.0], [480.0, 460.0], [200.0, 740.0]], [[280.0, 180.0], [480.0, 180.0], [480.0, 380.0], [280.0, 460.0], [280.0, 180.0]], [[686.8115067655319, 760.0], [526.8115067655319, 680.0], [686.8115067655319, 600.0], [686.8115067655319, 760.0]], [[560.0, 760.0], [280.0, 760.0], [420.0, 520.0], [560.0, 760.0]]]"
Sun Jul 19 06:50:12 2020,2,1,True,693.6796218331873,0.8217049803101624,"[0, 0, 0, 1, 1, 0, 2, 0, 3, 0, 0, 2]","[[[100.0, 0.0], [300.0, 0.0], [300.0, 200.0], [100.0, 200.0], [100.0, 0.0]], [[0.0, 480.0], [200.0, 480.0], [200.0, 680.0], [0.0, 680.0], [0.0, 480.0]], [[379.3390464949106, 0.0], [659.3390464949106, 0.0], [659.3390464949106, 180.0], [379.3390464949106, 180.0], [379.3390464949106, 0.0]], [[689.4142943062833, 212.02220885689258], [689.4142943062833, 492.0222088568926], [549.4142943062833, 352.0222088568926], [689.4142943062833, 212.02220885689258]], [[479.9999999999999, 180.0], [659.9999999999999, 180.0], [479.9999999999999, 460.0], [479.9999999999999, 180.0]], [[0.0, 200.0], [280.0, 200.0], [280.0, 480.0], [0.0, 480.0], [0.0, 200.0]], [[693.6796218331873, 692.0222088568926], [493.6796218331873, 612.0222088568926], [493.6796218331873, 512.0222088568926], [693.6796218331873, 512.0222088568926], [693.6796218331873, 692.0222088568926]], [[0.0, 0.0], [100.0, 0.0], [100.0, 180.0], [0.0, 180.0], [0.0, 0.0]], [[200.0, 760.0], [200.0, 480.0], [480.0, 480.0], [200.0, 760.0]], [[280.0, 200.0], [480.0, 200.0], [480.0, 400.0], [280.0, 480.0], [280.0, 200.0]], [[469.4142943062833, 512.0222088568926], [549.4142943062833, 352.0222088568926], [629.4142943062833, 512.0222088568926], [469.4142943062833, 512.0222088568926]], [[580.0, 760.0], [300.0, 760.0], [440.0, 520.0], [580.0, 760.0]]]"
Sun Jul 19 06:50:26 2020,2,1,True,700.6164180515192,0.8135692874358043,"[0, 0, 0, 0, 1, 0, 0, 0, 2, 3, 2, 2]","[[[280.0, 0.0], [480.0, 0.0], [480.0, 200.0], [280.0, 200.0], [280.0, 0.0]], [[0.0, 560.0], [200.0, 560.0], [200.0, 760.0], [0.0, 760.0], [0.0, 560.0]], [[0.0, 0.0], [280.0, 0.0], [280.0, 180.0], [0.0, 180.0], [0.0, 0.0]], [[401.80042619739584, 581.8004261973958], [681.8004261973958, 581.8004261973958], [541.8004261973958, 721.8004261973958], [401.80042619739584, 581.8004261973958]], [[267.42857142857144, 200.0], [447.42857142857144, 200.0], [267.42857142857144, 480.0], [267.42857142857144, 200.0]], [[401.80042619739584, 301.80042619739584], [681.8004261973958, 301.80042619739584], [681.8004261973958, 581.8004261973958], [401.80042619739584, 581.8004261973958], [401.80042619739584, 301.80042619739584]], [[67.42857142857144, 180.0], [267.42857142857144, 260.0], [267.42857142857144, 360.0], [67.42857142857144, 360.0], [67.42857142857144, 180.0]], [[200.0, 560.0], [300.0, 560.0], [300.0, 740.0], [200.0, 740.0], [200.0, 560.0]], [[580.0, 760.0], [300.0, 760.0], [300.0, 480.0], [580.0, 760.0]], [[0.0, 560.0], [0.0, 360.0], [200.0, 360.0], [280.0, 560.0], [0.0, 560.0]], [[697.899502769705, 1.1368683772161603e-13], [617.899502769705, 160.0000000000001], [537.899502769705, 1.1368683772161603e-13], [697.899502769705, 1.1368683772161603e-13]], [[700.6164180515192, 301.80042619739584], [420.6164180515192, 301.80042619739584], [560.6164180515192, 61.800426197395836], [700.6164180515192, 301.80042619739584]]]"
Sun Jul 19 06:50:34 2020,2,0,True,672.5917613294584,0.8474680077456294,"[0, 0, 0, 0, 2, 0, 2, 0, 2, 3, 3, 2]","[[[0.0, 560.0], [200.0, 560.0], [200.0, 760.0], [0.0, 760.0], [0.0, 560.0]], [[220.0, 0.0], [420.0, 0.0], [420.0, 200.0], [220.0, 200.0], [220.0, 0.0]], [[0.0, 359.9999999999999], [280.0, 359.9999999999999], [280.0, 539.9999999999999], [0.0, 539.9999999999999], [0.0, 359.9999999999999]], [[380.0, 536.2958806647292], [660.0, 536.2958806647292], [520.0, 676.2958806647292], [380.0, 536.2958806647292]], [[392.59176132945845, 200.0], [392.59176132945845, 380.0], [112.59176132945845, 200.0], [392.59176132945845, 200.0]], [[392.59176132945845, 256.2958806647292], [672.5917613294584, 256.2958806647292], [672.5917613294584, 536.2958806647292], [392.59176132945845, 536.2958806647292], [392.59176132945845, 256.2958806647292]], [[220.0, 180.0], [20.0, 100.0], [20.0, 0.0], [220.0, 0.0], [220.0, 180.0]], [[280.0, 379.9999999999999], [380.0, 379.9999999999999], [380.0, 559.9999999999999], [280.0, 559.9999999999999], [280.0, 379.9999999999999]], [[280.0, 360.0], [0.0, 360.0], [0.0, 80.0], [280.0, 360.0]], [[200.0, 759.9999999999999], [200.0, 559.9999999999999], [400.0, 559.9999999999999], [480.0, 759.9999999999999], [200.0, 759.9999999999999]], [[672.5917613294584, 760.0], [512.5917613294584, 680.0], [672.5917613294584, 600.0], [672.5917613294584, 760.0]], [[672.5917613294584, 246.98555200664282], [392.59176132945845, 246.98555200664282], [532.5917613294584, 6.98555200664282], [672.5917613294584, 246.98555200664282]]]"
Sun Jul 19 06:51:19 2020,2,3,True,679.317678942753,0.8390772353917123,"[0, 0, 0, 2, 2, 0, 0, 0, 3, 1, 0, 1]","[[[146.28392637210925, 226.15454651269067], [346.28392637210925, 226.15454651269067], [346.28392637210925, 426.1545465126907], [146.28392637210925, 426.1545465126907], [146.28392637210925, 226.15454651269067]], [[479.317678942753, 40.0], [679.317678942753, 40.0], [679.317678942753, 240.0], [479.317678942753, 240.0], [479.317678942753, 40.0]], [[39.31767894275299, 580.0], [319.317678942753, 580.0], [319.317678942753, 760.0], [39.31767894275299, 760.0], [39.31767894275299, 580.0]], [[329.6588394713765, 230.3411605286235], [49.658839471376496, 230.3411605286235], [189.6588394713765, 90.3411605286235], [329.6588394713765, 230.3411605286235]], [[396.24040568640766, 426.1545465126907], [396.24040568640766, 606.1545465126907], [116.24040568640766, 426.1545465126907], [396.24040568640766, 426.1545465126907]], [[399.317678942753, 280.0], [679.317678942753, 280.0], [679.317678942753, 560.0], [399.317678942753, 560.0], [399.317678942753, 280.0]], [[0.0, 400.0], [200.0, 480.0], [200.0, 580.0], [0.0, 580.0], [0.0, 400.0]], [[46.28392637210925, 233.71607362789075], [146.28392637210925, 233.71607362789075], [146.28392637210925, 413.71607362789075], [46.28392637210925, 413.71607362789075], [46.28392637210925, 233.71607362789075]], [[0.0, 280.0], [0.0, 0.0], [280.0, 0.0], [0.0, 280.0]], [[679.317678942753, 560.0], [679.317678942753, 760.0], [479.317678942753, 760.0], [399.317678942753, 560.0], [679.317678942753, 560.0]], [[319.317678942753, 760.0], [399.317678942753, 600.0], [479.317678942753, 760.0], [319.317678942753, 760.0]], [[479.317678942753, 0.0], [479.317678942753, 280.0], [239.317678942753, 140.0], [479.317678942753, 0.0]]]"
Sun Jul 19 06:51:30 2020,2,1,True,686.1108557321805,0.8307695399917944,"[0, 0, 0, 3, 3, 0, 2, 0, 3, 3, 2, 0]","[[[180.0, 174.07680296761214], [380.0, 174.07680296761214], [380.0, 374.07680296761214], [180.0, 374.07680296761214], [180.0, 174.07680296761214]], [[455.6594264517057, 0.0], [655.6594264517057, 0.0], [655.6594264517057, 200.0], [455.6594264517057, 200.0], [455.6594264517057, 0.0]], [[0.0, 580.0], [280.0, 580.0], [280.0, 760.0], [0.0, 760.0], [0.0, 580.0]], [[304.07680296761214, 760.0], [304.07680296761214, 480.0], [444.07680296761214, 620.0], [304.07680296761214, 760.0]], [[656.6958505866597, 759.9999999999999], [476.69585058665973, 759.9999999999999], [656.6958505866597, 479.9999999999999], [656.6958505866597, 759.9999999999999]], [[380.0, 200.0], [660.0, 200.0], [660.0, 480.0], [380.0, 480.0], [380.0, 200.0]], [[455.6594264517057, 200.0], [255.6594264517057, 120.0], [255.6594264517057, 20.0], [455.6594264517057, 20.0], [455.6594264517057, 200.0]], [[80.0, 200.0], [180.0, 200.0], [180.0, 380.0], [80.0, 380.0], [80.0, 200.0]], [[0.0, 280.0], [0.0, 0.0], [280.0, 0.0], [0.0, 280.0]], [[0.0, 580.0], [0.0, 380.0], [200.0, 380.0], [280.0, 580.0], [0.0, 580.0]], [[357.03840148380607, 374.07680296761214], [277.03840148380607, 534.0768029676121], [197.03840148380607, 374.07680296761214], [357.03840148380607, 374.07680296761214]], [[362.41013630094545, 480.0], [642.4101363009454, 480.0], [502.41013630094545, 720.0], [362.41013630094545, 480.0]]]"
Sun Jul 19 06:51:31 2020,2,0,True,658.6664215028933,0.8653849374914524,"[0, 0, 0, 3, 3, 0, 2, 0, 3, 3, 2, 0]","[[[180.0, 174.07680296761214], [380.0, 174.07680296761214], [380.0, 374.07680296761214], [180.0, 374.07680296761214], [180.0, 174.07680296761214]], [[455.6594264517057, 0.0], [655.6594264517057, 0.0], [655.6594264517057, 200.0], [455.6594264517057, 200.0], [455.6594264517057, 0.0]], [[0.0, 580.0], [280.0, 580.0], [280.0, 760.0], [0.0, 760.0], [0.0, 580.0]], [[304.07680296761214, 760.0], [304.07680296761214, 480.0], [444.07680296761214, 620.0], [304.07680296761214, 760.0]], [[656.6958505866597, 759.9999999999999], [476.69585058665973, 759.9999999999999], [656.6958505866597, 479.9999999999999], [656.6958505866597, 759.9999999999999]], [[378.6664215028933, 200.0], [658.6664215028933, 200.0], [658.6664215028933, 480.0], [378.6664215028933, 480.0], [378.6664215028933, 200.0]], [[455.6594264517057, 200.0], [255.6594264517057, 120.0], [255.6594264517057, 20.0], [455.6594264517057, 20.0], [455.6594264517057, 200.0]], [[80.0, 200.0], [180.0, 200.0], [180.0, 380.0], [80.0, 380.0], [80.0, 200.0]], [[0.0, 280.0], [0.0, 0.0], [280.0, 0.0], [0.0, 280.0]], [[0.0, 580.0], [0.0, 380.0], [200.0, 380.0], [280.0, 580.0], [0.0, 580.0]], [[357.03840148380607, 374.07680296761214], [277.03840148380607, 534.0768029676121], [197.03840148380607, 374.07680296761214], [357.03840148380607, 374.07680296761214]], [[362.4101363009453, 480.0], [642.4101363009453, 480.0], [502.4101363009453, 720.0], [362.4101363009453, 480.0]]]"
Sun Jul 19 06:51:51 2020,2,1,True,665.2530857179222,0.8568167697935173,"[0, 0, 0, 3, 3, 0, 3, 1, 2, 3, 3, 0]","[[[0.0, 360.0], [200.0, 360.0], [200.0, 560.0], [0.0, 560.0], [0.0, 360.0]], [[0.0, 560.0], [200.0, 560.0], [200.0, 760.0], [0.0, 760.0], [0.0, 560.0]], [[385.2530857179222, 480.0], [665.2530857179222, 480.0], [665.2530857179222, 660.0], [385.2530857179222, 660.0], [385.2530857179222, 480.0]], [[200.0, 680.0], [200.0, 400.0], [340.0, 540.0], [200.0, 680.0]], [[380.0, 760.0], [200.0, 760.0], [380.0, 480.0], [380.0, 760.0]], [[363.1578947368421, 200.0], [643.1578947368421, 200.0], [643.1578947368421, 480.0], [363.1578947368421, 480.0], [363.1578947368421, 200.0]], [[183.15789473684208, 263.1578947368421], [263.1578947368421, 63.15789473684208], [363.1578947368421, 63.15789473684208], [363.1578947368421, 263.1578947368421], [183.15789473684208, 263.1578947368421]], [[665.2530857179222, 660.0], [665.2530857179222, 760.0], [485.2530857179222, 760.0], [485.2530857179222, 660.0], [665.2530857179222, 660.0]], [[280.0, 360.0], [0.0, 360.0], [0.0, 80.0], [280.0, 360.0]], [[385.2530857179222, 200.0], [385.2530857179222, 0.0], [585.2530857179222, 0.0], [665.2530857179222, 200.0], [385.2530857179222, 200.0]], [[360.0, 480.0], [200.0, 400.0], [360.0, 320.0], [360.0, 480.0]], [[20.0, 0.0], [300.0, 0.0], [160.0, 240.0], [20.0, 0.0]]]"
Sun Jul 19 06:52:56 2020,2,5,True,671.9056165751015,0.848333435439126,"[0, 0, 1, 0, 0, 0, 1, 0, 1, 1, 0, 3]","[[[0.0, 288.0943834248985], [200.0, 288.0943834248985], [200.0, 488.0943834248985], [0.0, 488.0943834248985], [0.0, 288.0943834248985]], [[471.9056165751015, 0.0], [671.9056165751015, 0.0], [671.9056165751015, 200.0], [471.9056165751015, 200.0], [471.9056165751015, 0.0]], [[379.601479628648, 300.0], [379.601479628648, 580.0], [199.601479628648, 580.0], [199.601479628648, 300.0], [379.601479628648, 300.0]], [[99.60147962864801, 0.0], [379.601479628648, 0.0], [239.601479628648, 140.0], [99.60147962864801, 0.0]], [[300.0, 760.0], [300.0, 580.0], [580.0, 760.0], [300.0, 760.0]], [[379.601479628648, 200.0], [659.601479628648, 200.0], [659.601479628648, 480.0], [379.601479628648, 480.0], [379.601479628648, 200.0]], [[180.0, 488.0943834248985], [100.0, 688.0943834248985], [0.0, 688.0943834248985], [0.0, 488.0943834248985], [180.0, 488.0943834248985]], [[371.9056165751015, 7.695863053546532], [471.9056165751015, 7.695863053546532], [471.9056165751015, 187.69586305354653], [371.9056165751015, 187.69586305354653], [371.9056165751015, 7.695863053546532]], [[371.9056165751015, 8.094383424898524], [371.9056165751015, 288.0943834248985], [91.90561657510148, 288.0943834248985], [371.9056165751015, 8.094383424898524]], [[659.601479628648, 480.0], [659.601479628648, 680.0], [459.601479628648, 680.0], [379.601479628648, 480.0], [659.601479628648, 480.0]], [[64.04719171244926, 760.0], [144.04719171244926, 600.0], [224.04719171244926, 760.0], [64.04719171244926, 760.0]], [[0.0, 280.0], [0.0, 0.0], [240.0, 140.0], [0.0, 280.0]]]"
Sun Jul 19 06:53:05 2020,2,1,True,678.6246727408525,0.8399340944941842,"[0, 0, 1, 2, 1, 0, 2, 1, 1, 0, 3, 3]","[[[445.02939191209737, 560.0], [645.0293919120974, 560.0], [645.0293919120974, 760.0], [445.02939191209737, 760.0], [445.02939191209737, 560.0]], [[478.6246727408525, 80.0], [678.6246727408525, 80.0], [678.6246727408525, 280.0], [478.6246727408525, 280.0], [478.6246727408525, 80.0]], [[365.02939191209737, 280.0], [365.02939191209737, 560.0], [185.02939191209737, 560.0], [185.02939191209737, 280.0], [365.02939191209737, 280.0]], [[345.02939191209737, 760.0], [65.02939191209737, 760.0], [205.02939191209737, 620.0], [345.02939191209737, 760.0]], [[200.0, 0.0], [380.0, 0.0], [200.0, 280.0], [200.0, 0.0]], [[365.02939191209737, 280.0], [645.0293919120974, 280.0], [645.0293919120974, 560.0], [365.02939191209737, 560.0], [365.02939191209737, 280.0]], [[445.02939191209737, 740.0], [245.02939191209737, 660.0], [245.02939191209737, 560.0], [445.02939191209737, 560.0], [445.02939191209737, 740.0]], [[180.0, 280.0], [180.0, 380.0], [0.0, 380.0], [0.0, 280.0], [180.0, 280.0]], [[480.0, 0.0], [480.0, 280.0], [200.0, 280.0], [480.0, 0.0]], [[0.0, 0.0], [200.0, 0.0], [200.0, 200.0], [0.0, 280.0], [0.0, 0.0]], [[185.02939191209737, 546.6666666666666], [25.029391912097367, 466.66666666666663], [185.02939191209737, 386.66666666666663], [185.02939191209737, 546.6666666666666]], [[0.0, 732.0661880512765], [0.0, 452.0661880512765], [240.0, 592.0661880512765], [0.0, 732.0661880512765]]]"
Sun Jul 19 06:53:13 2020,2,1,True,685.410919468261,0.8316179153407764,"[0, 0, 1, 2, 2, 0, 1, 1, 1, 0, 1, 3]","[[[468.19452973573516, 560.0], [668.1945297357352, 560.0], [668.1945297357352, 760.0], [468.19452973573516, 760.0], [468.19452973573516, 560.0]], [[182.90825725978976, 380.0], [382.90825725978976, 380.0], [382.90825725978976, 580.0], [182.90825725978976, 580.0], [182.90825725978976, 380.0]], [[180.0, 0.0], [180.0, 280.0], [0.0, 280.0], [0.0, 0.0], [180.0, 0.0]], [[368.5203141687816, 760.0], [88.52031416878162, 760.0], [228.52031416878162, 620.0], [368.5203141687816, 760.0]], [[468.19452973573516, 580.0], [468.19452973573516, 760.0], [188.19452973573516, 580.0], [468.19452973573516, 580.0]], [[382.9082572597897, 280.0], [662.9082572597897, 280.0], [662.9082572597897, 560.0], [382.9082572597897, 560.0], [382.9082572597897, 280.0]], [[191.47968583121826, 280.0], [111.47968583121826, 480.0], [11.479685831218262, 480.0], [11.479685831218262, 280.0], [191.47968583121826, 280.0]], [[371.47968583121826, 280.0], [371.47968583121826, 380.0], [191.47968583121826, 380.0], [191.47968583121826, 280.0], [371.47968583121826, 280.0]], [[460.0, 0.0], [460.0, 280.0], [180.0, 280.0], [460.0, 0.0]], [[460.0, 0.0], [660.0, 0.0], [660.0, 200.0], [460.0, 280.0], [460.0, 0.0]], [[200.0, 0.0], [360.0, 80.0], [200.0, 160.0], [200.0, 0.0]], [[0.0, 753.303516598456], [0.0, 473.303516598456], [240.0, 613.303516598456], [0.0, 753.303516598456]]]"
Sun Jul 19 06:53:14 2020,2,0,True,657.9944826895305,0.8662686618133089,"[0, 0, 1, 2, 2, 0, 1, 1, 1, 0, 1, 3]","[[[457.9944826895305, 560.0], [657.9944826895305, 560.0], [657.9944826895305, 760.0], [457.9944826895305, 760.0], [457.9944826895305, 560.0]], [[177.9944826895305, 380.0], [377.9944826895305, 380.0], [377.9944826895305, 580.0], [177.9944826895305, 580.0], [177.9944826895305, 380.0]], [[180.0, 0.0], [180.0, 280.0], [0.0, 280.0], [0.0, 0.0], [180.0, 0.0]], [[373.43408873904104, 760.0], [93.43408873904104, 760.0], [233.43408873904104, 620.0], [373.43408873904104, 760.0]], [[457.9944826895305, 580.0], [457.9944826895305, 760.0], [177.9944826895305, 580.0], [457.9944826895305, 580.0]], [[377.9944826895305, 280.0], [657.9944826895305, 280.0], [657.9944826895305, 560.0], [377.9944826895305, 560.0], [377.9944826895305, 280.0]], [[191.47968583121826, 280.0], [111.47968583121826, 480.0], [11.479685831218262, 480.0], [11.479685831218262, 280.0], [191.47968583121826, 280.0]], [[371.47968583121826, 280.0], [371.47968583121826, 380.0], [191.47968583121826, 380.0], [191.47968583121826, 280.0], [371.47968583121826, 280.0]], [[457.9944826895305, 0.0], [457.9944826895305, 280.0], [177.9944826895305, 280.0], [457.9944826895305, 0.0]], [[457.9944826895305, 0.0], [657.9944826895305, 0.0], [657.9944826895305, 200.0], [457.9944826895305, 280.0], [457.9944826895305, 0.0]], [[200.0, 0.0], [360.0, 80.0], [200.0, 160.0], [200.0, 0.0]], [[0.0, 756.1698850977739], [0.0, 476.1698850977739], [240.0, 616.1698850977739], [0.0, 756.1698850977739]]]"
Sun Jul 19 06:53:28 2020,2,1,True,664.5744275164258,0.8576917443696128,"[0, 0, 1, 0, 1, 0, 3, 0, 2, 2, 3, 3]","[[[460.0, 80.0], [660.0, 80.0], [660.0, 280.0], [460.0, 280.0], [460.0, 80.0]], [[461.1428571428571, 280.0], [661.1428571428571, 280.0], [661.1428571428571, 480.0], [461.1428571428571, 480.0], [461.1428571428571, 280.0]], [[380.0, 480.0], [380.0, 760.0], [200.0, 760.0], [200.0, 480.0], [380.0, 480.0]], [[180.0, 0.0], [460.0, 0.0], [320.0, 140.0], [180.0, 0.0]], [[0.0, 0.0], [180.0, 0.0], [0.0, 280.0], [0.0, 0.0]], [[384.57442751642577, 480.0], [664.5744275164258, 480.0], [664.5744275164258, 760.0], [384.57442751642577, 760.0], [384.57442751642577, 480.0]], [[281.14285714285717, 480.0], [361.14285714285717, 280.0], [461.14285714285717, 280.0], [461.14285714285717, 480.0], [281.14285714285717, 480.0]], [[84.15584415584416, 149.09090909090907], [184.15584415584416, 149.09090909090907], [184.15584415584416, 329.09090909090907], [84.15584415584416, 329.09090909090907], [84.15584415584416, 149.09090909090907]], [[460.0, 280.0], [180.0, 280.0], [180.0, 0.0], [460.0, 280.0]], [[200.0, 760.0], [0.0, 760.0], [0.0, 560.0], [200.0, 480.0], [200.0, 760.0]], [[297.14285714285717, 440.0], [137.14285714285717, 360.0], [297.14285714285717, 280.0], [297.14285714285717, 440.0]], [[0.0, 560.0], [0.0, 280.0], [240.0, 420.0], [0.0, 560.0]]]"
Sun Jul 19 06:54:20 2020,2,3,True,671.22017179159,0.8491997469006067,"[0, 0, 1, 2, 2, 0, 1, 0, 3, 0, 1, 1]","[[[460.0, 0.0], [660.0, 0.0], [660.0, 200.0], [460.0, 200.0], [460.0, 0.0]], [[279.75585955584506, 560.0], [479.75585955584506, 560.0], [479.75585955584506, 760.0], [279.75585955584506, 760.0], [279.75585955584506, 560.0]], [[180.0, 0.0], [180.0, 280.0], [0.0, 280.0], [0.0, 0.0], [180.0, 0.0]], [[468.53568776425504, 280.0], [188.53568776425504, 280.0], [328.53568776425504, 140.0], [468.53568776425504, 280.0]], [[668.535687764255, 200.0], [668.535687764255, 380.0], [388.53568776425504, 200.0], [668.535687764255, 200.0]], [[0.0, 280.0], [280.0, 280.0], [280.0, 560.0], [0.0, 560.0], [0.0, 280.0]], [[185.47014527013062, 560.0], [105.47014527013062, 760.0], [5.470145270130615, 760.0], [5.470145270130615, 560.0], [185.47014527013062, 560.0]], [[179.75585955584506, 574.2857142857139], [279.75585955584506, 574.2857142857139], [279.75585955584506, 754.2857142857139], [179.75585955584506, 754.2857142857139], [179.75585955584506, 574.2857142857139]], [[180.0, 280.0], [180.0, 0.0], [460.0, 0.0], [180.0, 280.0]], [[279.75585955584506, 280.0], [479.75585955584506, 280.0], [479.75585955584506, 480.0], [279.75585955584506, 560.0], [279.75585955584506, 280.0]], [[479.75585955584506, 281.4986818660222], [639.7558595558451, 361.4986818660222], [479.75585955584506, 441.4986818660222], [479.75585955584506, 281.4986818660222]], [[671.22017179159, 391.68751547085117], [671.22017179159, 671.6875154708512], [431.22017179159, 531.6875154708512], [671.22017179159, 391.68751547085117]]]"
Sun Jul 19 06:54:30 2020,2,1,True,677.932373509506,0.840791828614462,"[0, 0, 1, 2, 1, 0, 1, 1, 0, 1, 2, 2]","[[[280.0, 289.51308222265345], [480.0, 289.51308222265345], [480.0, 489.51308222265345], [280.0, 489.51308222265345], [280.0, 289.51308222265345]], [[453.8844471425799, 0.0], [653.8844471425799, 0.0], [653.8844471425799, 200.0], [453.8844471425799, 200.0], [453.8844471425799, 0.0]], [[660.0, 200.0], [660.0, 480.0], [480.0, 480.0], [480.0, 200.0], [660.0, 200.0]], [[344.2857142857143, 180.0], [64.28571428571428, 180.0], [204.28571428571428, 40.0], [344.2857142857143, 180.0]], [[0.0, 0.0], [180.0, 0.0], [0.0, 280.0], [0.0, 0.0]], [[0.0, 280.0], [280.0, 280.0], [280.0, 560.0], [0.0, 560.0], [0.0, 280.0]], [[460.0, 489.51308222265345], [380.0, 689.5130822226535], [280.0, 689.5130822226535], [280.0, 489.51308222265345], [460.0, 489.51308222265345]], [[244.28571428571428, 180.0], [244.28571428571428, 280.0], [64.28571428571428, 280.0], [64.28571428571428, 180.0], [244.28571428571428, 180.0]], [[173.88444714257992, 9.513082222653452], [453.8844471425799, 9.513082222653452], [453.8844471425799, 289.51308222265345], [173.88444714257992, 9.513082222653452]], [[280.0, 560.0], [280.0, 760.0], [80.0, 760.0], [0.0, 560.0], [280.0, 560.0]], [[634.4319292597625, 489.51308222265345], [554.4319292597625, 649.5130822226535], [474.43192925976246, 489.51308222265345], [634.4319292597625, 489.51308222265345]], [[618.8826312965479, 759.9999999999999], [338.88263129654786, 759.9999999999999], [478.88263129654786, 519.9999999999999], [618.8826312965479, 759.9999999999999]]]"
Sun Jul 19 06:54:45 2020,2,1,True,684.711697244601,0.8324671570440217,"[0, 0, 0, 1, 1, 0, 1, 0, 0, 0, 1, 2]","[[[480.0, 0.0], [680.0, 0.0], [680.0, 200.0], [480.0, 200.0], [480.0, 0.0]], [[100.0, 559.9478648313491], [300.0, 559.9478648313491], [300.0, 759.9478648313491], [100.0, 759.9478648313491], [100.0, 559.9478648313491]], [[200.0, 0.0], [480.0, 0.0], [480.0, 180.0], [200.0, 180.0], [200.0, 0.0]], [[684.711697244601, 438.1293304451099], [684.711697244601, 718.1293304451099], [544.711697244601, 578.1293304451099], [684.711697244601, 438.1293304451099]], [[0.0, 0.0], [180.0, 0.0], [0.0, 280.0], [0.0, 0.0]], [[0.0, 279.9478648313491], [280.0, 279.9478648313491], [280.0, 559.9478648313491], [0.0, 559.9478648313491], [0.0, 279.9478648313491]], [[480.0, 509.9478648313491], [400.0, 709.9478648313491], [300.0, 709.9478648313491], [300.0, 509.9478648313491], [480.0, 509.9478648313491]], [[0.0, 574.2355203904868], [100.0, 574.2355203904868], [100.0, 754.2355203904868], [0.0, 754.2355203904868], [0.0, 574.2355203904868]], [[202.90447090420616, 202.85233573555524], [482.90447090420616, 202.85233573555524], [482.90447090420616, 482.85233573555524], [202.90447090420616, 202.85233573555524]], [[482.90447090420616, 200.0], [682.9044709042062, 200.0], [682.9044709042062, 400.0], [482.90447090420616, 480.0], [482.90447090420616, 200.0]], [[280.0, 359.9478648313491], [440.0, 439.9478648313491], [280.0, 519.9478648313491], [280.0, 359.9478648313491]], [[650.8029211516202, 760.0], [370.80292115162024, 760.0], [510.80292115162024, 520.0], [650.8029211516202, 760.0]]]"
Sun Jul 19 06:54:53 2020,2,1,True,691.558814217047,0.8242249079643781,"[0, 0, 0, 1, 0, 0, 1, 0, 0, 0, 2, 2]","[[[491.55881421704703, 0.0], [691.558814217047, 0.0], [691.558814217047, 200.0], [491.55881421704703, 200.0], [491.55881421704703, 0.0]], [[100.0, 559.9478648313491], [300.0, 559.9478648313491], [300.0, 759.9478648313491], [100.0, 759.9478648313491], [100.0, 559.9478648313491]], [[177.32322935481704, 0.0], [457.32322935481704, 0.0], [457.32322935481704, 180.0], [177.32322935481704, 180.0], [177.32322935481704, 0.0]], [[177.32322935481704, 0.0], [177.32322935481704, 280.0], [37.323229354817045, 140.0], [177.32322935481704, 0.0]], [[280.0, 521.366778192192], [280.0, 341.366778192192], [560.0, 521.366778192192], [280.0, 521.366778192192]], [[0.0, 279.9478648313491], [280.0, 279.9478648313491], [280.0, 559.9478648313491], [0.0, 559.9478648313491], [0.0, 279.9478648313491]], [[480.0, 520.0], [400.0, 720.0], [300.0, 720.0], [300.0, 520.0], [480.0, 520.0]], [[0.0, 574.2355203904868], [100.0, 574.2355203904868], [100.0, 754.2355203904868], [0.0, 754.2355203904868], [0.0, 574.2355203904868]], [[184.54056725659024, 180.0], [464.54056725659024, 180.0], [464.54056725659024, 460.0], [184.54056725659024, 180.0]], [[491.55881421704703, 199.84177282508603], [691.558814217047, 199.84177282508603], [691.558814217047, 399.841772825086], [491.55881421704703, 479.841772825086], [491.55881421704703, 199.84177282508603]], [[690.08879153823, 464.4297818966129], [610.08879153823, 624.4297818966129], [530.08879153823, 464.4297818966129], [690.08879153823, 464.4297818966129]], [[656.6666666666666, 760.0], [376.66666666666663, 760.0], [516.6666666666666, 520.0], [656.6666666666666, 760.0]]]"
Sun Jul 19 06:54:54 2020,2,0,True,663.8964616483652,0.8585676124628937,"[0, 0, 0, 2, 1, 0, 1, 0, 0, 0, 3, 2]","[[[463.8964616483652, 0.0], [663.8964616483652, 0.0], [663.8964616483652, 200.0], [463.8964616483652, 200.0], [463.8964616483652, 0.0]], [[100.0, 559.9478648313491], [300.0, 559.9478648313491], [300.0, 759.9478648313491], [100.0, 759.9478648313491], [100.0, 559.9478648313491]], [[177.32322935481704, 0.0], [457.32322935481704, 0.0], [457.32322935481704, 180.0], [177.32322935481704, 180.0], [177.32322935481704, 0.0]], [[280.0, 279.9478648313491], [0.0, 279.9478648313491], [140.0, 139.94786483134908], [280.0, 279.9478648313491]], [[0.0, 0.0], [180.0, 0.0], [0.0, 280.0], [0.0, 0.0]], [[0.0, 279.9478648313491], [280.0, 279.9478648313491], [280.0, 559.9478648313491], [0.0, 559.9478648313491], [0.0, 279.9478648313491]], [[480.0, 479.8417728250861], [400.0, 679.8417728250861], [300.0, 679.8417728250861], [300.0, 479.8417728250861], [480.0, 479.8417728250861]], [[0.0, 574.2355203904868], [100.0, 574.2355203904868], [100.0, 754.2355203904868], [0.0, 754.2355203904868], [0.0, 574.2355203904868]], [[183.89646164836518, 179.58593210899818], [463.8964616483652, 179.58593210899818], [463.8964616483652, 459.5859321089982], [183.89646164836518, 179.58593210899818]], [[463.50089371108027, 200.0], [663.5008937110803, 200.0], [663.5008937110803, 400.0], [463.50089371108027, 480.0], [463.50089371108027, 200.0]], [[658.6623363076275, 561.935422961381], [498.66233630762747, 481.93542296138105], [658.6623363076275, 401.93542296138105], [658.6623363076275, 561.935422961381]], [[663.8964616483652, 760.0], [383.8964616483652, 760.0], [523.8964616483652, 520.0], [663.8964616483652, 760.0]]]"
Sun Jul 19 06:55:24 2020,2,3,True,670.5354262648489,0.850066943032568,"[0, 0, 1, 0, 1, 0, 2, 0, 1, 2, 2, 2]","[[[437.3406031824305, 0.0], [637.3406031824305, 0.0], [637.3406031824305, 200.0], [437.3406031824305, 200.0], [437.3406031824305, 0.0]], [[100.0, 560.0], [300.0, 560.0], [300.0, 760.0], [100.0, 760.0], [100.0, 560.0]], [[437.3406031824305, 0.0], [437.3406031824305, 280.0], [257.3406031824305, 280.0], [257.3406031824305, 0.0], [437.3406031824305, 0.0]], [[287.8260869565218, 547.8260869565217], [567.8260869565217, 547.8260869565217], [427.8260869565218, 687.8260869565217], [287.8260869565218, 547.8260869565217]], [[280.0, 280.0], [460.0, 280.0], [280.0, 560.0], [280.0, 280.0]], [[0.0, 280.0], [280.0, 280.0], [280.0, 560.0], [0.0, 560.0], [0.0, 280.0]], [[670.5354262648489, 380.0], [470.53542626484887, 300.0], [470.53542626484887, 200.0], [670.5354262648489, 200.0], [670.5354262648489, 380.0]], [[0.0, 579.9478648313491], [100.0, 579.9478648313491], [100.0, 759.9478648313491], [0.0, 759.9478648313491], [0.0, 579.9478648313491]], [[642.8781414679006, 480.0], [642.8781414679006, 760.0], [362.8781414679006, 760.0], [642.8781414679006, 480.0]], [[257.3406031824305, 280.0], [57.34060318243053, 280.0], [57.34060318243053, 80.0], [257.3406031824305, 0.0], [257.3406031824305, 280.0]], [[661.1105526345502, 376.2300505478805], [581.1105526345502, 536.2300505478805], [501.11055263455023, 376.2300505478805], [661.1105526345502, 376.2300505478805]], [[585.1332354369658, 543.1260782091643], [305.13323543696583, 543.1260782091643], [445.13323543696583, 303.12607820916435], [585.1332354369658, 543.1260782091643]]]"
Sun Jul 19 06:55:38 2020,2,1,True,677.2407805274973,0.841650438646107,"[0, 0, 1, 2, 1, 0, 1, 0, 0, 1, 0, 2]","[[[177.24078052749735, 560.0], [377.24078052749735, 560.0], [377.24078052749735, 760.0], [177.24078052749735, 760.0], [177.24078052749735, 560.0]], [[377.24078052749735, 560.0], [577.2407805274973, 560.0], [577.2407805274973, 760.0], [377.24078052749735, 760.0], [377.24078052749735, 560.0]], [[677.2407805274973, 200.0], [677.2407805274973, 480.0], [497.24078052749735, 480.0], [497.24078052749735, 200.0], [677.2407805274973, 200.0]], [[280.0, 258.9496956629789], [0.0, 258.9496956629789], [140.0, 118.94969566297891], [280.0, 258.9496956629789]], [[301.0503043370211, 200.0], [481.0503043370211, 200.0], [301.0503043370211, 480.0], [301.0503043370211, 200.0]], [[0.0, 258.9496956629789], [280.0, 258.9496956629789], [280.0, 538.9496956629789], [0.0, 538.9496956629789], [0.0, 258.9496956629789]], [[180.0, 548.5714285714287], [100.0, 748.5714285714287], [0.0, 748.5714285714287], [0.0, 548.5714285714287], [180.0, 548.5714285714287]], [[577.2407805274973, 480.0], [677.2407805274973, 480.0], [677.2407805274973, 660.0], [577.2407805274973, 660.0], [577.2407805274973, 480.0]], [[21.05030433702109, 0.0], [301.0503043370211, 0.0], [301.0503043370211, 280.0], [21.05030433702109, 0.0]], [[667.5872333814332, 0.0], [667.5872333814332, 200.0], [467.5872333814332, 200.0], [387.5872333814332, 0.0], [667.5872333814332, 0.0]], [[307.5872333814332, 200.0], [387.5872333814332, 40.0], [467.5872333814332, 200.0], [307.5872333814332, 200.0]], [[543.907447194164, 560.0], [263.907447194164, 560.0], [403.907447194164, 320.0], [543.907447194164, 560.0]]]"
Sun Jul 19 06:56:08 2020,2,1,True,684.0131883327723,0.8333172659862446,"[0, 0, 1, 0, 3, 0, 0, 0, 1, 3, 3, 0]","[[[280.0, 280.0], [480.0, 280.0], [480.0, 480.0], [280.0, 480.0], [280.0, 280.0]], [[480.0, 280.0], [680.0, 280.0], [680.0, 480.0], [480.0, 480.0], [480.0, 280.0]], [[380.0, 0.0], [380.0, 280.0], [200.0, 280.0], [200.0, 0.0], [380.0, 0.0]], [[380.0, 0.0], [660.0, 0.0], [520.0, 140.0], [380.0, 0.0]], [[684.0131883327723, 280.0], [504.0131883327723, 280.0], [684.0131883327723, 0.0], [684.0131883327723, 280.0]], [[0.0, 280.0], [280.0, 280.0], [280.0, 560.0], [0.0, 560.0], [0.0, 280.0]], [[0.0, 94.56642014045235], [200.0, 174.56642014045235], [200.0, 274.56642014045235], [0.0, 274.56642014045235], [0.0, 94.56642014045235]], [[379.601479628648, 100.0], [479.601479628648, 100.0], [479.601479628648, 280.0], [379.601479628648, 280.0], [379.601479628648, 100.0]], [[684.0131883327723, 480.0], [684.0131883327723, 760.0], [404.0131883327723, 760.0], [684.0131883327723, 480.0]], [[0.0, 760.0], [0.0, 560.0], [200.0, 560.0], [280.0, 760.0], [0.0, 760.0]], [[163.58394964886912, 160.0], [3.5839496488691225, 80.0], [163.58394964886912, 0.0], [163.58394964886912, 160.0]], [[280.0, 480.0], [560.0, 480.0], [420.0, 720.0], [280.0, 480.0]]]"
Sun Jul 19 06:56:19 2020,2,1,True,690.8533202161001,0.8250665999863805,"[0, 0, 1, 3, 1, 0, 0, 0, 1, 0, 2, 0]","[[[100.0, 560.0], [300.0, 560.0], [300.0, 760.0], [100.0, 760.0], [100.0, 560.0]], [[480.0, 240.0000000000001], [680.0, 240.0000000000001], [680.0, 440.0000000000001], [480.0, 440.0000000000001], [480.0, 240.0000000000001]], [[360.0, 0.0], [360.0, 280.0], [180.0, 280.0], [180.0, 0.0], [360.0, 0.0]], [[360.0, 317.5522422976503], [360.0, 37.55224229765031], [500.0, 177.5522422976503], [360.0, 317.5522422976503]], [[0.0, 0.0], [180.0, 0.0], [0.0, 280.0], [0.0, 0.0]], [[0.0, 280.0], [280.0, 280.0], [280.0, 560.0], [0.0, 560.0], [0.0, 280.0]], [[280.0, 285.5522422976503], [480.0, 365.5522422976503], [480.0, 465.5522422976503], [280.0, 465.5522422976503], [280.0, 285.5522422976503]], [[0.0, 560.0], [100.0, 560.0], [100.0, 740.0], [0.0, 740.0], [0.0, 560.0]], [[685.5522422976503, 480.0], [685.5522422976503, 760.0], [405.5522422976503, 760.0], [685.5522422976503, 480.0]], [[300.0, 465.5522422976503], [500.0, 465.5522422976503], [500.0, 665.5522422976503], [300.0, 745.5522422976503], [300.0, 465.5522422976503]], [[645.5522422976502, 440.0000000000001], [565.5522422976502, 600.0000000000001], [485.5522422976502, 440.0000000000001], [645.5522422976502, 440.0000000000001]], [[396.42785865970404, 1.1368683772161603e-13], [676.427858659704, 1.1368683772161603e-13], [536.427858659704, 240.0000000000001], [396.42785865970404, 1.1368683772161603e-13]]]"
Sun Jul 19 06:56:34 2020,2,1,True,697.7618534182611,0.8168976237488916,"[0, 0, 1, 0, 3, 0, 1, 1, 1, 0, 0, 0]","[[[0.0, 560.0], [200.0, 560.0], [200.0, 760.0], [0.0, 760.0], [0.0, 560.0]], [[455.156769481462, 292.10807629634496], [655.156769481462, 292.10807629634496], [655.156769481462, 492.10807629634496], [455.156769481462, 492.10807629634496], [455.156769481462, 292.10807629634496]], [[376.6526607994614, 0.0], [376.6526607994614, 280.0], [196.6526607994614, 280.0], [196.6526607994614, 0.0], [376.6526607994614, 0.0]], [[271.609593703728, 591.609593703728], [551.609593703728, 591.609593703728], [411.609593703728, 731.609593703728], [271.609593703728, 591.609593703728]], [[663.219187407456, 292.10807629634496], [483.21918740745605, 292.10807629634496], [663.219187407456, 12.108076296344962], [663.219187407456, 292.10807629634496]], [[0.0, 280.0], [280.0, 280.0], [280.0, 560.0], [0.0, 560.0], [0.0, 280.0]], [[460.0, 280.0], [380.0, 480.0], [280.0, 480.0], [280.0, 280.0], [460.0, 280.0]], [[466.0540381481725, 492.10807629634496], [466.0540381481725, 592.108076296345], [286.0540381481725, 592.108076296345], [286.0540381481725, 492.10807629634496], [466.0540381481725, 492.10807629634496]], [[667.2648457778068, 480.0], [667.2648457778068, 760.0], [387.26484577780684, 760.0], [667.2648457778068, 480.0]], [[0.0, 0.0], [200.0, 0.0], [200.0, 200.0], [0.0, 280.0], [0.0, 0.0]], [[200.0, 760.0], [280.0, 600.0], [360.0, 760.0], [200.0, 760.0]], [[376.71723645510633, 0.0], [656.7172364551063, 0.0], [516.7172364551063, 240.0], [376.71723645510633, 0.0]]]"
Sun Jul 19 06:56:34 2020,2,0,True,669.8513792815306,0.8509350247384289,"[0, 0, 1, 0, 3, 0, 1, 1, 1, 0, 0, 0]","[[[0.0, 560.0], [200.0, 560.0], [200.0, 760.0], [0.0, 760.0], [0.0, 560.0]], [[455.1567694814619, 292.10807629634496], [655.1567694814619, 292.10807629634496], [655.1567694814619, 492.10807629634496], [455.1567694814619, 492.10807629634496], [455.1567694814619, 292.10807629634496]], [[380.0, 0.0], [380.0, 280.0], [200.0, 280.0], [200.0, 0.0], [380.0, 0.0]], [[271.609593703728, 591.609593703728], [551.609593703728, 591.609593703728], [411.609593703728, 731.609593703728], [271.609593703728, 591.609593703728]], [[663.219187407456, 292.10807629634496], [483.21918740745605, 292.10807629634496], [663.219187407456, 12.108076296344962], [663.219187407456, 292.10807629634496]], [[0.0, 280.0], [280.0, 280.0], [280.0, 560.0], [0.0, 560.0], [0.0, 280.0]], [[460.0, 280.0], [380.0, 480.0], [280.0, 480.0], [280.0, 280.0], [460.0, 280.0]], [[466.0540381481725, 492.10807629634496], [466.0540381481725, 592.108076296345], [286.0540381481725, 592.108076296345], [286.0540381481725, 492.10807629634496], [466.0540381481725, 492.10807629634496]], [[667.2648457778068, 480.0], [667.2648457778068, 760.0], [387.26484577780684, 760.0], [667.2648457778068, 480.0]], [[0.0, 0.0], [200.0, 0.0], [200.0, 200.0], [0.0, 280.0], [0.0, 0.0]], [[200.0, 760.0], [280.0, 600.0], [360.0, 760.0], [200.0, 760.0]], [[376.71723645510633, 0.0], [656.7172364551063, 0.0], [516.7172364551063, 240.0], [376.71723645510633, 0.0]]]"
Sun Jul 19 06:56:47 2020,2,1,True,676.549893074346,0.8425099254835929,"[0, 0, 1, 0, 1, 0, 1, 0, 1, 2, 2, 2]","[[[0.0, 560.0], [200.0, 560.0], [200.0, 760.0], [0.0, 760.0], [0.0, 560.0]], [[0.0, 80.0], [200.0, 80.0], [200.0, 280.0], [0.0, 280.0], [0.0, 80.0]], [[380.0, 0.0], [380.0, 280.0], [200.0, 280.0], [200.0, 0.0], [380.0, 0.0]], [[200.0, 620.0], [480.0, 620.0], [340.0, 760.0], [200.0, 620.0]], [[280.0, 280.0], [460.0, 280.0], [280.0, 560.0], [280.0, 280.0]], [[0.0, 280.0], [280.0, 280.0], [280.0, 560.0], [0.0, 560.0], [0.0, 280.0]], [[560.0, 0.0], [480.0, 200.0], [380.0, 200.0], [380.0, 0.0], [560.0, 0.0]], [[554.74850858734, 13.12872853165004], [654.74850858734, 13.12872853165004], [654.74850858734, 193.12872853165004], [554.74850858734, 193.12872853165004], [554.74850858734, 13.12872853165004]], [[676.549893074346, 480.0], [676.549893074346, 760.0], [396.54989307434596, 760.0], [676.549893074346, 480.0]], [[676.549893074346, 464.4081747368475], [476.54989307434596, 464.4081747368475], [476.54989307434596, 264.4081747368475], [676.549893074346, 184.4081747368475], [676.549893074346, 464.4081747368475]], [[612.880459097741, 464.4081747368475], [532.880459097741, 624.4081747368475], [452.880459097741, 464.4081747368475], [612.880459097741, 464.4081747368475]], [[534.2101924661773, 622.3397006081688], [254.21019246617732, 622.3397006081688], [394.2101924661773, 382.33970060816876], [534.2101924661773, 622.3397006081688]]]"
Sun Jul 19 06:57:05 2020,2,1,True,683.3153920050894,0.8341682430530624,"[0, 0, 1, 0, 3, 0, 3, 0, 1, 3, 2, 0]","[[[460.0, 297.06494576986097], [660.0, 297.06494576986097], [660.0, 497.06494576986097], [460.0, 497.06494576986097], [460.0, 297.06494576986097]], [[0.0, 80.0], [200.0, 80.0], [200.0, 280.0], [0.0, 280.0], [0.0, 80.0]], [[460.0, 200.0], [460.0, 480.0], [280.0, 480.0], [280.0, 200.0], [460.0, 200.0]], [[0.0, 560.0], [280.0, 560.0], [140.0, 700.0], [0.0, 560.0]], [[683.3153920050894, 297.06494576986097], [503.3153920050894, 297.06494576986097], [683.3153920050894, 17.06494576986097], [683.3153920050894, 297.06494576986097]], [[0.0, 280.0], [280.0, 280.0], [280.0, 560.0], [0.0, 560.0], [0.0, 280.0]], [[469.4878973513721, 760.0], [549.4878973513721, 560.0], [649.4878973513721, 560.0], [649.4878973513721, 760.0], [469.4878973513721, 760.0]], [[360.0, 580.0], [460.0, 580.0], [460.0, 760.0], [360.0, 760.0], [360.0, 580.0]], [[360.0, 480.0], [360.0, 760.0], [80.0, 760.0], [360.0, 480.0]], [[200.0, 200.0], [200.0, 0.0], [400.0, 0.0], [480.0, 200.0], [200.0, 200.0]], [[579.4031333833929, 498.8062667667857], [499.40313338339286, 658.8062667667857], [419.40313338339286, 498.8062667667857], [579.4031333833929, 498.8062667667857]], [[400.0, 0.0], [680.0, 0.0], [540.0, 240.0], [400.0, 0.0]]]"
Sun Jul 19 06:57:13 2020,2,1,True,690.1485459251403,0.8259091515376855,"[0, 0, 1, 1, 2, 0, 3, 1, 2, 1, 1, 0]","[[[487.0306846016431, 280.0], [687.0306846016431, 280.0], [687.0306846016431, 480.0], [487.0306846016431, 480.0], [487.0306846016431, 280.0]], [[0.0, 0.0], [200.0, 0.0], [200.0, 200.0], [0.0, 200.0], [0.0, 0.0]], [[667.0306846016431, 0.0], [667.0306846016431, 280.0], [487.0306846016431, 280.0], [487.0306846016431, 0.0], [667.0306846016431, 0.0]], [[487.0306846016431, 188.9520917232427], [487.0306846016431, 468.9520917232427], [347.0306846016431, 328.9520917232427], [487.0306846016431, 188.9520917232427]], [[380.0, 580.0], [380.0, 760.0], [100.0, 580.0], [380.0, 580.0]], [[0.0, 200.0], [280.0, 200.0], [280.0, 480.0], [0.0, 480.0], [0.0, 200.0]], [[475.9827763248858, 760.0], [555.9827763248858, 560.0], [655.9827763248858, 560.0], [655.9827763248858, 760.0], [475.9827763248858, 760.0]], [[279.99999999999994, 480.0], [279.99999999999994, 580.0], [99.99999999999994, 580.0], [99.99999999999994, 480.0], [279.99999999999994, 480.0]], [[280.0, 760.0], [0.0, 760.0], [0.0, 480.0], [280.0, 760.0]], [[475.9827763248858, 0.0], [475.9827763248858, 200.0], [275.9827763248858, 200.0], [195.98277632488578, 0.0], [475.9827763248858, 0.0]], [[279.99999999999994, 341.9214071215996], [439.99999999999994, 421.9214071215996], [279.99999999999994, 501.9214071215996], [279.99999999999994, 341.9214071215996]], [[322.1580548291094, 480.84237970704487], [602.1580548291095, 480.84237970704487], [462.1580548291094, 720.8423797070449], [322.1580548291094, 480.84237970704487]]]"
Sun Jul 19 06:57:16 2020,2,0,True,662.5426040881347,0.8603220328517557,"[0, 0, 1, 0, 1, 0, 3, 1, 2, 1, 0, 0]","[[[462.5426040881347, 280.0], [662.5426040881347, 280.0], [662.5426040881347, 480.0], [462.5426040881347, 480.0], [462.5426040881347, 280.0]], [[0.0, 0.0], [200.0, 0.0], [200.0, 200.0], [0.0, 200.0], [0.0, 0.0]], [[662.5426040881347, 0.0], [662.5426040881347, 280.0], [482.5426040881347, 280.0], [482.5426040881347, 0.0], [662.5426040881347, 0.0]], [[100.00000000000006, 580.0], [380.00000000000006, 580.0], [240.00000000000006, 720.0], [100.00000000000006, 580.0]], [[280.0, 200.0], [460.0, 200.0], [280.0, 480.0], [280.0, 200.0]], [[0.0, 200.0], [280.0, 200.0], [280.0, 480.0], [0.0, 480.0], [0.0, 200.0]], [[475.9827763248856, 760.0], [555.9827763248857, 560.0], [655.9827763248857, 560.0], [655.9827763248857, 760.0], [475.9827763248856, 760.0]], [[279.99999999999994, 480.0], [279.99999999999994, 580.0], [99.99999999999994, 580.0], [99.99999999999994, 480.0], [279.99999999999994, 480.0]], [[280.0, 760.0], [0.0, 760.0], [0.0, 480.0], [280.0, 760.0]], [[480.0, 0.0], [480.0, 200.0], [280.0, 200.0], [200.0, 0.0], [480.0, 0.0]], [[302.85714285714283, 480.0], [382.85714285714283, 320.0], [462.85714285714283, 480.0], [302.85714285714283, 480.0]], [[321.66666666666674, 480.0], [601.6666666666667, 480.0], [461.66666666666674, 720.0], [321.66666666666674, 480.0]]]"

90.79%
Tue Jul 14 23:10:30 2020,2,开始运行[全局邻域-检验重叠] 初始利用率,0.6316489361702128
Tue Jul 14 23:10:31 2020,2,True,866.304,0.6579676418439716,"[0, 0, 0, 0, 0, 0, 0, 0, 1, 0, 0, 0]","[[[0.0, 0.0], [200.0, 0.0], [200.0, 200.0], [0.0, 200.0]], [[0.0, 200.0], [200.0, 200.0], [200.0, 400.0], [0.0, 400.0]], [[0.0, 400.0], [280.0, 400.0], [280.0, 580.0], [0.0, 580.0]], [[0.0, 580.0], [280.0, 580.0], [140.0, 720.0]], [[200.0, 180.0], [200.0, 0.0], [480.0, 180.0]], [[280.0, 180.0], [560.0, 180.0], [560.0, 460.0], [280.0, 460.0]], [[280.0, 460.0], [480.0, 540.0], [480.0, 640.0], [280.0, 640.0]], [[480.0, 460.0], [580.0, 460.0], [580.0, 640.0], [480.0, 640.0]], [[780.0, 480.0], [780.0, 760.0], [500.0, 760.0], [780.0, 480.0]], [[580.0, 280.0], [780.0, 280.0], [780.0, 480.0], [580.0, 560.0]], [[180.0, 760.0], [260.0, 600.0], [340.0, 760.0], [180.0, 760.0]], [[586.304, 0.0], [866.304, 0.0], [726.304, 240.0]]]"
Tue Jul 14 23:10:32 2020,2,True,831.65184,0.6853829602541371,"[0, 0, 0, 0, 0, 0, 0, 0, 1, 0, 0, 0]","[[[0.0, 0.0], [200.0, 0.0], [200.0, 200.0], [0.0, 200.0]], [[0.0, 200.0], [200.0, 200.0], [200.0, 400.0], [0.0, 400.0]], [[0.0, 400.0], [280.0, 400.0], [280.0, 580.0], [0.0, 580.0]], [[0.0, 580.0], [280.0, 580.0], [140.0, 720.0]], [[200.0, 180.0], [200.0, 0.0], [480.0, 180.0]], [[280.0, 180.0], [560.0, 180.0], [560.0, 460.0], [280.0, 460.0]], [[280.0, 460.0], [480.0, 540.0], [480.0, 640.0], [280.0, 640.0]], [[480.0, 460.0], [580.0, 460.0], [580.0, 640.0], [480.0, 640.0]], [[780.0, 480.0], [780.0, 760.0], [500.0, 760.0], [780.0, 480.0]], [[580.0, 280.0], [780.0, 280.0], [780.0, 480.0], [580.0, 560.0]], [[180.0, 760.0], [260.0, 600.0], [340.0, 760.0], [180.0, 760.0]], [[551.65184, 0.0], [831.65184, 0.0], [691.65184, 240.0]]]"
Tue Jul 14 23:10:32 2020,2,True,798.3857664,0.7139405835980596,"[0, 0, 0, 0, 0, 0, 0, 0, 1, 0, 0, 0]","[[[0.0, 0.0], [200.0, 0.0], [200.0, 200.0], [0.0, 200.0]], [[0.0, 200.0], [200.0, 200.0], [200.0, 400.0], [0.0, 400.0]], [[0.0, 400.0], [280.0, 400.0], [280.0, 580.0], [0.0, 580.0]], [[0.0, 580.0], [280.0, 580.0], [140.0, 720.0]], [[200.0, 180.0], [200.0, 0.0], [480.0, 180.0]], [[280.0, 180.0], [560.0, 180.0], [560.0, 460.0], [280.0, 460.0]], [[280.0, 460.0], [480.0, 540.0], [480.0, 640.0], [280.0, 640.0]], [[480.0, 460.0], [580.0, 460.0], [580.0, 640.0], [480.0, 640.0]], [[780.0, 480.0], [780.0, 760.0], [500.0, 760.0], [780.0, 480.0]], [[580.0, 280.0], [780.0, 280.0], [780.0, 480.0], [580.0, 560.0]], [[180.0, 760.0], [260.0, 600.0], [340.0, 760.0], [180.0, 760.0]], [[518.3857664, 0.0], [798.3857664, 0.0], [658.3857664, 240.0]]]"
Tue Jul 14 23:10:33 2020,2,True,766.450335744,0.7436881079146452,"[0, 0, 0, 0, 0, 0, 2, 1, 1, 0, 0, 0]","[[[0.0, 0.0], [200.0, 0.0], [200.0, 200.0], [0.0, 200.0]], [[0.0, 200.0], [200.0, 200.0], [200.0, 400.0], [0.0, 400.0]], [[0.0, 400.0], [280.0, 400.0], [280.0, 580.0], [0.0, 580.0]], [[0.0, 580.0], [280.0, 580.0], [140.0, 720.0]], [[200.0, 180.0], [200.0, 0.0], [480.0, 180.0]], [[280.0, 180.0], [560.0, 180.0], [560.0, 460.0], [280.0, 460.0]], [[514.7328856746666, 640.0], [314.7328856746666, 560.0], [314.7328856746666, 460.0], [514.7328856746666, 460.0], [514.7328856746666, 640.0]], [[508.81677858133327, 637.6335571626666], [508.81677858133327, 737.6335571626666], [328.81677858133327, 737.6335571626666], [328.81677858133327, 637.6335571626666], [508.81677858133327, 637.6335571626666]], [[766.450335744, 480.0], [766.450335744, 760.0], [486.450335744, 760.0], [766.450335744, 480.0]], [[566.450335744, 280.0], [766.450335744, 280.0], [766.450335744, 480.0], [566.450335744, 560.0]], [[180.0, 760.0], [260.0, 600.0], [340.0, 760.0], [180.0, 760.0]], [[486.450335744, 0.0], [766.450335744, 0.0], [626.450335744, 240.0]]]"
Tue Jul 14 23:10:38 2020,2,True,735.79232231424,0.7746751124110888,"[0, 0, 0, 3, 0, 0, 1, 1, 1, 0, 0, 0]","[[[0.0, 0.0], [200.0, 0.0], [200.0, 200.0], [0.0, 200.0]], [[0.0, 200.0], [200.0, 200.0], [200.0, 400.0], [0.0, 400.0]], [[0.0, 460.0], [280.0, 460.0], [280.0, 640.0], [0.0, 640.0], [0.0, 460.0]], [[480.0, 404.20767768576], [480.0, 124.20767768576002], [620.0, 264.20767768576], [480.0, 404.20767768576]], [[200.0, 180.0], [200.0, 0.0], [480.0, 180.0], [200.0, 180.0]], [[200.0, 180.0], [480.0, 180.0], [480.0, 460.0], [200.0, 460.0], [200.0, 180.0]], [[660.0, 404.20767768576], [580.0, 604.20767768576], [480.0, 604.20767768576], [480.0, 404.20767768576], [660.0, 404.20767768576]], [[180.0, 640.0], [180.0, 740.0], [0.0, 740.0], [0.0, 640.0], [180.0, 640.0]], [[735.79232231424, 480.0], [735.79232231424, 760.0], [455.79232231424, 760.0], [735.79232231424, 480.0]], [[280.0, 460.0], [480.0, 460.0], [480.0, 660.0], [280.0, 740.0], [280.0, 460.0]], [[550.0, 404.20767768576], [630.0, 244.20767768576002], [710.0, 404.20767768576], [550.0, 404.20767768576]], [[455.79232231424, 0.0], [735.79232231424, 0.0], [595.79232231424, 240.0]]]"
Tue Jul 14 23:10:41 2020,2,True,706.3606294216704,0.8069532420948842,"[0, 0, 0, 0, 0, 0, 1, 1, 1, 0, 0, 1]","[[[0.0, 0.0], [200.0, 0.0], [200.0, 200.0], [0.0, 200.0]], [[0.0, 200.0], [200.0, 200.0], [200.0, 400.0], [0.0, 400.0]], [[0.0, 460.0], [280.0, 460.0], [280.0, 640.0], [0.0, 640.0], [0.0, 460.0]], [[307.3499483436255, 19.010681078044996], [587.3499483436256, 19.010681078044996], [447.3499483436255, 159.010681078045], [307.3499483436255, 19.010681078044996]], [[200.0, 180.0], [200.0, 0.0], [480.0, 180.0], [200.0, 180.0]], [[200.0, 180.0], [480.0, 180.0], [480.0, 460.0], [200.0, 460.0], [200.0, 180.0]], [[660.0, 406.3606294216704], [580.0, 606.3606294216704], [480.0, 606.3606294216704], [480.0, 406.3606294216704], [660.0, 406.3606294216704]], [[180.0, 640.0], [180.0, 740.0], [0.0, 740.0], [0.0, 640.0], [180.0, 640.0]], [[706.3606294216704, 480.0], [706.3606294216704, 760.0], [426.3606294216704, 760.0], [706.3606294216704, 480.0]], [[280.0, 460.0], [480.0, 460.0], [480.0, 660.0], [280.0, 740.0], [280.0, 460.0]], [[480.0, 354.6229661706922], [560.0, 194.62296617069222], [640.0, 354.6229661706922], [480.0, 354.6229661706922]], [[706.3606294216704, 0.0], [706.3606294216704, 280.0], [466.3606294216704, 140.0], [706.3606294216704, 0.0]]]"
Tue Jul 14 23:10:42 2020,2,True,678.1062042448036,0.8405762938488377,"[0, 0, 0, 0, 0, 0, 1, 1, 1, 0, 1, 1]","[[[0.0, 0.0], [200.0, 0.0], [200.0, 200.0], [0.0, 200.0]], [[0.0, 200.0], [200.0, 200.0], [200.0, 400.0], [0.0, 400.0]], [[0.0, 460.0], [280.0, 460.0], [280.0, 640.0], [0.0, 640.0], [0.0, 460.0]], [[290.15160258379353, 7.954601661010116], [570.1516025837935, 7.954601661010116], [430.15160258379353, 147.95460166101012], [290.15160258379353, 7.954601661010116]], [[200.0, 180.0], [200.0, 0.0], [480.0, 180.0], [200.0, 180.0]], [[200.0, 180.0], [480.0, 180.0], [480.0, 460.0], [200.0, 460.0], [200.0, 180.0]], [[660.0, 354.6229661706923], [580.0, 554.6229661706923], [480.0, 554.6229661706923], [480.0, 354.6229661706923], [660.0, 354.6229661706923]], [[180.0, 640.0], [180.0, 740.0], [0.0, 740.0], [0.0, 640.0], [180.0, 640.0]], [[678.1062042448036, 480.0], [678.1062042448036, 760.0], [398.1062042448036, 760.0], [678.1062042448036, 480.0]], [[280.0, 460.0], [480.0, 460.0], [480.0, 660.0], [280.0, 740.0], [280.0, 460.0]], [[480.0, 177.77138085719787], [640.0, 257.77138085719787], [480.0, 337.77138085719787], [480.0, 177.77138085719787]], [[678.1062042448036, 0.0], [678.1062042448036, 280.0], [438.1062042448036, 140.0], [678.1062042448036, 0.0]]]"
Tue Jul 14 23:11:27 2020,2,True,657.4917756357615,0.866930996131227,"[0, 0, 1, 2, 1, 0, 2, 0, 3, 3, 0, 1]","[[[444.0221914008322, 224.85436893203894], [644.0221914008322, 224.85436893203894], [644.0221914008322, 424.85436893203894], [444.0221914008322, 424.85436893203894], [444.0221914008322, 224.85436893203894]], [[0.0, 0.0], [200.0, 0.0], [200.0, 200.0], [0.0, 200.0], [0.0, 0.0]], [[657.4917756357615, 424.85436893203894], [657.4917756357615, 704.8543689320389], [477.49177563576154, 704.8543689320389], [477.49177563576154, 424.85436893203894], [657.4917756357615, 424.85436893203894]], [[280.0, 760.0], [0.0, 760.0], [140.0, 620.0], [280.0, 760.0]], [[280.0, 200.0], [460.0, 200.0], [280.0, 480.0], [280.0, 200.0]], [[0.0, 200.0], [280.0, 200.0], [280.0, 480.0], [0.0, 480.0], [0.0, 200.0]], [[650.9819560750115, 180.0], [450.98195607501145, 100.0], [450.98195607501145, 0.0], [650.9819560750115, 0.0], [650.9819560750115, 180.0]], [[379.9999999999999, 476.6775627644779], [479.9999999999999, 476.6775627644779], [479.9999999999999, 656.6775627644779], [379.9999999999999, 656.6775627644779], [379.9999999999999, 476.6775627644779]], [[0.0, 760.0], [0.0, 480.0], [280.0, 480.0], [0.0, 760.0]], [[200.0, 200.0], [200.0, 0.0], [400.0, 0.0], [480.0, 200.0], [200.0, 200.0]], [[304.99299536569276, 476.6775627644779], [384.99299536569276, 316.6775627644779], [464.99299536569276, 476.6775627644779], [304.99299536569276, 476.6775627644779]], [[379.9999999999999, 480.0], [379.9999999999999, 760.0], [139.9999999999999, 620.0], [379.9999999999999, 480.0]]]"
Tue Jul 14 23:16:24 2020,2,True,663.3892454892285,0.8592240586891684,"[0, 0, 1, 1, 1, 0, 3, 0, 0, 2, 3, 3]","[[[463.38924548922853, 560.0], [663.3892454892285, 560.0], [663.3892454892285, 760.0], [463.38924548922853, 760.0], [463.38924548922853, 560.0]], [[280.0, 0.0], [480.0, 0.0], [480.0, 200.0], [280.0, 200.0], [280.0, 0.0]], [[660.0, 0.0], [660.0, 280.0], [480.0, 280.0], [480.0, 0.0], [660.0, 0.0]], [[183.38924548922853, 200.0], [183.38924548922853, 480.0], [43.38924548922853, 340.0], [183.38924548922853, 200.0]], [[0.0, 0.0], [180.0, 0.0], [0.0, 280.0], [0.0, 0.0]], [[183.38924548922853, 200.0], [463.38924548922853, 200.0], [463.38924548922853, 480.0], [183.38924548922853, 480.0], [183.38924548922853, 200.0]], [[100.0, 200.0], [180.0, 0.0], [280.0, 0.0], [280.0, 200.0], [100.0, 200.0]], [[169.3387723857478, 580.0], [269.3387723857478, 580.0], [269.3387723857478, 760.0], [169.3387723857478, 760.0], [169.3387723857478, 580.0]], [[181.21904944164714, 480.0], [461.21904944164714, 480.0], [461.21904944164714, 760.0], [181.21904944164714, 480.0]], [[663.3892454892285, 560.0], [463.38924548922853, 560.0], [463.38924548922853, 360.0], [663.3892454892285, 280.0], [663.3892454892285, 560.0]], [[160.0, 758.7809505583529], [0.0, 678.7809505583529], [160.0, 598.7809505583529], [160.0, 758.7809505583529]], [[0.0, 678.7809505583529], [0.0, 398.78095055835286], [240.0, 538.7809505583529], [0.0, 678.7809505583529]]]"
Tue Jul 14 23:20:24 2020,2,True,662.712488685087,0.8601014915698338,"[0, 0, 0, 0, 3, 0, 0, 0, 1, 3, 2, 1]","[[[0.0, 200.0], [200.0, 200.0], [200.0, 400.0], [0.0, 400.0], [0.0, 200.0]], [[0.0, 0.0], [200.0, 0.0], [200.0, 200.0], [0.0, 200.0], [0.0, 0.0]], [[362.8571428571428, 577.287511314913], [642.8571428571428, 577.287511314913], [642.8571428571428, 757.287511314913], [362.8571428571428, 757.287511314913], [362.8571428571428, 577.287511314913]], [[200.0, 200.0], [480.0, 200.0], [340.0, 340.0], [200.0, 200.0]], [[362.8571428571428, 760.0], [182.85714285714278, 760.0], [362.8571428571428, 480.0], [362.8571428571428, 760.0]], [[382.712488685087, 297.287511314913], [662.712488685087, 297.287511314913], [662.712488685087, 577.287511314913], [382.712488685087, 577.287511314913], [382.712488685087, 297.287511314913]], [[0.0, 553.3333333333334], [200.0, 633.3333333333334], [200.0, 733.3333333333334], [0.0, 733.3333333333334], [0.0, 553.3333333333334]], [[240.0, 335.55555555555543], [340.0, 335.55555555555543], [340.0, 515.5555555555554], [240.0, 515.5555555555554], [240.0, 335.55555555555543]], [[662.712488685087, 17.28751131491299], [662.712488685087, 297.287511314913], [382.712488685087, 297.287511314913], [662.712488685087, 17.28751131491299]], [[200.0, 200.0], [200.0, 0.0], [400.0, 0.0], [480.0, 200.0], [200.0, 200.0]], [[582.712488685087, 0.0], [502.712488685087, 160.0], [422.712488685087, 0.0], [582.712488685087, 0.0]], [[240.0, 376.66666666666674], [240.0, 656.6666666666667], [0.0, 516.6666666666667], [240.0, 376.66666666666674]]]"
Tue Jul 14 23:24:21 2020,2,True,655.4816062125444,0.8695896186828675,"[0, 0, 1, 1, 2, 0, 3, 0, 2, 1, 2, 2]","[[[455.4816062125444, 0.0], [655.4816062125444, 0.0], [655.4816062125444, 200.0], [455.4816062125444, 200.0], [455.4816062125444, 0.0]], [[279.0207073056575, 551.1522472672175], [479.0207073056575, 551.1522472672175], [479.0207073056575, 751.1522472672175], [279.0207073056575, 751.1522472672175], [279.0207073056575, 551.1522472672175]], [[180.0, 2.904681720507142], [180.0, 282.90468172050714], [0.0, 282.90468172050714], [0.0, 2.904681720507142], [180.0, 2.904681720507142]], [[655.4816062125444, 200.0], [655.4816062125444, 480.0], [515.4816062125444, 340.0], [655.4816062125444, 200.0]], [[455.4816062125444, 0.0], [455.4816062125444, 180.0], [175.48160621254442, 0.0], [455.4816062125444, 0.0]], [[0.0, 480.0], [280.0, 480.0], [280.0, 760.0], [0.0, 760.0], [0.0, 480.0]], [[475.4816062125444, 760.0], [555.4816062125444, 560.0], [655.4816062125444, 560.0], [655.4816062125444, 760.0], [475.4816062125444, 760.0]], [[0.0, 300.0], [100.0, 300.0], [100.0, 480.0], [0.0, 480.0], [0.0, 300.0]], [[460.0, 282.90468172050714], [180.0, 282.90468172050714], [180.0, 2.904681720507142], [460.0, 282.90468172050714]], [[373.16187268820283, 282.90468172050714], [373.16187268820283, 482.90468172050714], [173.16187268820283, 482.90468172050714], [93.16187268820283, 282.90468172050714], [373.16187268820283, 282.90468172050714]], [[581.8453152134118, 200.0], [501.8453152134119, 360.0], [421.8453152134119, 200.0], [581.8453152134118, 200.0]], [[613.3507927859552, 551.1522472672175], [333.35079278595515, 551.1522472672175], [473.35079278595515, 311.1522472672175], [613.3507927859552, 551.1522472672175]]]"
Tue Jul 14 23:28:20 2020,2,True,648.3296201878952,0.8791824131601543,"[0, 0, 0, 3, 1, 0, 1, 1, 0, 1, 3, 2]","[[[280.0, 311.6703798121048], [480.0, 311.6703798121048], [480.0, 511.6703798121048], [280.0, 511.6703798121048], [280.0, 311.6703798121048]], [[448.3296201878952, 0.0], [648.3296201878952, 0.0], [648.3296201878952, 200.0], [448.3296201878952, 200.0], [448.3296201878952, 0.0]], [[168.32962018789522, 20.0], [448.3296201878952, 20.0], [448.3296201878952, 200.0], [168.32962018789522, 200.0], [168.32962018789522, 20.0]], [[478.8886662741752, 590.55904608628], [478.8886662741752, 310.55904608628], [618.8886662741752, 450.55904608628], [478.8886662741752, 590.55904608628]], [[0.0, 480.0], [180.0, 480.0], [0.0, 760.0], [0.0, 480.0]], [[0.0, 200.0], [280.0, 200.0], [280.0, 480.0], [0.0, 480.0], [0.0, 200.0]], [[180.0, 0.0], [100.0, 200.0], [0.0, 200.0], [0.0, 0.0], [180.0, 0.0]], [[646.0934358427755, 660.0], [646.0934358427755, 760.0], [466.09343584277553, 760.0], [466.09343584277553, 660.0], [646.0934358427755, 660.0]], [[368.3296201878952, 200.0], [648.3296201878952, 200.0], [648.3296201878952, 480.0], [368.3296201878952, 200.0]], [[466.0934358427755, 511.6703798121048], [466.0934358427755, 711.6703798121048], [266.0934358427755, 711.6703798121048], [186.09343584277548, 511.6703798121048], [466.0934358427755, 511.6703798121048]], [[648.3296201878952, 661.1180921725598], [488.3296201878952, 581.1180921725598], [648.3296201878952, 501.11809217255984], [648.3296201878952, 661.1180921725598]], [[294.28571428571433, 760.0], [14.285714285714334, 760.0], [154.28571428571433, 520.0], [294.28571428571433, 760.0]]]"
Tue Jul 14 23:33:48 2020,2,True,654.144908731194,0.8713665617387363,"[0, 0, 0, 2, 2, 0, 1, 0, 1, 3, 1, 0]","[[[200.0, 0.0], [400.0, 0.0], [400.0, 200.0], [200.0, 200.0], [200.0, 0.0]], [[0.0, 0.0], [200.0, 0.0], [200.0, 200.0], [0.0, 200.0], [0.0, 0.0]], [[374.14490873119405, 326.22777550842966], [654.144908731194, 326.22777550842966], [654.144908731194, 506.22777550842966], [374.14490873119405, 506.22777550842966], [374.14490873119405, 326.22777550842966]], [[654.1449087311939, 760.0], [374.14490873119394, 760.0], [514.1449087311939, 620.0], [654.1449087311939, 760.0]], [[654.144908731194, 506.22777550842966], [654.144908731194, 686.2277755084297], [374.14490873119405, 506.22777550842966], [654.144908731194, 506.22777550842966]], [[0.0, 480.0], [280.0, 480.0], [280.0, 760.0], [0.0, 760.0], [0.0, 480.0]], [[580.0, 0.0], [500.0, 200.0], [400.0, 200.0], [400.0, 0.0], [580.0, 0.0]], [[279.9999999999999, 574.1449087311939], [379.9999999999999, 574.1449087311939], [379.9999999999999, 754.1449087311939], [279.9999999999999, 754.1449087311939], [279.9999999999999, 574.1449087311939]], [[654.144908731194, 46.22777550842966], [654.144908731194, 326.22777550842966], [374.14490873119405, 326.22777550842966], [654.144908731194, 46.22777550842966]], [[0.0, 480.0], [0.0, 280.0], [200.0, 280.0], [280.0, 480.0], [0.0, 480.0]], [[379.9999999999999, 527.072454365597], [539.9999999999999, 607.072454365597], [379.9999999999999, 687.072454365597], [379.9999999999999, 527.072454365597]], [[153.33333333333331, 199.99999999999994], [433.3333333333333, 199.99999999999994], [293.3333333333333, 439.99999999999994], [153.33333333333331, 199.99999999999994]]]"
Tue Jul 14 23:38:25 2020,2,True,660.0123583663029,0.8636201925232033,"[0, 0, 0, 0, 1, 0, 1, 1, 1, 2, 0, 3]","[[[180.0, 0.0], [380.0, 0.0], [380.0, 200.0], [180.0, 200.0], [180.0, 0.0]], [[460.0123583663029, 460.0], [660.0123583663029, 460.0], [660.0123583663029, 660.0], [460.0123583663029, 660.0], [460.0123583663029, 460.0]], [[380.0, 0.0], [660.0, 0.0], [660.0, 180.0], [380.0, 180.0], [380.0, 0.0]], [[99.99999999999997, 200.0], [380.0, 200.0], [239.99999999999997, 340.0], [99.99999999999997, 200.0]], [[200.0, 480.0], [380.0, 480.0], [200.0, 760.0], [200.0, 480.0]], [[380.0, 180.0], [660.0, 180.0], [660.0, 460.0], [380.0, 460.0], [380.0, 180.0]], [[180.0, 0.0], [100.0, 200.0], [0.0, 200.0], [0.0, 0.0], [180.0, 0.0]], [[660.0123583663029, 660.0], [660.0123583663029, 760.0], [480.0123583663029, 760.0], [480.0123583663029, 660.0], [660.0123583663029, 660.0]], [[380.0, 200.0], [380.0, 480.0], [100.0, 480.0], [380.0, 200.0]], [[200.0, 760.0], [0.0, 760.0], [0.0, 560.0], [200.0, 480.0], [200.0, 760.0]], [[222.8571428571429, 760.0], [302.8571428571429, 600.0], [382.8571428571429, 760.0], [222.8571428571429, 760.0]], [[0.0, 480.0], [0.0, 200.0], [240.0, 340.0], [0.0, 480.0]]]"
Tue Jul 14 23:39:33 2020,2,True,639.9479826719672,0.8906973932788814,"[0, 0, 1, 3, 2, 0, 1, 0, 1, 0, 3, 3]","[[[339.9479826719672, 559.9999999999999], [539.9479826719672, 559.9999999999999], [539.9479826719672, 759.9999999999999], [339.9479826719672, 759.9999999999999], [339.9479826719672, 559.9999999999999]], [[0.0, 12.890582568021046], [200.0, 12.890582568021046], [200.0, 212.89058256802105], [0.0, 212.89058256802105], [0.0, 12.890582568021046]], [[639.9479826719672, 0.0], [639.9479826719672, 280.0], [459.9479826719672, 280.0], [459.9479826719672, 0.0], [639.9479826719672, 0.0]], [[199.94798267196722, 587.2023055177517], [199.94798267196722, 307.2023055177517], [339.9479826719672, 447.2023055177517], [199.94798267196722, 587.2023055177517]], [[459.9479826719672, 0.0], [459.9479826719672, 180.0], [179.94798267196722, 0.0], [459.9479826719672, 0.0]], [[359.9479826719672, 279.9999999999999], [639.9479826719672, 279.9999999999999], [639.9479826719672, 559.9999999999999], [359.9479826719672, 559.9999999999999], [359.9479826719672, 279.9999999999999]], [[180.0, 519.9479826719672], [100.0, 719.9479826719672], [0.0, 719.9479826719672], [0.0, 519.9479826719672], [180.0, 519.9479826719672]], [[539.9479826719672, 559.9999999999999], [639.9479826719672, 559.9999999999999], [639.9479826719672, 739.9999999999999], [539.9479826719672, 739.9999999999999], [539.9479826719672, 559.9999999999999]], [[339.9479826719672, 480.0], [339.9479826719672, 760.0], [59.947982671967225, 760.0], [339.9479826719672, 480.0]], [[0.0, 212.89058256802105], [200.0, 212.89058256802105], [200.0, 412.89058256802105], [0.0, 492.89058256802105], [0.0, 212.89058256802105]], [[359.9479826719672, 387.20230551775177], [199.94798267196722, 307.20230551775177], [359.9479826719672, 227.20230551775177], [359.9479826719672, 387.20230551775177]], [[200.0, 307.1762968537354], [200.0, 27.17629685373538], [440.0, 167.17629685373538], [200.0, 307.1762968537354]]]"
Tue Jul 14 23:47:15 2020,2,True,658.6664215028932,0.8653849374914526,"[0, 0, 1, 0, 3, 0, 1, 0, 1, 1, 3, 3]","[[[0.0, 560.0], [200.0, 560.0], [200.0, 760.0], [0.0, 760.0], [0.0, 560.0]], [[200.0, 560.0], [400.0, 560.0], [400.0, 760.0], [200.0, 760.0], [200.0, 560.0]], [[655.1531787581807, 0.0], [655.1531787581807, 280.0], [475.15317875818073, 280.0], [475.15317875818073, 0.0], [655.1531787581807, 0.0]], [[192.14497178504269, 0.0], [472.1449717850427, 0.0], [332.1449717850427, 140.0], [192.14497178504269, 0.0]], [[658.6664215028932, 760.0], [478.6664215028932, 760.0], [658.6664215028932, 480.0], [658.6664215028932, 760.0]], [[98.66642150289317, 280.0], [378.6664215028932, 280.0], [378.6664215028932, 560.0], [98.66642150289317, 560.0], [98.66642150289317, 280.0]], [[580.0, 526.8144334489448], [500.0, 726.8144334489448], [400.0, 726.8144334489448], [400.0, 526.8144334489448], [580.0, 526.8144334489448]], [[0.0, 375.15317875818073], [100.0, 375.15317875818073], [100.0, 555.1531787581807], [0.0, 555.1531787581807], [0.0, 375.15317875818073]], [[475.15317875818073, 0.0], [475.15317875818073, 280.0], [195.15317875818073, 280.0], [475.15317875818073, 0.0]], [[658.6664215028932, 280.0], [658.6664215028932, 480.0], [458.6664215028932, 480.0], [378.6664215028932, 280.0], [658.6664215028932, 280.0]], [[197.14285714285717, 160.0], [37.14285714285717, 80.0], [197.14285714285717, 0.0], [197.14285714285717, 160.0]], [[0.0, 338.3333333333333], [0.0, 58.333333333333314], [240.0, 198.33333333333331], [0.0, 338.3333333333333]]]"
Tue Jul 14 23:50:16 2020,2,True,651.4796858312181,0.8749313484314422,"[0, 0, 1, 3, 0, 0, 3, 1, 1, 0, 3, 0]","[[[451.47968583121815, 560.0], [651.4796858312181, 560.0], [651.4796858312181, 760.0], [451.47968583121815, 760.0], [451.47968583121815, 560.0]], [[0.0, 0.0], [200.0, 0.0], [200.0, 200.0], [0.0, 200.0], [0.0, 0.0]], [[180.0, 480.0], [180.0, 760.0], [0.0, 760.0], [0.0, 480.0], [180.0, 480.0]], [[200.0, 280.0], [200.0, 0.0], [340.0, 140.0], [200.0, 280.0]], [[180.0, 760.0], [180.0, 580.0], [460.0, 760.0], [180.0, 760.0]], [[371.47968583121815, 280.0], [651.4796858312181, 280.0], [651.4796858312181, 560.0], [371.47968583121815, 560.0], [371.47968583121815, 280.0]], [[168.0, 480.0], [248.0, 280.0], [348.0, 280.0], [348.0, 480.0], [168.0, 480.0]], [[371.47968583121815, 480.0], [371.47968583121815, 580.0], [191.47968583121815, 580.0], [191.47968583121815, 480.0], [371.47968583121815, 480.0]], [[651.4796858312181, 0.0], [651.4796858312181, 280.0], [371.47968583121815, 280.0], [651.4796858312181, 0.0]], [[0.0, 200.0], [200.0, 200.0], [200.0, 400.0], [0.0, 480.0], [0.0, 200.0]], [[433.33333333333326, 720.0], [273.33333333333326, 640.0], [433.33333333333326, 560.0], [433.33333333333326, 720.0]], [[265.34079694232923, 0.0], [545.3407969423292, 0.0], [405.34079694232923, 240.0], [265.34079694232923, 0.0]]]"
Tue Jul 14 23:52:53 2020,2,True,637.9914504157686,0.8934289003850135,"[0, 0, 1, 3, 2, 0, 1, 1, 1, 2, 2, 3]","[[[31.994300277179036, 311.99430027717904], [231.99430027717904, 311.99430027717904], [231.99430027717904, 511.99430027717904], [31.994300277179036, 511.99430027717904], [31.994300277179036, 311.99430027717904]], [[437.99145041576855, 0.0], [637.9914504157686, 0.0], [637.9914504157686, 200.0], [437.99145041576855, 200.0], [437.99145041576855, 0.0]], [[637.9914504157686, 200.0], [637.9914504157686, 480.0], [457.99145041576855, 480.0], [457.99145041576855, 200.0], [637.9914504157686, 200.0]], [[0.0, 760.0], [0.0, 480.0], [140.0, 620.0], [0.0, 760.0]], [[441.3421995688326, 0.0], [441.3421995688326, 180.0], [161.3421995688326, 0.0], [441.3421995688326, 0.0]], [[357.99145041576844, 480.0], [637.9914504157684, 480.0], [637.9914504157684, 760.0], [357.99145041576844, 760.0], [357.99145041576844, 480.0]], [[180.0, 111.99430027717904], [100.0, 311.99430027717904], [0.0, 311.99430027717904], [0.0, 111.99430027717904], [180.0, 111.99430027717904]], [[180.0, 11.994300277179036], [180.0, 111.99430027717904], [0.0, 111.99430027717904], [0.0, 11.994300277179036], [180.0, 11.994300277179036]], [[357.99145041576844, 480.0], [357.99145041576844, 760.0], [77.99145041576844, 760.0], [357.99145041576844, 480.0]], [[457.99145041576855, 480.0], [257.99145041576855, 480.0], [257.99145041576855, 280.0], [457.99145041576855, 200.0], [457.99145041576855, 480.0]], [[245.9971501385895, 511.99430027717904], [165.9971501385895, 671.994300277179], [85.99715013858949, 511.99430027717904], [245.9971501385895, 511.99430027717904]], [[180.0, 306.28001456289337], [180.0, 26.28001456289337], [420.0, 166.28001456289337], [180.0, 306.28001456289337]]]"
Wed Jul 15 00:00:48 2020,2,True,669.8513792815304,0.8509350247384292,"[0, 0, 0, 3, 0, 0, 1, 0, 1, 1, 3, 0]","[[[0.0, 0.0], [200.0, 0.0], [200.0, 200.0], [0.0, 200.0], [0.0, 0.0]], [[463.2191874074558, 560.0], [663.2191874074558, 560.0], [663.2191874074558, 760.0], [463.2191874074558, 760.0], [463.2191874074558, 560.0]], [[183.21918740745582, 580.0], [463.2191874074558, 580.0], [463.2191874074558, 760.0], [183.21918740745582, 760.0], [183.21918740745582, 580.0]], [[200.0, 280.0], [200.0, 0.0], [340.0, 140.0], [200.0, 280.0]], [[75.55555555555553, 380.0], [75.55555555555553, 200.0], [355.55555555555554, 380.0], [75.55555555555553, 380.0]], [[388.0, 280.0], [668.0, 280.0], [668.0, 560.0], [388.0, 560.0], [388.0, 280.0]], [[180.0, 560.0], [100.0, 760.0], [0.0, 760.0], [0.0, 560.0], [180.0, 560.0]], [[0.0, 380.0], [100.0, 380.0], [100.0, 560.0], [0.0, 560.0], [0.0, 380.0]], [[669.8513792815304, 0.0], [669.8513792815304, 280.0], [389.8513792815304, 280.0], [669.8513792815304, 0.0]], [[388.0, 380.0], [388.0, 580.0], [188.0, 580.0], [108.0, 380.0], [388.0, 380.0]], [[360.0, 360.0], [200.0, 280.0], [360.0, 200.0], [360.0, 360.0]], [[289.8513792815304, 0.0], [569.8513792815304, 0.0], [429.8513792815304, 240.0], [289.8513792815304, 0.0]]]"
Wed Jul 15 00:03:41 2020,2,True,669.168030129016,0.8518039929225305,"[0, 0, 1, 1, 1, 0, 3, 0, 0, 3, 2, 3]","[[[0.0, 0.0], [200.0, 0.0], [200.0, 200.0], [0.0, 200.0], [0.0, 0.0]], [[34.28571428571402, 560.0], [234.28571428571402, 560.0], [234.28571428571402, 760.0], [34.28571428571402, 760.0], [34.28571428571402, 560.0]], [[414.285714285714, 479.9999999999999], [414.285714285714, 759.9999999999999], [234.285714285714, 759.9999999999999], [234.285714285714, 479.9999999999999], [414.285714285714, 479.9999999999999]], [[662.2222222222223, 2.2222222222222854], [662.2222222222223, 282.2222222222223], [522.2222222222223, 142.22222222222229], [662.2222222222223, 2.2222222222222854]], [[440.5966015575874, 480.0], [620.5966015575874, 480.0], [440.5966015575874, 760.0], [440.5966015575874, 480.0]], [[279.9999999999999, 199.9999999999999], [559.9999999999999, 199.9999999999999], [559.9999999999999, 479.9999999999999], [279.9999999999999, 479.9999999999999], [279.9999999999999, 199.9999999999999]], [[489.16803012901596, 760.0], [569.168030129016, 560.0], [669.168030129016, 560.0], [669.168030129016, 760.0], [489.16803012901596, 760.0]], [[560.0, 280.0], [660.0, 280.0], [660.0, 460.0], [560.0, 460.0], [560.0, 280.0]], [[0.0, 199.9999999999999], [280.0, 199.9999999999999], [280.0, 479.9999999999999], [0.0, 199.9999999999999]], [[233.33333333333337, 200.0], [233.33333333333337, 0.0], [433.33333333333337, 0.0], [513.3333333333334, 200.0], [233.33333333333337, 200.0]], [[593.3333333333334, 0.0], [513.3333333333334, 160.0], [433.33333333333337, 0.0], [593.3333333333334, 0.0]], [[0.0, 579.9999999999999], [0.0, 299.9999999999999], [240.0, 439.9999999999999], [0.0, 579.9999999999999]]]"
Wed Jul 15 00:06:03 2020,2,True,661.866710985557,0.8612005869750387,"[0, 0, 0, 1, 1, 0, 1, 1, 0, 3, 2, 2]","[[[455.3135752332247, 360.0], [655.3135752332247, 360.0], [655.3135752332247, 560.0], [455.3135752332247, 560.0], [455.3135752332247, 360.0]], [[0.0, 0.0], [200.0, 0.0], [200.0, 200.0], [0.0, 200.0], [0.0, 0.0]], [[0.0, 580.0], [280.0, 580.0], [280.0, 760.0], [0.0, 760.0], [0.0, 580.0]], [[175.3135752332247, 285.0677718594284], [175.3135752332247, 565.0677718594284], [35.3135752332247, 425.0677718594284], [175.3135752332247, 285.0677718594284]], [[0.0, 200.0], [180.0, 200.0], [0.0, 480.0], [0.0, 200.0]], [[175.3135752332247, 263.1578947368422], [455.3135752332247, 263.1578947368422], [455.3135752332247, 543.1578947368422], [175.3135752332247, 543.1578947368422], [175.3135752332247, 263.1578947368422]], [[380.0, 4.686424766775303], [300.0, 204.6864247667753], [200.0, 204.6864247667753], [200.0, 4.686424766775303], [380.0, 4.686424766775303]], [[635.3135752332247, 260.0], [635.3135752332247, 360.0], [455.3135752332247, 360.0], [455.3135752332247, 260.0], [635.3135752332247, 260.0]], [[381.866710985557, 0.0], [661.866710985557, 0.0], [661.866710985557, 280.0], [381.866710985557, 0.0]], [[280.0, 760.0], [280.0, 560.0], [480.0, 560.0], [560.0, 760.0], [280.0, 760.0]], [[640.0, 560.0], [560.0, 720.0], [480.0, 560.0], [640.0, 560.0]], [[545.891642517461, 263.1578947368422], [265.89164251746104, 263.1578947368422], [405.89164251746104, 23.157894736842195], [545.891642517461, 263.1578947368422]]]"
Wed Jul 15 00:09:17 2020,2,True,661.1915073955984,0.8620800382709128,"[0, 0, 0, 3, 2, 0, 0, 0, 0, 3, 0, 2]","[[[423.9950609055775, 0.0], [623.9950609055775, 0.0], [623.9950609055775, 200.0], [423.9950609055775, 200.0], [423.9950609055775, 0.0]], [[443.8888888888889, 200.0], [643.8888888888889, 200.0], [643.8888888888889, 400.0], [443.8888888888889, 400.0], [443.8888888888889, 200.0]], [[0.0, 300.0], [280.0, 300.0], [280.0, 480.0], [0.0, 480.0], [0.0, 300.0]], [[0.0, 280.0], [0.0, 0.0], [140.0, 140.0], [0.0, 280.0]], [[661.1915073955984, 400.0], [661.1915073955984, 580.0], [381.19150739559836, 400.0], [661.1915073955984, 400.0]], [[0.0, 480.0], [280.0, 480.0], [280.0, 760.0], [0.0, 760.0], [0.0, 480.0]], [[279.99999999999994, 383.51974524568664], [479.99999999999994, 463.51974524568664], [479.99999999999994, 563.5197452456866], [279.99999999999994, 563.5197452456866], [279.99999999999994, 383.51974524568664]], [[280.0, 573.3873579316873], [380.0, 573.3873579316873], [380.0, 753.3873579316873], [280.0, 753.3873579316873], [280.0, 573.3873579316873]], [[138.33333333333337, 0.0], [418.33333333333337, 0.0], [418.33333333333337, 280.0], [138.33333333333337, 0.0]], [[380.0, 760.0], [380.0, 560.0], [580.0, 560.0], [660.0, 760.0], [380.0, 760.0]], [[283.8888888888889, 385.55555555555554], [363.8888888888889, 225.55555555555554], [443.8888888888889, 385.55555555555554], [283.8888888888889, 385.55555555555554]], [[326.6666666666667, 300.0], [46.666666666666686, 300.0], [186.66666666666669, 60.0], [326.6666666666667, 300.0]]]"
Wed Jul 15 00:11:29 2020,2,True,653.9772204107446,0.8715899915321196,"[0, 0, 1, 1, 1, 0, 1, 1, 1, 2, 0, 2]","[[[0.0, 0.0], [200.0, 0.0], [200.0, 200.0], [0.0, 200.0], [0.0, 0.0]], [[447.5021984264798, 560.0], [647.5021984264798, 560.0], [647.5021984264798, 760.0], [447.5021984264798, 760.0], [447.5021984264798, 560.0]], [[653.2330827067669, 0.0], [653.2330827067669, 280.0], [473.23308270676694, 280.0], [473.23308270676694, 0.0], [653.2330827067669, 0.0]], [[445.78320802005027, 398.2810095935705], [445.78320802005027, 678.2810095935705], [305.78320802005027, 538.2810095935705], [445.78320802005027, 398.2810095935705]], [[0.0, 200.0], [180.0, 200.0], [0.0, 480.0], [0.0, 200.0]], [[0.0, 480.0], [280.0, 480.0], [280.0, 760.0], [0.0, 760.0], [0.0, 480.0]], [[380.0, 0.0], [300.0, 200.0], [200.0, 200.0], [200.0, 0.0], [380.0, 0.0]], [[433.67779445915363, 310.3864231544671], [433.67779445915363, 410.3864231544671], [253.67779445915363, 410.3864231544671], [253.67779445915363, 310.3864231544671], [433.67779445915363, 310.3864231544671]], [[473.23308270676694, 26.766917293233064], [473.23308270676694, 306.76691729323306], [193.23308270676694, 306.76691729323306], [473.23308270676694, 26.766917293233064]], [[647.5021984264798, 560.0], [447.5021984264798, 560.0], [447.5021984264798, 360.0], [647.5021984264798, 280.0], [647.5021984264798, 560.0]], [[287.5021984264798, 760.0], [367.5021984264798, 600.0], [447.5021984264798, 760.0], [287.5021984264798, 760.0]], [[294.28571428571433, 479.99999999999994], [14.285714285714334, 479.99999999999994], [154.28571428571433, 239.99999999999994], [294.28571428571433, 479.99999999999994]]]"
Wed Jul 15 00:15:18 2020,2,True,659.843165940629,0.8638416360461133,"[0, 0, 0, 3, 3, 0, 1, 0, 2, 1, 2, 0]","[[[459.843165940629, 0.0], [659.843165940629, 0.0], [659.843165940629, 200.0], [459.843165940629, 200.0], [459.843165940629, 0.0]], [[459.843165940629, 509.843165940629], [659.843165940629, 509.843165940629], [659.843165940629, 709.843165940629], [459.843165940629, 709.843165940629], [459.843165940629, 509.843165940629]], [[0.0, 0.0], [280.0, 0.0], [280.0, 180.0], [0.0, 180.0], [0.0, 0.0]], [[0.0, 760.0], [0.0, 480.0], [140.0, 620.0], [0.0, 760.0]], [[230.00000000000003, 760.0], [50.00000000000003, 760.0], [230.00000000000003, 480.0], [230.00000000000003, 760.0]], [[279.843165940629, 200.0], [559.843165940629, 200.0], [559.843165940629, 480.0], [279.843165940629, 480.0], [279.843165940629, 200.0]], [[459.8431659406289, 0.0], [379.8431659406289, 200.0], [279.8431659406289, 200.0], [279.8431659406289, 0.0], [459.8431659406289, 0.0]], [[559.843165940629, 220.0], [659.843165940629, 220.0], [659.843165940629, 400.0], [559.843165940629, 400.0], [559.843165940629, 220.0]], [[510.0, 760.0], [230.0, 760.0], [230.0, 480.0], [510.0, 760.0]], [[280.0, 180.0], [280.0, 380.0], [80.0, 380.0], [0.0, 180.0], [280.0, 180.0]], [[473.1764992739623, 483.17649927396235], [393.1764992739623, 643.1764992739623], [313.1764992739623, 483.17649927396235], [473.1764992739623, 483.17649927396235]], [[0.0, 380.0], [280.0, 380.0], [140.0, 620.0], [0.0, 380.0]]]"
Wed Jul 15 00:18:18 2020,2,True,659.1700266709574,0.8647237843606183,"[0, 0, 1, 0, 0, 0, 0, 0, 2, 1, 2, 1]","[[[0.0, 0.0], [200.0, 0.0], [200.0, 200.0], [0.0, 200.0], [0.0, 0.0]], [[100.0, 560.0], [300.0, 560.0], [300.0, 760.0], [100.0, 760.0], [100.0, 560.0]], [[659.1700266709574, 200.0], [659.1700266709574, 480.0], [479.17002667095744, 480.0], [479.17002667095744, 200.0], [659.1700266709574, 200.0]], [[278.47529167653056, 479.5533846464399], [558.4752916765306, 479.5533846464399], [418.47529167653056, 619.5533846464399], [278.47529167653056, 479.5533846464399]], [[356.94780444873516, 760.0], [356.94780444873516, 580.0], [636.9478044487352, 760.0], [356.94780444873516, 760.0]], [[199.5533846464399, 199.5533846464399], [479.5533846464399, 199.5533846464399], [479.5533846464399, 479.5533846464399], [199.5533846464399, 479.5533846464399], [199.5533846464399, 199.5533846464399]], [[199.5533846464399, 19.553384646439895], [399.5533846464399, 99.5533846464399], [399.5533846464399, 199.5533846464399], [199.5533846464399, 199.5533846464399], [199.5533846464399, 19.553384646439895]], [[0.0, 580.0], [100.0, 580.0], [100.0, 760.0], [0.0, 760.0], [0.0, 580.0]], [[280.0, 560.0], [0.0, 560.0], [0.0, 280.0], [280.0, 560.0]], [[659.1700266709574, 0.0], [659.1700266709574, 200.0], [459.17002667095744, 200.0], [379.17002667095744, 0.0], [659.1700266709574, 0.0]], [[160.0, 200.0], [80.0, 360.0], [0.0, 200.0], [160.0, 200.0]], [[659.1700266709574, 480.0], [659.1700266709574, 760.0], [419.17002667095744, 620.0], [659.1700266709574, 480.0]]]"
Wed Jul 15 00:21:38 2020,2,True,658.4975741045811,0.8656068335180744,"[0, 0, 1, 0, 2, 0, 1, 0, 1, 0, 0, 3]","[[[0.0, 320.0], [200.0, 320.0], [200.0, 520.0], [0.0, 520.0], [0.0, 320.0]], [[458.4975741045811, 0.0], [658.4975741045811, 0.0], [658.4975741045811, 200.0], [458.4975741045811, 200.0], [458.4975741045811, 0.0]], [[652.7560334770661, 200.0], [652.7560334770661, 480.0], [472.7560334770661, 480.0], [472.7560334770661, 200.0], [652.7560334770661, 200.0]], [[0.0, 584.1235848943389], [280.0, 584.1235848943389], [140.0, 724.1235848943389], [0.0, 584.1235848943389]], [[464.6966457199172, 280.0], [464.6966457199172, 460.0], [184.69664571991723, 280.0], [464.6966457199172, 280.0]], [[378.4975741045811, 480.0], [658.4975741045811, 480.0], [658.4975741045811, 760.0], [378.4975741045811, 760.0], [378.4975741045811, 480.0]], [[180.0, 5.684341886080802e-14], [100.0, 200.00000000000006], [0.0, 200.00000000000006], [0.0, 5.684341886080802e-14], [180.0, 5.684341886080802e-14]], [[158.49757410458108, 53.756064738547366], [258.4975741045811, 53.756064738547366], [258.4975741045811, 233.75606473854737], [158.49757410458108, 233.75606473854737], [158.49757410458108, 53.756064738547366]], [[378.49757410458096, 480.0], [378.49757410458096, 760.0], [98.49757410458096, 760.0], [378.49757410458096, 480.0]], [[258.4975741045811, 0.0], [458.4975741045811, 0.0], [458.4975741045811, 200.0], [258.4975741045811, 280.0], [258.4975741045811, 0.0]], [[40.0, 320.00000000000006], [120.0, 160.00000000000006], [200.0, 320.00000000000006], [40.0, 320.00000000000006]], [[200.0, 584.1235848943389], [200.0, 304.12358489433893], [440.0, 444.12358489433893], [200.0, 584.1235848943389]]]"
Wed Jul 15 00:26:02 2020,2,True,657.8258075409593,0.8664907844384155,"[0, 0, 1, 0, 3, 0, 0, 0, 1, 0, 1, 3]","[[[0.0, 180.0], [200.0, 180.0], [200.0, 380.0], [0.0, 380.0], [0.0, 180.0]], [[0.0, 560.0], [200.0, 560.0], [200.0, 760.0], [0.0, 760.0], [0.0, 560.0]], [[457.8258075409593, 0.0], [457.8258075409593, 280.0], [277.8258075409593, 280.0], [277.8258075409593, 0.0], [457.8258075409593, 0.0]], [[297.8258075409593, 280.0], [577.8258075409593, 280.0], [437.8258075409593, 420.0], [297.8258075409593, 280.0]], [[380.0, 760.0], [200.0, 760.0], [380.0, 480.0], [380.0, 760.0]], [[377.8258075409593, 480.0], [657.8258075409593, 480.0], [657.8258075409593, 760.0], [377.8258075409593, 760.0], [377.8258075409593, 480.0]], [[0.0, 380.0], [200.0, 460.0], [200.0, 560.0], [0.0, 560.0], [0.0, 380.0]], [[160.0, 0.0], [260.0, 0.0], [260.0, 180.0], [160.0, 180.0], [160.0, 0.0]], [[657.8258075409593, 200.0], [657.8258075409593, 480.0], [377.8258075409593, 480.0], [657.8258075409593, 200.0]], [[457.8258075409593, 0.0], [657.8258075409593, 0.0], [657.8258075409593, 200.0], [457.8258075409593, 280.0], [457.8258075409593, 0.0]], [[0.0, 20.0], [160.0, 100.0], [0.0, 180.0], [0.0, 20.0]], [[199.99999999999991, 561.2682789344403], [199.99999999999991, 281.26827893444033], [439.9999999999999, 421.26827893444033], [199.99999999999991, 561.2682789344403]]]"
Wed Jul 15 00:29:08 2020,2,True,657.1547262802661,0.8673756380425148,"[0, 0, 0, 2, 1, 0, 3, 0, 3, 1, 0, 2]","[[[0.0, 200.0], [200.0, 200.0], [200.0, 400.0], [0.0, 400.0], [0.0, 200.0]], [[0.0, 0.0], [200.0, 0.0], [200.0, 200.0], [0.0, 200.0], [0.0, 0.0]], [[200.0, 0.0], [480.0, 0.0], [480.0, 180.0], [200.0, 180.0], [200.0, 0.0]], [[380.0, 560.0], [100.0, 560.0], [240.0, 420.0], [380.0, 560.0]], [[0.0, 400.0], [180.0, 400.0], [0.0, 680.0], [0.0, 400.0]], [[377.1547262802661, 444.95490971772654], [657.1547262802661, 444.95490971772654], [657.1547262802661, 724.9549097177265], [377.1547262802661, 724.9549097177265], [377.1547262802661, 444.95490971772654]], [[472.0, 200.0], [552.0, 0.0], [652.0, 0.0], [652.0, 200.0], [472.0, 200.0]], [[557.1547262802661, 200.0], [657.1547262802661, 200.0], [657.1547262802661, 380.0], [557.1547262802661, 380.0], [557.1547262802661, 200.0]], [[200.0, 460.0], [200.0, 180.0], [480.0, 180.0], [200.0, 460.0]], [[370.6482438418476, 560.0], [370.6482438418476, 760.0], [170.6482438418476, 760.0], [90.6482438418476, 560.0], [370.6482438418476, 560.0]], [[0.0, 755.5555555555555], [80.0, 595.5555555555555], [160.0, 755.5555555555555], [0.0, 755.5555555555555]], [[595.0450902822732, 444.95490971772654], [315.04509028227324, 444.95490971772654], [455.04509028227324, 204.95490971772654], [595.0450902822732, 444.95490971772654]]]"
Wed Jul 15 00:32:21 2020,2,True,649.9844847756332,0.8769440092047076,"[0, 0, 0, 0, 0, 0, 0, 1, 3, 3, 3, 1]","[[[449.9844847756332, 199.3452708327344], [649.9844847756332, 199.3452708327344], [649.9844847756332, 399.3452708327344], [449.9844847756332, 399.3452708327344], [449.9844847756332, 199.3452708327344]], [[249.98448477563318, 197.86711692995016], [449.9844847756332, 197.86711692995016], [449.9844847756332, 397.86711692995016], [249.98448477563318, 397.86711692995016], [249.98448477563318, 197.86711692995016]], [[0.0, 0.0], [280.0, 0.0], [280.0, 180.0], [0.0, 180.0], [0.0, 0.0]], [[329.98448477563306, 0.0], [609.9844847756331, 0.0], [469.98448477563306, 140.0], [329.98448477563306, 0.0]], [[280.0, 197.86711692995016], [280.0, 17.867116929950157], [560.0, 197.86711692995016], [280.0, 197.86711692995016]], [[0.0, 479.9999999999999], [280.0, 479.9999999999999], [280.0, 759.9999999999999], [0.0, 759.9999999999999], [0.0, 479.9999999999999]], [[399.6517086777453, 580.0], [599.6517086777453, 660.0], [599.6517086777453, 760.0], [399.6517086777453, 760.0], [399.6517086777453, 580.0]], [[180.0, 179.9999999999999], [180.0, 279.9999999999999], [0.0, 279.9999999999999], [0.0, 179.9999999999999], [180.0, 179.9999999999999]], [[280.0, 679.3452708327344], [280.0, 399.3452708327344], [560.0, 399.3452708327344], [280.0, 679.3452708327344]], [[0.0, 479.9999999999999], [0.0, 279.9999999999999], [200.0, 279.9999999999999], [280.0, 479.9999999999999], [0.0, 479.9999999999999]], [[649.9844847756332, 199.9999999999999], [489.9844847756332, 119.99999999999989], [649.9844847756332, 39.999999999999886], [649.9844847756332, 199.9999999999999]], [[649.9844847756332, 409.3607860571012], [649.9844847756332, 689.3607860571012], [409.9844847756332, 549.3607860571012], [649.9844847756332, 409.3607860571012]]]"
Wed Jul 15 00:35:19 2020,2,True,642.8924780628668,0.8866179329356864,"[0, 0, 1, 2, 1, 0, 0, 1, 0, 1, 0, 1]","[[[180.0, 23.472793997161602], [380.0, 23.472793997161602], [380.0, 223.4727939971616], [180.0, 223.4727939971616], [180.0, 23.472793997161602]], [[0.0, 280.0], [200.0, 280.0], [200.0, 480.0], [0.0, 480.0], [0.0, 280.0]], [[180.0, 0.0], [180.0, 280.0], [0.0, 280.0], [0.0, 0.0], [180.0, 0.0]], [[642.8924780628666, 280.0], [362.89247806286664, 280.0], [502.89247806286664, 140.0], [642.8924780628666, 280.0]], [[219.23139620754856, 223.4727939971616], [399.2313962075485, 223.4727939971616], [219.23139620754856, 503.4727939971616], [219.23139620754856, 223.4727939971616]], [[356.5272060028383, 480.0], [636.5272060028383, 480.0], [636.5272060028383, 760.0], [356.5272060028383, 760.0], [356.5272060028383, 480.0]], [[0.0, 580.0], [200.0, 660.0], [200.0, 760.0], [0.0, 760.0], [0.0, 580.0]], [[180.0, 480.0], [180.0, 580.0], [0.0, 580.0], [0.0, 480.0], [180.0, 480.0]], [[362.89247806286664, 0.0], [642.8924780628666, 0.0], [642.8924780628666, 280.0], [362.89247806286664, 0.0]], [[642.8924780628666, 280.0], [642.8924780628666, 480.0], [442.89247806286664, 480.0], [362.89247806286664, 280.0], [642.8924780628666, 280.0]], [[265.8686685390571, 466.4814814814815], [345.8686685390571, 306.4814814814815], [425.8686685390571, 466.4814814814815], [265.8686685390571, 466.4814814814815]], [[356.5272060028383, 477.0257964983442], [356.5272060028383, 757.0257964983442], [116.52720600283828, 617.0257964983442], [356.5272060028383, 477.0257964983442]]]"
Wed Jul 15 00:40:30 2020,2,True,655.1455873282025,0.8700356241802055,"[0, 0, 0, 2, 3, 0, 3, 0, 3, 1, 0, 0]","[[[455.1455873282025, 560.0], [655.1455873282025, 560.0], [655.1455873282025, 760.0], [455.1455873282025, 760.0], [455.1455873282025, 560.0]], [[280.0, 0.0], [480.0, 0.0], [480.0, 200.0], [280.0, 200.0], [280.0, 0.0]], [[0.0, 0.0], [280.0, 0.0], [280.0, 180.0], [0.0, 180.0], [0.0, 0.0]], [[460.0, 560.0], [180.0, 560.0], [320.0, 420.0], [460.0, 560.0]], [[655.1455873282023, 524.329498677328], [475.1455873282023, 524.329498677328], [655.1455873282023, 244.32949867732805], [655.1455873282023, 524.329498677328]], [[0.0, 180.0], [280.0, 180.0], [280.0, 460.0], [0.0, 460.0], [0.0, 180.0]], [[471.15708941795776, 222.10727645510565], [551.1570894179578, 22.107276455105648], [651.1570894179578, 22.107276455105648], [651.1570894179578, 222.10727645510565], [471.15708941795776, 222.10727645510565]], [[280.0, 230.42912674961565], [380.0, 230.42912674961565], [380.0, 410.42912674961565], [280.0, 410.42912674961565], [280.0, 230.42912674961565]], [[0.0, 740.0], [0.0, 460.0], [280.0, 460.0], [0.0, 740.0]], [[455.1455873282025, 560.0], [455.1455873282025, 760.0], [255.1455873282025, 760.0], [175.1455873282025, 560.0], [455.1455873282025, 560.0]], [[60.0, 760.0], [140.0, 600.0], [220.0, 760.0], [60.0, 760.0]], [[375.1455873282024, 222.10727645510576], [655.1455873282024, 222.10727645510576], [515.1455873282024, 462.10727645510576], [375.1455873282024, 222.10727645510576]]]"
Wed Jul 15 00:44:45 2020,2,True,661.0220126981835,0.8623010868781108,"[0, 0, 1, 0, 0, 0, 0, 1, 2, 1, 3, 0]","[[[0.0, 260.0], [200.0, 260.0], [200.0, 460.0], [0.0, 460.0], [0.0, 260.0]], [[0.0, 560.0], [200.0, 560.0], [200.0, 760.0], [0.0, 760.0], [0.0, 560.0]], [[660.0, 261.0220126981835], [660.0, 541.0220126981835], [480.0, 541.0220126981835], [480.0, 261.0220126981835], [660.0, 261.0220126981835]], [[180.0, 460.0], [460.0, 460.0], [320.0, 600.0], [180.0, 460.0]], [[200.0, 180.0], [200.0, 0.0], [480.0, 180.0], [200.0, 180.0]], [[200.0, 180.0], [480.0, 180.0], [480.0, 460.0], [200.0, 460.0], [200.0, 180.0]], [[0.0, 80.0], [200.0, 160.0], [200.0, 260.0], [0.0, 260.0], [0.0, 80.0]], [[180.0, 460.0], [180.0, 560.0], [0.0, 560.0], [0.0, 460.0], [180.0, 460.0]], [[480.0, 760.0], [200.0, 760.0], [200.0, 480.0], [480.0, 760.0]], [[661.0220126981835, 541.0220126981835], [661.0220126981835, 741.0220126981835], [461.0220126981835, 741.0220126981835], [381.0220126981835, 541.0220126981835], [661.0220126981835, 541.0220126981835]], [[200.0, 160.0], [40.0, 80.0], [200.0, 0.0], [200.0, 160.0]], [[381.0220126981835, 0.0], [661.0220126981835, 0.0], [521.0220126981835, 240.0], [381.0220126981835, 0.0]]]"
Wed Jul 15 00:47:48 2020,2,True,660.3476708275207,0.8631816619958684,"[0, 0, 1, 1, 1, 0, 1, 0, 1, 0, 2, 2]","[[[280.0, 560.0], [480.0, 560.0], [480.0, 760.0], [280.0, 760.0], [280.0, 560.0]], [[180.0, 0.0], [380.0, 0.0], [380.0, 200.0], [180.0, 200.0], [180.0, 0.0]], [[180.0, 200.0], [180.0, 480.0], [0.0, 480.0], [0.0, 200.0], [180.0, 200.0]], [[660.3476708275207, 340.59600713289274], [660.3476708275207, 620.5960071328927], [520.3476708275207, 480.59600713289274], [660.3476708275207, 340.59600713289274]], [[380.0, 0.0], [560.0, 0.0], [380.0, 280.0], [380.0, 0.0]], [[0.0, 480.0], [280.0, 480.0], [280.0, 760.0], [0.0, 760.0], [0.0, 480.0]], [[180.0, 0.0], [100.0, 200.0], [0.0, 200.0], [0.0, 0.0], [180.0, 0.0]], [[480.0, 579.0563220395863], [580.0, 579.0563220395863], [580.0, 759.0563220395863], [480.0, 759.0563220395863], [480.0, 579.0563220395863]], [[660.3476708275207, 0.0], [660.3476708275207, 280.0], [380.3476708275207, 280.0], [660.3476708275207, 0.0]], [[180.0, 200.0], [380.0, 200.0], [380.0, 400.0], [180.0, 480.0], [180.0, 200.0]], [[576.6666666666666, 280.0], [496.66666666666663, 440.0], [416.66666666666663, 280.0], [576.6666666666666, 280.0]], [[566.6666666666666, 560.0], [286.66666666666663, 560.0], [426.66666666666663, 320.0], [566.6666666666666, 560.0]]]"
Wed Jul 15 00:51:40 2020,2,True,666.2707570558567,0.8555080557921202,"[0, 0, 0, 3, 0, 0, 1, 1, 1, 0, 3, 1]","[[[279.6740168869868, 500.0], [479.6740168869868, 500.0], [479.6740168869868, 700.0], [279.6740168869868, 700.0], [279.6740168869868, 500.0]], [[271.11111111111114, 180.0], [471.11111111111114, 180.0], [471.11111111111114, 380.0], [271.11111111111114, 380.0], [271.11111111111114, 180.0]], [[200.0, 0.0], [480.0, 0.0], [480.0, 180.0], [200.0, 180.0], [200.0, 0.0]], [[480.0, 340.3259831130132], [480.0, 60.325983113013194], [620.0, 200.3259831130132], [480.0, 340.3259831130132]], [[0.0, 480.0], [0.0, 300.0], [280.0, 480.0], [0.0, 480.0]], [[0.0, 480.0], [280.0, 480.0], [280.0, 760.0], [0.0, 760.0], [0.0, 480.0]], [[659.6740168869868, 460.0], [579.6740168869868, 660.0], [479.6740168869868, 660.0], [479.6740168869868, 460.0], [659.6740168869868, 460.0]], [[659.6740168869868, 660.0], [659.6740168869868, 760.0], [479.6740168869868, 760.0], [479.6740168869868, 660.0], [659.6740168869868, 660.0]], [[666.2707570558567, 180.0], [666.2707570558567, 460.0], [386.27075705585673, 460.0], [666.2707570558567, 180.0]], [[0.0, 0.0], [200.0, 0.0], [200.0, 200.0], [0.0, 280.0], [0.0, 0.0]], [[659.6740168869868, 160.0], [499.6740168869868, 80.0], [659.6740168869868, 0.0], [659.6740168869868, 160.0]], [[271.11111111111114, 180.0], [271.11111111111114, 460.0], [31.111111111111143, 320.0], [271.11111111111114, 180.0]]]"
Wed Jul 15 00:53:03 2020,2,True,652.4762873017722,0.8735949659675115,"[0, 0, 1, 0, 1, 0, 3, 1, 1, 0, 3, 3]","[[[452.47628730177223, 560.0], [652.4762873017722, 560.0], [652.4762873017722, 760.0], [452.47628730177223, 760.0], [452.47628730177223, 560.0]], [[252.47628730177223, 560.0], [452.47628730177223, 560.0], [452.47628730177223, 760.0], [252.47628730177223, 760.0], [252.47628730177223, 560.0]], [[640.0, 276.99051492070885], [640.0, 556.9905149207088], [460.0, 556.9905149207088], [460.0, 276.99051492070885], [640.0, 276.99051492070885]], [[99.99999999999997, 0.0], [380.0, 0.0], [239.99999999999997, 140.0], [99.99999999999997, 0.0]], [[0.0, 452.72216574063293], [180.0, 452.72216574063293], [0.0, 732.7221657406329], [0.0, 452.72216574063293]], [[180.0, 280.0], [460.0, 280.0], [460.0, 560.0], [180.0, 560.0], [180.0, 280.0]], [[72.47628730177223, 760.0], [152.47628730177223, 560.0], [252.47628730177223, 560.0], [252.47628730177223, 760.0], [72.47628730177223, 760.0]], [[180.0, 352.72216574063293], [180.0, 452.72216574063293], [0.0, 452.72216574063293], [0.0, 352.72216574063293], [180.0, 352.72216574063293]], [[452.47628730177223, 0.0], [452.47628730177223, 280.0], [172.47628730177223, 280.0], [452.47628730177223, 0.0]], [[452.47628730177223, 0.0], [652.4762873017722, 0.0], [652.4762873017722, 200.0], [452.47628730177223, 280.0], [452.47628730177223, 0.0]], [[172.47628730177223, 352.72216574063293], [12.476287301772231, 272.72216574063293], [172.47628730177223, 192.72216574063293], [172.47628730177223, 352.72216574063293]], [[0.0, 280.0], [0.0, 0.0], [240.0, 140.0], [0.0, 280.0]]]"
Wed Jul 15 00:56:35 2020,2,True,651.8106633562909,0.8744870743061597,"[0, 0, 1, 3, 2, 0, 3, 1, 0, 2, 2, 2]","[[[0.0, 279.99999999999983], [200.0, 279.99999999999983], [200.0, 479.99999999999983], [0.0, 479.99999999999983], [0.0, 279.99999999999983]], [[180.0, 5.264573556670115], [380.0, 5.264573556670115], [380.0, 205.26457355667011], [180.0, 205.26457355667011], [180.0, 5.264573556670115]], [[180.0, 0.0], [180.0, 280.0], [0.0, 280.0], [0.0, 0.0], [180.0, 0.0]], [[479.9999999999999, 609.6547292434212], [479.9999999999999, 329.65472924342123], [619.9999999999999, 469.65472924342123], [479.9999999999999, 609.6547292434212]], [[651.8106633562909, 0.0], [651.8106633562909, 180.0], [371.8106633562909, 0.0], [651.8106633562909, 0.0]], [[199.9999999999999, 459.52665839072756], [479.9999999999999, 459.52665839072756], [479.9999999999999, 739.5266583907276], [199.9999999999999, 739.5266583907276], [199.9999999999999, 459.52665839072756]], [[471.8106633562909, 760.0], [551.8106633562909, 560.0], [651.8106633562909, 560.0], [651.8106633562909, 760.0], [471.8106633562909, 760.0]], [[560.0, 120.97885927095581], [560.0, 220.9788592709558], [380.0, 220.9788592709558], [380.0, 120.97885927095581], [560.0, 120.97885927095581]], [[371.8106633562909, 221.46539259971223], [651.8106633562909, 221.46539259971223], [651.8106633562909, 501.46539259971223], [371.8106633562909, 221.46539259971223]], [[200.0, 759.9999999999998], [0.0, 759.9999999999998], [0.0, 559.9999999999998], [200.0, 479.9999999999998], [200.0, 759.9999999999998]], [[340.0, 205.26457355667014], [260.0, 365.26457355667014], [180.0, 205.26457355667014], [340.0, 205.26457355667014]], [[480.0, 459.99999999999983], [200.0, 459.99999999999983], [340.0, 219.99999999999983], [480.0, 459.99999999999983]]]"
Wed Jul 15 01:00:42 2020,2,True,657.6571756318172,0.866712964018671,"[0, 0, 0, 3, 0, 0, 2, 1, 0, 1, 1, 1]","[[[0.0, 460.0], [200.0, 460.0], [200.0, 660.0], [0.0, 660.0], [0.0, 460.0]], [[451.1457184473437, 380.0], [651.1457184473437, 380.0], [651.1457184473437, 580.0], [451.1457184473437, 580.0], [451.1457184473437, 380.0]], [[377.65717563181715, 0.0], [657.6571756318172, 0.0], [657.6571756318172, 180.0], [377.65717563181715, 180.0], [377.65717563181715, 0.0]], [[297.8123851140104, 486.6666666666667], [297.8123851140104, 206.66666666666669], [437.8123851140104, 346.6666666666667], [297.8123851140104, 486.6666666666667]], [[279.7171470187723, 760.0], [279.7171470187723, 580.0], [559.7171470187723, 760.0], [279.7171470187723, 760.0]], [[0.0, 180.0], [280.0, 180.0], [280.0, 460.0], [0.0, 460.0], [0.0, 180.0]], [[651.1457184473437, 760.0], [451.1457184473437, 680.0], [451.1457184473437, 580.0], [651.1457184473437, 580.0], [651.1457184473437, 760.0]], [[279.7171470187723, 660.0], [279.7171470187723, 760.0], [99.71714701877232, 760.0], [99.71714701877232, 660.0], [279.7171470187723, 660.0]], [[97.65717563181715, 0.0], [377.65717563181715, 0.0], [377.65717563181715, 280.0], [97.65717563181715, 0.0]], [[657.6571756318172, 180.0], [657.6571756318172, 380.0], [457.65717563181715, 380.0], [377.65717563181715, 180.0], [657.6571756318172, 180.0]], [[0.0, 0.0], [160.0, 80.0], [0.0, 160.0], [0.0, 0.0]], [[451.1457184473437, 400.0], [451.1457184473437, 680.0], [211.1457184473437, 540.0], [451.1457184473437, 400.0]]]"
Wed Jul 15 01:04:08 2020,2,True,656.9862664010336,0.8675980445108179,"[0, 0, 1, 3, 3, 0, 0, 0, 1, 3, 2, 0]","[[[452.8571428571429, 280.0], [652.8571428571429, 280.0], [652.8571428571429, 480.0], [452.8571428571429, 480.0], [452.8571428571429, 280.0]], [[252.8571428571429, 280.0], [452.8571428571429, 280.0], [452.8571428571429, 480.0], [252.8571428571429, 480.0], [252.8571428571429, 280.0]], [[180.0, 0.0], [180.0, 280.0], [0.0, 280.0], [0.0, 0.0], [180.0, 0.0]], [[0.0, 560.0], [0.0, 280.0], [140.0, 420.0], [0.0, 560.0]], [[252.8571428571429, 560.0], [72.85714285714289, 560.0], [252.8571428571429, 280.0], [252.8571428571429, 560.0]], [[276.9862664010336, 480.0], [556.9862664010336, 480.0], [556.9862664010336, 760.0], [276.9862664010336, 760.0], [276.9862664010336, 480.0]], [[178.88967709511758, 98.09658930591604], [378.8896770951176, 178.09658930591604], [378.8896770951176, 278.09658930591604], [178.88967709511758, 278.09658930591604], [178.88967709511758, 98.09658930591604]], [[556.9862664010336, 480.0], [656.9862664010336, 480.0], [656.9862664010336, 660.0], [556.9862664010336, 660.0], [556.9862664010336, 480.0]], [[656.9862664010336, 0.0], [656.9862664010336, 280.0], [376.9862664010336, 280.0], [656.9862664010336, 0.0]], [[0.0, 760.0], [0.0, 560.0], [200.0, 560.0], [280.0, 760.0], [0.0, 760.0]], [[230.0, 280.0], [150.0, 440.0], [70.0, 280.0], [230.0, 280.0]], [[275.00000000000006, 0.0], [555.0, 0.0], [415.00000000000006, 240.0], [275.00000000000006, 0.0]]]"
Wed Jul 15 01:06:12 2020,2,True,643.3840227414667,0.8859405578199215,"[0, 0, 1, 1, 3, 0, 2, 1, 3, 0, 1, 2]","[[[230.0, 116.61597725853335], [430.0, 116.61597725853335], [430.0, 316.61597725853335], [230.0, 316.61597725853335], [230.0, 116.61597725853335]], [[443.38402274146665, 0.0], [643.3840227414667, 0.0], [643.3840227414667, 200.0], [443.38402274146665, 200.0], [443.38402274146665, 0.0]], [[643.3840227414667, 472.0], [643.3840227414667, 752.0], [463.38402274146665, 752.0], [463.38402274146665, 472.0], [643.3840227414667, 472.0]], [[230.0, 50.0], [230.0, 330.0], [90.0, 190.0], [230.0, 50.0]], [[460.0, 760.0], [280.0, 760.0], [460.0, 480.0], [460.0, 760.0]], [[0.0, 480.0], [280.0, 480.0], [280.0, 760.0], [0.0, 760.0], [0.0, 480.0]], [[443.02598673414445, 496.61597725853335], [243.02598673414445, 416.61597725853335], [243.02598673414445, 316.61597725853335], [443.02598673414445, 316.61597725853335], [443.02598673414445, 496.61597725853335]], [[443.38402274146665, 16.61597725853335], [443.38402274146665, 116.61597725853335], [263.38402274146665, 116.61597725853335], [263.38402274146665, 16.61597725853335], [443.38402274146665, 16.61597725853335]], [[0.0, 280.0], [0.0, 0.0], [280.0, 0.0], [0.0, 280.0]], [[443.38402274146665, 200.0], [643.3840227414667, 200.0], [643.3840227414667, 400.0], [443.38402274146665, 480.0], [443.38402274146665, 200.0]], [[280.0, 431.40558256487554], [440.0, 511.40558256487554], [280.0, 591.4055825648755], [280.0, 431.40558256487554]], [[280.0, 480.0], [0.0, 480.0], [140.0, 240.0], [280.0, 480.0]]]"
Wed Jul 15 01:12:03 2020,2,True,662.2029655314691,0.860763285079116,"[0, 0, 1, 1, 1, 0, 3, 0, 2, 3, 1, 1]","[[[0.0, 280.0], [200.0, 280.0], [200.0, 480.0], [0.0, 480.0], [0.0, 280.0]], [[277.8454217858865, 560.0], [477.8454217858865, 560.0], [477.8454217858865, 760.0], [277.8454217858865, 760.0], [277.8454217858865, 560.0]], [[657.8454217858865, 480.0], [657.8454217858865, 760.0], [477.8454217858865, 760.0], [477.8454217858865, 480.0], [657.8454217858865, 480.0]], [[397.8454217858865, 200.0], [397.8454217858865, 480.0], [257.8454217858865, 340.0], [397.8454217858865, 200.0]], [[0.0, 480.0], [180.0, 480.0], [0.0, 760.0], [0.0, 480.0]], [[0.0, 0.0], [280.0, 0.0], [280.0, 280.0], [0.0, 280.0], [0.0, 0.0]], [[48.57142857142856, 760.0], [128.57142857142856, 560.0], [228.57142857142856, 560.0], [228.57142857142856, 760.0], [48.57142857142856, 760.0]], [[552.0, 0.0], [652.0, 0.0], [652.0, 180.0], [552.0, 180.0], [552.0, 0.0]], [[477.8454217858865, 560.0], [197.84542178588651, 560.0], [197.84542178588651, 280.0], [477.8454217858865, 560.0]], [[280.0, 200.0], [280.0, 0.0], [480.0, 0.0], [560.0, 200.0], [280.0, 200.0]], [[424.5120884525532, 346.66666666666674], [584.5120884525531, 426.66666666666674], [424.5120884525532, 506.66666666666674], [424.5120884525532, 346.66666666666674]], [[662.2029655314691, 191.98634496270108], [662.2029655314691, 471.9863449627011], [422.2029655314691, 331.9863449627011], [662.2029655314691, 191.98634496270108]]]"
Wed Jul 15 01:16:22 2020,2,True,668.142693100414,0.8531111780254635,"[0, 0, 1, 3, 1, 0, 3, 0, 1, 0, 0, 0]","[[[272.6837651749324, 0.0], [472.6837651749324, 0.0], [472.6837651749324, 200.0], [272.6837651749324, 200.0], [272.6837651749324, 0.0]], [[460.0, 311.50833433813966], [660.0, 311.50833433813966], [660.0, 511.50833433813966], [460.0, 511.50833433813966], [460.0, 311.50833433813966]], [[460.0, 230.25009569142514], [460.0, 510.25009569142514], [280.0, 510.25009569142514], [280.0, 230.25009569142514], [460.0, 230.25009569142514]], [[0.0, 480.0], [0.0, 200.0], [140.0, 340.0], [0.0, 480.0]], [[472.6837651749324, 0.0], [652.6837651749324, 0.0], [472.6837651749324, 280.0], [472.6837651749324, 0.0]], [[0.0, 480.0], [280.0, 480.0], [280.0, 760.0], [0.0, 760.0], [0.0, 480.0]], [[480.0930567278296, 760.0], [560.0930567278297, 560.0], [660.0930567278297, 560.0], [660.0930567278297, 760.0], [480.0930567278296, 760.0]], [[568.142693100414, 131.50833433813966], [668.142693100414, 131.50833433813966], [668.142693100414, 311.50833433813966], [568.142693100414, 311.50833433813966], [568.142693100414, 131.50833433813966]], [[280.0, 200.0], [280.0, 480.0], [0.0, 480.0], [280.0, 200.0]], [[72.68376517493238, 0.0], [272.6837651749324, 0.0], [272.6837651749324, 200.0], [72.68376517493238, 280.0], [72.68376517493238, 0.0]], [[280.0, 760.0], [360.0, 600.0], [440.0, 760.0], [280.0, 760.0]], [[308.37986169724815, 511.50833433813966], [588.3798616972481, 511.50833433813966], [448.37986169724815, 751.5083343381397], [308.37986169724815, 511.50833433813966]]]"
Wed Jul 15 01:18:30 2020,2,True,660.8525614502877,0.8625221921650643,"[0, 0, 1, 1, 1, 0, 0, 0, 2, 0, 3, 1]","[[[0.0, 0.0], [200.0, 0.0], [200.0, 200.0], [0.0, 200.0], [0.0, 0.0]], [[229.13043478260875, 280.0], [429.13043478260875, 280.0], [429.13043478260875, 480.0], [229.13043478260875, 480.0], [229.13043478260875, 280.0]], [[654.309466782463, 480.0], [654.309466782463, 760.0], [474.309466782463, 760.0], [474.309466782463, 480.0], [654.309466782463, 480.0]], [[648.8107512057406, 95.18327590218132], [648.8107512057406, 375.1832759021813], [508.81075120574064, 235.18327590218132], [648.8107512057406, 95.18327590218132]], [[480.0, 0.0], [660.0, 0.0], [480.0, 280.0], [480.0, 0.0]], [[200.0, 0.0], [480.0, 0.0], [480.0, 280.0], [200.0, 280.0], [200.0, 0.0]], [[460.8525614502877, 300.0], [660.8525614502877, 380.0], [660.8525614502877, 480.0], [460.8525614502877, 480.0], [460.8525614502877, 300.0]], [[0.0, 480.86956521739125], [100.0, 480.86956521739125], [100.0, 660.8695652173913], [0.0, 660.8695652173913], [0.0, 480.86956521739125]], [[380.0, 760.0], [100.0, 760.0], [100.0, 480.0], [380.0, 760.0]], [[0.0, 200.0], [200.0, 200.0], [200.0, 400.0], [0.0, 480.0], [0.0, 200.0]], [[229.13043478260875, 545.4347826086956], [69.13043478260875, 465.4347826086956], [229.13043478260875, 385.4347826086956], [229.13043478260875, 545.4347826086956]], [[460.8525614502877, 460.8525614502877], [460.8525614502877, 740.8525614502877], [220.85256145028768, 600.8525614502877], [460.8525614502877, 460.8525614502877]]]"
Wed Jul 15 01:20:44 2020,2,True,653.641972718201,0.872037023004548,"[0, 0, 1, 3, 3, 0, 0, 1, 1, 1, 1, 0]","[[[200.0, 290.0], [400.0, 290.0], [400.0, 490.0], [200.0, 490.0], [200.0, 290.0]], [[0.0, 280.0], [200.0, 280.0], [200.0, 480.0], [0.0, 480.0], [0.0, 280.0]], [[180.0, 480.0], [180.0, 760.0], [0.0, 760.0], [0.0, 480.0], [180.0, 480.0]], [[280.0, 280.0], [280.0, 0.0], [420.0, 140.0], [280.0, 280.0]], [[648.5343335860317, 484.5606272872254], [468.5343335860317, 484.5606272872254], [648.5343335860317, 204.56062728722537], [648.5343335860317, 484.5606272872254]], [[0.0, 0.0], [280.0, 0.0], [280.0, 280.0], [0.0, 280.0], [0.0, 0.0]], [[453.64197271820103, 478.6036829400931], [653.641972718201, 558.6036829400931], [653.641972718201, 658.6036829400931], [453.64197271820103, 658.6036829400931], [453.64197271820103, 478.6036829400931]], [[647.1702700180208, 660.0], [647.1702700180208, 760.0], [467.1702700180208, 760.0], [467.1702700180208, 660.0], [647.1702700180208, 660.0]], [[453.64197271820103, 480.0], [453.64197271820103, 760.0], [173.64197271820103, 760.0], [453.64197271820103, 480.0]], [[644.0, 0.0], [644.0, 200.0], [444.0, 200.0], [364.0, 0.0], [644.0, 0.0]], [[180.0, 480.0], [340.0, 560.0], [180.0, 640.0], [180.0, 480.0]], [[352.10526315789474, 207.89473684210532], [632.1052631578948, 207.89473684210532], [492.10526315789474, 447.8947368421053], [352.10526315789474, 207.89473684210532]]]"
Wed Jul 15 01:25:06 2020,2,True,652.9751595982758,0.8729275403840417,"[0, 0, 1, 2, 2, 0, 0, 0, 3, 2, 1, 1]","[[[0.0, 558.341174027463], [200.0, 558.341174027463], [200.0, 758.341174027463], [0.0, 758.341174027463], [0.0, 558.341174027463]], [[452.9751595982758, 560.0], [652.9751595982758, 560.0], [652.9751595982758, 760.0], [452.9751595982758, 760.0], [452.9751595982758, 560.0]], [[652.9751595982758, 280.0], [652.9751595982758, 560.0], [472.9751595982758, 560.0], [472.9751595982758, 280.0], [652.9751595982758, 280.0]], [[338.0638753187194, 278.341174027463], [58.0638753187194, 278.341174027463], [198.0638753187194, 138.341174027463], [338.0638753187194, 278.341174027463]], [[372.9751595982758, 0.0], [372.9751595982758, 180.0], [92.97515959827581, 0.0], [372.9751595982758, 0.0]], [[372.9751595982758, 0.0], [652.9751595982758, 0.0], [652.9751595982758, 280.0], [372.9751595982758, 280.0], [372.9751595982758, 0.0]], [[200.0, 580.0], [400.0, 660.0], [400.0, 760.0], [200.0, 760.0], [200.0, 580.0]], [[0.0, 4.515968829679821], [100.0, 4.515968829679821], [100.0, 184.51596882967982], [0.0, 184.51596882967982], [0.0, 4.515968829679821]], [[200.0, 560.0], [200.0, 280.0], [480.0, 280.0], [200.0, 560.0]], [[200.0, 558.341174027463], [0.0, 558.341174027463], [0.0, 358.341174027463], [200.0, 278.341174027463], [200.0, 558.341174027463]], [[100.0, 27.37311168682271], [260.0, 107.37311168682271], [100.0, 187.3731116868227], [100.0, 27.37311168682271]], [[450.52631578947364, 409.47368421052624], [450.52631578947364, 689.4736842105262], [210.52631578947364, 549.4736842105262], [450.52631578947364, 409.47368421052624]]]"
Wed Jul 15 01:29:19 2020,2,True,658.8321169953018,0.8651672942108023,"[0, 0, 1, 0, 1, 0, 3, 0, 1, 3, 2, 2]","[[[278.8321169953018, 560.0], [478.8321169953018, 560.0], [478.8321169953018, 760.0], [278.8321169953018, 760.0], [278.8321169953018, 560.0]], [[454.79266845091934, 0.0], [654.7926684509193, 0.0], [654.7926684509193, 200.0], [454.79266845091934, 200.0], [454.79266845091934, 0.0]], [[180.0, 200.0], [180.0, 480.0], [0.0, 480.0], [0.0, 200.0], [180.0, 200.0]], [[180.0, 370.7700886108711], [460.0, 370.7700886108711], [320.0, 510.7700886108711], [180.0, 370.7700886108711]], [[460.0, 198.83211699530182], [640.0, 198.83211699530182], [460.0, 478.8321169953018], [460.0, 198.83211699530182]], [[0.0, 480.0], [280.0, 480.0], [280.0, 760.0], [0.0, 760.0], [0.0, 480.0]], [[478.8321169953018, 760.0], [558.8321169953018, 560.0], [658.8321169953018, 560.0], [658.8321169953018, 760.0], [478.8321169953018, 760.0]], [[354.79266845091934, 10.414663098161327], [454.79266845091934, 10.414663098161327], [454.79266845091934, 190.41466309816133], [354.79266845091934, 190.41466309816133], [354.79266845091934, 10.414663098161327]], [[658.8321169953018, 280.0], [658.8321169953018, 560.0], [378.8321169953018, 560.0], [658.8321169953018, 280.0]], [[0.0, 200.0], [0.0, 0.0], [200.0, 0.0], [280.0, 200.0], [0.0, 200.0]], [[360.0, 0.0], [280.0, 160.0], [200.0, 0.0], [360.0, 0.0]], [[460.0, 370.7700886108711], [180.0, 370.7700886108711], [320.0, 130.77008861087108], [460.0, 370.7700886108711]]]"
Wed Jul 15 01:33:19 2020,2,True,658.1600091476162,0.8660507962770446,"[0, 0, 1, 3, 1, 0, 3, 0, 0, 3, 2, 2]","[[[458.16000914761617, 200.0], [658.1600091476162, 200.0], [658.1600091476162, 400.0], [458.16000914761617, 400.0], [458.16000914761617, 200.0]], [[458.16000914761617, 0.0], [658.1600091476162, 0.0], [658.1600091476162, 200.0], [458.16000914761617, 200.0], [458.16000914761617, 0.0]], [[180.0, 280.0], [180.0, 560.0], [0.0, 560.0], [0.0, 280.0], [180.0, 280.0]], [[0.0, 280.0], [0.0, 0.0], [140.0, 140.0], [0.0, 280.0]], [[460.0, 400.0], [640.0, 400.0], [460.0, 680.0], [460.0, 400.0]], [[180.0, 280.0], [460.0, 280.0], [460.0, 560.0], [180.0, 560.0], [180.0, 280.0]], [[457.1428571428571, 760.0], [537.1428571428571, 560.0], [637.1428571428571, 560.0], [637.1428571428571, 760.0], [457.1428571428571, 760.0]], [[350.0, 580.0], [450.0, 580.0], [450.0, 760.0], [350.0, 760.0], [350.0, 580.0]], [[178.16000914761617, 0.0], [458.16000914761617, 0.0], [458.16000914761617, 280.0], [178.16000914761617, 0.0]], [[0.0, 760.0], [0.0, 560.0], [200.0, 560.0], [280.0, 760.0], [0.0, 760.0]], [[360.0, 560.0], [280.0, 720.0], [200.0, 560.0], [360.0, 560.0]], [[338.33333333333337, 280.0], [58.33333333333337, 280.0], [198.33333333333337, 40.0], [338.33333333333337, 280.0]]]"
Wed Jul 15 01:36:18 2020,2,True,657.4885869510202,0.8669352005686789,"[0, 0, 0, 2, 0, 0, 3, 0, 3, 3, 3, 1]","[[[456.0112771169221, 560.0], [656.0112771169221, 560.0], [656.0112771169221, 760.0], [456.0112771169221, 760.0], [456.0112771169221, 560.0]], [[170.9546744082221, 199.9276263404479], [370.9546744082221, 199.9276263404479], [370.9546744082221, 399.9276263404479], [170.9546744082221, 399.9276263404479], [170.9546744082221, 199.9276263404479]], [[372.0, 0.0], [652.0, 0.0], [652.0, 180.0], [372.0, 180.0], [372.0, 0.0]], [[560.0, 559.9517508936319], [280.0, 559.9517508936319], [420.0, 419.9517508936319], [560.0, 559.9517508936319]], [[0.0, 470.0281927923051], [0.0, 290.0281927923051], [280.0, 470.0281927923051], [0.0, 470.0281927923051]], [[0.0, 470.02819279230516], [280.0, 470.02819279230516], [280.0, 750.0281927923052], [0.0, 750.0281927923052], [0.0, 470.02819279230516]], [[276.0112771169221, 760.0], [356.0112771169221, 560.0], [456.0112771169221, 560.0], [456.0112771169221, 760.0], [276.0112771169221, 760.0]], [[272.0, 0.0], [372.0, 0.0], [372.0, 180.0], [272.0, 180.0], [272.0, 0.0]], [[370.9546744082221, 459.9517508936319], [370.9546744082221, 179.95175089363192], [650.9546744082221, 179.95175089363192], [370.9546744082221, 459.9517508936319]], [[0.0, 200.0], [0.0, 0.0], [200.0, 0.0], [280.0, 200.0], [0.0, 200.0]], [[160.0, 360.0], [0.0, 280.0], [160.0, 200.0], [160.0, 360.0]], [[654.3023993440459, 276.628150510992], [654.3023993440459, 556.628150510992], [414.30239934404585, 416.628150510992], [654.3023993440459, 276.628150510992]]]"
Wed Jul 15 01:39:39 2020,2,True,656.8178497060468,0.8678205080070504,"[0, 0, 1, 0, 1, 0, 0, 0, 2, 0, 0, 1]","[[[256.8178497060468, 0.0], [456.8178497060468, 0.0], [456.8178497060468, 200.0], [256.8178497060468, 200.0], [256.8178497060468, 0.0]], [[456.81784970604645, 280.0], [656.8178497060464, 280.0], [656.8178497060464, 480.0], [456.81784970604645, 480.0], [456.81784970604645, 280.0]], [[180.0, 480.0], [180.0, 760.0], [0.0, 760.0], [0.0, 480.0], [180.0, 480.0]], [[276.8178497060461, 480.0], [556.8178497060461, 480.0], [416.8178497060461, 620.0], [276.8178497060461, 480.0]], [[0.0, 190.60554398718335], [180.0, 190.60554398718335], [0.0, 470.60554398718335], [0.0, 190.60554398718335]], [[176.23166412558135, 198.8276288390698], [456.23166412558135, 198.8276288390698], [456.23166412558135, 478.8276288390698], [176.23166412558135, 478.8276288390698], [176.23166412558135, 198.8276288390698]], [[0.0, 10.605543987183353], [200.0, 90.60554398718335], [200.0, 190.60554398718335], [0.0, 190.60554398718335], [0.0, 10.605543987183353]], [[176.8178497060461, 478.8276288390698], [276.8178497060461, 478.8276288390698], [276.8178497060461, 658.8276288390698], [176.8178497060461, 658.8276288390698], [176.8178497060461, 478.8276288390698]], [[556.8178497060464, 760.0], [276.81784970604645, 760.0], [276.81784970604645, 480.0], [556.8178497060464, 760.0]], [[456.8178497060468, 0.0], [656.8178497060468, 0.0], [656.8178497060468, 200.0], [456.8178497060468, 280.0], [456.8178497060468, 0.0]], [[16.817849706046445, 480.0], [96.81784970604645, 320.0], [176.81784970604645, 480.0], [16.817849706046445, 480.0]], [[656.8178497060464, 480.0], [656.8178497060464, 760.0], [416.81784970604645, 620.0], [656.8178497060464, 480.0]]]"
Wed Jul 15 01:42:10 2020,2,True,643.2190929457328,0.8861677245766861,"[0, 0, 0, 3, 1, 0, 3, 1, 0, 3, 2, 2]","[[[280.0, 318.2094784828387], [480.0, 318.2094784828387], [480.0, 518.2094784828387], [280.0, 518.2094784828387], [280.0, 318.2094784828387]], [[281.4285714285715, 118.20947848283873], [481.4285714285715, 118.20947848283873], [481.4285714285715, 318.20947848283873], [281.4285714285715, 318.20947848283873], [281.4285714285715, 118.20947848283873]], [[0.0, 580.0], [280.0, 580.0], [280.0, 760.0], [0.0, 760.0], [0.0, 580.0]], [[481.4999209023861, 398.28082795665335], [481.4999209023861, 118.28082795665335], [621.4999209023861, 258.28082795665335], [481.4999209023861, 398.28082795665335]], [[0.0, 0.0], [180.0, 0.0], [0.0, 280.0], [0.0, 0.0]], [[0.0, 300.0], [280.0, 300.0], [280.0, 580.0], [0.0, 580.0], [0.0, 300.0]], [[463.21909294573277, 560.0], [543.2190929457328, 360.0], [643.2190929457328, 360.0], [643.2190929457328, 560.0], [463.21909294573277, 560.0]], [[360.0, 0.0], [360.0, 100.0], [180.0, 100.0], [180.0, 0.0], [360.0, 0.0]], [[363.21909294573277, 0.0], [643.2190929457328, 0.0], [643.2190929457328, 280.0], [363.21909294573277, 0.0]], [[280.0, 760.0], [280.0, 560.0], [480.0, 560.0], [560.0, 760.0], [280.0, 760.0]], [[640.0, 560.0], [560.0, 720.0], [480.0, 560.0], [640.0, 560.0]], [[281.4285714285715, 299.99999999999994], [1.4285714285715017, 299.99999999999994], [141.4285714285715, 59.99999999999994], [281.4285714285715, 299.99999999999994]]]"
Wed Jul 15 01:46:56 2020,2,True,648.9885418580843,0.878289774374234,"[0, 0, 1, 3, 0, 0, 0, 1, 0, 0, 3, 1]","[[[448.9885418580843, 560.0], [648.9885418580843, 560.0], [648.9885418580843, 760.0], [448.9885418580843, 760.0], [448.9885418580843, 560.0]], [[0.0, 280.0], [200.0, 280.0], [200.0, 480.0], [0.0, 480.0], [0.0, 280.0]], [[448.9885418580843, 460.0], [448.9885418580843, 740.0], [268.9885418580843, 740.0], [268.9885418580843, 460.0], [448.9885418580843, 460.0]], [[480.0, 391.0114581419157], [480.0, 111.01145814191568], [620.0, 251.01145814191568], [480.0, 391.0114581419157]], [[0.0, 760.0], [0.0, 580.0], [280.0, 760.0], [0.0, 760.0]], [[200.0, 178.6354911944827], [480.0, 178.6354911944827], [480.0, 458.6354911944827], [200.0, 458.6354911944827], [200.0, 178.6354911944827]], [[200.0, 0.0], [400.0, 80.0], [400.0, 180.0], [200.0, 180.0], [200.0, 0.0]], [[628.9885418580843, 460.0], [628.9885418580843, 560.0], [448.9885418580843, 560.0], [448.9885418580843, 460.0], [628.9885418580843, 460.0]], [[368.9885418580843, 0.0], [648.9885418580843, 0.0], [648.9885418580843, 280.0], [368.9885418580843, 0.0]], [[0.0, 0.0], [200.0, 0.0], [200.0, 200.0], [0.0, 280.0], [0.0, 0.0]], [[648.9885418580843, 462.02291628383136], [488.9885418580843, 382.02291628383136], [648.9885418580843, 302.02291628383136], [648.9885418580843, 462.02291628383136]], [[268.9885418580843, 458.6354911944827], [268.9885418580843, 738.6354911944827], [28.988541858084318, 598.6354911944827], [268.9885418580843, 458.6354911944827]]]"
Wed Jul 15 01:49:54 2020,2,True,648.3264759375123,0.8791866770144651,"[0, 0, 1, 3, 3, 0, 0, 1, 0, 3, 0, 0]","[[[431.5561942779077, 300.0], [631.5561942779077, 300.0], [631.5561942779077, 500.0], [431.5561942779077, 500.0], [431.5561942779077, 300.0]], [[448.3264759375123, 100.0], [648.3264759375123, 100.0], [648.3264759375123, 300.0], [448.3264759375123, 300.0], [448.3264759375123, 100.0]], [[180.0, 480.0], [180.0, 760.0], [0.0, 760.0], [0.0, 480.0], [180.0, 480.0]], [[280.0, 398.092598081671], [280.0, 118.09259808167099], [420.0, 258.092598081671], [280.0, 398.092598081671]], [[648.3264759375123, 760.0], [468.3264759375123, 760.0], [648.3264759375123, 480.0], [648.3264759375123, 760.0]], [[0.0, 200.0], [280.0, 200.0], [280.0, 480.0], [0.0, 480.0], [0.0, 200.0]], [[0.0, 20.0], [200.0, 100.0], [200.0, 200.0], [0.0, 200.0], [0.0, 20.0]], [[628.3264759375123, 0.0], [628.3264759375123, 100.0], [448.3264759375123, 100.0], [448.3264759375123, 0.0], [628.3264759375123, 0.0]], [[168.32647593751233, 0.0], [448.3264759375123, 0.0], [448.3264759375123, 280.0], [168.32647593751233, 0.0]], [[180.0, 760.0], [180.0, 560.0], [380.0, 560.0], [460.0, 760.0], [180.0, 760.0]], [[271.55619427790765, 496.8876114441847], [351.55619427790765, 336.8876114441847], [431.55619427790765, 496.8876114441847], [271.55619427790765, 496.8876114441847]], [[343.18444000910785, 496.8876114441847], [623.1844400091079, 496.8876114441847], [483.18444000910785, 736.8876114441847], [343.18444000910785, 496.8876114441847]]]"
Wed Jul 15 01:55:07 2020,2,True,660.6831536407716,0.8627433541463083,"[0, 0, 1, 3, 1, 0, 1, 1, 0, 2, 2, 2]","[[[379.99999999999955, 280.0], [579.9999999999995, 280.0], [579.9999999999995, 480.0], [379.99999999999955, 480.0], [379.99999999999955, 280.0]], [[459.9999999999992, 0.0], [659.9999999999992, 0.0], [659.9999999999992, 200.0], [459.9999999999992, 200.0], [459.9999999999992, 0.0]], [[180.0, 0.0], [180.0, 280.0], [0.0, 280.0], [0.0, 0.0], [180.0, 0.0]], [[179.99999999999977, 280.0], [179.99999999999977, 0.0], [319.9999999999998, 140.0], [179.99999999999977, 280.0]], [[0.0, 480.0], [180.0, 480.0], [0.0, 760.0], [0.0, 480.0]], [[374.14173627799164, 480.0], [654.1417362779916, 480.0], [654.1417362779916, 760.0], [374.14173627799164, 760.0], [374.14173627799164, 480.0]], [[180.0, 279.99999999999955], [100.0, 479.99999999999955], [0.0, 479.99999999999955], [0.0, 279.99999999999955], [180.0, 279.99999999999955]], [[370.6526424875163, 482.34330548880337], [370.6526424875163, 582.3433054888034], [190.6526424875163, 582.3433054888034], [190.6526424875163, 482.34330548880337], [370.6526424875163, 482.34330548880337]], [[179.9999999999992, 0.0], [459.9999999999992, 0.0], [459.9999999999992, 280.0], [179.9999999999992, 0.0]], [[380.0, 479.9999999999998], [180.0, 479.9999999999998], [180.0, 279.9999999999998], [380.0, 199.99999999999977], [380.0, 479.9999999999998]], [[374.14173627799164, 599.7531805581897], [294.14173627799164, 759.7531805581897], [214.14173627799164, 599.7531805581897], [374.14173627799164, 599.7531805581897]], [[294.14173627799164, 759.7531805581897], [14.14173627799164, 759.7531805581897], [154.14173627799164, 519.7531805581897], [294.14173627799164, 759.7531805581897]]]"
Wed Jul 15 01:58:14 2020,2,True,660.0091574573116,0.8636243809039372,"[0, 0, 0, 0, 1, 0, 3, 1, 1, 0, 0, 0]","[[[0.0, 200.0], [200.0, 200.0], [200.0, 400.0], [0.0, 400.0], [0.0, 200.0]], [[0.0, 0.0], [200.0, 0.0], [200.0, 200.0], [0.0, 200.0], [0.0, 0.0]], [[175.0, 580.0], [455.0, 580.0], [455.0, 760.0], [175.0, 760.0], [175.0, 580.0]], [[200.0, 280.0], [480.0, 280.0], [340.0, 420.0], [200.0, 280.0]], [[480.0, 0.0], [660.0, 0.0], [480.0, 280.0], [480.0, 0.0]], [[200.0, 0.0], [480.0, 0.0], [480.0, 280.0], [200.0, 280.0], [200.0, 0.0]], [[461.52558667592905, 384.29353183744365], [541.525586675929, 184.29353183744365], [641.525586675929, 184.29353183744365], [641.525586675929, 384.29353183744365], [461.52558667592905, 384.29353183744365]], [[653.474413324071, 660.0], [653.474413324071, 760.0], [473.47441332407095, 760.0], [473.47441332407095, 660.0], [653.474413324071, 660.0]], [[460.0, 300.0], [460.0, 580.0], [180.0, 580.0], [460.0, 300.0]], [[460.0, 384.29353183744365], [660.0, 384.29353183744365], [660.0, 584.2935318374437], [460.0, 664.2935318374437], [460.0, 384.29353183744365]], [[0.0, 697.1428571428571], [80.0, 537.1428571428571], [160.0, 697.1428571428571], [0.0, 697.1428571428571]], [[0.0, 400.0], [280.0, 400.0], [140.0, 640.0], [0.0, 400.0]]]"
Wed Jul 15 02:02:16 2020,2,True,665.9292073398411,0.8559468389694974,"[0, 0, 0, 1, 2, 0, 0, 1, 2, 3, 0, 3]","[[[278.7368421052632, 0.0], [478.7368421052632, 0.0], [478.7368421052632, 200.0], [278.7368421052632, 200.0], [278.7368421052632, 0.0]], [[465.9292073398411, 380.0], [665.9292073398411, 380.0], [665.9292073398411, 580.0], [465.9292073398411, 580.0], [465.9292073398411, 380.0]], [[385.9292073398411, 200.0], [665.9292073398411, 200.0], [665.9292073398411, 380.0], [385.9292073398411, 380.0], [385.9292073398411, 200.0]], [[180.0, 380.0], [180.0, 660.0], [40.0, 520.0], [180.0, 380.0]], [[305.3801169590643, 203.15789473684208], [305.3801169590643, 383.1578947368421], [25.38011695906431, 203.15789473684208], [305.3801169590643, 203.15789473684208]], [[180.0, 380.0], [460.0, 380.0], [460.0, 660.0], [180.0, 660.0], [180.0, 380.0]], [[460.0, 577.6283170640636], [660.0, 657.6283170640636], [660.0, 757.6283170640636], [460.0, 757.6283170640636], [460.0, 577.6283170640636]], [[460.0, 660.0], [460.0, 760.0], [280.0, 760.0], [280.0, 660.0], [460.0, 660.0]], [[280.0, 760.0], [0.0, 760.0], [0.0, 480.0], [280.0, 760.0]], [[0.0, 203.15789473684208], [0.0, 3.1578947368420813], [200.0, 3.1578947368420813], [280.0, 203.15789473684208], [0.0, 203.15789473684208]], [[478.7368421052631, 200.0], [558.7368421052631, 40.0], [638.7368421052631, 200.0], [478.7368421052631, 200.0]], [[3.1578947368421098, 483.1578947368421], [3.1578947368421098, 203.15789473684208], [243.1578947368421, 343.1578947368421], [3.1578947368421098, 483.1578947368421]]]"
Wed Jul 15 02:04:57 2020,2,True,652.1418090310771,0.874043025775146,"[0, 0, 1, 0, 2, 0, 1, 1, 2, 2, 0, 3]","[[[0.0, 280.0], [200.0, 280.0], [200.0, 480.0], [0.0, 480.0], [0.0, 280.0]], [[200.0, 307.8581909689229], [400.0, 307.8581909689229], [400.0, 507.8581909689229], [200.0, 507.8581909689229], [200.0, 307.8581909689229]], [[180.0, 0.0], [180.0, 280.0], [0.0, 280.0], [0.0, 0.0], [180.0, 0.0]], [[127.85819096892283, 607.8581909689228], [407.8581909689228, 607.8581909689228], [267.8581909689228, 747.8581909689228], [127.85819096892283, 607.8581909689228]], [[652.1418090310771, 279.99999999999994], [652.1418090310771, 459.99999999999994], [372.14180903107706, 279.99999999999994], [652.1418090310771, 279.99999999999994]], [[372.14180903107706, 0.0], [652.1418090310771, 0.0], [652.1418090310771, 280.0], [372.14180903107706, 280.0], [372.14180903107706, 0.0]], [[360.0, 0.0], [280.0, 200.0], [180.0, 200.0], [180.0, 0.0], [360.0, 0.0]], [[307.8581909689228, 507.8581909689228], [307.8581909689228, 607.8581909689228], [127.85819096892283, 607.8581909689228], [127.85819096892283, 507.8581909689228], [307.8581909689228, 507.8581909689228]], [[280.0, 760.0], [0.0, 760.0], [0.0, 480.0], [280.0, 760.0]], [[652.1418090310771, 760.0], [452.14180903107706, 760.0], [452.14180903107706, 560.0], [652.1418090310771, 480.0], [652.1418090310771, 760.0]], [[226.07090451553853, 307.8581909689229], [306.07090451553853, 147.85819096892288], [386.07090451553853, 307.8581909689229], [226.07090451553853, 307.8581909689229]], [[398.57287298229033, 591.2771125400657], [398.57287298229033, 311.2771125400657], [638.5728729822904, 451.2771125400657], [398.57287298229033, 591.2771125400657]]]"
Wed Jul 15 02:08:24 2020,2,True,651.4765263037372,0.8749355916689614,"[0, 0, 1, 3, 0, 0, 0, 1, 0, 1, 3, 1]","[[[0.0, 0.0], [200.0, 0.0], [200.0, 200.0], [0.0, 200.0], [0.0, 0.0]], [[445.02626366706636, 559.9999999999999], [645.0262636670664, 559.9999999999999], [645.0262636670664, 759.9999999999999], [445.02626366706636, 759.9999999999999], [445.02626366706636, 559.9999999999999]], [[473.2556086158227, 108.52347369626284], [473.2556086158227, 388.52347369626284], [293.2556086158227, 388.52347369626284], [293.2556086158227, 108.52347369626284], [473.2556086158227, 108.52347369626284]], [[474.805274199162, 383.32874789542484], [474.805274199162, 103.32874789542484], [614.805274199162, 243.32874789542484], [474.805274199162, 383.32874789542484]], [[279.9968717549692, 559.9999999999999], [279.9968717549692, 379.9999999999999], [559.9968717549692, 559.9999999999999], [279.9968717549692, 559.9999999999999]], [[0.0, 200.0], [280.0, 200.0], [280.0, 480.0], [0.0, 480.0], [0.0, 200.0]], [[0.0, 580.0], [200.0, 660.0], [200.0, 760.0], [0.0, 760.0], [0.0, 580.0]], [[380.0, 8.52347369626284], [380.0, 108.52347369626284], [200.0, 108.52347369626284], [200.0, 8.52347369626284], [380.0, 8.52347369626284]], [[371.47652630373716, 0.0], [651.4765263037372, 0.0], [651.4765263037372, 280.0], [371.47652630373716, 0.0]], [[445.02626366706636, 559.9999999999999], [445.02626366706636, 759.9999999999999], [245.02626366706636, 759.9999999999999], [165.02626366706636, 559.9999999999999], [445.02626366706636, 559.9999999999999]], [[165.02626366706636, 646.0105054668265], [5.02626366706636, 566.0105054668265], [165.02626366706636, 486.01050546682654], [165.02626366706636, 646.0105054668265]], [[651.4765263037372, 283.76265320472453], [651.4765263037372, 563.7626532047245], [411.47652630373716, 423.76265320472453], [651.4765263037372, 283.76265320472453]]]"
Wed Jul 15 02:13:18 2020,2,True,663.893241902361,0.8585717763396514,"[0, 0, 1, 2, 2, 0, 1, 0, 1, 3, 0, 0]","[[[463.89324190236096, 0.0], [663.893241902361, 0.0], [663.893241902361, 200.0], [463.89324190236096, 200.0], [463.89324190236096, 0.0]], [[460.0, 540.0], [660.0, 540.0], [660.0, 740.0], [460.0, 740.0], [460.0, 540.0]], [[180.0, 480.0], [180.0, 760.0], [0.0, 760.0], [0.0, 480.0], [180.0, 480.0]], [[388.1627000848607, 181.31608026017844], [108.16270008486072, 181.31608026017844], [248.16270008486072, 41.31608026017844], [388.1627000848607, 181.31608026017844]], [[463.89324190236096, 0.0], [463.89324190236096, 180.0], [183.89324190236096, 0.0], [463.89324190236096, 0.0]], [[180.0, 480.0], [460.0, 480.0], [460.0, 760.0], [180.0, 760.0], [180.0, 480.0]], [[180.0, 1.7228304723303722], [100.0, 201.72283047233037], [0.0, 201.72283047233037], [0.0, 1.7228304723303722], [180.0, 1.7228304723303722]], [[522.3070035151873, 200.0], [622.3070035151873, 200.0], [622.3070035151873, 380.0], [522.3070035151873, 380.0], [522.3070035151873, 200.0]], [[522.3070035151873, 200.0], [522.3070035151873, 480.0], [242.30700351518726, 480.0], [522.3070035151873, 200.0]], [[0.0, 448.1887832515918], [0.0, 248.18878325159181], [200.0, 248.18878325159181], [280.0, 448.1887832515918], [0.0, 448.1887832515918]], [[492.30700351518726, 540.0], [572.3070035151873, 380.0], [652.3070035151873, 540.0], [492.30700351518726, 540.0]], [[160.99092325500885, 181.3160802601784], [440.99092325500885, 181.3160802601784], [300.99092325500885, 421.3160802601784], [160.99092325500885, 181.3160802601784]]]"
Wed Jul 15 02:13:43 2020,2,True,637.3375122262665,0.8943456003538036,"[1, 0, 1, 1, 0, 0, 2, 1, 2, 3, 2, 1]","[[[637.3375122262665, 0.0], [637.3375122262665, 200.0], [437.33751222626654, 200.0], [437.33751222626654, 0.0], [637.3375122262665, 0.0]], [[437.33751222626654, 545.4312578597428], [637.3375122262665, 545.4312578597428], [637.3375122262665, 745.4312578597428], [437.33751222626654, 745.4312578597428], [437.33751222626654, 545.4312578597428]], [[180.0, 480.0], [180.0, 760.0], [0.0, 760.0], [0.0, 480.0], [180.0, 480.0]], [[417.2843710701286, 22.7156289298714], [417.2843710701286, 302.7156289298714], [277.2843710701286, 162.7156289298714], [417.2843710701286, 22.7156289298714]], [[180.0, 760.0], [180.0, 580.0], [460.0, 760.0], [180.0, 760.0]], [[0.0, 200.0], [280.0, 200.0], [280.0, 480.0], [0.0, 480.0], [0.0, 200.0]], [[637.3375122262665, 380.0], [437.33751222626654, 300.0], [437.33751222626654, 200.0], [637.3375122262665, 200.0], [637.3375122262665, 380.0]], [[617.3375122262665, 445.4312578597428], [617.3375122262665, 545.4312578597428], [437.33751222626654, 545.4312578597428], [437.33751222626654, 445.4312578597428], [617.3375122262665, 445.4312578597428]], [[560.0, 445.4312578597428], [280.0, 445.4312578597428], [280.0, 165.4312578597428], [560.0, 445.4312578597428]], [[0.0, 200.0], [0.0, 0.0], [200.0, 0.0], [280.0, 200.0], [0.0, 200.0]], [[360.0, 0.0], [280.0, 160.0], [200.0, 0.0], [360.0, 0.0]], [[437.33751222626654, 451.1455435740286], [437.33751222626654, 731.1455435740286], [197.33751222626654, 591.1455435740286], [437.33751222626654, 451.1455435740286]]]"
Wed Jul 15 02:19:04 2020,2,True,649.4847474836095,0.8776187619623579,"[0, 0, 1, 1, 0, 0, 1, 1, 3, 0, 1, 1]","[[[443.0542054293163, 36.94579457068369], [643.0542054293163, 36.94579457068369], [643.0542054293163, 236.9457945706837], [443.0542054293163, 236.9457945706837], [443.0542054293163, 36.94579457068369]], [[0.0, 280.0], [200.0, 280.0], [200.0, 480.0], [0.0, 480.0], [0.0, 280.0]], [[455.93666001983587, 480.0], [455.93666001983587, 760.0], [275.93666001983587, 760.0], [275.93666001983587, 480.0], [455.93666001983587, 480.0]], [[643.0542054293163, 333.89158914136726], [643.0542054293163, 613.8915891413673], [503.0542054293163, 473.89158914136726], [643.0542054293163, 333.89158914136726]], [[200.0, 480.0], [200.0, 300.0], [480.0, 480.0], [200.0, 480.0]], [[0.0, 480.0], [280.0, 480.0], [280.0, 760.0], [0.0, 760.0], [0.0, 480.0]], [[620.0, 236.9457945706837], [540.0, 436.9457945706837], [440.0, 436.9457945706837], [440.0, 236.9457945706837], [620.0, 236.9457945706837]], [[649.4847474836095, 660.0], [649.4847474836095, 760.0], [469.48474748360945, 760.0], [469.48474748360945, 660.0], [649.4847474836095, 660.0]], [[200.0, 280.0], [200.0, 0.0], [480.0, 0.0], [200.0, 280.0]], [[0.0, 0.0], [200.0, 0.0], [200.0, 200.0], [0.0, 280.0], [0.0, 0.0]], [[455.93666001983587, 506.7740437318869], [615.9366600198359, 586.7740437318869], [455.93666001983587, 666.7740437318869], [455.93666001983587, 506.7740437318869]], [[440.0, 140.0], [440.0, 420.0], [200.0, 280.0], [440.0, 140.0]]]"
Wed Jul 15 02:21:55 2020,2,True,642.3981934244259,0.8873001291636679,"[0, 0, 1, 3, 1, 0, 0, 0, 1, 0, 3, 2]","[[[436.03781527170884, 280.0], [636.0378152717088, 280.0], [636.0378152717088, 480.0], [436.03781527170884, 480.0], [436.03781527170884, 280.0]], [[0.0, 280.0], [200.0, 280.0], [200.0, 480.0], [0.0, 480.0], [0.0, 280.0]], [[180.0, 480.0], [180.0, 760.0], [0.0, 760.0], [0.0, 480.0], [180.0, 480.0]], [[397.77777777777777, 721.7399625060689], [397.77777777777777, 441.7399625060689], [537.7777777777778, 581.7399625060689], [397.77777777777777, 721.7399625060689]], [[280.0, 0.0], [460.0, 0.0], [280.0, 280.0], [280.0, 0.0]], [[0.0, 0.0], [280.0, 0.0], [280.0, 280.0], [0.0, 280.0], [0.0, 0.0]], [[180.0, 553.078030962785], [380.0, 633.078030962785], [380.0, 733.078030962785], [180.0, 733.078030962785], [180.0, 553.078030962785]], [[542.3981934244259, 0.0], [642.3981934244259, 0.0], [642.3981934244259, 180.0], [542.3981934244259, 180.0], [542.3981934244259, 0.0]], [[639.5177402838468, 480.0], [639.5177402838468, 760.0], [359.5177402838468, 760.0], [639.5177402838468, 480.0]], [[199.85474456078396, 281.0199287870986], [399.85474456078396, 281.0199287870986], [399.85474456078396, 481.0199287870986], [199.85474456078396, 561.0199287870986], [199.85474456078396, 281.0199287870986]], [[397.77777777777777, 641.9669198516739], [237.77777777777777, 561.9669198516739], [397.77777777777777, 481.9669198516739], [397.77777777777777, 641.9669198516739]], [[600.7315267577593, 280.0], [320.7315267577593, 280.0], [460.7315267577593, 40.0], [600.7315267577593, 280.0]]]"
Wed Jul 15 02:26:25 2020,2,True,648.1602791569492,0.8794121119877772,"[0, 0, 1, 2, 2, 0, 1, 0, 3, 1, 0, 3]","[[[0.0, 280.0], [200.0, 280.0], [200.0, 480.0], [0.0, 480.0], [0.0, 280.0]], [[447.9729588378452, 501.9507329495459], [647.9729588378452, 501.9507329495459], [647.9729588378452, 701.9507329495459], [447.9729588378452, 701.9507329495459], [447.9729588378452, 501.9507329495459]], [[380.0, 280.0], [380.0, 560.0], [200.0, 560.0], [200.0, 280.0], [380.0, 280.0]], [[596.2008741980198, 243.7991258019802], [316.20087419801985, 243.7991258019802], [456.20087419801985, 103.79912580198021], [596.2008741980198, 243.7991258019802]], [[648.1602791569492, 239.70466220585155], [648.1602791569492, 419.70466220585155], [368.1602791569492, 239.70466220585155], [648.1602791569492, 239.70466220585155]], [[0.0, 0.0], [280.0, 0.0], [280.0, 280.0], [0.0, 280.0], [0.0, 0.0]], [[180.0, 480.0], [100.0, 680.0], [0.0, 680.0], [0.0, 480.0], [180.0, 480.0]], [[546.2008741980198, 13.79912580198021], [646.2008741980198, 13.79912580198021], [646.2008741980198, 193.7991258019802], [546.2008741980198, 193.7991258019802], [546.2008741980198, 13.79912580198021]], [[280.0, 280.0], [280.0, 0.0], [560.0, 0.0], [280.0, 280.0]], [[447.9729588378452, 560.0], [447.9729588378452, 760.0], [247.97295883784523, 760.0], [167.97295883784523, 560.0], [447.9729588378452, 560.0]], [[75.5405326876918, 728.9189346246164], [155.54053268769178, 568.9189346246164], [235.54053268769178, 728.9189346246164], [75.5405326876918, 728.9189346246164]], [[380.0, 541.6016256049556], [380.0, 261.60162560495564], [620.0, 401.60162560495564], [380.0, 541.6016256049556]]]"
Wed Jul 15 02:31:31 2020,2,True,653.9740487707923,0.8715942185647433,"[0, 0, 0, 2, 2, 0, 3, 1, 2, 1, 2, 3]","[[[213.97404877079225, 280.0], [413.97404877079225, 280.0], [413.97404877079225, 480.0], [213.97404877079225, 480.0], [213.97404877079225, 280.0]], [[0.0, 556.0815610060816], [200.0, 556.0815610060816], [200.0, 756.0815610060816], [0.0, 756.0815610060816], [0.0, 556.0815610060816]], [[373.97404877079225, 0.0], [653.9740487707923, 0.0], [653.9740487707923, 180.0], [373.97404877079225, 180.0], [373.97404877079225, 0.0]], [[405.98887804462527, 260.0370731845826], [125.98887804462527, 260.0370731845826], [265.98887804462527, 120.0370731845826], [405.98887804462527, 260.0370731845826]], [[373.97404877079225, 0.0], [373.97404877079225, 180.0], [93.97404877079225, 0.0], [373.97404877079225, 0.0]], [[373.97404877079225, 480.0], [653.9740487707923, 480.0], [653.9740487707923, 760.0], [373.97404877079225, 760.0], [373.97404877079225, 480.0]], [[193.97404877079225, 760.0], [273.97404877079225, 560.0], [373.97404877079225, 560.0], [373.97404877079225, 760.0], [193.97404877079225, 760.0]], [[600.3858118840872, 380.0], [600.3858118840872, 480.0], [420.38581188408716, 480.0], [420.38581188408716, 380.0], [600.3858118840872, 380.0]], [[280.0, 556.0815610060816], [0.0, 556.0815610060816], [0.0, 276.08156100608164], [280.0, 556.0815610060816]], [[653.9740487707923, 180.0], [653.9740487707923, 380.0], [453.97404877079225, 380.0], [373.97404877079225, 180.0], [653.9740487707923, 180.0]], [[223.95551217850095, 260.0370731845826], [143.95551217850095, 420.0370731845826], [63.95551217850095, 260.0370731845826], [223.95551217850095, 260.0370731845826]], [[3.9184389939183575, 280.0], [3.9184389939183575, 0.0], [243.91843899391836, 140.0], [3.9184389939183575, 280.0]]]"
Wed Jul 15 02:35:54 2020,2,True,659.8399658521827,0.8638458255008025,"[0, 0, 0, 3, 2, 0, 1, 0, 0, 1, 1, 2]","[[[179.83996585218267, 0.0], [379.8399658521827, 0.0], [379.8399658521827, 200.0], [179.83996585218267, 200.0], [179.83996585218267, 0.0]], [[40.0, 560.0], [240.0, 560.0], [240.0, 760.0], [40.0, 760.0], [40.0, 560.0]], [[379.8399658521827, 0.0], [659.8399658521827, 0.0], [659.8399658521827, 180.0], [379.8399658521827, 180.0], [379.8399658521827, 0.0]], [[0.0, 600.0], [0.0, 320.0], [140.0, 460.0], [0.0, 600.0]], [[379.8399658521827, 400.0], [379.8399658521827, 580.0], [99.83996585218267, 400.0], [379.8399658521827, 400.0]], [[379.8399658521827, 180.0], [659.8399658521827, 180.0], [659.8399658521827, 460.0], [379.8399658521827, 460.0], [379.8399658521827, 180.0]], [[180.0, 0.0], [100.0, 200.0], [0.0, 200.0], [0.0, 0.0], [180.0, 0.0]], [[279.8399658521827, 200.0], [379.8399658521827, 200.0], [379.8399658521827, 380.0], [279.8399658521827, 380.0], [279.8399658521827, 200.0]], [[379.8399658521827, 460.0], [659.8399658521827, 460.0], [659.8399658521827, 740.0], [379.8399658521827, 460.0]], [[280.0, 200.0], [280.0, 400.0], [80.0, 400.0], [0.0, 200.0], [280.0, 200.0]], [[239.19480456186008, 509.6774193548388], [399.1948045618601, 589.6774193548388], [239.19480456186008, 669.6774193548388], [239.19480456186008, 509.6774193548388]], [[579.8399658521827, 760.0], [299.8399658521827, 760.0], [439.8399658521827, 520.0], [579.8399658521827, 760.0]]]"
Wed Jul 15 02:38:16 2020,2,True,659.1668298470827,0.8647279780935456,"[0, 0, 1, 3, 2, 0, 3, 0, 1, 0, 1, 3]","[[[302.22222222222223, 0.0], [502.22222222222223, 0.0], [502.22222222222223, 200.0], [302.22222222222223, 200.0], [302.22222222222223, 0.0]], [[0.0, 280.0], [200.0, 280.0], [200.0, 480.0], [0.0, 480.0], [0.0, 280.0]], [[180.0, 480.0], [180.0, 760.0], [0.0, 760.0], [0.0, 480.0], [180.0, 480.0]], [[497.0848700356154, 635.5555555555555], [497.0848700356154, 355.55555555555554], [637.0848700356154, 495.55555555555554], [497.0848700356154, 635.5555555555555]], [[302.22222222222223, 0.0], [302.22222222222223, 180.0], [22.22222222222223, 0.0], [302.22222222222223, 0.0]], [[200.0, 200.0], [480.0, 200.0], [480.0, 480.0], [200.0, 480.0], [200.0, 200.0]], [[479.1668298470827, 352.29235342759966], [559.1668298470827, 152.29235342759966], [659.1668298470827, 152.29235342759966], [659.1668298470827, 352.29235342759966], [479.1668298470827, 352.29235342759966]], [[380.0, 480.0], [480.0, 480.0], [480.0, 660.0], [380.0, 660.0], [380.0, 480.0]], [[659.1668298470827, 480.0], [659.1668298470827, 760.0], [379.1668298470827, 760.0], [659.1668298470827, 480.0]], [[180.0, 480.0], [380.0, 480.0], [380.0, 680.0], [180.0, 760.0], [180.0, 480.0]], [[499.1668298470827, 22.292353427599664], [659.1668298470827, 102.29235342759966], [499.1668298470827, 182.29235342759966], [499.1668298470827, 22.292353427599664]], [[0.0, 280.0], [0.0, 0.0], [240.0, 140.0], [0.0, 280.0]]]"
Wed Jul 15 02:41:16 2020,2,True,658.4943805419474,0.8656110315336091,"[0, 0, 1, 1, 0, 0, 1, 0, 3, 1, 3, 2]","[[[0.0, 0.0], [200.0, 0.0], [200.0, 200.0], [0.0, 200.0], [0.0, 0.0]], [[178.4943805419474, 200.0], [378.4943805419474, 200.0], [378.4943805419474, 400.0], [178.4943805419474, 400.0], [178.4943805419474, 200.0]], [[651.9746341999479, 0.0], [651.9746341999479, 280.0], [471.9746341999479, 280.0], [471.9746341999479, 0.0], [651.9746341999479, 0.0]], [[471.9746341999479, 0.0], [471.9746341999479, 280.0], [331.9746341999479, 140.0], [471.9746341999479, 0.0]], [[0.0, 465.2536125087481], [0.0, 285.2536125087481], [280.0, 465.2536125087481], [0.0, 465.2536125087481]], [[378.4943805419474, 280.0], [658.4943805419474, 280.0], [658.4943805419474, 560.0], [378.4943805419474, 560.0], [378.4943805419474, 280.0]], [[380.0, 0.0], [300.0, 200.0], [200.0, 200.0], [200.0, 0.0], [380.0, 0.0]], [[558.4943805419474, 560.0], [658.4943805419474, 560.0], [658.4943805419474, 740.0], [558.4943805419474, 740.0], [558.4943805419474, 560.0]], [[0.0, 745.2536125087481], [0.0, 465.2536125087481], [280.0, 465.2536125087481], [0.0, 745.2536125087481]], [[558.4943805419474, 560.0], [558.4943805419474, 760.0], [358.4943805419474, 760.0], [278.4943805419474, 560.0], [558.4943805419474, 560.0]], [[162.34207471252626, 360.0], [2.342074712526255, 280.0], [162.34207471252626, 200.0], [162.34207471252626, 360.0]], [[358.4943805419474, 760.0], [78.49438054194741, 760.0], [218.4943805419474, 520.0], [358.4943805419474, 760.0]]]"
Wed Jul 15 02:44:26 2020,2,True,657.8226172362398,0.8664949867409307,"[0, 0, 1, 1, 3, 0, 0, 0, 0, 3, 2, 0]","[[[180.0, 0.0], [380.0, 0.0], [380.0, 200.0], [180.0, 200.0], [180.0, 0.0]], [[440.0, 0.0], [640.0, 0.0], [640.0, 200.0], [440.0, 200.0], [440.0, 0.0]], [[180.0, 0.0], [180.0, 280.0], [0.0, 280.0], [0.0, 0.0], [180.0, 0.0]], [[380.0, 234.69705072606598], [380.0, 514.697050726066], [240.0, 374.697050726066], [380.0, 234.69705072606598]], [[657.8226172362398, 760.0], [477.8226172362398, 760.0], [657.8226172362398, 480.0], [657.8226172362398, 760.0]], [[0.0, 480.0], [280.0, 480.0], [280.0, 760.0], [0.0, 760.0], [0.0, 480.0]], [[380.0, 322.1773827637602], [580.0, 402.1773827637602], [580.0, 502.1773827637602], [380.0, 502.1773827637602], [380.0, 322.1773827637602]], [[279.6295987032911, 580.0], [379.6295987032911, 580.0], [379.6295987032911, 760.0], [279.6295987032911, 760.0], [279.6295987032911, 580.0]], [[377.8226172362398, 200.0], [657.8226172362398, 200.0], [657.8226172362398, 480.0], [377.8226172362398, 200.0]], [[0.0, 480.0], [0.0, 280.0], [200.0, 280.0], [280.0, 480.0], [0.0, 480.0]], [[340.0, 200.0], [260.0, 360.0], [180.0, 200.0], [340.0, 200.0]], [[341.23165605519733, 514.697050726066], [621.2316560551974, 514.697050726066], [481.23165605519733, 754.697050726066], [341.23165605519733, 514.697050726066]]]"
Wed Jul 15 02:47:31 2020,2,True,657.1515392301372,0.8673798446363885,"[0, 0, 1, 1, 1, 0, 0, 1, 2, 0, 3, 1]","[[[0.0, 0.0], [200.0, 0.0], [200.0, 200.0], [0.0, 200.0], [0.0, 0.0]], [[457.15153923013725, 560.0], [657.1515392301372, 560.0], [657.1515392301372, 760.0], [457.15153923013725, 760.0], [457.15153923013725, 560.0]], [[448.90142968162684, 380.0], [448.90142968162684, 660.0], [268.90142968162684, 660.0], [268.90142968162684, 380.0], [448.90142968162684, 380.0]], [[365.7142857142857, 100.0], [365.7142857142857, 380.0], [225.71428571428572, 240.0], [365.7142857142857, 100.0]], [[200.0, 0.0], [380.0, 0.0], [200.0, 280.0], [200.0, 0.0]], [[377.15153923013725, 4.430938975342087], [657.1515392301372, 4.430938975342087], [657.1515392301372, 284.4309389753421], [377.15153923013725, 284.4309389753421], [377.15153923013725, 4.430938975342087]], [[448.90142968162684, 380.0], [648.9014296816268, 460.0], [648.9014296816268, 560.0], [448.90142968162684, 560.0], [448.90142968162684, 380.0]], [[460.0, 660.0], [460.0, 760.0], [280.0, 760.0], [280.0, 660.0], [460.0, 660.0]], [[280.0, 760.0], [0.0, 760.0], [0.0, 480.0], [280.0, 760.0]], [[0.0, 200.0], [200.0, 200.0], [200.0, 400.0], [0.0, 480.0], [0.0, 200.0]], [[657.1515392301372, 464.1250547742552], [497.15153923013725, 384.1250547742552], [657.1515392301372, 304.1250547742552], [657.1515392301372, 464.1250547742552]], [[268.90142968162684, 359.8074993523844], [268.90142968162684, 639.8074993523844], [28.901429681626837, 499.8074993523844], [268.90142968162684, 359.8074993523844]]]"
Wed Jul 15 02:53:29 2020,2,True,669.6764168556041,0.8511573435367124,"[0, 0, 1, 0, 3, 0, 3, 0, 3, 3, 0, 3]","[[[260.0, 0.0], [460.0, 0.0], [460.0, 200.0], [260.0, 200.0], [260.0, 0.0]], [[469.6764168556041, 0.0], [669.6764168556041, 0.0], [669.6764168556041, 200.0], [469.6764168556041, 200.0], [469.6764168556041, 0.0]], [[389.6764168556041, 480.0], [389.6764168556041, 760.0], [209.6764168556041, 760.0], [209.6764168556041, 480.0], [389.6764168556041, 480.0]], [[383.04595728277627, 200.0], [663.0459572827763, 200.0], [523.0459572827763, 340.0], [383.04595728277627, 200.0]], [[663.0459572827763, 480.0], [483.04595728277627, 480.0], [663.0459572827763, 200.0], [663.0459572827763, 480.0]], [[389.6764168556041, 480.0], [669.6764168556041, 480.0], [669.6764168556041, 760.0], [389.6764168556041, 760.0], [389.6764168556041, 480.0]], [[29.67641685560409, 760.0], [109.67641685560409, 560.0], [209.6764168556041, 560.0], [209.6764168556041, 760.0], [29.67641685560409, 760.0]], [[160.0, 0.0], [260.0, 0.0], [260.0, 180.0], [160.0, 180.0], [160.0, 0.0]], [[0.0, 669.6764168556041], [0.0, 389.6764168556041], [280.0, 389.6764168556041], [0.0, 669.6764168556041]], [[0.0, 380.0], [0.0, 180.0], [200.0, 180.0], [280.0, 380.0], [0.0, 380.0]], [[0.0, 160.0], [80.0, 0.0], [160.0, 160.0], [0.0, 160.0]], [[280.0, 480.0], [280.0, 200.0], [520.0, 340.0], [280.0, 480.0]]]"
Wed Jul 15 02:54:46 2020,2,True,649.3182537831937,0.8778437949017249,"[0, 0, 0, 3, 3, 0, 2, 1, 1, 0, 0, 0]","[[[449.31825378319365, 280.0], [649.3182537831937, 280.0], [649.3182537831937, 480.0], [449.31825378319365, 480.0], [449.31825378319365, 280.0]], [[232.65158711652703, 180.0], [432.651587116527, 180.0], [432.651587116527, 380.0], [232.65158711652703, 380.0], [232.65158711652703, 180.0]], [[0.0, 0.0], [280.0, 0.0], [280.0, 180.0], [0.0, 180.0], [0.0, 0.0]], [[210.98492044986034, 638.3333333333333], [210.98492044986034, 358.33333333333326], [350.98492044986034, 498.33333333333326], [210.98492044986034, 638.3333333333333]], [[642.6190476190475, 280.0], [462.6190476190475, 280.0], [642.6190476190475, 0.0], [642.6190476190475, 280.0]], [[369.31825378319365, 480.0], [649.3182537831937, 480.0], [649.3182537831937, 760.0], [369.31825378319365, 760.0], [369.31825378319365, 480.0]], [[206.70436554201586, 360.0], [6.704365542015864, 280.0], [6.704365542015864, 180.0], [206.70436554201586, 180.0], [206.70436554201586, 360.0]], [[180.0, 349.31825378319365], [180.0, 449.31825378319365], [0.0, 449.31825378319365], [0.0, 349.31825378319365], [180.0, 349.31825378319365]], [[369.31825378319365, 480.0], [369.31825378319365, 760.0], [89.31825378319365, 760.0], [369.31825378319365, 480.0]], [[0.0, 449.31825378319365], [200.0, 449.31825378319365], [200.0, 649.3182537831937], [0.0, 729.3182537831937], [0.0, 449.31825378319365]], [[280.0, 180.0], [360.0, 20.0], [440.0, 180.0], [280.0, 180.0]], [[348.3333333333333, 0.0], [628.3333333333333, 0.0], [488.3333333333333, 240.0], [348.3333333333333, 0.0]]]"
Wed Jul 15 02:59:35 2020,2,True,661.6938341221576,0.8614255877965009,"[0, 0, 0, 3, 1, 0, 2, 0, 1, 0, 2, 2]","[[[179.72972972972968, 388.1081081081081], [379.7297297297297, 388.1081081081081], [379.7297297297297, 588.1081081081081], [179.72972972972968, 588.1081081081081], [179.72972972972968, 388.1081081081081]], [[200.0, 180.0], [400.0, 180.0], [400.0, 380.0], [200.0, 380.0], [200.0, 180.0]], [[175.1424100219382, 0.0], [455.1424100219382, 0.0], [455.1424100219382, 180.0], [175.1424100219382, 180.0], [175.1424100219382, 0.0]], [[469.4281243076521, 385.71428571428555], [469.4281243076521, 105.71428571428555], [609.4281243076521, 245.71428571428555], [469.4281243076521, 385.71428571428555]], [[0.0, 460.0], [180.0, 460.0], [0.0, 740.0], [0.0, 460.0]], [[379.7297297297297, 475.41268029220805], [659.7297297297297, 475.41268029220805], [659.7297297297297, 755.412680292208], [379.7297297297297, 755.412680292208], [379.7297297297297, 475.41268029220805]], [[655.1424100219382, 180.0], [455.1424100219382, 100.0], [455.1424100219382, 0.0], [655.1424100219382, 0.0], [655.1424100219382, 180.0]], [[0.0, 0.0], [100.0, 0.0], [100.0, 180.0], [0.0, 180.0], [0.0, 0.0]], [[659.7297297297297, 195.41268029220805], [659.7297297297297, 475.41268029220805], [379.7297297297297, 475.41268029220805], [659.7297297297297, 195.41268029220805]], [[0.0, 180.0], [200.0, 180.0], [200.0, 380.0], [0.0, 460.0], [0.0, 180.0]], [[354.1666666666667, 590.0], [274.1666666666667, 750.0], [194.16666666666669, 590.0], [354.1666666666667, 590.0]], [[280.0, 760.0], [0.0, 760.0], [140.0, 520.0], [280.0, 760.0]]]"
Wed Jul 15 03:03:07 2020,2,True,661.0188068926003,0.8623052688614522,"[0, 0, 1, 0, 1, 0, 1, 0, 1, 2, 0, 3]","[[[180.0, 280.0], [380.0, 280.0], [380.0, 480.0], [180.0, 480.0], [180.0, 280.0]], [[0.0, 0.0], [200.0, 0.0], [200.0, 200.0], [0.0, 200.0], [0.0, 0.0]], [[180.0, 200.0], [180.0, 480.0], [0.0, 480.0], [0.0, 200.0], [180.0, 200.0]], [[97.68797976451344, 480.0], [377.68797976451344, 480.0], [237.68797976451344, 620.0], [97.68797976451344, 480.0]], [[200.0, 0.0], [380.0, 0.0], [200.0, 280.0], [200.0, 0.0]], [[377.68797976451344, 480.0], [657.6879797645134, 480.0], [657.6879797645134, 760.0], [377.68797976451344, 760.0], [377.68797976451344, 480.0]], [[560.0, 280.0], [480.0, 480.0], [380.0, 480.0], [380.0, 280.0], [560.0, 280.0]], [[552.0, 300.0], [652.0, 300.0], [652.0, 480.0], [552.0, 480.0], [552.0, 300.0]], [[377.68797976451344, 480.0], [377.68797976451344, 760.0], [97.68797976451344, 760.0], [377.68797976451344, 480.0]], [[654.4740662302974, 280.0], [454.47406623029735, 280.0], [454.47406623029735, 80.0], [654.4740662302974, 0.0], [654.4740662302974, 280.0]], [[257.5747728668291, 264.8504542663418], [337.5747728668291, 104.85045426634179], [417.5747728668291, 264.8504542663418], [257.5747728668291, 264.8504542663418]], [[0.0, 760.0], [0.0, 480.0], [240.0, 620.0], [0.0, 760.0]]]"
Wed Jul 15 03:06:21 2020,2,True,660.3444682923413,0.8631858482498185,"[0, 0, 1, 0, 2, 0, 2, 1, 1, 0, 2, 2]","[[[180.0, 306.1935957501572], [380.0, 306.1935957501572], [380.0, 506.1935957501572], [180.0, 506.1935957501572], [180.0, 306.1935957501572]], [[0.0, 560.0], [200.0, 560.0], [200.0, 760.0], [0.0, 760.0], [0.0, 560.0]], [[180.0, 172.0], [180.0, 452.0], [0.0, 452.0], [0.0, 172.0], [180.0, 172.0]], [[373.8064042498428, 0.0], [653.8064042498428, 0.0], [513.8064042498428, 140.0], [373.8064042498428, 0.0]], [[653.8064042498428, 560.0], [653.8064042498428, 740.0], [373.8064042498428, 560.0], [653.8064042498428, 560.0]], [[380.0, 280.0], [660.0, 280.0], [660.0, 560.0], [380.0, 560.0], [380.0, 280.0]], [[200.0, 180.0], [0.0, 100.0], [0.0, 0.0], [200.0, 0.0], [200.0, 180.0]], [[180.0, 452.0], [180.0, 552.0], [0.0, 552.0], [0.0, 452.0], [180.0, 452.0]], [[653.8064042498428, 0.0], [653.8064042498428, 280.0], [373.8064042498428, 280.0], [653.8064042498428, 0.0]], [[200.0, 26.193595750157215], [400.0, 26.193595750157215], [400.0, 226.19359575015721], [200.0, 306.1935957501572], [200.0, 26.193595750157215]], [[340.0, 506.1935957501572], [260.0, 666.1935957501572], [180.0, 506.1935957501572], [340.0, 506.1935957501572]], [[490.47307091650947, 760.0], [210.47307091650947, 760.0], [350.47307091650947, 520.0], [490.47307091650947, 760.0]]]"
Wed Jul 15 03:09:32 2020,2,True,659.670817618875,0.864067326878961,"[0, 0, 1, 0, 3, 0, 1, 0, 1, 3, 0, 0]","[[[459.67081761887505, 492.84855846256187], [659.670817618875, 492.84855846256187], [659.670817618875, 692.8485584625619], [459.67081761887505, 692.8485584625619], [459.67081761887505, 492.84855846256187]], [[0.0, 560.0], [200.0, 560.0], [200.0, 760.0], [0.0, 760.0], [0.0, 560.0]], [[180.0, 280.0], [180.0, 560.0], [0.0, 560.0], [0.0, 280.0], [180.0, 280.0]], [[49.07448718208252, 0.0], [329.0744871820825, 0.0], [189.07448718208252, 140.0], [49.07448718208252, 0.0]], [[653.1394233850248, 292.84855846256187], [473.13942338502477, 292.84855846256187], [653.1394233850248, 12.848558462561869], [653.1394233850248, 292.84855846256187]], [[180.0, 280.0], [460.0, 280.0], [460.0, 560.0], [180.0, 560.0], [180.0, 280.0]], [[640.0, 292.84855846256187], [560.0, 492.84855846256187], [460.0, 492.84855846256187], [460.0, 292.84855846256187], [640.0, 292.84855846256187]], [[0.0, 50.92551281791748], [100.0, 50.92551281791748], [100.0, 230.92551281791748], [0.0, 230.92551281791748], [0.0, 50.92551281791748]], [[329.0744871820825, 0.0], [329.0744871820825, 280.0], [49.07448718208252, 280.0], [329.0744871820825, 0.0]], [[200.0, 760.0], [200.0, 560.0], [400.0, 560.0], [480.0, 760.0], [200.0, 760.0]], [[329.0744871820825, 268.0606814449165], [409.0744871820825, 108.0606814449165], [489.0744871820825, 268.0606814449165], [329.0744871820825, 268.0606814449165]], [[346.0390896725479, 0.0], [626.0390896725479, 0.0], [486.0390896725479, 240.0], [346.0390896725479, 0.0]]]"
Wed Jul 15 03:12:29 2020,2,True,658.9978541704128,0.8649497056671774,"[0, 0, 1, 2, 3, 0, 0, 1, 0, 3, 0, 0]","[[[348.27239754916434, 0.0], [548.2723975491643, 0.0], [548.2723975491643, 200.0], [348.27239754916434, 200.0], [348.27239754916434, 0.0]], [[0.0, 280.0], [200.0, 280.0], [200.0, 480.0], [0.0, 480.0], [0.0, 280.0]], [[658.9978541704128, 480.0], [658.9978541704128, 760.0], [478.9978541704128, 760.0], [478.9978541704128, 480.0], [658.9978541704128, 480.0]], [[348.27239754916434, 280.0], [68.27239754916434, 280.0], [208.27239754916434, 140.0], [348.27239754916434, 280.0]], [[658.9978541704128, 480.0], [478.9978541704128, 480.0], [658.9978541704128, 200.0], [658.9978541704128, 480.0]], [[0.0, 480.0], [280.0, 480.0], [280.0, 760.0], [0.0, 760.0], [0.0, 480.0]], [[280.0, 572.4008583318349], [480.0, 652.4008583318349], [480.0, 752.4008583318349], [280.0, 752.4008583318349], [280.0, 572.4008583318349]], [[478.9978541704128, 480.0], [478.9978541704128, 580.0], [298.9978541704128, 580.0], [298.9978541704128, 480.0], [478.9978541704128, 480.0]], [[68.27239754916434, 0.0], [348.27239754916434, 0.0], [348.27239754916434, 280.0], [68.27239754916434, 0.0]], [[198.99785417041275, 480.0], [198.99785417041275, 280.0], [398.9978541704128, 280.0], [478.9978541704128, 480.0], [198.99785417041275, 480.0]], [[0.0, 188.27239754916434], [80.0, 28.27239754916434], [160.0, 188.27239754916434], [0.0, 188.27239754916434]], [[353.3333333333333, 200.0], [633.3333333333333, 200.0], [493.3333333333333, 440.0], [353.3333333333333, 200.0]]]"
Wed Jul 15 03:15:20 2020,2,True,658.3255772458816,0.8658329855337029,"[0, 0, 0, 1, 1, 0, 0, 0, 0, 1, 0, 2]","[[[451.8075022236452, 0.0], [651.8075022236452, 0.0], [651.8075022236452, 200.0], [451.8075022236452, 200.0], [451.8075022236452, 0.0]], [[0.0, 180.0], [200.0, 180.0], [200.0, 380.0], [0.0, 380.0], [0.0, 180.0]], [[0.0, 0.0], [280.0, 0.0], [280.0, 180.0], [0.0, 180.0], [0.0, 0.0]], [[349.2370844451559, 110.76291555484408], [349.2370844451559, 390.7629155548441], [209.23708444515592, 250.76291555484408], [349.2370844451559, 110.76291555484408]], [[0.0, 404.44444444444446], [180.0, 404.44444444444446], [0.0, 684.4444444444445], [0.0, 404.44444444444446]], [[371.8075022236451, 200.0], [651.8075022236451, 200.0], [651.8075022236451, 480.0], [371.8075022236451, 480.0], [371.8075022236451, 200.0]], [[360.0, 580.0], [560.0, 660.0], [560.0, 760.0], [360.0, 760.0], [360.0, 580.0]], [[349.2370844451559, 0.0], [449.2370844451559, 0.0], [449.2370844451559, 180.0], [349.2370844451559, 180.0], [349.2370844451559, 0.0]], [[378.3255772458816, 480.0], [658.3255772458816, 480.0], [658.3255772458816, 760.0], [378.3255772458816, 480.0]], [[360.0, 560.0], [360.0, 760.0], [160.0, 760.0], [80.0, 560.0], [360.0, 560.0]], [[0.0, 760.0], [80.0, 600.0], [160.0, 760.0], [0.0, 760.0]], [[418.47416889031183, 560.0], [138.47416889031183, 560.0], [278.47416889031183, 320.0], [418.47416889031183, 560.0]]]"
Wed Jul 15 03:16:01 2020,2,True,638.3124796976068,0.8929795642880599,"[0, 0, 1, 3, 0, 0, 0, 0, 0, 1, 1, 1]","[[[438.3124796976068, 280.0], [638.3124796976068, 280.0], [638.3124796976068, 480.0], [438.3124796976068, 480.0], [438.3124796976068, 280.0]], [[6.0, 156.7991201943954], [206.0, 156.7991201943954], [206.0, 356.7991201943954], [6.0, 356.7991201943954], [6.0, 156.7991201943954]], [[631.9925541560464, 480.0], [631.9925541560464, 760.0], [451.99255415604637, 760.0], [451.99255415604637, 480.0], [631.9925541560464, 480.0]], [[206.0, 415.3289899243603], [206.0, 135.32898992436031], [346.0, 275.3289899243603], [206.0, 415.3289899243603]], [[100.0, 536.7991201943954], [100.0, 356.7991201943954], [380.0, 536.7991201943954], [100.0, 536.7991201943954]], [[358.3124796976068, 0.0], [638.3124796976068, 0.0], [638.3124796976068, 280.0], [358.3124796976068, 280.0], [358.3124796976068, 0.0]], [[0.0, 580.0], [200.0, 660.0], [200.0, 760.0], [0.0, 760.0], [0.0, 580.0]], [[0.0, 356.7991201943954], [100.0, 356.7991201943954], [100.0, 536.7991201943954], [0.0, 536.7991201943954], [0.0, 356.7991201943954]], [[80.0, 0.0], [360.0, 0.0], [360.0, 280.0], [80.0, 0.0]], [[451.99255415604637, 559.9999999999998], [451.99255415604637, 759.9999999999998], [251.99255415604637, 759.9999999999998], [171.99255415604637, 559.9999999999998], [451.99255415604637, 559.9999999999998]], [[0.0, 0.0], [160.0, 80.0], [0.0, 160.0], [0.0, 0.0]], [[438.3124796976068, 279.9999999999998], [438.3124796976068, 559.9999999999998], [198.31247969760682, 419.9999999999998], [438.3124796976068, 279.9999999999998]]]"
Wed Jul 15 03:23:06 2020,2,True,656.9830801678968,0.8676022521833171,"[0, 0, 0, 0, 0, 0, 3, 1, 2, 0, 0, 1]","[[[456.9830801678968, 560.0], [656.9830801678968, 560.0], [656.9830801678968, 760.0], [456.9830801678968, 760.0], [456.9830801678968, 560.0]], [[256.9830801678968, 460.0], [456.9830801678968, 460.0], [456.9830801678968, 660.0], [256.9830801678968, 660.0], [256.9830801678968, 460.0]], [[376.9830801678968, 0.0], [656.9830801678968, 0.0], [656.9830801678968, 180.0], [376.9830801678968, 180.0], [376.9830801678968, 0.0]], [[0.0, 0.0], [280.0, 0.0], [140.0, 140.0], [0.0, 0.0]], [[0.0, 760.0], [0.0, 580.0], [280.0, 760.0], [0.0, 760.0]], [[376.9830801678968, 180.0], [656.9830801678968, 180.0], [656.9830801678968, 460.0], [376.9830801678968, 460.0], [376.9830801678968, 180.0]], [[196.9830801678968, 200.0], [276.9830801678968, 0.0], [376.9830801678968, 0.0], [376.9830801678968, 200.0], [196.9830801678968, 200.0]], [[656.9830801678968, 460.0], [656.9830801678968, 560.0], [476.9830801678968, 560.0], [476.9830801678968, 460.0], [656.9830801678968, 460.0]], [[280.0, 280.0], [0.0, 280.0], [0.0, 0.0], [280.0, 280.0]], [[0.0, 280.0], [200.0, 280.0], [200.0, 480.0], [0.0, 560.0], [0.0, 280.0]], [[200.0, 440.0], [280.0, 280.0], [360.0, 440.0], [200.0, 440.0]], [[256.9830801678968, 450.91769439364793], [256.9830801678968, 730.9176943936479], [16.983080167896787, 590.9176943936479], [256.9830801678968, 450.91769439364793]]]"
Wed Jul 15 03:25:10 2020,2,True,643.3809024761007,0.8859448544498467,"[0, 0, 1, 3, 1, 0, 1, 1, 0, 1, 0, 2]","[[[0.0, 16.619097523899313], [200.0, 16.619097523899313], [200.0, 216.6190975238993], [0.0, 216.6190975238993], [0.0, 16.619097523899313]], [[0.0, 216.6190975238993], [200.0, 216.6190975238993], [200.0, 416.6190975238993], [0.0, 416.6190975238993], [0.0, 216.6190975238993]], [[643.3809024761007, 199.9999999999999], [643.3809024761007, 479.9999999999999], [463.3809024761007, 479.9999999999999], [463.3809024761007, 199.9999999999999], [643.3809024761007, 199.9999999999999]], [[200.0, 296.6190975238993], [200.0, 16.619097523899313], [340.0, 156.6190975238993], [200.0, 296.6190975238993]], [[0.0, 416.6190975238993], [180.0, 416.6190975238993], [0.0, 696.6190975238993], [0.0, 416.6190975238993]], [[363.3809024761007, 479.9999999999999], [643.3809024761007, 479.9999999999999], [643.3809024761007, 759.9999999999999], [363.3809024761007, 759.9999999999999], [363.3809024761007, 479.9999999999999]], [[643.3809024761007, 0.0], [563.3809024761007, 200.0], [463.3809024761007, 200.0], [463.3809024761007, 0.0], [643.3809024761007, 0.0]], [[332.11227697964955, 459.9999999999999], [332.11227697964955, 559.9999999999999], [152.11227697964955, 559.9999999999999], [152.11227697964955, 459.9999999999999], [332.11227697964955, 459.9999999999999]], [[183.3809024761007, 0.0], [463.3809024761007, 0.0], [463.3809024761007, 280.0], [183.3809024761007, 0.0]], [[363.3809024761007, 559.9999999999999], [363.3809024761007, 759.9999999999999], [163.3809024761007, 759.9999999999999], [83.38090247610069, 559.9999999999999], [363.3809024761007, 559.9999999999999]], [[0.0, 760.0], [80.0, 600.0], [160.0, 760.0], [0.0, 760.0]], [[456.15280688894165, 457.4999999999993], [176.15280688894165, 457.4999999999993], [316.15280688894165, 217.49999999999932], [456.15280688894165, 457.4999999999993]]]"
Wed Jul 15 03:30:27 2020,2,True,655.6433207906282,0.8693751342004788,"[0, 0, 1, 1, 0, 0, 1, 0, 3, 0, 3, 1]","[[[391.6504854368933, 560.0], [591.6504854368933, 560.0], [591.6504854368933, 760.0], [391.6504854368933, 760.0], [391.6504854368933, 560.0]], [[418.547773596876, 141.45222640312397], [618.547773596876, 141.45222640312397], [618.547773596876, 341.452226403124], [418.547773596876, 341.452226403124], [418.547773596876, 141.45222640312397]], [[180.0, 280.0], [180.0, 560.0], [0.0, 560.0], [0.0, 280.0], [180.0, 280.0]], [[654.9225501235002, 343.2720646866069], [654.9225501235002, 623.2720646866069], [514.9225501235002, 483.2720646866069], [654.9225501235002, 343.2720646866069]], [[100.0, 760.0], [100.0, 580.0], [380.0, 760.0], [100.0, 760.0]], [[0.0, 0.0], [280.0, 0.0], [280.0, 280.0], [0.0, 280.0], [0.0, 0.0]], [[571.6504854368933, 341.452226403124], [491.6504854368933, 541.452226403124], [391.6504854368933, 541.452226403124], [391.6504854368933, 341.452226403124], [571.6504854368933, 341.452226403124]], [[0.0, 560.0], [100.0, 560.0], [100.0, 740.0], [0.0, 740.0], [0.0, 560.0]], [[280.0, 280.0], [280.0, 0.0], [560.0, 0.0], [280.0, 280.0]], [[180.0, 280.0], [380.0, 280.0], [380.0, 480.0], [180.0, 560.0], [180.0, 280.0]], [[655.6433207906282, 160.0], [495.6433207906282, 80.0], [655.6433207906282, 0.0], [655.6433207906282, 160.0]], [[391.6504854368933, 473.20388349514576], [391.6504854368933, 753.2038834951458], [151.6504854368933, 613.2038834951458], [391.6504854368933, 473.20388349514576]]]"
Wed Jul 15 03:34:35 2020,2,True,654.9744659946664,0.8702629332799695,"[0, 0, 1, 3, 0, 0, 2, 1, 1, 1, 0, 1]","[[[454.9744659946664, 280.0], [654.9744659946664, 280.0], [654.9744659946664, 480.0], [454.9744659946664, 480.0], [454.9744659946664, 280.0]], [[0.0, 560.0], [200.0, 560.0], [200.0, 760.0], [0.0, 760.0], [0.0, 560.0]], [[654.9744659946664, 480.0], [654.9744659946664, 760.0], [474.9744659946664, 760.0], [474.9744659946664, 480.0], [654.9744659946664, 480.0]], [[0.0, 382.02436944496196], [0.0, 102.02436944496196], [140.0, 242.02436944496196], [0.0, 382.02436944496196]], [[200.0, 759.9999999999999], [200.0, 579.9999999999999], [480.0, 759.9999999999999], [200.0, 759.9999999999999]], [[374.9744659946664, 0.0], [654.9744659946664, 0.0], [654.9744659946664, 280.0], [374.9744659946664, 280.0], [374.9744659946664, 0.0]], [[200.0, 182.02436944496196], [0.0, 102.02436944496196], [0.0, 2.0243694449619625], [200.0, 2.0243694449619625], [200.0, 182.02436944496196]], [[180.0, 460.0], [180.0, 560.0], [0.0, 560.0], [0.0, 460.0], [180.0, 460.0]], [[374.9744659946664, 7.049903450295574], [374.9744659946664, 287.0499034502956], [94.97446599466639, 287.0499034502956], [374.9744659946664, 7.049903450295574]], [[390.81996138011823, 287.0499034502956], [390.81996138011823, 487.0499034502956], [190.81996138011823, 487.0499034502956], [110.81996138011823, 287.0499034502956], [390.81996138011823, 287.0499034502956]], [[5.346657465992169, 460.0], [85.34665746599217, 300.0], [165.34665746599217, 460.0], [5.346657465992169, 460.0]], [[454.9744659946664, 449.6264424251426], [454.9744659946664, 729.6264424251426], [214.9744659946664, 589.6264424251426], [454.9744659946664, 449.6264424251426]]]"
Wed Jul 15 03:37:51 2020,2,True,647.8280133972199,0.8798631553626577,"[0, 0, 0, 0, 0, 0, 3, 0, 2, 1, 3, 0]","[[[0.0, 380.0], [200.0, 380.0], [200.0, 580.0], [0.0, 580.0], [0.0, 380.0]], [[447.82801339721993, 300.0], [647.8280133972199, 300.0], [647.8280133972199, 500.0], [447.82801339721993, 500.0], [447.82801339721993, 300.0]], [[0.0, 580.0], [280.0, 580.0], [280.0, 760.0], [0.0, 760.0], [0.0, 580.0]], [[180.43727603936043, 280.0], [460.4372760393604, 280.0], [320.4372760393604, 420.0], [180.43727603936043, 280.0]], [[200.0, 560.0], [200.0, 380.0], [480.0, 560.0], [200.0, 560.0]], [[367.82801339721993, 0.0], [647.8280133972199, 0.0], [647.8280133972199, 280.0], [367.82801339721993, 280.0], [367.82801339721993, 0.0]], [[163.1578947368421, 263.1578947368421], [243.1578947368421, 63.15789473684208], [343.1578947368421, 63.15789473684208], [343.1578947368421, 263.1578947368421], [163.1578947368421, 263.1578947368421]], [[275.82801339721993, 580.0], [375.82801339721993, 580.0], [375.82801339721993, 760.0], [275.82801339721993, 760.0], [275.82801339721993, 580.0]], [[280.0, 380.0], [0.0, 380.0], [0.0, 100.0], [280.0, 380.0]], [[647.8280133972199, 560.0], [647.8280133972199, 760.0], [447.82801339721993, 760.0], [367.82801339721993, 560.0], [647.8280133972199, 560.0]], [[447.82801339721993, 516.3046313210702], [287.82801339721993, 436.30463132107025], [447.82801339721993, 356.30463132107025], [447.82801339721993, 516.3046313210702]], [[0.0, 0.0], [280.0, 0.0], [140.0, 240.0], [0.0, 0.0]]]"
Wed Jul 15 03:41:30 2020,2,True,647.1671313902215,0.8807616647272339,"[0, 0, 0, 3, 3, 0, 2, 0, 1, 0, 3, 0]","[[[100.0, 0.0], [300.0, 0.0], [300.0, 200.0], [100.0, 200.0], [100.0, 0.0]], [[440.7595360299223, 279.6932735903446], [640.7595360299223, 279.6932735903446], [640.7595360299223, 479.6932735903446], [440.7595360299223, 479.6932735903446], [440.7595360299223, 279.6932735903446]], [[0.0, 580.0], [280.0, 580.0], [280.0, 760.0], [0.0, 760.0], [0.0, 580.0]], [[300.0, 290.2143691616162], [300.0, 10.214369161616219], [440.0, 150.21436916161622], [300.0, 290.2143691616162]], [[646.37858364897, 280.0], [466.37858364897, 280.0], [646.37858364897, 0.0], [646.37858364897, 280.0]], [[360.0, 479.6932735903446], [640.0, 479.6932735903446], [640.0, 759.6932735903446], [360.0, 759.6932735903446], [360.0, 479.6932735903446]], [[360.0, 612.0], [160.0, 532.0], [160.0, 432.0], [360.0, 432.0], [360.0, 612.0]], [[0.0, 0.0], [100.0, 0.0], [100.0, 180.0], [0.0, 180.0], [0.0, 0.0]], [[440.7595360299223, 152.0], [440.7595360299223, 432.0], [160.7595360299223, 432.0], [440.7595360299223, 152.0]], [[0.0, 200.0], [200.0, 200.0], [200.0, 400.0], [0.0, 480.0], [0.0, 200.0]], [[160.0, 580.0], [0.0, 500.0], [160.0, 420.0], [160.0, 580.0]], [[352.09286936325566, 0.0], [632.0928693632557, 0.0], [492.09286936325566, 240.0], [352.09286936325566, 0.0]]]"
Wed Jul 15 03:46:11 2020,2,True,640.1058649329374,0.8904777025589631,"[0, 0, 1, 0, 0, 0, 3, 0, 2, 0, 1, 1]","[[[0.0, 280.0], [200.0, 280.0], [200.0, 480.0], [0.0, 480.0], [0.0, 280.0]], [[433.7681831019182, 26.231816898081775], [633.7681831019182, 26.231816898081775], [633.7681831019182, 226.23181689808177], [433.7681831019182, 226.23181689808177], [433.7681831019182, 26.231816898081775]], [[180.0, 0.0], [180.0, 280.0], [0.0, 280.0], [0.0, 0.0], [180.0, 0.0]], [[180.0, 0.0], [460.0, 0.0], [320.0, 140.0], [180.0, 0.0]], [[346.6319048055108, 760.0], [346.6319048055108, 580.0], [626.6319048055109, 760.0], [346.6319048055108, 760.0]], [[199.99999999999994, 280.0], [479.99999999999994, 280.0], [479.99999999999994, 560.0], [199.99999999999994, 560.0], [199.99999999999994, 280.0]], [[166.63190480551083, 760.0], [246.63190480551083, 560.0], [346.6319048055108, 560.0], [346.6319048055108, 760.0], [166.63190480551083, 760.0]], [[532.4636337961637, 226.23181689808177], [632.4636337961637, 226.23181689808177], [632.4636337961637, 406.2318168980818], [532.4636337961637, 406.2318168980818], [532.4636337961637, 226.23181689808177]], [[460.0, 280.0], [180.0, 280.0], [180.0, 0.0], [460.0, 280.0]], [[0.0, 480.0], [200.0, 480.0], [200.0, 680.0], [0.0, 760.0], [0.0, 480.0]], [[479.99999999999994, 380.0], [640.0, 460.0], [479.99999999999994, 540.0], [479.99999999999994, 380.0]], [[633.7681831019182, 470.3018931905476], [633.7681831019182, 750.3018931905476], [393.7681831019182, 610.3018931905476], [633.7681831019182, 470.3018931905476]]]"
Wed Jul 15 03:52:15 2020,2,True,652.3058631784273,0.8738232049956081,"[0, 0, 0, 3, 0, 0, 2, 1, 0, 3, 3, 2]","[[[0.0, 360.0], [200.0, 360.0], [200.0, 560.0], [0.0, 560.0], [0.0, 360.0]], [[452.30586317842733, 560.0], [652.3058631784273, 560.0], [652.3058631784273, 760.0], [452.30586317842733, 760.0], [452.30586317842733, 560.0]], [[372.30586317842733, 280.0], [652.3058631784273, 280.0], [652.3058631784273, 460.0], [372.30586317842733, 460.0], [372.30586317842733, 280.0]], [[0.0, 307.7953815745266], [0.0, 27.795381574526573], [140.0, 167.79538157452657], [0.0, 307.7953815745266]], [[199.99683645040568, 560.0], [199.99683645040568, 380.0], [479.9968364504057, 560.0], [199.99683645040568, 560.0]], [[372.30586317842733, 0.0], [652.3058631784273, 0.0], [652.3058631784273, 280.0], [372.30586317842733, 280.0], [372.30586317842733, 0.0]], [[441.9784923255473, 744.9462308138682], [241.97849232554728, 664.9462308138682], [241.97849232554728, 564.9462308138682], [441.9784923255473, 564.9462308138682], [441.9784923255473, 744.9462308138682]], [[652.3058631784273, 460.0], [652.3058631784273, 560.0], [472.30586317842733, 560.0], [472.30586317842733, 460.0], [652.3058631784273, 460.0]], [[92.30586317842733, 0.0], [372.30586317842733, 0.0], [372.30586317842733, 280.0], [92.30586317842733, 0.0]], [[0.0, 760.0], [0.0, 560.0], [200.0, 560.0], [280.0, 760.0], [0.0, 760.0]], [[372.30586317842733, 467.9129457537283], [212.30586317842733, 387.9129457537283], [372.30586317842733, 307.9129457537283], [372.30586317842733, 467.9129457537283]], [[324.2478270142462, 331.94196383581885], [44.247827014246184, 331.94196383581885], [184.24782701424618, 91.94196383581885], [324.2478270142462, 331.94196383581885]]]"
Wed Jul 15 03:53:49 2020,2,True,638.8005225871813,0.8922973288930088,"[0, 0, 0, 0, 1, 0, 3, 1, 2, 0, 2, 2]","[[[233.1395438936039, 232.9986935320469], [433.1395438936039, 232.9986935320469], [433.1395438936039, 432.9986935320469], [233.1395438936039, 432.9986935320469], [233.1395438936039, 232.9986935320469]], [[438.80052258718126, 0.0], [638.8005225871813, 0.0], [638.8005225871813, 200.0], [438.80052258718126, 200.0], [438.80052258718126, 0.0]], [[0.0, 0.0], [280.0, 0.0], [280.0, 180.0], [0.0, 180.0], [0.0, 0.0]], [[0.0, 180.0], [280.0, 180.0], [140.0, 320.0], [0.0, 180.0]], [[278.80052258718126, 479.859149638443], [458.80052258718126, 479.859149638443], [278.80052258718126, 759.859149638443], [278.80052258718126, 479.859149638443]], [[0.0, 479.9999999999999], [280.0, 479.9999999999999], [280.0, 759.9999999999999], [0.0, 759.9999999999999], [0.0, 479.9999999999999]], [[258.80052258718126, 232.9986935320469], [338.80052258718126, 32.9986935320469], [438.80052258718126, 32.9986935320469], [438.80052258718126, 232.9986935320469], [258.80052258718126, 232.9986935320469]], [[638.8005225871813, 471.859149638443], [638.8005225871813, 571.859149638443], [458.80052258718126, 571.859149638443], [458.80052258718126, 471.859149638443], [638.8005225871813, 471.859149638443]], [[280.0, 479.859149638443], [0.0, 479.859149638443], [0.0, 199.859149638443], [280.0, 479.859149638443]], [[438.80052258718126, 199.859149638443], [638.8005225871813, 199.859149638443], [638.8005225871813, 399.859149638443], [438.80052258718126, 479.859149638443], [438.80052258718126, 199.859149638443]], [[637.7796715804718, 571.859149638443], [557.7796715804718, 731.859149638443], [477.7796715804718, 571.859149638443], [637.7796715804718, 571.859149638443]], [[568.5493519647562, 759.9999999999999], [288.54935196475617, 759.9999999999999], [428.54935196475617, 519.9999999999999], [568.5493519647562, 759.9999999999999]]]"
Wed Jul 15 04:01:54 2020,2,True,664.0602522645612,0.8583558465609117,"[0, 0, 1, 2, 1, 0, 3, 0, 3, 0, 2, 2]","[[[456.8793342579751, 4.854368932038824], [656.8793342579751, 4.854368932038824], [656.8793342579751, 204.85436893203882], [456.8793342579751, 204.85436893203882], [456.8793342579751, 4.854368932038824]], [[0.0, 280.0], [200.0, 280.0], [200.0, 480.0], [0.0, 480.0], [0.0, 280.0]], [[280.0, 0.0], [280.0, 280.0], [100.0, 280.0], [100.0, 0.0], [280.0, 0.0]], [[638.302929218446, 480.0], [358.302929218446, 480.0], [498.302929218446, 340.0], [638.302929218446, 480.0]], [[280.0, 0.0], [460.0, 0.0], [280.0, 280.0], [280.0, 0.0]], [[384.0602522645612, 480.0], [664.0602522645612, 480.0], [664.0602522645612, 760.0], [384.0602522645612, 760.0], [384.0602522645612, 480.0]], [[198.30292921844602, 760.0], [278.302929218446, 560.0], [378.302929218446, 560.0], [378.302929218446, 760.0], [198.30292921844602, 760.0]], [[0.0, 100.0], [100.0, 100.0], [100.0, 280.0], [0.0, 280.0], [0.0, 100.0]], [[210.97838267369445, 627.3245465447516], [210.97838267369445, 347.32454654475157], [490.97838267369445, 347.32454654475157], [210.97838267369445, 627.3245465447516]], [[0.0, 480.0], [200.0, 480.0], [200.0, 680.0], [0.0, 760.0], [0.0, 480.0]], [[628.1414701803051, 204.85436893203882], [548.1414701803051, 364.8543689320388], [468.1414701803051, 204.85436893203882], [628.1414701803051, 204.85436893203882]], [[535.7142857142858, 340.0], [255.71428571428578, 340.0], [395.7142857142858, 100.0], [535.7142857142858, 340.0]]]"
Wed Jul 15 04:04:48 2020,2,True,650.3115488016757,0.8765029639260363,"[0, 0, 1, 2, 1, 0, 1, 0, 3, 1, 3, 2]","[[[0.0, 280.0], [200.0, 280.0], [200.0, 480.0], [0.0, 480.0], [0.0, 280.0]], [[450.3115488016757, 560.0], [650.3115488016757, 560.0], [650.3115488016757, 760.0], [450.3115488016757, 760.0], [450.3115488016757, 560.0]], [[650.3115488016757, 0.0], [650.3115488016757, 280.0], [470.3115488016757, 280.0], [470.3115488016757, 0.0], [650.3115488016757, 0.0]], [[370.3115488016757, 760.0], [90.31154880167571, 760.0], [230.3115488016757, 620.0], [370.3115488016757, 760.0]], [[0.0, 0.0], [180.0, 0.0], [0.0, 280.0], [0.0, 0.0]], [[370.3115488016757, 280.0], [650.3115488016757, 280.0], [650.3115488016757, 560.0], [370.3115488016757, 560.0], [370.3115488016757, 280.0]], [[377.7141511292126, 261.49349418115776], [297.7141511292126, 461.49349418115776], [197.7141511292126, 461.49349418115776], [197.7141511292126, 261.49349418115776], [377.7141511292126, 261.49349418115776]], [[350.3115488016757, 560.0], [450.3115488016757, 560.0], [450.3115488016757, 740.0], [350.3115488016757, 740.0], [350.3115488016757, 560.0]], [[0.0, 760.0], [0.0, 480.0], [280.0, 480.0], [0.0, 760.0]], [[470.3115488016757, 0.0], [470.3115488016757, 200.0], [270.3115488016757, 200.0], [190.3115488016757, 0.0], [470.3115488016757, 0.0]], [[330.1038496005586, 669.8961503994415], [170.1038496005586, 589.8961503994415], [330.1038496005586, 509.89615039944147], [330.1038496005586, 669.8961503994415]], [[306.18275374068435, 261.49349418115764], [26.182753740684348, 261.49349418115764], [166.18275374068435, 21.493494181157644], [306.18275374068435, 261.49349418115764]]]"
Wed Jul 15 04:09:57 2020,2,True,656.1446145471916,0.868710932563791,"[0, 0, 0, 2, 3, 0, 3, 1, 0, 2, 1, 0]","[[[454.8571428571429, 530.4474241894062], [654.8571428571429, 530.4474241894062], [654.8571428571429, 730.4474241894062], [454.8571428571429, 730.4474241894062], [454.8571428571429, 530.4474241894062]], [[0.0, 372.0], [200.0, 372.0], [200.0, 572.0], [0.0, 572.0], [0.0, 372.0]], [[0.0, 572.0], [280.0, 572.0], [280.0, 752.0], [0.0, 752.0], [0.0, 572.0]], [[480.0, 140.0], [200.0, 140.0], [340.0, 0.0], [480.0, 140.0]], [[454.8571428571429, 760.0], [274.8571428571429, 760.0], [454.8571428571429, 480.0], [454.8571428571429, 760.0]], [[200.0, 140.0], [480.0, 140.0], [480.0, 420.0], [200.0, 420.0], [200.0, 140.0]], [[459.18729134745683, 530.4474241894062], [539.1872913474568, 330.4474241894062], [639.1872913474568, 330.4474241894062], [639.1872913474568, 530.4474241894062], [459.18729134745683, 530.4474241894062]], [[180.0, 0.0], [180.0, 100.0], [0.0, 100.0], [0.0, 0.0], [180.0, 0.0]], [[359.91786027373064, 0.0], [639.9178602737306, 0.0], [639.9178602737306, 280.0], [359.91786027373064, 0.0]], [[200.0, 372.0], [0.0, 372.0], [0.0, 172.0], [200.0, 92.0], [200.0, 372.0]], [[480.0, 200.04106986313468], [640.0, 280.0410698631347], [480.0, 360.0410698631347], [480.0, 200.04106986313468]], [[200.0, 420.0], [480.0, 420.0], [340.0, 660.0], [200.0, 420.0]]]"
Wed Jul 15 04:14:37 2020,2,True,662.0300008397654,0.8609881716492785,"[0, 0, 1, 0, 0, 0, 1, 1, 1, 2, 3, 2]","[[[0.0, 560.0], [200.0, 560.0], [200.0, 760.0], [0.0, 760.0], [0.0, 560.0]], [[462.0300008397654, 0.0], [662.0300008397654, 0.0], [662.0300008397654, 200.0], [462.0300008397654, 200.0], [462.0300008397654, 0.0]], [[638.5192512785086, 197.85215750720914], [638.5192512785086, 477.85215750720914], [458.5192512785086, 477.85215750720914], [458.5192512785086, 197.85215750720914], [638.5192512785086, 197.85215750720914]], [[178.51925127850865, 280.0], [458.51925127850865, 280.0], [318.51925127850865, 420.0], [178.51925127850865, 280.0]], [[199.99999999999997, 760.0], [199.99999999999997, 580.0], [480.0, 760.0], [199.99999999999997, 760.0]], [[180.0, 0.0], [460.0, 0.0], [460.0, 280.0], [180.0, 280.0], [180.0, 0.0]], [[180.0, 0.0], [100.0, 200.0], [0.0, 200.0], [0.0, 0.0], [180.0, 0.0]], [[180.0, 456.98349890413544], [180.0, 556.9834989041354], [0.0, 556.9834989041354], [0.0, 456.98349890413544], [180.0, 456.98349890413544]], [[458.5192512785086, 280.0], [458.5192512785086, 560.0], [178.5192512785086, 560.0], [458.5192512785086, 280.0]], [[662.0300008397654, 748.4478576827064], [462.0300008397654, 748.4478576827064], [462.0300008397654, 548.4478576827064], [662.0300008397654, 468.4478576827064], [662.0300008397654, 748.4478576827064]], [[453.3333333333333, 720.0], [293.3333333333333, 640.0], [453.3333333333333, 560.0], [453.3333333333333, 720.0]], [[280.0, 456.98349890413544], [0.0, 456.98349890413544], [140.0, 216.98349890413544], [280.0, 456.98349890413544]]]"
Wed Jul 15 04:18:08 2020,2,True,661.3546306695968,0.8618674060282853,"[0, 0, 1, 3, 1, 0, 3, 1, 0, 2, 0, 2]","[[[180.0, 199.60220728286777], [380.0, 199.60220728286777], [380.0, 399.60220728286777], [180.0, 399.60220728286777], [180.0, 199.60220728286777]], [[179.55707540939477, 0.0], [379.55707540939477, 0.0], [379.55707540939477, 200.0], [179.55707540939477, 200.0], [179.55707540939477, 0.0]], [[180.0, 197.6627588193727], [180.0, 477.6627588193727], [0.0, 477.6627588193727], [0.0, 197.6627588193727], [180.0, 197.6627588193727]], [[379.55707540939477, 284.7505103899921], [379.55707540939477, 4.750510389992087], [519.5570754093948, 144.7505103899921], [379.55707540939477, 284.7505103899921]], [[0.0, 477.6627588193727], [180.0, 477.6627588193727], [0.0, 757.6627588193727], [0.0, 477.6627588193727]], [[381.35463066959676, 380.0], [661.3546306695968, 380.0], [661.3546306695968, 660.0], [381.35463066959676, 660.0], [381.35463066959676, 380.0]], [[0.0, 200.0], [80.0, 0.0], [180.0, 0.0], [180.0, 200.0], [0.0, 200.0]], [[561.3546306695968, 660.0], [561.3546306695968, 760.0], [381.35463066959676, 760.0], [381.35463066959676, 660.0], [561.3546306695968, 660.0]], [[379.55707540939477, 0.0], [659.5570754093948, 0.0], [659.5570754093948, 280.0], [379.55707540939477, 0.0]], [[381.35463066959676, 760.0], [181.35463066959676, 760.0], [181.35463066959676, 560.0], [381.35463066959676, 480.0], [381.35463066959676, 760.0]], [[21.35463066959676, 760.0], [101.35463066959676, 600.0], [181.35463066959676, 760.0], [21.35463066959676, 760.0]], [[661.3072634478128, 381.7501880384182], [381.30726344781283, 381.7501880384182], [521.3072634478128, 141.75018803841817], [661.3072634478128, 381.7501880384182]]]"
Wed Jul 15 04:20:10 2020,2,True,641.249449897241,0.8888896514318123,"[0, 0, 1, 0, 3, 0, 3, 0, 2, 3, 2, 0]","[[[440.0, 280.0], [640.0, 280.0], [640.0, 480.0], [440.0, 480.0], [440.0, 280.0]], [[240.0, 320.0], [440.0, 320.0], [440.0, 520.0], [240.0, 520.0], [240.0, 320.0]], [[641.249449897241, 480.0], [641.249449897241, 760.0], [461.249449897241, 760.0], [461.249449897241, 480.0], [641.249449897241, 480.0]], [[0.0, 280.0], [280.0, 280.0], [140.0, 420.0], [0.0, 280.0]], [[592.6190476190477, 280.0], [412.6190476190477, 280.0], [592.6190476190477, 0.0], [592.6190476190477, 280.0]], [[0.0, 0.0], [280.0, 0.0], [280.0, 280.0], [0.0, 280.0], [0.0, 0.0]], [[281.249449897241, 760.0], [361.249449897241, 560.0], [461.249449897241, 560.0], [461.249449897241, 760.0], [281.249449897241, 760.0]], [[280.0, 140.0], [380.0, 140.0], [380.0, 320.0], [280.0, 320.0], [280.0, 140.0]], [[280.0, 560.0], [0.0, 560.0], [0.0, 280.0], [280.0, 560.0]], [[0.0, 760.0], [0.0, 560.0], [200.0, 560.0], [280.0, 760.0], [0.0, 760.0]], [[360.0, 560.0], [280.0, 720.0], [200.0, 560.0], [360.0, 560.0]], [[298.33333333333337, 0.0], [578.3333333333334, 0.0], [438.33333333333337, 240.0], [298.33333333333337, 0.0]]]"
Wed Jul 15 04:27:50 2020,2,True,653.4712441226186,0.8722648549980329,"[0, 0, 1, 0, 0, 0, 1, 1, 1, 0, 1, 1]","[[[243.82730907407597, 100.0], [443.82730907407597, 100.0], [443.82730907407597, 300.0], [243.82730907407597, 300.0], [243.82730907407597, 100.0]], [[0.0, 0.0], [200.0, 0.0], [200.0, 200.0], [0.0, 200.0], [0.0, 0.0]], [[180.0, 200.0], [180.0, 480.0], [0.0, 480.0], [0.0, 200.0], [180.0, 200.0]], [[16.172690925924144, 538.0863454629621], [296.17269092592414, 538.0863454629621], [156.17269092592414, 678.0863454629621], [16.172690925924144, 538.0863454629621]], [[360.0, 480.0], [360.0, 300.0], [640.0, 480.0], [360.0, 480.0]], [[373.4712441226186, 480.0], [653.4712441226186, 480.0], [653.4712441226186, 760.0], [373.4712441226186, 760.0], [373.4712441226186, 480.0]], [[360.0, 338.0863454629621], [280.0, 538.0863454629621], [180.0, 538.0863454629621], [180.0, 338.0863454629621], [360.0, 338.0863454629621]], [[380.0, 0.0], [380.0, 100.0], [200.0, 100.0], [200.0, 0.0], [380.0, 0.0]], [[360.0, 480.0], [360.0, 760.0], [80.0, 760.0], [360.0, 480.0]], [[443.82730907407597, 0.0], [643.827309074076, 0.0], [643.827309074076, 200.0], [443.82730907407597, 280.0], [443.82730907407597, 0.0]], [[0.0, 600.0], [160.0, 680.0], [0.0, 760.0], [0.0, 600.0]], [[653.4712441226186, 194.37437122168342], [653.4712441226186, 474.3743712216834], [413.4712441226186, 334.3743712216834], [653.4712441226186, 194.37437122168342]]]"
Wed Jul 15 04:31:40 2020,2,True,652.8046051715385,0.8731556050377742,"[0, 0, 1, 2, 1, 0, 1, 0, 0, 1, 1, 2]","[[[71.77987105475859, 560.0], [271.7798710547586, 560.0], [271.7798710547586, 760.0], [71.77987105475859, 760.0], [71.77987105475859, 560.0]], [[452.80460517153847, 0.0], [652.8046051715385, 0.0], [652.8046051715385, 200.0], [452.80460517153847, 200.0], [452.80460517153847, 0.0]], [[652.8046051715385, 200.0], [652.8046051715385, 480.0], [472.80460517153847, 480.0], [472.80460517153847, 200.0], [652.8046051715385, 200.0]], [[652.0726522309814, 759.268047059443], [372.07265223098136, 759.268047059443], [512.0726522309814, 619.268047059443], [652.0726522309814, 759.268047059443]], [[0.0, 319.1775339705414], [180.0, 319.1775339705414], [0.0, 599.1775339705414], [0.0, 319.1775339705414]], [[172.80460517153847, 0.0], [452.80460517153847, 0.0], [452.80460517153847, 280.0], [172.80460517153847, 280.0], [172.80460517153847, 0.0]], [[451.7798710547586, 560.0], [371.7798710547586, 760.0], [271.7798710547586, 760.0], [271.7798710547586, 560.0], [451.7798710547586, 560.0]], [[72.80460517153847, 0.0], [172.80460517153847, 0.0], [172.80460517153847, 180.0], [72.80460517153847, 180.0], [72.80460517153847, 0.0]], [[372.80460517153836, 480.0], [652.8046051715384, 480.0], [652.8046051715384, 760.0], [372.80460517153836, 480.0]], [[472.80460517153847, 279.9999999999999], [472.80460517153847, 479.9999999999999], [272.80460517153847, 479.9999999999999], [192.80460517153847, 279.9999999999999], [472.80460517153847, 279.9999999999999]], [[0.0, 143.59769741423077], [160.0, 223.59769741423077], [0.0, 303.59769741423077], [0.0, 143.59769741423077]], [[319.47127183820515, 560.0], [39.471271838205155, 560.0], [179.47127183820515, 320.0], [319.47127183820515, 560.0]]]"
Wed Jul 15 04:37:20 2020,2,True,665.2466330829291,0.8568250805847285,"[0, 0, 1, 1, 2, 0, 2, 1, 2, 1, 1, 3]","[[[459.7336520017793, 100.0], [659.7336520017793, 100.0], [659.7336520017793, 300.0], [459.7336520017793, 300.0], [459.7336520017793, 100.0]], [[465.24663308292907, 545.5129810811497], [665.2466330829291, 545.5129810811497], [665.2466330829291, 745.5129810811497], [465.24663308292907, 745.5129810811497], [465.24663308292907, 545.5129810811497]], [[459.7336520017793, 0.0], [459.7336520017793, 280.0], [279.7336520017793, 280.0], [279.7336520017793, 0.0], [459.7336520017793, 0.0]], [[456.5757572649372, 456.8421052631579], [456.5757572649372, 736.8421052631579], [316.5757572649372, 596.8421052631579], [456.5757572649372, 456.8421052631579]], [[642.2762033136385, 300.0], [642.2762033136385, 480.0], [362.27620331363846, 300.0], [642.2762033136385, 300.0]], [[0.0, 200.0], [280.0, 200.0], [280.0, 480.0], [0.0, 480.0], [0.0, 200.0]], [[200.0, 660.0], [0.0, 580.0], [0.0, 480.0], [200.0, 480.0], [200.0, 660.0]], [[639.7336520017793, 0.0], [639.7336520017793, 100.0], [459.7336520017793, 100.0], [459.7336520017793, 0.0], [639.7336520017793, 0.0]], [[479.7336520017793, 760.0], [199.73365200177932, 760.0], [199.73365200177932, 480.0], [479.7336520017793, 760.0]], [[280.0, 0.0], [280.0, 200.0], [80.0, 200.0], [0.0, 0.0], [280.0, 0.0]], [[0.0, 580.0], [160.0, 660.0], [0.0, 740.0], [0.0, 580.0]], [[279.7336520017793, 560.0], [279.7336520017793, 280.0], [519.7336520017793, 420.0], [279.7336520017793, 560.0]]]"
Wed Jul 15 04:40:16 2020,2,True,657.988100459496,0.866277064284216,"[0, 0, 1, 0, 0, 0, 0, 0, 2, 1, 1, 1]","[[[451.47336679158013, 0.0], [651.4733667915801, 0.0], [651.4733667915801, 200.0], [451.47336679158013, 200.0], [451.47336679158013, 0.0]], [[200.0, 0.0], [400.0, 0.0], [400.0, 200.0], [200.0, 200.0], [200.0, 0.0]], [[657.988100459496, 480.0], [657.988100459496, 760.0], [477.98810045949597, 760.0], [477.98810045949597, 480.0], [657.988100459496, 480.0]], [[19.908745010771412, 200.0], [299.90874501077144, 200.0], [159.9087450107714, 340.0], [19.908745010771412, 200.0]], [[183.77966023418458, 559.4987858568123], [183.77966023418458, 379.49878585681233], [463.7796602341846, 559.4987858568123], [183.77966023418458, 559.4987858568123]], [[377.98810045949597, 200.0], [657.988100459496, 200.0], [657.988100459496, 480.0], [377.98810045949597, 480.0], [377.98810045949597, 200.0]], [[0.0, 13.385594590176765], [200.0, 93.38559459017677], [200.0, 193.38559459017677], [0.0, 193.38559459017677], [0.0, 13.385594590176765]], [[83.77966023418458, 383.7796602341846], [183.77966023418458, 383.7796602341846], [183.77966023418458, 563.7796602341846], [83.77966023418458, 563.7796602341846], [83.77966023418458, 383.7796602341846]], [[280.0, 760.0], [0.0, 760.0], [0.0, 480.0], [280.0, 760.0]], [[477.98810045949597, 559.4987858568123], [477.98810045949597, 759.4987858568123], [277.98810045949597, 759.4987858568123], [197.98810045949597, 559.4987858568123], [477.98810045949597, 559.4987858568123]], [[0.0, 259.94676792295], [160.0, 339.94676792295], [0.0, 419.94676792295], [0.0, 259.94676792295]], [[377.98810045949597, 212.7870426549107], [377.98810045949597, 492.7870426549107], [137.98810045949597, 352.7870426549107], [377.98810045949597, 212.7870426549107]]]"
Wed Jul 15 04:42:20 2020,2,True,644.3651148275826,0.8845916498017106,"[0, 0, 0, 0, 3, 0, 1, 0, 2, 3, 2, 0]","[[[0.0, 360.0], [200.0, 360.0], [200.0, 560.0], [0.0, 560.0], [0.0, 360.0]], [[444.3651148275826, 0.0], [644.3651148275826, 0.0], [644.3651148275826, 200.0], [444.3651148275826, 200.0], [444.3651148275826, 0.0]], [[164.3651148275826, 0.0], [444.3651148275826, 0.0], [444.3651148275826, 180.0], [164.3651148275826, 180.0], [164.3651148275826, 0.0]], [[100.0, 180.0], [380.0, 180.0], [240.0, 320.0], [100.0, 180.0]], [[644.3651148275826, 760.0], [464.3651148275826, 760.0], [644.3651148275826, 480.0], [644.3651148275826, 760.0]], [[364.3651148275826, 200.0], [644.3651148275826, 200.0], [644.3651148275826, 480.0], [364.3651148275826, 480.0], [364.3651148275826, 200.0]], [[180.0, 560.0], [100.0, 760.0], [0.0, 760.0], [0.0, 560.0], [180.0, 560.0]], [[200.0, 363.33333333333326], [300.0, 363.33333333333326], [300.0, 543.3333333333333], [200.0, 543.3333333333333], [200.0, 363.33333333333326]], [[280.0, 360.0], [0.0, 360.0], [0.0, 80.0], [280.0, 360.0]], [[180.0, 760.0], [180.0, 560.0], [380.0, 560.0], [460.0, 760.0], [180.0, 760.0]], [[160.0, 0.0], [80.0, 160.0], [0.0, 0.0], [160.0, 0.0]], [[333.33333333333337, 480.0], [613.3333333333334, 480.0], [473.33333333333337, 720.0], [333.33333333333337, 480.0]]]"
Wed Jul 15 04:47:13 2020,2,True,643.7077654979453,0.8854949878677818,"[0, 0, 1, 0, 3, 0, 3, 0, 1, 0, 2, 3]","[[[343.7077654979453, 280.0], [543.7077654979453, 280.0], [543.7077654979453, 480.0], [343.7077654979453, 480.0], [343.7077654979453, 280.0]], [[0.0, 0.0], [200.0, 0.0], [200.0, 200.0], [0.0, 200.0], [0.0, 0.0]], [[362.8571428571428, 480.0], [362.8571428571428, 760.0], [182.85714285714278, 760.0], [182.85714285714278, 480.0], [362.8571428571428, 480.0]], [[252.0, 0.0], [532.0, 0.0], [392.0, 140.0], [252.0, 0.0]], [[182.85714285714278, 760.0], [2.857142857142776, 760.0], [182.85714285714278, 480.0], [182.85714285714278, 760.0]], [[362.8571428571428, 480.0], [642.8571428571428, 480.0], [642.8571428571428, 760.0], [362.8571428571428, 760.0], [362.8571428571428, 480.0]], [[168.0, 480.0], [248.0, 280.0], [348.0, 280.0], [348.0, 480.0], [168.0, 480.0]], [[543.7077654979453, 280.0], [643.7077654979453, 280.0], [643.7077654979453, 460.0], [543.7077654979453, 460.0], [543.7077654979453, 280.0]], [[641.1020408163265, 0.0], [641.1020408163265, 280.0], [361.1020408163265, 280.0], [641.1020408163265, 0.0]], [[0.0, 200.0], [200.0, 200.0], [200.0, 400.0], [0.0, 480.0], [0.0, 200.0]], [[160.0, 480.0], [80.0, 640.0], [0.0, 480.0], [160.0, 480.0]], [[200.0, 308.0], [200.0, 28.0], [440.0, 168.0], [200.0, 308.0]]]"
Wed Jul 15 04:56:39 2020,2,True,655.9764136074357,0.8689336814190889,"[0, 0, 0, 2, 1, 0, 2, 0, 0, 3, 2, 2]","[[[200.0, 224.18297910848128], [400.0, 224.18297910848128], [400.0, 424.1829791084813], [200.0, 424.1829791084813], [200.0, 224.18297910848128]], [[0.0, 200.0], [200.0, 200.0], [200.0, 400.0], [0.0, 400.0], [0.0, 200.0]], [[375.9764136074357, 0.0], [655.9764136074357, 0.0], [655.9764136074357, 180.0], [375.9764136074357, 180.0], [375.9764136074357, 0.0]], [[655.8170208915187, 480.0], [375.8170208915187, 480.0], [515.8170208915187, 340.0], [655.8170208915187, 480.0]], [[0.0, 400.0], [180.0, 400.0], [0.0, 680.0], [0.0, 400.0]], [[375.9764136074357, 480.0], [655.9764136074357, 480.0], [655.9764136074357, 760.0], [375.9764136074357, 760.0], [375.9764136074357, 480.0]], [[375.8170208915187, 604.1829791084813], [175.81702089151872, 524.1829791084813], [175.81702089151872, 424.1829791084813], [375.8170208915187, 424.1829791084813], [375.8170208915187, 604.1829791084813]], [[0.0, 0.0], [100.0, 0.0], [100.0, 180.0], [0.0, 180.0], [0.0, 0.0]], [[375.8170208915187, 200.0], [655.8170208915187, 200.0], [655.8170208915187, 480.0], [375.8170208915187, 200.0]], [[100.0, 200.0], [100.0, 0.0], [300.0, 0.0], [380.0, 200.0], [100.0, 200.0]], [[375.9764136074357, 599.9410340185892], [295.9764136074357, 759.9410340185892], [215.9764136074357, 599.9410340185892], [375.9764136074357, 599.9410340185892]], [[295.9764136074357, 759.9410340185892], [15.976413607435688, 759.9410340185892], [155.9764136074357, 519.9410340185892], [295.9764136074357, 759.9410340185892]]]"
Wed Jul 15 04:59:32 2020,2,True,648.8190287195084,0.8785192399873606,"[0, 0, 1, 0, 0, 0, 1, 1, 1, 0, 1, 1]","[[[248.81902871950842, 280.0], [448.8190287195084, 280.0], [448.8190287195084, 480.0], [248.81902871950842, 480.0], [248.81902871950842, 280.0]], [[448.8190287195084, 280.0], [648.8190287195084, 280.0], [648.8190287195084, 480.0], [448.8190287195084, 480.0], [448.8190287195084, 280.0]], [[648.8190287195084, 0.0], [648.8190287195084, 280.0], [468.8190287195084, 280.0], [468.8190287195084, 0.0], [648.8190287195084, 0.0]], [[368.8190287195084, 479.9999999999999], [648.8190287195084, 479.9999999999999], [508.8190287195084, 619.9999999999999], [368.8190287195084, 479.9999999999999]], [[46.66666666666657, 760.0], [46.66666666666657, 580.0], [326.6666666666666, 760.0], [46.66666666666657, 760.0]], [[188.81902871950842, 0.0], [468.8190287195084, 0.0], [468.8190287195084, 280.0], [188.81902871950842, 280.0], [188.81902871950842, 0.0]], [[180.0, 0.0], [100.0, 200.0], [0.0, 200.0], [0.0, 0.0], [180.0, 0.0]], [[180.0, 200.0], [180.0, 300.0], [0.0, 300.0], [0.0, 200.0], [180.0, 200.0]], [[648.8190287195084, 480.0], [648.8190287195084, 760.0], [368.8190287195084, 760.0], [648.8190287195084, 480.0]], [[0.0, 318.66666666666663], [200.0, 318.66666666666663], [200.0, 518.6666666666666], [0.0, 598.6666666666666], [0.0, 318.66666666666663]], [[348.8190287195084, 539.9999999999999], [508.8190287195084, 619.9999999999999], [348.8190287195084, 699.9999999999999], [348.8190287195084, 539.9999999999999]], [[348.8190287195084, 479.9550898911127], [348.8190287195084, 759.9550898911127], [108.81902871950842, 619.9550898911127], [348.8190287195084, 479.9550898911127]]]"
Wed Jul 15 05:06:10 2020,2,True,661.185094155962,0.8620884001137917,"[0, 0, 0, 0, 3, 0, 1, 1, 1, 0, 3, 0]","[[[454.6387070851108, 560.0], [654.6387070851108, 560.0], [654.6387070851108, 760.0], [454.6387070851108, 760.0], [454.6387070851108, 560.0]], [[0.0, 373.33333333333337], [200.0, 373.33333333333337], [200.0, 573.3333333333334], [0.0, 573.3333333333334], [0.0, 373.33333333333337]], [[0.0, 573.3333333333334], [280.0, 573.3333333333334], [280.0, 753.3333333333334], [0.0, 753.3333333333334], [0.0, 573.3333333333334]], [[200.0, 280.0], [480.0, 280.0], [340.0, 420.0], [200.0, 280.0]], [[454.6387070851108, 760.0], [274.6387070851108, 760.0], [454.6387070851108, 480.0], [454.6387070851108, 760.0]], [[200.0, 0.0], [480.0, 0.0], [480.0, 280.0], [200.0, 280.0], [200.0, 0.0]], [[660.0, 0.0], [580.0, 200.0], [480.0, 200.0], [480.0, 0.0], [660.0, 0.0]], [[636.6666666666666, 460.0], [636.6666666666666, 560.0], [456.66666666666663, 560.0], [456.66666666666663, 460.0], [636.6666666666666, 460.0]], [[634.638707085111, 140.0], [634.638707085111, 420.0], [354.63870708511104, 420.0], [634.638707085111, 140.0]], [[0.0, 0.0], [200.0, 0.0], [200.0, 200.0], [0.0, 280.0], [0.0, 0.0]], [[166.66666666666657, 373.33333333333337], [6.666666666666572, 293.33333333333337], [166.66666666666657, 213.33333333333337], [166.66666666666657, 373.33333333333337]], [[199.9999999999999, 420.0], [479.9999999999999, 420.0], [339.9999999999999, 660.0], [199.9999999999999, 420.0]]]"
Wed Jul 15 05:10:26 2020,2,True,660.5105859176848,0.8629687580374911,"[0, 0, 1, 3, 3, 0, 2, 0, 1, 0, 2, 0]","[[[453.9708771462226, 280.0], [653.9708771462226, 280.0], [653.9708771462226, 480.0], [453.9708771462226, 480.0], [453.9708771462226, 280.0]], [[0.0, 180.0], [200.0, 180.0], [200.0, 380.0], [0.0, 380.0], [0.0, 180.0]], [[660.0, 0.0], [660.0, 280.0], [480.0, 280.0], [480.0, 0.0], [660.0, 0.0]], [[0.0, 677.1428571428571], [0.0, 397.1428571428571], [140.0, 537.1428571428571], [0.0, 677.1428571428571]], [[180.0, 760.0], [0.0, 760.0], [180.0, 480.0], [180.0, 760.0]], [[180.0, 480.0], [460.0, 480.0], [460.0, 760.0], [180.0, 760.0], [180.0, 480.0]], [[453.9708771462226, 460.0], [253.97087714622262, 380.0], [253.97087714622262, 280.0], [453.9708771462226, 280.0], [453.9708771462226, 460.0]], [[0.0, 0.0], [100.0, 0.0], [100.0, 180.0], [0.0, 180.0], [0.0, 0.0]], [[480.0, 0.0], [480.0, 280.0], [200.0, 280.0], [480.0, 0.0]], [[459.81483078263796, 480.0], [659.814830782638, 480.0], [659.814830782638, 680.0], [459.81483078263796, 760.0], [459.81483078263796, 480.0]], [[221.42857142857142, 380.0], [141.42857142857142, 540.0], [61.428571428571416, 380.0], [221.42857142857142, 380.0]], [[100.0, 0.0], [380.0, 0.0], [240.0, 240.0], [100.0, 0.0]]]"
Wed Jul 15 05:13:33 2020,2,True,653.3037284943135,0.8724885151255668,"[0, 0, 1, 1, 3, 0, 3, 1, 3, 2, 1, 0]","[[[453.30372849431353, 0.0], [653.3037284943135, 0.0], [653.3037284943135, 200.0], [453.30372849431353, 200.0], [453.30372849431353, 0.0]], [[200.0, 560.0], [400.0, 560.0], [400.0, 760.0], [200.0, 760.0], [200.0, 560.0]], [[359.77770050770243, 200.0], [359.77770050770243, 480.0], [179.77770050770243, 480.0], [179.77770050770243, 200.0], [359.77770050770243, 200.0]], [[180.0, 200.0], [180.0, 480.0], [40.0, 340.0], [180.0, 200.0]], [[647.7033120871457, 760.0], [467.7033120871457, 760.0], [647.7033120871457, 480.0], [647.7033120871457, 760.0]], [[368.57142857142856, 200.0], [648.5714285714286, 200.0], [648.5714285714286, 480.0], [368.57142857142856, 480.0], [368.57142857142856, 200.0]], [[240.0, 200.0], [320.0, 0.0], [420.0, 0.0], [420.0, 200.0], [240.0, 200.0]], [[253.30372849431353, 0.0], [253.30372849431353, 100.0], [73.30372849431353, 100.0], [73.30372849431353, 0.0], [253.30372849431353, 0.0]], [[0.0, 380.0], [0.0, 100.0], [280.0, 100.0], [0.0, 380.0]], [[200.0, 760.0], [0.0, 760.0], [0.0, 560.0], [200.0, 480.0], [200.0, 760.0]], [[0.0, 380.0], [160.0, 460.0], [0.0, 540.0], [0.0, 380.0]], [[353.3333333333333, 479.9999999999999], [633.3333333333333, 479.9999999999999], [493.3333333333333, 719.9999999999999], [353.3333333333333, 479.9999999999999]]]"
Wed Jul 15 05:17:16 2020,2,True,646.175505380563,0.8821132885009318,"[0, 0, 1, 3, 3, 0, 1, 0, 1, 0, 1, 1]","[[[280.0, 361.1285770560098], [480.0, 361.1285770560098], [480.0, 561.1285770560098], [280.0, 561.1285770560098], [280.0, 361.1285770560098]], [[100.0, 560.0], [300.0, 560.0], [300.0, 760.0], [100.0, 760.0], [100.0, 560.0]], [[180.0, 0.0], [180.0, 280.0], [0.0, 280.0], [0.0, 0.0], [180.0, 0.0]], [[483.1875336786651, 642.9879717018979], [483.1875336786651, 362.9879717018979], [623.1875336786651, 502.9879717018979], [483.1875336786651, 642.9879717018979]], [[408.57142857142856, 280.0], [228.57142857142856, 280.0], [408.57142857142856, 0.0], [408.57142857142856, 280.0]], [[0.0, 280.0], [280.0, 280.0], [280.0, 560.0], [0.0, 560.0], [0.0, 280.0]], [[360.0, 0.0], [280.0, 200.0], [180.0, 200.0], [180.0, 0.0], [360.0, 0.0]], [[0.0, 560.0], [100.0, 560.0], [100.0, 740.0], [0.0, 740.0], [0.0, 560.0]], [[646.175505380563, 480.0], [646.175505380563, 760.0], [366.175505380563, 760.0], [646.175505380563, 480.0]], [[408.57142857142856, 0.0], [608.5714285714286, 0.0], [608.5714285714286, 200.0], [408.57142857142856, 280.0], [408.57142857142856, 0.0]], [[300.0, 573.3098691710567], [460.0, 653.3098691710567], [300.0, 733.3098691710567], [300.0, 573.3098691710567]], [[646.175505380563, 178.0642885280049], [646.175505380563, 458.0642885280049], [406.175505380563, 318.0642885280049], [646.175505380563, 178.0642885280049]]]"
Wed Jul 15 05:25:05 2020,2,True,665.0760988647503,0.8570447817519827,"[0, 0, 1, 3, 2, 0, 0, 0, 1, 0, 3, 3]","[[[80.0, 272.0389423288956], [280.0, 272.0389423288956], [280.0, 472.0389423288956], [80.0, 472.0389423288956], [80.0, 272.0389423288956]], [[465.0760988647503, 0.0], [665.0760988647503, 0.0], [665.0760988647503, 200.0], [465.0760988647503, 200.0], [465.0760988647503, 0.0]], [[465.0760988647503, 0.0], [465.0760988647503, 280.0], [285.0760988647503, 280.0], [285.0760988647503, 0.0], [465.0760988647503, 0.0]], [[480.0, 645.0760988647503], [480.0, 365.0760988647503], [620.0, 505.0760988647503], [480.0, 645.0760988647503]], [[285.0760988647503, 27.683101122901803], [285.0760988647503, 207.6831011229018], [5.076098864750293, 27.683101122901803], [285.0760988647503, 27.683101122901803]], [[0.0, 480.0], [280.0, 480.0], [280.0, 760.0], [0.0, 760.0], [0.0, 480.0]], [[280.0, 285.0760988647503], [480.0, 365.0760988647503], [480.0, 465.0760988647503], [280.0, 465.0760988647503], [280.0, 285.0760988647503]], [[565.0760988647503, 200.0], [665.0760988647503, 200.0], [665.0760988647503, 380.0], [565.0760988647503, 380.0], [565.0760988647503, 200.0]], [[665.0760988647503, 480.0], [665.0760988647503, 760.0], [385.0760988647503, 760.0], [665.0760988647503, 480.0]], [[280.0, 465.0760988647503], [480.0, 465.0760988647503], [480.0, 665.0760988647503], [280.0, 745.0760988647503], [280.0, 465.0760988647503]], [[547.4619505676249, 398.8070741485627], [387.46195056762485, 318.8070741485627], [547.4619505676249, 238.80707414856272], [547.4619505676249, 398.8070741485627]], [[0.0, 318.70560899556233], [0.0, 38.70560899556233], [240.0, 178.70560899556233], [0.0, 318.70560899556233]]]"
Wed Jul 15 05:28:51 2020,2,True,664.397621216463,0.8579199891721047,"[0, 0, 0, 2, 3, 0, 0, 0, 0, 3, 1, 0]","[[[460.0, 0.0], [660.0, 0.0], [660.0, 200.0], [460.0, 200.0], [460.0, 0.0]], [[460.0, 200.0], [660.0, 200.0], [660.0, 400.0], [460.0, 400.0], [460.0, 200.0]], [[0.0, 288.9097134734966], [280.0, 288.9097134734966], [280.0, 468.9097134734966], [0.0, 468.9097134734966], [0.0, 288.9097134734966]], [[557.7662121293719, 580.0], [277.76621212937187, 580.0], [417.76621212937187, 440.0], [557.7662121293719, 580.0]], [[460.0, 298.8302196953226], [280.0, 298.8302196953226], [460.0, 18.830219695322626], [460.0, 298.8302196953226]], [[0.0, 480.0], [280.0, 480.0], [280.0, 760.0], [0.0, 760.0], [0.0, 480.0]], [[380.0, 580.0], [580.0, 660.0], [580.0, 760.0], [380.0, 760.0], [380.0, 580.0]], [[280.0, 580.0], [380.0, 580.0], [380.0, 760.0], [280.0, 760.0], [280.0, 580.0]], [[384.397621216463, 406.63140908709113], [664.397621216463, 406.63140908709113], [664.397621216463, 686.6314090870911], [384.397621216463, 406.63140908709113]], [[0.0, 238.02383951944046], [0.0, 38.02383951944046], [200.0, 38.02383951944046], [280.0, 238.02383951944046], [0.0, 238.02383951944046]], [[280.0, 298.8302196953226], [440.0, 378.8302196953226], [280.0, 458.8302196953226], [280.0, 298.8302196953226]], [[177.81942694699308, 0.0], [457.8194269469931, 0.0], [317.8194269469931, 240.0], [177.81942694699308, 0.0]]]"
Wed Jul 15 05:31:00 2020,2,True,650.6419328667973,0.8760578917631693,"[0, 0, 0, 0, 3, 0, 1, 0, 1, 0, 3, 3]","[[[444.19993353148243, 0.0], [644.1999335314824, 0.0], [644.1999335314824, 200.0], [444.19993353148243, 200.0], [444.19993353148243, 0.0]], [[200.0, 180.0], [400.0, 180.0], [400.0, 380.0], [200.0, 380.0], [200.0, 180.0]], [[160.0, 0.0], [440.0, 0.0], [440.0, 180.0], [160.0, 180.0], [160.0, 0.0]], [[170.64193286679733, 400.0], [450.64193286679733, 400.0], [310.64193286679733, 540.0], [170.64193286679733, 400.0]], [[644.1999335314824, 480.0], [464.19993353148243, 480.0], [644.1999335314824, 200.0], [644.1999335314824, 480.0]], [[370.64193286679733, 480.0], [650.6419328667973, 480.0], [650.6419328667973, 760.0], [370.64193286679733, 760.0], [370.64193286679733, 480.0]], [[580.0, 200.0], [500.0, 400.0], [400.0, 400.0], [400.0, 200.0], [580.0, 200.0]], [[0.0, 0.0], [100.0, 0.0], [100.0, 180.0], [0.0, 180.0], [0.0, 0.0]], [[370.64193286679733, 480.0], [370.64193286679733, 760.0], [90.64193286679733, 760.0], [370.64193286679733, 480.0]], [[0.0, 180.0], [200.0, 180.0], [200.0, 380.0], [0.0, 460.0], [0.0, 180.0]], [[172.00006759510254, 551.199972961959], [12.000067595102536, 471.199972961959], [172.00006759510254, 391.199972961959], [172.00006759510254, 551.199972961959]], [[0.0, 744.1999335314825], [0.0, 464.19993353148254], [240.0, 604.1999335314825], [0.0, 744.1999335314825]]]"
Wed Jul 15 05:37:02 2020,2,True,663.0427416615247,0.8596730861899369,"[0, 0, 0, 0, 2, 0, 1, 0, 1, 1, 0, 3]","[[[0.0, 400.0], [200.0, 400.0], [200.0, 600.0], [0.0, 600.0], [0.0, 400.0]], [[0.0, 0.0], [200.0, 0.0], [200.0, 200.0], [0.0, 200.0], [0.0, 0.0]], [[380.0, 0.0], [660.0, 0.0], [660.0, 180.0], [380.0, 180.0], [380.0, 0.0]], [[0.0, 600.0], [280.0, 600.0], [140.0, 740.0], [0.0, 600.0]], [[663.0427416615247, 460.0], [663.0427416615247, 640.0], [383.0427416615247, 460.0], [663.0427416615247, 460.0]], [[371.8111006354002, 180.0], [651.8111006354002, 180.0], [651.8111006354002, 460.0], [371.8111006354002, 460.0], [371.8111006354002, 180.0]], [[380.0, 0.0], [300.0, 200.0], [200.0, 200.0], [200.0, 0.0], [380.0, 0.0]], [[200.0, 400.0], [300.0, 400.0], [300.0, 580.0], [200.0, 580.0], [200.0, 400.0]], [[400.0, 480.0], [400.0, 760.0], [120.0, 760.0], [400.0, 480.0]], [[371.8111006354002, 200.0], [371.8111006354002, 400.0], [171.81110063540018, 400.0], [91.81110063540018, 200.0], [371.8111006354002, 200.0]], [[0.0, 370.47224841149955], [80.0, 210.47224841149955], [160.0, 370.47224841149955], [0.0, 370.47224841149955]], [[400.0, 760.0], [400.0, 480.0], [640.0, 620.0], [400.0, 760.0]]]"
Wed Jul 15 05:38:43 2020,2,True,642.8862423150143,0.8866265327866512,"[0, 0, 1, 1, 2, 0, 1, 0, 3, 3, 0, 2]","[[[0.0, 280.0], [200.0, 280.0], [200.0, 480.0], [0.0, 480.0], [0.0, 280.0]], [[442.8862423150142, 180.0], [642.8862423150142, 180.0], [642.8862423150142, 380.0], [442.8862423150142, 380.0], [442.8862423150142, 180.0]], [[180.0, 0.0], [180.0, 280.0], [0.0, 280.0], [0.0, 0.0], [180.0, 0.0]], [[642.8862423150142, 380.0], [642.8862423150142, 660.0], [502.8862423150142, 520.0], [642.8862423150142, 380.0]], [[542.8862423150143, 0.0], [542.8862423150143, 180.0], [262.88624231501433, 0.0], [542.8862423150143, 0.0]], [[0.0, 480.0], [280.0, 480.0], [280.0, 760.0], [0.0, 760.0], [0.0, 480.0]], [[360.0, 62.43027279749077], [280.0, 262.4302727974908], [180.0, 262.4302727974908], [180.0, 62.43027279749077], [360.0, 62.43027279749077]], [[542.8862423150143, 0.0], [642.8862423150143, 0.0], [642.8862423150143, 180.0], [542.8862423150143, 180.0], [542.8862423150143, 0.0]], [[279.9999999999999, 742.8862423150143], [279.9999999999999, 462.88624231501433], [559.9999999999999, 462.88624231501433], [279.9999999999999, 742.8862423150143]], [[200.0, 462.88624231501433], [200.0, 262.88624231501433], [400.0, 262.88624231501433], [480.0, 462.88624231501433], [200.0, 462.88624231501433]], [[279.7720152412382, 262.88624231501433], [359.7720152412382, 102.88624231501433], [439.7720152412382, 262.88624231501433], [279.7720152412382, 262.88624231501433]], [[642.8862423150143, 760.0], [362.88624231501433, 760.0], [502.88624231501433, 520.0], [642.8862423150143, 760.0]]]"
Wed Jul 15 05:46:12 2020,2,True,661.6906250583941,0.8614297655338514,"[0, 0, 1, 3, 1, 0, 2, 1, 0, 2, 0, 3]","[[[461.69062505839406, 460.0], [661.6906250583941, 460.0], [661.6906250583941, 660.0], [461.69062505839406, 660.0], [461.69062505839406, 460.0]], [[240.0, 560.0], [440.0, 560.0], [440.0, 760.0], [240.0, 760.0], [240.0, 560.0]], [[180.0, 80.00000000000011], [180.0, 360.0000000000001], [0.0, 360.0000000000001], [0.0, 80.00000000000011], [180.0, 80.00000000000011]], [[179.99999999999966, 360.0], [179.99999999999966, 80.0], [319.99999999999966, 220.0], [179.99999999999966, 360.0]], [[399.9999999999999, 280.0], [579.9999999999999, 280.0], [399.9999999999999, 560.0], [399.9999999999999, 280.0]], [[379.9999999999999, 0.0], [659.9999999999999, 0.0], [659.9999999999999, 280.0], [379.9999999999999, 280.0], [379.9999999999999, 0.0]], [[200.0, 540.0], [0.0, 460.0], [0.0, 360.0], [200.0, 360.0], [200.0, 540.0]], [[620.0, 660.0], [620.0, 760.0], [440.0, 760.0], [440.0, 660.0], [620.0, 660.0]], [[99.99999999999989, 0.0], [379.9999999999999, 0.0], [379.9999999999999, 280.0], [99.99999999999989, 0.0]], [[400.0, 560.0], [200.0, 560.0], [200.0, 360.0], [400.0, 280.0], [400.0, 560.0]], [[487.142857142857, 460.0], [567.142857142857, 300.0], [647.142857142857, 460.0], [487.142857142857, 460.0]], [[0.0, 740.0], [0.0, 460.0], [240.0, 600.0], [0.0, 740.0]]]"
Wed Jul 15 05:50:34 2020,2,True,667.62575711359,0.8537717335297775,"[0, 0, 1, 0, 0, 0, 0, 1, 2, 0, 3, 1]","[[[460.0, 0.0], [660.0, 0.0], [660.0, 200.0], [460.0, 200.0], [460.0, 0.0]], [[0.0, 380.0], [200.0, 380.0], [200.0, 580.0], [0.0, 580.0], [0.0, 380.0]], [[380.0, 480.0], [380.0, 760.0], [200.0, 760.0], [200.0, 480.0], [380.0, 480.0]], [[179.99999999999994, 279.99999999999994], [459.99999999999994, 279.99999999999994], [319.99999999999994, 419.99999999999994], [179.99999999999994, 279.99999999999994]], [[380.0, 760.0], [380.0, 580.0], [660.0, 760.0], [380.0, 760.0]], [[180.0, 0.0], [460.0, 0.0], [460.0, 280.0], [180.0, 280.0], [180.0, 0.0]], [[0.0, 580.0], [200.0, 660.0], [200.0, 760.0], [0.0, 760.0], [0.0, 580.0]], [[180.0, 0.0], [180.0, 100.0], [0.0, 100.0], [0.0, 0.0], [180.0, 0.0]], [[280.0, 380.0], [0.0, 380.0], [0.0, 100.0], [280.0, 380.0]], [[459.99999999999994, 200.0], [660.0, 200.0], [660.0, 400.0], [459.99999999999994, 480.0], [459.99999999999994, 200.0]], [[449.9999999999999, 515.0], [289.9999999999999, 435.0], [449.9999999999999, 355.0], [449.9999999999999, 515.0]], [[667.62575711359, 395.55164168373915], [667.62575711359, 675.5516416837391], [427.62575711359, 535.5516416837391], [667.62575711359, 395.55164168373915]]]"
Wed Jul 15 05:53:14 2020,2,True,660.3412657726935,0.863190034524071,"[0, 0, 0, 0, 1, 0, 1, 0, 1, 3, 2, 2]","[[[173.80323343831037, 560.0], [373.8032334383104, 560.0], [373.8032334383104, 760.0], [173.80323343831037, 760.0], [173.80323343831037, 560.0]], [[195.6837029390938, 200.0], [395.6837029390938, 200.0], [395.6837029390938, 400.0], [195.6837029390938, 400.0], [195.6837029390938, 200.0]], [[272.0, 0.0], [552.0, 0.0], [552.0, 180.0], [272.0, 180.0], [272.0, 0.0]], [[372.0, 180.0], [652.0, 180.0], [512.0, 320.0], [372.0, 180.0]], [[0.0, 200.0], [180.0, 200.0], [0.0, 480.0], [0.0, 200.0]], [[373.8032334383104, 451.65873422730647], [653.8032334383104, 451.65873422730647], [653.8032334383104, 731.6587342273065], [373.8032334383104, 731.6587342273065], [373.8032334383104, 451.65873422730647]], [[180.0, 544.5080835957759], [100.0, 744.5080835957759], [0.0, 744.5080835957759], [0.0, 544.5080835957759], [180.0, 544.5080835957759]], [[552.0, 0.0], [652.0, 0.0], [652.0, 180.0], [552.0, 180.0], [552.0, 0.0]], [[660.3412657726935, 171.65873422730647], [660.3412657726935, 451.65873422730647], [380.34126577269353, 451.65873422730647], [660.3412657726935, 171.65873422730647]], [[0.0, 200.0], [0.0, 0.0], [200.0, 0.0], [280.0, 200.0], [0.0, 200.0]], [[367.74595820211204, 400.0], [287.74595820211204, 560.0], [207.74595820211204, 400.0], [367.74595820211204, 400.0]], [[280.0, 544.5080835957759], [0.0, 544.5080835957759], [140.0, 304.50808359577593], [280.0, 544.5080835957759]]]"
Wed Jul 15 05:55:24 2020,2,True,640.2668912932036,0.890253748477796,"[0, 0, 0, 2, 2, 0, 0, 0, 0, 2, 0, 3]","[[[440.26689129320357, 220.26689129320368], [640.2668912932036, 220.26689129320368], [640.2668912932036, 420.2668912932037], [440.26689129320357, 420.2668912932037], [440.26689129320357, 220.26689129320368]], [[199.9999999999999, 560.0], [399.9999999999999, 560.0], [399.9999999999999, 760.0], [199.9999999999999, 760.0], [199.9999999999999, 560.0]], [[0.0, 12.685569882940513], [280.0, 12.685569882940513], [280.0, 192.6855698829405], [0.0, 192.6855698829405], [0.0, 12.685569882940513]], [[499.9999999999999, 560.0], [219.9999999999999, 560.0], [359.9999999999999, 420.0], [499.9999999999999, 560.0]], [[540.2668912932036, 0.0], [540.2668912932036, 180.0], [260.26689129320357, 0.0], [540.2668912932036, 0.0]], [[0.0, 192.6855698829405], [280.0, 192.6855698829405], [280.0, 472.6855698829405], [0.0, 472.6855698829405], [0.0, 192.6855698829405]], [[399.9999999999999, 580.0], [599.9999999999999, 660.0], [599.9999999999999, 760.0], [399.9999999999999, 760.0], [399.9999999999999, 580.0]], [[540.2668912932036, 40.266891293203685], [640.2668912932036, 40.266891293203685], [640.2668912932036, 220.26689129320368], [540.2668912932036, 220.26689129320368], [540.2668912932036, 40.266891293203685]], [[360.26689129320357, 420.2668912932037], [640.2668912932036, 420.2668912932037], [640.2668912932036, 700.2668912932037], [360.26689129320357, 420.2668912932037]], [[200.0, 760.0], [0.0, 760.0], [0.0, 560.0], [200.0, 480.0], [200.0, 760.0]], [[280.0, 420.0], [360.0, 260.0], [440.0, 420.0], [280.0, 420.0]], [[280.0, 306.97128416865485], [280.0, 26.971284168654847], [520.0, 166.97128416865485], [280.0, 306.97128416865485]]]"
Wed Jul 15 06:02:18 2020,2,True,658.9946581815357,0.8649539004957761,"[0, 0, 1, 2, 3, 0, 1, 1, 0, 3, 2, 0]","[[[278.99465818153567, 280.0], [478.99465818153567, 280.0], [478.99465818153567, 480.0], [278.99465818153567, 480.0], [278.99465818153567, 280.0]], [[457.7777777777778, 0.0], [657.7777777777778, 0.0], [657.7777777777778, 200.0], [457.7777777777778, 200.0], [457.7777777777778, 0.0]], [[658.9946581815357, 400.0], [658.9946581815357, 680.0], [478.99465818153567, 680.0], [478.99465818153567, 400.0], [658.9946581815357, 400.0]], [[340.0, 180.0], [60.0, 180.0], [200.0, 40.0], [340.0, 180.0]], [[473.89708037898316, 760.0], [293.89708037898316, 760.0], [473.89708037898316, 480.0], [473.89708037898316, 760.0]], [[0.0, 180.0], [280.0, 180.0], [280.0, 460.0], [0.0, 460.0], [0.0, 180.0]], [[658.9946581815357, 200.0], [578.9946581815357, 400.0], [478.99465818153567, 400.0], [478.99465818153567, 200.0], [658.9946581815357, 200.0]], [[180.0, 460.0], [180.0, 560.0], [0.0, 560.0], [0.0, 460.0], [180.0, 460.0]], [[177.77777777777783, 0.0], [457.7777777777778, 0.0], [457.7777777777778, 280.0], [177.77777777777783, 0.0]], [[0.0, 760.0], [0.0, 560.0], [200.0, 560.0], [280.0, 760.0], [0.0, 760.0]], [[160.0, 0.0], [80.0, 160.0], [0.0, 0.0], [160.0, 0.0]], [[180.0, 480.0], [460.0, 480.0], [320.0, 720.0], [180.0, 480.0]]]"
Wed Jul 15 06:06:31 2020,2,True,658.322384517394,0.8658371846460275,"[0, 0, 0, 1, 0, 0, 1, 0, 2, 1, 1, 1]","[[[178.32238451739397, 560.0], [378.32238451739397, 560.0], [378.32238451739397, 760.0], [178.32238451739397, 760.0], [178.32238451739397, 560.0]], [[280.0, 0.0], [480.0, 0.0], [480.0, 200.0], [280.0, 200.0], [280.0, 0.0]], [[280.0, 380.0], [560.0, 380.0], [560.0, 560.0], [280.0, 560.0], [280.0, 380.0]], [[280.0, 280.0], [280.0, 560.0], [140.0, 420.0], [280.0, 280.0]], [[280.0, 380.0], [280.0, 200.0], [560.0, 380.0], [280.0, 380.0]], [[0.0, 0.0], [280.0, 0.0], [280.0, 280.0], [0.0, 280.0], [0.0, 0.0]], [[180.0, 560.0], [100.0, 760.0], [0.0, 760.0], [0.0, 560.0], [180.0, 560.0]], [[558.322384517394, 380.0], [658.322384517394, 380.0], [658.322384517394, 560.0], [558.322384517394, 560.0], [558.322384517394, 380.0]], [[280.0, 560.0], [0.0, 560.0], [0.0, 280.0], [280.0, 560.0]], [[658.322384517394, 560.0], [658.322384517394, 760.0], [458.32238451739397, 760.0], [378.32238451739397, 560.0], [658.322384517394, 560.0]], [[480.0, 0.0], [640.0, 80.0], [480.0, 160.0], [480.0, 0.0]], [[658.322384517394, 95.97860903152014], [658.322384517394, 375.97860903152014], [418.32238451739397, 235.97860903152014], [658.322384517394, 95.97860903152014]]]"
Wed Jul 15 06:12:55 2020,2,True,677.5782734635034,0.841231223495985,"[0, 0, 1, 3, 0, 0, 3, 0, 3, 2, 0, 0]","[[[280.0, 0.0], [480.0, 0.0], [480.0, 200.0], [280.0, 200.0], [280.0, 0.0]], [[477.57827346350336, 0.0], [677.5782734635034, 0.0], [677.5782734635034, 200.0], [477.57827346350336, 200.0], [477.57827346350336, 0.0]], [[633.8792864245011, 480.0], [633.8792864245011, 760.0], [453.87928642450106, 760.0], [453.87928642450106, 480.0], [633.8792864245011, 480.0]], [[0.0, 728.3333333333334], [0.0, 448.33333333333337], [140.0, 588.3333333333334], [0.0, 728.3333333333334]], [[28.222516398046764, 431.77748360195324], [28.222516398046764, 251.77748360195324], [308.22251639804676, 431.77748360195324], [28.222516398046764, 431.77748360195324]], [[390.86957768663694, 200.0], [670.869577686637, 200.0], [670.869577686637, 480.0], [390.86957768663694, 480.0], [390.86957768663694, 200.0]], [[101.26599465891634, 298.7340053410837], [181.26599465891633, 98.73400534108367], [281.2659946589163, 98.73400534108367], [281.2659946589163, 298.7340053410837], [101.26599465891634, 298.7340053410837]], [[290.5420777181048, 200.0], [390.5420777181048, 200.0], [390.5420777181048, 380.0], [290.5420777181048, 380.0], [290.5420777181048, 200.0]], [[0.0, 280.0], [0.0, 0.0], [280.0, 0.0], [0.0, 280.0]], [[453.87928642450106, 760.0], [253.87928642450106, 760.0], [253.87928642450106, 560.0], [453.87928642450106, 480.0], [453.87928642450106, 760.0]], [[48.33333333333336, 760.0], [128.33333333333337, 600.0], [208.33333333333337, 760.0], [48.33333333333336, 760.0]], [[48.675754323361645, 431.77748360195324], [328.6757543233616, 431.77748360195324], [188.67575432336164, 671.7774836019532], [48.675754323361645, 431.77748360195324]]]"
Wed Jul 15 06:14:28 2020,2,True,656.9798939502128,0.8676064598762221,"[0, 0, 1, 1, 3, 0, 1, 1, 2, 1, 0, 0]","[[[456.9798939502127, 560.0], [656.9798939502127, 560.0], [656.9798939502127, 760.0], [456.9798939502127, 760.0], [456.9798939502127, 560.0]], [[0.0, 0.0], [200.0, 0.0], [200.0, 200.0], [0.0, 200.0], [0.0, 0.0]], [[180.0, 440.0], [180.0, 720.0], [0.0, 720.0], [0.0, 440.0], [180.0, 440.0]], [[440.97989395021284, 464.0000000000001], [440.97989395021284, 744.0000000000001], [300.97989395021284, 604.0000000000001], [440.97989395021284, 464.0000000000001]], [[372.6190476190475, 408.57142857142856], [192.61904761904748, 408.57142857142856], [372.6190476190475, 128.57142857142856], [372.6190476190475, 408.57142857142856]], [[372.6190476190475, 18.45238095238119], [652.6190476190475, 18.45238095238119], [652.6190476190475, 298.4523809523812], [372.6190476190475, 298.4523809523812], [372.6190476190475, 18.45238095238119]], [[380.0, 0.0], [300.0, 200.0], [200.0, 200.0], [200.0, 0.0], [380.0, 0.0]], [[396.4084653787843, 408.57142857142856], [396.4084653787843, 508.57142857142856], [216.40846537878429, 508.57142857142856], [216.40846537878429, 408.57142857142856], [396.4084653787843, 408.57142857142856]], [[456.9798939502127, 760.0], [176.97989395021273, 760.0], [176.97989395021273, 480.0], [456.9798939502127, 760.0]], [[654.7608463311653, 298.4523809523812], [654.7608463311653, 498.4523809523812], [454.76084633116534, 498.4523809523812], [374.76084633116534, 298.4523809523812], [654.7608463311653, 298.4523809523812]], [[0.0, 438.36734693877554], [80.0, 278.36734693877554], [160.0, 438.36734693877554], [0.0, 438.36734693877554]], [[34.28571428571425, 200.0], [314.2857142857142, 200.0], [174.28571428571425, 440.0], [34.28571428571425, 200.0]]]"
Wed Jul 15 06:15:47 2020,2,True,637.0077051741264,0.8948086426116152,"[0, 0, 0, 3, 3, 0, 0, 1, 0, 3, 0, 0]","[[[0.0, 560.0], [200.0, 560.0], [200.0, 760.0], [0.0, 760.0], [0.0, 560.0]], [[0.0, 249.71972072311826], [200.0, 249.71972072311826], [200.0, 449.71972072311826], [0.0, 449.71972072311826], [0.0, 249.71972072311826]], [[357.0077051741264, 280.0], [637.0077051741264, 280.0], [637.0077051741264, 460.0], [357.0077051741264, 460.0], [357.0077051741264, 280.0]], [[200.0, 429.71972072311826], [200.0, 149.71972072311826], [340.0, 289.71972072311826], [200.0, 429.71972072311826]], [[353.3912490362904, 560.0], [173.3912490362904, 560.0], [353.3912490362904, 280.0], [353.3912490362904, 560.0]], [[357.0077051741264, 0.0], [637.0077051741264, 0.0], [637.0077051741264, 280.0], [357.0077051741264, 280.0], [357.0077051741264, 0.0]], [[0.0, 69.71972072311826], [200.0, 149.71972072311826], [200.0, 249.71972072311826], [0.0, 249.71972072311826], [0.0, 69.71972072311826]], [[180.0, 449.71972072311826], [180.0, 549.7197207231183], [0.0, 549.7197207231183], [0.0, 449.71972072311826], [180.0, 449.71972072311826]], [[77.00770517412639, 0.0], [357.0077051741264, 0.0], [357.0077051741264, 280.0], [77.00770517412639, 0.0]], [[200.6304179543567, 760.0], [200.6304179543567, 560.0], [400.6304179543567, 560.0], [480.6304179543567, 760.0], [200.6304179543567, 760.0]], [[477.0077051741264, 750.9432180494242], [557.0077051741264, 590.9432180494242], [637.0077051741264, 750.9432180494242], [477.0077051741264, 750.9432180494242]], [[353.3912490362904, 460.0], [633.3912490362904, 460.0], [493.3912490362904, 700.0], [353.3912490362904, 460.0]]]"
Wed Jul 15 06:25:05 2020,2,True,662.1965424811755,0.860771634149998,"[0, 0, 1, 3, 0, 0, 0, 0, 1, 0, 3, 0]","[[[255.6401410704708, 0.0], [455.6401410704708, 0.0], [455.6401410704708, 200.0], [255.6401410704708, 200.0], [255.6401410704708, 0.0]], [[55.640141070470804, 0.0], [255.6401410704708, 0.0], [255.6401410704708, 200.0], [55.640141070470804, 200.0], [55.640141070470804, 0.0]], [[460.0, 480.0], [460.0, 760.0], [280.0, 760.0], [280.0, 480.0], [460.0, 480.0]], [[0.0, 580.0], [0.0, 300.0], [140.0, 440.0], [0.0, 580.0]], [[0.0, 760.0], [0.0, 580.0], [280.0, 760.0], [0.0, 760.0]], [[279.9999999999998, 200.0], [559.9999999999998, 200.0], [559.9999999999998, 480.0], [279.9999999999998, 480.0], [279.9999999999998, 200.0]], [[455.6401410704708, 0.0], [655.6401410704708, 80.0], [655.6401410704708, 180.0], [455.6401410704708, 180.0], [455.6401410704708, 0.0]], [[559.9999999999998, 180.0], [659.9999999999998, 180.0], [659.9999999999998, 360.0], [559.9999999999998, 360.0], [559.9999999999998, 180.0]], [[280.0, 297.1428571428571], [280.0, 577.1428571428571], [0.0, 577.1428571428571], [280.0, 297.1428571428571]], [[460.0, 480.0], [660.0, 480.0], [660.0, 680.0], [460.0, 760.0], [460.0, 480.0]], [[280.0, 737.1428571428571], [120.0, 657.1428571428571], [280.0, 577.1428571428571], [280.0, 737.1428571428571]], [[0.0, 199.99999999999955], [280.0, 199.99999999999955], [140.0, 439.99999999999955], [0.0, 199.99999999999955]]]"
Wed Jul 15 06:45:28 2020,2,True,661.5210024134848,0.8616506474026059,"[0, 0, 1, 3, 2, 0, 3, 1, 0, 2, 1, 3]","[[[461.5210024134848, 0.0], [661.5210024134848, 0.0], [661.5210024134848, 200.0], [461.5210024134848, 200.0], [461.5210024134848, 0.0]], [[461.5210024134848, 480.0], [661.5210024134848, 480.0], [661.5210024134848, 680.0], [461.5210024134848, 680.0], [461.5210024134848, 480.0]], [[180.0, 0.0], [180.0, 280.0], [0.0, 280.0], [0.0, 0.0], [180.0, 0.0]], [[200.0, 723.3333333333333], [200.0, 443.33333333333326], [340.0, 583.3333333333333], [200.0, 723.3333333333333]], [[461.5210024134848, 0.0], [461.5210024134848, 180.0], [181.52100241348478, 0.0], [461.5210024134848, 0.0]], [[381.5210024134848, 200.0], [661.5210024134848, 200.0], [661.5210024134848, 480.0], [381.5210024134848, 480.0], [381.5210024134848, 200.0]], [[281.5210024134848, 760.0], [361.5210024134848, 560.0], [461.5210024134848, 560.0], [461.5210024134848, 760.0], [281.5210024134848, 760.0]], [[363.7587111826624, 180.0], [363.7587111826624, 280.0], [183.7587111826624, 280.0], [183.7587111826624, 180.0], [363.7587111826624, 180.0]], [[101.52100241348478, 280.0], [381.5210024134848, 280.0], [381.5210024134848, 560.0], [101.52100241348478, 280.0]], [[200.0, 760.0], [0.0, 760.0], [0.0, 560.0], [200.0, 480.0], [200.0, 760.0]], [[180.0, 21.879355591331205], [340.0, 101.8793555913312], [180.0, 181.8793555913312], [180.0, 21.879355591331205]], [[0.0, 560.0], [0.0, 280.0], [240.0, 420.0], [0.0, 560.0]]]"
Wed Jul 15 06:47:38 2020,2,True,647.8248715795161,0.8798674225184273,"[0, 0, 0, 1, 3, 0, 3, 1, 3, 2, 2, 3]","[[[441.41076394011486, 560.0], [641.4107639401149, 560.0], [641.4107639401149, 760.0], [441.41076394011486, 760.0], [441.41076394011486, 560.0]], [[167.82487157951607, 218.58923605988514], [367.82487157951607, 218.58923605988514], [367.82487157951607, 418.58923605988514], [167.82487157951607, 418.58923605988514], [167.82487157951607, 218.58923605988514]], [[361.41076394011486, 0.0], [641.4107639401149, 0.0], [641.4107639401149, 180.0], [361.41076394011486, 180.0], [361.41076394011486, 0.0]], [[157.37498170627347, 122.6250182937265], [157.37498170627347, 402.6250182937265], [17.374981706273473, 262.6250182937265], [157.37498170627347, 122.6250182937265]], [[441.41076394011486, 760.0], [261.41076394011486, 760.0], [441.41076394011486, 480.0], [441.41076394011486, 760.0]], [[367.82487157951607, 180.0], [647.8248715795161, 180.0], [647.8248715795161, 460.0], [367.82487157951607, 460.0], [367.82487157951607, 180.0]], [[181.41076394011486, 218.58923605988514], [261.41076394011486, 18.58923605988514], [361.41076394011486, 18.58923605988514], [361.41076394011486, 218.58923605988514], [181.41076394011486, 218.58923605988514]], [[636.1707835911166, 460.0], [636.1707835911166, 560.0], [456.17078359111656, 560.0], [456.17078359111656, 460.0], [636.1707835911166, 460.0]], [[0.0, 280.0], [0.0, 0.0], [280.0, 0.0], [0.0, 280.0]], [[261.41076394011486, 760.0], [61.41076394011486, 760.0], [61.41076394011486, 560.0], [261.41076394011486, 480.0], [261.41076394011486, 760.0]], [[426.1707835911167, 460.0], [346.1707835911167, 620.0], [266.1707835911167, 460.0], [426.1707835911167, 460.0]], [[0.0, 595.8229456317337], [0.0, 315.82294563173366], [240.0, 455.82294563173366], [0.0, 595.8229456317337]]]"
Wed Jul 15 06:55:46 2020,2,True,647.1639927776442,0.8807659362405896,"[0, 0, 1, 1, 2, 0, 1, 1, 2, 2, 2, 3]","[[[0.0, 560.0], [200.0, 560.0], [200.0, 760.0], [0.0, 760.0], [0.0, 560.0]], [[0.0, 360.0], [200.0, 360.0], [200.0, 560.0], [0.0, 560.0], [0.0, 360.0]], [[180.0, 0.0], [180.0, 280.0], [0.0, 280.0], [0.0, 0.0], [180.0, 0.0]], [[355.0, 355.0], [355.0, 635.0], [215.0, 495.0], [355.0, 355.0]], [[620.9894350596379, 277.6338158648467], [620.9894350596379, 457.6338158648467], [340.9894350596379, 277.6338158648467], [620.9894350596379, 277.6338158648467]], [[367.16399277764424, 0.0], [647.1639927776442, 0.0], [647.1639927776442, 280.0], [367.16399277764424, 280.0], [367.16399277764424, 0.0]], [[360.0, 100.0], [280.0, 300.0], [180.0, 300.0], [180.0, 100.0], [360.0, 100.0]], [[360.0, 0.0], [360.0, 100.0], [180.0, 100.0], [180.0, 0.0], [360.0, 0.0]], [[480.0, 760.0], [200.0, 760.0], [200.0, 480.0], [480.0, 760.0]], [[647.1639927776442, 727.1639927776442], [447.16399277764424, 727.1639927776442], [447.16399277764424, 527.1639927776442], [647.1639927776442, 447.16399277764424], [647.1639927776442, 727.1639927776442]], [[330.0, 300.0], [250.0, 460.0], [170.0, 300.0], [330.0, 300.0]], [[355.0, 580.9263218979366], [355.0, 300.92632189793665], [595.0, 440.92632189793665], [355.0, 580.9263218979366]]]"
Wed Jul 15 07:02:24 2020,2,True,666.0934994569327,0.8557357194819077,"[0, 0, 1, 1, 1, 0, 1, 0, 3, 0, 3, 2]","[[[466.0934994569327, 0.0], [666.0934994569327, 0.0], [666.0934994569327, 200.0], [466.0934994569327, 200.0], [466.0934994569327, 0.0]], [[454.60881934566146, 242.8121102663398], [654.6088193456615, 242.8121102663398], [654.6088193456615, 442.8121102663398], [454.60881934566146, 442.8121102663398], [454.60881934566146, 242.8121102663398]], [[460.0, 480.0], [460.0, 760.0], [280.0, 760.0], [280.0, 480.0], [460.0, 480.0]], [[666.0934994569327, 480.0], [666.0934994569327, 760.0], [526.0934994569327, 620.0], [666.0934994569327, 480.0]], [[460.0, 442.8121102663398], [640.0, 442.8121102663398], [460.0, 722.8121102663398], [460.0, 442.8121102663398]], [[0.0, 480.0], [280.0, 480.0], [280.0, 760.0], [0.0, 760.0], [0.0, 480.0]], [[180.0, 280.0], [100.0, 480.0], [0.0, 480.0], [0.0, 280.0], [180.0, 280.0]], [[354.60881934566146, 256.4722617354197], [454.60881934566146, 256.4722617354197], [454.60881934566146, 436.4722617354197], [354.60881934566146, 436.4722617354197], [354.60881934566146, 256.4722617354197]], [[0.0, 280.0], [0.0, 0.0], [280.0, 0.0], [0.0, 280.0]], [[269.47368421052624, 10.526315789473756], [469.47368421052624, 10.526315789473756], [469.47368421052624, 210.52631578947376], [269.47368421052624, 290.52631578947376], [269.47368421052624, 10.526315789473756]], [[266.0934994569327, 253.9065005430673], [106.0934994569327, 173.9065005430673], [266.0934994569327, 93.9065005430673], [266.0934994569327, 253.9065005430673]], [[379.99999999999994, 480.0], [99.99999999999994, 480.0], [239.99999999999994, 240.0], [379.99999999999994, 480.0]]]"
Wed Jul 15 07:06:35 2020,2,True,658.8257266406181,0.8651756859988688,"[0, 0, 0, 1, 2, 0, 1, 1, 2, 0, 0, 3]","[[[458.8257266406181, 458.8257266406181], [658.8257266406181, 458.8257266406181], [658.8257266406181, 658.8257266406181], [458.8257266406181, 658.8257266406181], [458.8257266406181, 458.8257266406181]], [[0.0, 99.99999999999977], [200.0, 99.99999999999977], [200.0, 299.9999999999998], [0.0, 299.9999999999998], [0.0, 99.99999999999977]], [[0.0, 580.0], [280.0, 580.0], [280.0, 760.0], [0.0, 760.0], [0.0, 580.0]], [[658.8257266406181, 168.56010516632614], [658.8257266406181, 448.56010516632614], [518.8257266406181, 308.56010516632614], [658.8257266406181, 168.56010516632614]], [[647.3858318069443, 0.0], [647.3858318069443, 180.0], [367.38583180694434, 0.0], [647.3858318069443, 0.0]], [[0.0, 299.9999999999998], [280.0, 299.9999999999998], [280.0, 579.9999999999998], [0.0, 579.9999999999998], [0.0, 299.9999999999998]], [[493.9005835408068, 313.9005835408068], [413.9005835408068, 513.9005835408068], [313.9005835408068, 513.9005835408068], [313.9005835408068, 313.9005835408068], [493.9005835408068, 313.9005835408068]], [[180.00000000000006, 0.0], [180.00000000000006, 100.0], [5.684341886080802e-14, 100.0], [5.684341886080802e-14, 0.0], [180.00000000000006, 0.0]], [[560.0, 760.0], [280.0, 760.0], [280.0, 480.0], [560.0, 760.0]], [[197.89785064819938, 19.999999999999773], [397.8978506481994, 19.999999999999773], [397.8978506481994, 219.99999999999977], [197.89785064819938, 299.9999999999998], [197.89785064819938, 19.999999999999773]], [[435.9305263008823, 458.8257266406181], [515.9305263008823, 298.8257266406181], [595.9305263008823, 458.8257266406181], [435.9305263008823, 458.8257266406181]], [[397.8978506481994, 313.9005835408068], [397.8978506481994, 33.90058354080679], [637.8978506481994, 173.9005835408068], [397.8978506481994, 313.9005835408068]]]"
Wed Jul 15 07:11:39 2020,2,True,658.1536253120554,0.8660591966347394,"[0, 0, 1, 0, 0, 0, 1, 1, 1, 3, 0, 1]","[[[0.20868135564191448, 560.0], [200.20868135564191, 560.0], [200.20868135564191, 760.0], [0.20868135564191448, 760.0], [0.20868135564191448, 560.0]], [[180.0, 0.0], [380.0, 0.0], [380.0, 200.0], [180.0, 200.0], [180.0, 0.0]], [[378.1536253120553, 480.0], [378.1536253120553, 760.0], [198.15362531205528, 760.0], [198.15362531205528, 480.0], [378.1536253120553, 480.0]], [[378.1536253120554, 0.0], [658.1536253120554, 0.0], [518.1536253120554, 140.0], [378.1536253120554, 0.0]], [[0.0, 433.5973403911701], [0.0, 253.59734039117012], [280.0, 433.5973403911701], [0.0, 433.5973403911701]], [[378.1536253120554, 280.0], [658.1536253120554, 280.0], [658.1536253120554, 560.0], [378.1536253120554, 560.0], [378.1536253120554, 280.0]], [[180.0, 0.0], [100.0, 200.0], [0.0, 200.0], [0.0, 0.0], [180.0, 0.0]], [[180.0, 460.0], [180.0, 560.0], [0.0, 560.0], [0.0, 460.0], [180.0, 460.0]], [[658.1536253120554, 0.0], [658.1536253120554, 280.0], [378.1536253120554, 280.0], [658.1536253120554, 0.0]], [[378.1536253120553, 760.0], [378.1536253120553, 560.0], [578.1536253120553, 560.0], [658.1536253120553, 760.0], [378.1536253120553, 760.0]], [[55.39560093307077, 289.20879813385847], [135.39560093307077, 129.20879813385847], [215.39560093307077, 289.20879813385847], [55.39560093307077, 289.20879813385847]], [[374.40413716929095, 200.0], [374.40413716929095, 480.0], [134.40413716929095, 340.0], [374.40413716929095, 200.0]]]"
Wed Jul 15 07:17:13 2020,2,True,657.4822096279319,0.8669436095047531,"[0, 0, 1, 3, 0, 0, 0, 1, 1, 0, 3, 1]","[[[0.0, 0.0], [200.0, 0.0], [200.0, 200.0], [0.0, 200.0], [0.0, 0.0]], [[457.48220962793187, 560.0], [657.4822096279319, 560.0], [657.4822096279319, 760.0], [457.48220962793187, 760.0], [457.48220962793187, 560.0]], [[379.99999999999983, 0.0], [379.99999999999983, 280.0], [199.99999999999983, 280.0], [199.99999999999983, 0.0], [379.99999999999983, 0.0]], [[280.0, 657.4822096279319], [280.0, 377.48220962793187], [420.0, 517.4822096279319], [280.0, 657.4822096279319]], [[0.0, 380.0], [0.0, 200.0], [280.0, 380.0], [0.0, 380.0]], [[0.0, 377.48220962793187], [280.0, 377.48220962793187], [280.0, 657.4822096279319], [0.0, 657.4822096279319], [0.0, 377.48220962793187]], [[457.48220962793187, 380.0], [657.4822096279319, 460.0], [657.4822096279319, 560.0], [457.48220962793187, 560.0], [457.48220962793187, 380.0]], [[180.0, 657.4822096279319], [180.0, 757.4822096279319], [0.0, 757.4822096279319], [0.0, 657.4822096279319], [180.0, 657.4822096279319]], [[457.48220962793187, 480.0], [457.48220962793187, 760.0], [177.48220962793187, 760.0], [457.48220962793187, 480.0]], [[379.99999999999983, 0.0], [579.9999999999998, 0.0], [579.9999999999998, 200.0], [379.99999999999983, 280.0], [379.99999999999983, 0.0]], [[396.2499999999999, 431.875], [236.2499999999999, 351.875], [396.2499999999999, 271.875], [396.2499999999999, 431.875]], [[636.2499999999999, 167.18749999999994], [636.2499999999999, 447.18749999999994], [396.2499999999999, 307.18749999999994], [636.2499999999999, 167.18749999999994]]]"
Wed Jul 15 07:23:03 2020,2,True,663.379593677675,0.8592365599309548,"[0, 0, 1, 1, 0, 0, 1, 1, 0, 0, 0, 2]","[[[459.60381869456364, 280.0], [659.6038186945636, 280.0], [659.6038186945636, 480.0], [459.60381869456364, 480.0], [459.60381869456364, 280.0]], [[263.37959367767496, 559.9999999999998], [463.37959367767496, 559.9999999999998], [463.37959367767496, 759.9999999999998], [263.37959367767496, 759.9999999999998], [263.37959367767496, 559.9999999999998]], [[459.60381869456364, 279.9999999999998], [459.60381869456364, 559.9999999999998], [279.60381869456364, 559.9999999999998], [279.60381869456364, 279.9999999999998], [459.60381869456364, 279.9999999999998]], [[279.60381869456364, 0.0], [279.60381869456364, 280.0], [139.60381869456364, 140.0], [279.60381869456364, 0.0]], [[0.0, 280.0], [0.0, 100.0], [280.0, 280.0], [0.0, 280.0]], [[0.0, 280.0], [280.0, 280.0], [280.0, 560.0], [0.0, 560.0], [0.0, 280.0]], [[180.0, 560.0], [100.0, 760.0], [0.0, 760.0], [0.0, 560.0], [180.0, 560.0]], [[180.0, 0.0], [180.0, 100.0], [0.0, 100.0], [0.0, 0.0], [180.0, 0.0]], [[383.37959367767496, 0.0], [663.379593677675, 0.0], [663.379593677675, 280.0], [383.37959367767496, 0.0]], [[463.37959367767496, 480.0], [663.379593677675, 480.0], [663.379593677675, 680.0], [463.37959367767496, 760.0], [463.37959367767496, 480.0]], [[100.0, 760.0], [180.0, 600.0], [260.0, 760.0], [100.0, 760.0]], [[563.3795936776747, 279.9999999999998], [283.37959367767473, 279.9999999999998], [423.37959367767473, 39.99999999999977], [563.3795936776747, 279.9999999999998]]]"
Wed Jul 15 07:28:02 2020,2,True,662.7028467198328,0.8601140055777907,"[0, 0, 1, 2, 3, 0, 1, 0, 0, 0, 2, 3]","[[[180.0, 0.0], [380.0, 0.0], [380.0, 200.0], [180.0, 200.0], [180.0, 0.0]], [[0.0, 519.9999999999995], [200.0, 519.9999999999995], [200.0, 719.9999999999995], [0.0, 719.9999999999995], [0.0, 519.9999999999995]], [[180.0, 209.64641901031484], [180.0, 489.64641901031484], [0.0, 489.64641901031484], [0.0, 209.64641901031484], [180.0, 209.64641901031484]], [[576.1414323958741, 480.0], [296.14143239587406, 480.0], [436.14143239587406, 340.0], [576.1414323958741, 480.0]], [[362.8571428571425, 760.0], [182.8571428571425, 760.0], [362.8571428571425, 480.0], [362.8571428571425, 760.0]], [[376.14143239587406, 0.0], [656.1414323958741, 0.0], [656.1414323958741, 280.0], [376.14143239587406, 280.0], [376.14143239587406, 0.0]], [[180.0, 0.0], [100.0, 200.0], [0.0, 200.0], [0.0, 0.0], [180.0, 0.0]], [[562.7028467198328, 560.0], [662.7028467198328, 560.0], [662.7028467198328, 740.0], [562.7028467198328, 740.0], [562.7028467198328, 560.0]], [[376.14143239587406, 280.0], [656.1414323958741, 280.0], [656.1414323958741, 560.0], [376.14143239587406, 280.0]], [[362.8571428571425, 480.0], [562.8571428571424, 480.0], [562.8571428571424, 680.0], [362.8571428571425, 760.0], [362.8571428571425, 480.0]], [[340.0, 479.99999999999955], [260.0, 639.9999999999995], [180.0, 479.99999999999955], [340.0, 479.99999999999955]], [[180.0, 479.99999999999955], [180.0, 199.99999999999955], [420.0, 339.99999999999955], [180.0, 479.99999999999955]]]"
Wed Jul 15 07:32:08 2020,2,True,662.0267901456705,0.8609923472652501,"[0, 0, 0, 0, 1, 0, 0, 0, 1, 3, 0, 0]","[[[180.0, 200.0], [380.0, 200.0], [380.0, 400.0], [180.0, 400.0], [180.0, 200.0]], [[0.0, 0.0], [200.0, 0.0], [200.0, 200.0], [0.0, 200.0], [0.0, 0.0]], [[278.79055870332365, 576.9763967583092], [558.7905587033237, 576.9763967583092], [558.7905587033237, 756.9763967583092], [278.79055870332365, 756.9763967583092], [278.79055870332365, 576.9763967583092]], [[375.1392327310832, 0.0], [655.1392327310832, 0.0], [515.1392327310832, 140.0], [375.1392327310832, 0.0]], [[0.0, 200.0], [180.0, 200.0], [0.0, 480.0], [0.0, 200.0]], [[382.0267901456705, 280.0], [662.0267901456705, 280.0], [662.0267901456705, 560.0], [382.0267901456705, 560.0], [382.0267901456705, 280.0]], [[200.0, 0.0], [400.0, 80.0], [400.0, 180.0], [200.0, 180.0], [200.0, 0.0]], [[558.7905587033237, 560.0], [658.7905587033237, 560.0], [658.7905587033237, 740.0], [558.7905587033237, 740.0], [558.7905587033237, 560.0]], [[660.0, 0.0], [660.0, 280.0], [380.0, 280.0], [660.0, 0.0]], [[0.0, 760.0], [0.0, 560.0], [200.0, 560.0], [280.0, 760.0], [0.0, 760.0]], [[0.0, 560.0], [80.0, 400.0], [160.0, 560.0], [0.0, 560.0]], [[102.02679014567047, 400.0], [382.0267901456705, 400.0], [242.02679014567047, 640.0], [102.02679014567047, 400.0]]]"
Wed Jul 15 07:34:04 2020,2,True,641.9011757252421,0.8879871568329726,"[0, 0, 1, 1, 3, 0, 1, 1, 2, 3, 0, 0]","[[[441.90117572524207, 302.2222222222223], [641.9011757252421, 302.2222222222223], [641.9011757252421, 502.2222222222223], [441.90117572524207, 502.2222222222223], [441.90117572524207, 302.2222222222223]], [[441.90117572524207, 502.2222222222223], [641.9011757252421, 502.2222222222223], [641.9011757252421, 702.2222222222223], [441.90117572524207, 702.2222222222223], [441.90117572524207, 502.2222222222223]], [[180.0, 479.9999999999993], [180.0, 759.9999999999993], [0.0, 759.9999999999993], [0.0, 479.9999999999993], [180.0, 479.9999999999993]], [[411.6733363414702, 431.6733363414695], [411.6733363414702, 711.6733363414695], [271.6733363414702, 571.6733363414695], [411.6733363414702, 431.6733363414695]], [[641.9011757252421, 302.2222222222223], [461.90117572524207, 302.2222222222223], [641.9011757252421, 22.222222222222285], [641.9011757252421, 302.2222222222223]], [[0.0, 0.0], [280.0, 0.0], [280.0, 280.0], [0.0, 280.0], [0.0, 0.0]], [[455.7523259015919, 267.59434678134767], [375.7523259015919, 467.59434678134767], [275.7523259015919, 467.59434678134767], [275.7523259015919, 267.59434678134767], [455.7523259015919, 267.59434678134767]], [[460.0, 167.59434678134778], [460.0, 267.5943467813478], [280.0, 267.5943467813478], [280.0, 167.59434678134778], [460.0, 167.59434678134778]], [[460.0, 759.9999999999993], [180.0, 759.9999999999993], [180.0, 479.9999999999993], [460.0, 759.9999999999993]], [[0.0, 479.9999999999993], [0.0, 279.9999999999993], [200.0, 279.9999999999993], [280.0, 479.9999999999993], [0.0, 479.9999999999993]], [[280.0, 160.0], [360.0, 0.0], [440.0, 160.0], [280.0, 160.0]], [[361.90117572524207, 0.0], [641.9011757252421, 0.0], [501.90117572524207, 240.0], [361.90117572524207, 0.0]]]"
Wed Jul 15 07:42:44 2020,2,True,660.6767453319227,0.8627517224230938,"[0, 0, 1, 2, 3, 0, 3, 1, 3, 2, 1, 0]","[[[272.44897959183663, 280.0], [472.44897959183663, 280.0], [472.44897959183663, 480.0], [272.44897959183663, 480.0], [272.44897959183663, 280.0]], [[0.0, 560.0], [200.0, 560.0], [200.0, 760.0], [0.0, 760.0], [0.0, 560.0]], [[660.0, 280.0], [660.0, 560.0], [480.0, 560.0], [480.0, 280.0], [660.0, 280.0]], [[420.0, 140.0], [140.0, 140.0], [280.0, 0.0], [420.0, 140.0]], [[660.6767453319227, 280.0], [480.6767453319227, 280.0], [660.6767453319227, 0.0], [660.6767453319227, 280.0]], [[200.0, 480.0], [480.0, 480.0], [480.0, 760.0], [200.0, 760.0], [200.0, 480.0]], [[480.0, 760.0], [560.0, 560.0], [660.0, 560.0], [660.0, 760.0], [480.0, 760.0]], [[452.44897959183663, 147.52791179250562], [452.44897959183663, 247.52791179250562], [272.44897959183663, 247.52791179250562], [272.44897959183663, 147.52791179250562], [452.44897959183663, 147.52791179250562]], [[0.0, 280.0], [0.0, 0.0], [280.0, 0.0], [0.0, 280.0]], [[272.44897959183663, 420.0], [72.44897959183663, 420.0], [72.44897959183663, 220.0], [272.44897959183663, 140.0], [272.44897959183663, 420.0]], [[0.0, 383.7755102040817], [160.0, 463.7755102040817], [0.0, 543.7755102040817], [0.0, 383.7755102040817]], [[366.39103104620835, 0.0], [646.3910310462084, 0.0], [506.39103104620835, 240.0], [366.39103104620835, 0.0]]]"
Wed Jul 15 07:45:32 2020,2,True,646.9980939965706,0.8809917761566408,"[0, 0, 0, 2, 3, 0, 3, 1, 0, 0, 1, 0]","[[[200.0, 560.0], [400.0, 560.0], [400.0, 760.0], [200.0, 760.0], [200.0, 560.0]], [[0.0, 560.0], [200.0, 560.0], [200.0, 760.0], [0.0, 760.0], [0.0, 560.0]], [[200.0, 280.0], [480.0, 280.0], [480.0, 460.0], [200.0, 460.0], [200.0, 280.0]], [[304.2368087771896, 217.23871478061903], [24.236808777189594, 217.23871478061903], [164.2368087771896, 77.23871478061903], [304.2368087771896, 217.23871478061903]], [[646.9980939965706, 760.0], [466.99809399657056, 760.0], [646.9980939965706, 480.0], [646.9980939965706, 760.0]], [[366.99809399657056, 0.0], [646.9980939965706, 0.0], [646.9980939965706, 280.0], [366.99809399657056, 280.0], [366.99809399657056, 0.0]], [[466.99809399657056, 480.0], [546.9980939965706, 280.0], [646.9980939965706, 280.0], [646.9980939965706, 480.0], [466.99809399657056, 480.0]], [[272.01164369685546, 460.0], [272.01164369685546, 560.0], [92.01164369685546, 560.0], [92.01164369685546, 460.0], [272.01164369685546, 460.0]], [[86.99809399657056, 0.0], [366.99809399657056, 0.0], [366.99809399657056, 280.0], [86.99809399657056, 0.0]], [[0.0, 217.23871478061903], [200.0, 217.23871478061903], [200.0, 417.23871478061903], [0.0, 497.23871478061903], [0.0, 217.23871478061903]], [[0.5921722738322615, 0.0], [160.59217227383226, 80.0], [0.5921722738322615, 160.0], [0.5921722738322615, 0.0]], [[352.71237971085617, 480.0], [632.7123797108561, 480.0], [492.71237971085617, 720.0], [352.71237971085617, 480.0]]]"
Wed Jul 15 07:51:41 2020,2,True,652.8014392185024,0.8731598396633015,"[0, 0, 1, 2, 0, 0, 1, 1, 0, 3, 1, 1]","[[[452.8014392185024, 542.5152109261801], [652.8014392185024, 542.5152109261801], [652.8014392185024, 742.5152109261801], [452.8014392185024, 742.5152109261801], [452.8014392185024, 542.5152109261801]], [[452.8014392185024, 8.763790137127558], [652.8014392185024, 8.763790137127558], [652.8014392185024, 208.76379013712756], [452.8014392185024, 208.76379013712756], [452.8014392185024, 8.763790137127558]], [[180.0, 479.9058772965627], [180.0, 759.9058772965627], [0.0, 759.9058772965627], [0.0, 479.9058772965627], [180.0, 479.9058772965627]], [[504.0376490813749, 340.0], [224.03764908137492, 340.0], [364.0376490813749, 200.0], [504.0376490813749, 340.0]], [[180.0, 750.0188245406874], [180.0, 570.0188245406874], [460.0, 750.0188245406874], [180.0, 750.0188245406874]], [[0.0, 0.0], [280.0, 0.0], [280.0, 280.0], [0.0, 280.0], [0.0, 0.0]], [[460.0, 0.0], [380.0, 200.0], [280.0, 200.0], [280.0, 0.0], [460.0, 0.0]], [[600.0, 435.96235091862513], [600.0, 535.9623509186251], [420.0, 535.9623509186251], [420.0, 435.96235091862513], [600.0, 435.96235091862513]], [[372.8014392185024, 208.76379013712756], [652.8014392185024, 208.76379013712756], [652.8014392185024, 488.76379013712756], [372.8014392185024, 208.76379013712756]], [[0.0, 479.9058772965627], [0.0, 279.9058772965627], [200.0, 279.9058772965627], [280.0, 479.9058772965627], [0.0, 479.9058772965627]], [[280.0376490813749, 340.0], [440.0376490813749, 420.0], [280.0376490813749, 500.0], [280.0376490813749, 340.0]], [[420.0, 430.01882454068743], [420.0, 710.0188245406874], [180.0, 570.0188245406874], [420.0, 430.01882454068743]]]"
Wed Jul 15 07:58:05 2020,2,True,658.6568384048547,0.8653975283706684,"[0, 0, 0, 2, 2, 0, 0, 0, 2, 1, 0, 0]","[[[0.0, 280.0], [200.0, 280.0], [200.0, 480.0], [0.0, 480.0], [0.0, 280.0]], [[404.71786858668213, 360.0], [604.7178685866821, 360.0], [604.7178685866821, 560.0], [404.71786858668213, 560.0], [404.71786858668213, 360.0]], [[378.65683840485474, 0.0], [658.6568384048547, 0.0], [658.6568384048547, 180.0], [378.65683840485474, 180.0], [378.65683840485474, 0.0]], [[280.0, 760.0], [0.0, 760.0], [140.0, 620.0], [280.0, 760.0]], [[658.6568384048547, 178.65683840485462], [658.6568384048547, 358.6568384048546], [378.65683840485474, 178.65683840485462], [658.6568384048547, 178.65683840485462]], [[0.0, 0.0], [280.0, 0.0], [280.0, 280.0], [0.0, 280.0], [0.0, 0.0]], [[200.0, 328.0009692941795], [400.0, 408.0009692941795], [400.0, 508.0009692941795], [200.0, 508.0009692941795], [200.0, 328.0009692941795]], [[0.0, 480.0], [100.0, 480.0], [100.0, 660.0], [0.0, 660.0], [0.0, 480.0]], [[560.0000000000001, 360.0], [280.0000000000001, 360.0], [280.0000000000001, 80.0], [560.0000000000001, 360.0]], [[652.1354835691632, 560.0], [652.1354835691632, 760.0], [452.13548356916317, 760.0], [372.13548356916317, 560.0], [652.1354835691632, 560.0]], [[276.42202192575843, 756.4220219257584], [356.42202192575843, 596.4220219257584], [436.42202192575843, 756.4220219257584], [276.42202192575843, 756.4220219257584]], [[124.71786858668202, 504.717868586682], [404.717868586682, 504.717868586682], [264.717868586682, 744.717868586682], [124.71786858668202, 504.717868586682]]]"
Wed Jul 15 08:02:42 2020,2,True,657.9849093676933,0.866281265550232,"[0, 0, 0, 3, 1, 0, 3, 1, 1, 1, 0, 0]","[[[0.0, 0.0], [200.0, 0.0], [200.0, 200.0], [0.0, 200.0], [0.0, 0.0]], [[200.0, 0.0], [400.0, 0.0], [400.0, 200.0], [200.0, 200.0], [200.0, 0.0]], [[0.0, 580.0], [280.0, 580.0], [280.0, 760.0], [0.0, 760.0], [0.0, 580.0]], [[280.0, 657.9849093676933], [280.0, 377.98490936769326], [420.0, 517.9849093676933], [280.0, 657.9849093676933]], [[400.0, 0.0], [580.0, 0.0], [400.0, 280.0], [400.0, 0.0]], [[0.0, 300.0], [280.0, 300.0], [280.0, 580.0], [0.0, 580.0], [0.0, 300.0]], [[453.84013870397996, 560.0], [533.84013870398, 360.0], [633.84013870398, 360.0], [633.84013870398, 560.0], [453.84013870397996, 560.0]], [[180.0, 200.0], [180.0, 300.0], [0.0, 300.0], [0.0, 200.0], [180.0, 200.0]], [[657.9849093676933, 16.569716430115136], [657.9849093676933, 296.56971643011514], [377.98490936769326, 296.56971643011514], [657.9849093676933, 16.569716430115136]], [[657.9849093676933, 560.0], [657.9849093676933, 760.0], [457.98490936769326, 760.0], [377.98490936769326, 560.0], [657.9849093676933, 560.0]], [[280.0, 748.6719057717233], [360.0, 588.6719057717233], [440.0, 748.6719057717233], [280.0, 748.6719057717233]], [[290.84113745307945, 296.56971643011514], [570.8411374530795, 296.56971643011514], [430.84113745307945, 536.5697164301151], [290.84113745307945, 296.56971643011514]]]"
Wed Jul 15 08:06:29 2020,2,True,650.805609702186,0.8758375642472361,"[0, 0, 1, 1, 0, 0, 1, 1, 3, 0, 0, 1]","[[[400.0, 0.0], [600.0, 0.0], [600.0, 200.0], [400.0, 200.0], [400.0, 0.0]], [[200.0, 0.0], [400.0, 0.0], [400.0, 200.0], [200.0, 200.0], [200.0, 0.0]], [[650.805609702186, 480.0], [650.805609702186, 760.0], [470.80560970218596, 760.0], [470.80560970218596, 480.0], [650.805609702186, 480.0]], [[650.805609702186, 182.8980940015175], [650.805609702186, 462.8980940015175], [510.80560970218596, 322.8980940015175], [650.805609702186, 182.8980940015175]], [[11.843621399176953, 454.5185185185186], [11.843621399176953, 274.5185185185186], [291.843621399177, 454.5185185185186], [11.843621399176953, 454.5185185185186]], [[190.80560970218596, 480.0], [470.80560970218596, 480.0], [470.80560970218596, 760.0], [190.80560970218596, 760.0], [190.80560970218596, 480.0]], [[180.0, 454.5185185185186], [100.0, 654.5185185185186], [0.0, 654.5185185185186], [0.0, 454.5185185185186], [180.0, 454.5185185185186]], [[180.0, 654.5185185185186], [180.0, 754.5185185185186], [0.0, 754.5185185185186], [0.0, 654.5185185185186], [180.0, 654.5185185185186]], [[353.7037037037036, 480.0], [353.7037037037036, 200.0], [633.7037037037036, 200.0], [353.7037037037036, 480.0]], [[0.0, 0.0], [200.0, 0.0], [200.0, 200.0], [0.0, 280.0], [0.0, 0.0]], [[433.5661468016854, 480.0], [513.5661468016854, 320.0], [593.5661468016854, 480.0], [433.5661468016854, 480.0]], [[353.7037037037036, 200.0], [353.7037037037036, 480.0], [113.70370370370358, 340.0], [353.7037037037036, 200.0]]]"
Wed Jul 15 08:13:24 2020,2,True,656.6431070001172,0.8680514482274133,"[0, 0, 1, 0, 3, 0, 0, 1, 1, 1, 2, 3]","[[[0.0, 460.0], [200.0, 460.0], [200.0, 660.0], [0.0, 660.0], [0.0, 460.0]], [[456.6431070001172, 280.0], [656.6431070001172, 280.0], [656.6431070001172, 480.0], [456.6431070001172, 480.0], [456.6431070001172, 280.0]], [[376.6431070001172, 0.0], [376.6431070001172, 280.0], [196.6431070001172, 280.0], [196.6431070001172, 0.0], [376.6431070001172, 0.0]], [[300.0, 479.54887218045087], [580.0, 479.54887218045087], [440.0, 619.5488721804509], [300.0, 479.54887218045087]], [[196.6431070001172, 280.0], [16.643107000117197, 280.0], [196.6431070001172, 0.0], [196.6431070001172, 280.0]], [[376.6431070001172, 0.0], [656.6431070001172, 0.0], [656.6431070001172, 280.0], [376.6431070001172, 280.0], [376.6431070001172, 0.0]], [[0.0, 273.3427571999531], [200.0, 353.3427571999531], [200.0, 453.3427571999531], [0.0, 453.3427571999531], [0.0, 273.3427571999531]], [[200.0, 660.0], [200.0, 760.0], [20.0, 760.0], [20.0, 660.0], [200.0, 660.0]], [[656.6431070001172, 480.0], [656.6431070001172, 760.0], [376.6431070001172, 760.0], [656.6431070001172, 480.0]], [[456.6431070001172, 280.0], [456.6431070001172, 480.0], [256.6431070001172, 480.0], [176.6431070001172, 280.0], [456.6431070001172, 280.0]], [[160.0, 21.444833111293406], [80.0, 181.4448331112934], [0.0, 21.444833111293406], [160.0, 21.444833111293406]], [[200.0, 760.0], [200.0, 480.0], [440.0, 620.0], [200.0, 760.0]]]"
Wed Jul 15 08:20:10 2020,2,True,655.9732322718536,0.8689378955691535,"[0, 0, 0, 3, 3, 0, 3, 1, 2, 0, 2, 0]","[[[0.0, 0.0], [200.0, 0.0], [200.0, 200.0], [0.0, 200.0], [0.0, 0.0]], [[455.9732322718536, 452.0], [655.9732322718536, 452.0], [655.9732322718536, 652.0], [455.9732322718536, 652.0], [455.9732322718536, 452.0]], [[200.0, 0.0], [480.0, 0.0], [480.0, 180.0], [200.0, 180.0], [200.0, 0.0]], [[479.9999999999999, 344.0267677281463], [479.9999999999999, 64.0267677281463], [619.9999999999999, 204.0267677281463], [479.9999999999999, 344.0267677281463]], [[640.5886363966654, 452.0], [460.5886363966654, 452.0], [640.5886363966654, 172.0], [640.5886363966654, 452.0]], [[0.0, 200.0], [280.0, 200.0], [280.0, 480.0], [0.0, 480.0], [0.0, 200.0]], [[263.1578947368421, 743.1578947368421], [343.1578947368421, 543.1578947368421], [443.1578947368421, 543.1578947368421], [443.1578947368421, 743.1578947368421], [263.1578947368421, 743.1578947368421]], [[655.9732322718536, 652.0], [655.9732322718536, 752.0], [475.9732322718536, 752.0], [475.9732322718536, 652.0], [655.9732322718536, 652.0]], [[280.0, 760.0], [0.0, 760.0], [0.0, 480.0], [280.0, 760.0]], [[279.9999999999999, 180.0], [479.9999999999999, 180.0], [479.9999999999999, 380.0], [279.9999999999999, 460.0], [279.9999999999999, 180.0]], [[655.9732322718536, 0.0], [575.9732322718536, 160.0], [495.9732322718536, 0.0], [655.9732322718536, 0.0]], [[100.0, 480.0], [380.0, 480.0], [240.0, 720.0], [100.0, 480.0]]]"
Wed Jul 15 08:26:10 2020,2,True,655.3040409165623,0.8698252481439775,"[0, 0, 0, 0, 1, 0, 1, 0, 1, 1, 0, 2]","[[[280.0, 560.0], [480.0, 560.0], [480.0, 760.0], [280.0, 760.0], [280.0, 560.0]], [[455.30404091656226, 360.0], [655.3040409165623, 360.0], [655.3040409165623, 560.0], [455.30404091656226, 560.0], [455.30404091656226, 360.0]], [[0.0, 580.0], [280.0, 580.0], [280.0, 760.0], [0.0, 760.0], [0.0, 580.0]], [[232.39093680199443, 215.9354834972964], [512.3909368019945, 215.9354834972964], [372.3909368019944, 355.9354834972964], [232.39093680199443, 215.9354834972964]], [[0.0, 0.0], [180.0, 0.0], [0.0, 280.0], [0.0, 0.0]], [[0.0, 300.0], [280.0, 300.0], [280.0, 580.0], [0.0, 580.0], [0.0, 300.0]], [[456.9298475176437, 355.93548349729645], [376.9298475176437, 555.9354834972964], [276.9298475176437, 555.9354834972964], [276.9298475176437, 355.93548349729645], [456.9298475176437, 355.93548349729645]], [[449.7557606088809, 0.0], [549.7557606088809, 0.0], [549.7557606088809, 180.0], [449.7557606088809, 180.0], [449.7557606088809, 0.0]], [[653.8202771115845, 75.93548349729645], [653.8202771115845, 355.93548349729645], [373.82027711158446, 355.93548349729645], [653.8202771115845, 75.93548349729645]], [[449.7557606088809, 15.935483497296389], [449.7557606088809, 215.9354834972964], [249.7557606088809, 215.9354834972964], [169.7557606088809, 15.935483497296389], [449.7557606088809, 15.935483497296389]], [[495.30404091656226, 760.0], [575.3040409165623, 600.0], [655.3040409165623, 760.0], [495.30404091656226, 760.0]], [[281.4285714285715, 299.99999999999994], [1.4285714285715017, 299.99999999999994], [141.4285714285715, 59.99999999999994], [281.4285714285715, 299.99999999999994]]]"
Wed Jul 15 08:28:53 2020,2,True,641.7366260534258,0.8882148483645166,"[0, 0, 1, 3, 1, 0, 1, 0, 0, 0, 0, 2]","[[[440.0, 280.0], [640.0, 280.0], [640.0, 480.0], [440.0, 480.0], [440.0, 280.0]], [[0.0, 560.0], [200.0, 560.0], [200.0, 760.0], [0.0, 760.0], [0.0, 560.0]], [[180.0, 0.0], [180.0, 280.0], [0.0, 280.0], [0.0, 0.0], [180.0, 0.0]], [[300.0, 760.0], [300.0, 480.0], [440.0, 620.0], [300.0, 760.0]], [[0.0, 280.0], [180.0, 280.0], [0.0, 560.0], [0.0, 280.0]], [[360.0, 0.0], [640.0, 0.0], [640.0, 280.0], [360.0, 280.0], [360.0, 0.0]], [[360.0, 0.0], [280.0, 200.0], [180.0, 200.0], [180.0, 0.0], [360.0, 0.0]], [[200.0, 560.0], [300.0, 560.0], [300.0, 740.0], [200.0, 740.0], [200.0, 560.0]], [[160.0, 340.0], [440.0, 340.0], [440.0, 620.0], [160.0, 340.0]], [[440.0, 480.0], [640.0, 480.0], [640.0, 680.0], [440.0, 760.0], [440.0, 480.0]], [[209.92033457122716, 340.1593308575457], [289.92033457122716, 180.15933085754568], [369.92033457122716, 340.1593308575457], [209.92033457122716, 340.1593308575457]], [[294.28571428571433, 560.0], [14.285714285714334, 560.0], [154.28571428571433, 320.0], [294.28571428571433, 560.0]]]"
Wed Jul 15 08:37:19 2020,2,True,653.9677055370338,0.8716026726914899,"[0, 0, 1, 1, 2, 0, 2, 1, 3, 2, 1, 3]","[[[167.49277775943938, 110.99711110377575], [367.4927777594394, 110.99711110377575], [367.4927777594394, 310.99711110377575], [167.49277775943938, 310.99711110377575], [167.49277775943938, 110.99711110377575]], [[0.0, 560.0], [200.0, 560.0], [200.0, 760.0], [0.0, 760.0], [0.0, 560.0]], [[380.0, 480.0], [380.0, 760.0], [200.0, 760.0], [200.0, 480.0], [380.0, 480.0]], [[167.49277775943938, 112.50722224056062], [167.49277775943938, 392.5072222405606], [27.492777759439377, 252.50722224056062], [167.49277775943938, 112.50722224056062]], [[653.9677055370338, 280.0], [653.9677055370338, 460.0], [373.9677055370338, 280.0], [653.9677055370338, 280.0]], [[367.4927777594394, 0.0], [647.4927777594394, 0.0], [647.4927777594394, 280.0], [367.4927777594394, 280.0], [367.4927777594394, 0.0]], [[400.39876948824707, 490.99711110377575], [200.39876948824707, 410.99711110377575], [200.39876948824707, 310.99711110377575], [400.39876948824707, 310.99711110377575], [400.39876948824707, 490.99711110377575]], [[190.0288889622425, 460.0], [190.0288889622425, 560.0], [10.02888896224249, 560.0], [10.02888896224249, 460.0], [190.0288889622425, 460.0]], [[0.0, 280.0], [0.0, 0.0], [280.0, 0.0], [0.0, 280.0]], [[653.9677055370338, 760.0], [453.9677055370338, 760.0], [453.9677055370338, 560.0], [653.9677055370338, 480.0], [653.9677055370338, 760.0]], [[0.0, 305.01444448112125], [160.0, 385.01444448112125], [0.0, 465.01444448112125], [0.0, 305.01444448112125]], [[400.39876948824707, 591.2771125400657], [400.39876948824707, 311.2771125400657], [640.3987694882471, 451.2771125400657], [400.39876948824707, 591.2771125400657]]]"
Wed Jul 15 08:37:30 2020,2,True,627.8089973155525,0.9079194507203021,"[0, 0, 1, 1, 2, 0, 0, 1, 3, 2, 3, 3]","[[[147.80899731555246, 172.19100268444754], [347.80899731555246, 172.19100268444754], [347.80899731555246, 372.19100268444754], [147.80899731555246, 372.19100268444754], [147.80899731555246, 172.19100268444754]], [[0.0, 560.0], [200.0, 560.0], [200.0, 760.0], [0.0, 760.0], [0.0, 560.0]], [[380.0, 480.0], [380.0, 760.0], [200.0, 760.0], [200.0, 480.0], [380.0, 480.0]], [[147.80899731555246, 132.19100268444754], [147.80899731555246, 412.19100268444754], [7.80899731555246, 272.19100268444754], [147.80899731555246, 132.19100268444754]], [[627.8089973155525, 279.18744576260315], [627.8089973155525, 459.18744576260315], [347.80899731555246, 279.18744576260315], [627.8089973155525, 279.18744576260315]], [[347.80899731555246, 0.0], [627.8089973155525, 0.0], [627.8089973155525, 280.0], [347.80899731555246, 280.0], [347.80899731555246, 0.0]], [[0.0, 380.0], [200.0, 460.0], [200.0, 560.0], [0.0, 560.0], [0.0, 380.0]], [[380.0, 372.19100268444754], [380.0, 472.19100268444754], [200.0, 472.19100268444754], [200.0, 372.19100268444754], [380.0, 372.19100268444754]], [[0.0, 280.0], [0.0, 0.0], [280.0, 0.0], [0.0, 280.0]], [[627.8089973155525, 760.0], [427.80899731555246, 760.0], [427.80899731555246, 560.0], [627.8089973155525, 480.0], [627.8089973155525, 760.0]], [[347.80899731555246, 172.19100268444754], [187.80899731555246, 92.19100268444754], [347.80899731555246, 12.19100268444754], [347.80899731555246, 172.19100268444754]], [[380.0, 587.8885817674056], [380.0, 307.88858176740564], [620.0, 447.88858176740564], [380.0, 587.8885817674056]]]"


90.31%
Mon Jul 20 17:38:21 2020,2,开始运行[全局邻域-检验重叠] 初始利用率,0.7746751124110888
Mon Jul 20 17:38:22 2020,2,0,True,706.3606294216704,0.8069532420948842,"[0, 0, 1, 2, 1, 0, 0, 0, 1, 2, 0, 0]","[[[0.0, 0.0], [200.0, 0.0], [200.0, 200.0], [0.0, 200.0]], [[0.0, 200.0], [200.0, 200.0], [200.0, 400.0], [0.0, 400.0]], [[446.3606294216704, 460.0], [446.3606294216704, 740.0], [266.3606294216704, 740.0], [266.3606294216704, 460.0], [446.3606294216704, 460.0]], [[280.0, 753.6393705783296], [0.0, 753.6393705783296], [140.0, 613.6393705783296], [280.0, 753.6393705783296]], [[446.3606294216704, 460.0], [626.3606294216704, 460.0], [446.3606294216704, 740.0], [446.3606294216704, 460.0]], [[210.0, 180.0], [490.0, 180.0], [490.0, 460.0], [210.0, 460.0], [210.0, 180.0]], [[200.0, 0.0], [400.0, 80.0], [400.0, 180.0], [200.0, 180.0], [200.0, 0.0]], [[0.0, 400.0], [100.0, 400.0], [100.0, 580.0], [0.0, 580.0], [0.0, 400.0]], [[706.3606294216704, 480.0], [706.3606294216704, 760.0], [426.3606294216704, 760.0], [706.3606294216704, 480.0]], [[706.3606294216704, 463.99999999999994], [506.3606294216704, 463.99999999999994], [506.3606294216704, 263.99999999999994], [706.3606294216704, 183.99999999999994], [706.3606294216704, 463.99999999999994]], [[100.0, 560.0], [180.0, 400.0], [260.0, 560.0], [100.0, 560.0]], [[426.3606294216704, 0.0], [706.3606294216704, 0.0], [566.3606294216704, 240.0]]]"
Mon Jul 20 17:38:39 2020,2,1,True,713.4242357158871,0.7989636060345389,"[0, 0, 1, 0, 1, 0, 3, 1, 3, 2, 1, 2]","[[[0.0, 0.0], [200.0, 0.0], [200.0, 200.0], [0.0, 200.0]], [[0.0, 200.0], [200.0, 200.0], [200.0, 400.0], [0.0, 400.0], [0.0, 200.0]], [[445.0, 420.0], [445.0, 700.0], [265.0, 700.0], [265.0, 420.0], [445.0, 420.0]], [[380.0, 0.0], [660.0, 0.0], [520.0, 140.0], [380.0, 0.0]], [[445.0, 480.0], [625.0, 480.0], [445.0, 760.0], [445.0, 480.0]], [[200.0, 120.0], [480.0, 120.0], [480.0, 400.0], [200.0, 400.0], [200.0, 120.0]], [[493.5714285714286, 760.0], [573.5714285714287, 560.0], [673.5714285714287, 560.0], [673.5714285714287, 760.0], [493.5714285714286, 760.0]], [[380.0, 0.0], [380.0, 100.0], [200.0, 100.0], [200.0, 0.0], [380.0, 0.0]], [[0.0, 680.0], [0.0, 400.0], [280.0, 400.0], [0.0, 680.0]], [[701.8937957551964, 480.0], [501.8937957551964, 480.0], [501.8937957551964, 280.0], [701.8937957551964, 200.0], [701.8937957551964, 480.0]], [[480.0, 130.9468978775982], [640.0, 210.9468978775982], [480.0, 290.9468978775982], [480.0, 130.9468978775982]], [[299.99999999999994, 759.9999999999999], [19.999999999999943, 759.9999999999999], [159.99999999999994, 519.9999999999999], [299.99999999999994, 759.9999999999999]]]"
Mon Jul 20 17:38:39 2020,2,0,True,684.8872662872516,0.832253756285978,"[0, 0, 1, 0, 1, 0, 3, 1, 3, 2, 1, 2]","[[[0.0, 0.0], [200.0, 0.0], [200.0, 200.0], [0.0, 200.0]], [[0.0, 200.0], [200.0, 200.0], [200.0, 400.0], [0.0, 400.0], [0.0, 200.0]], [[445.0, 420.0], [445.0, 700.0], [265.0, 700.0], [265.0, 420.0], [445.0, 420.0]], [[380.0, 0.0], [660.0, 0.0], [520.0, 140.0], [380.0, 0.0]], [[445.0, 480.0], [625.0, 480.0], [445.0, 760.0], [445.0, 480.0]], [[200.0, 120.0], [480.0, 120.0], [480.0, 400.0], [200.0, 400.0], [200.0, 120.0]], [[493.5714285714286, 760.0], [573.5714285714287, 560.0], [673.5714285714287, 560.0], [673.5714285714287, 760.0], [493.5714285714286, 760.0]], [[380.0, 0.0], [380.0, 100.0], [200.0, 100.0], [200.0, 0.0], [380.0, 0.0]], [[0.0, 680.0], [0.0, 400.0], [280.0, 400.0], [0.0, 680.0]], [[684.8872662872516, 480.0], [484.8872662872516, 480.0], [484.8872662872516, 280.0], [684.8872662872516, 200.0], [684.8872662872516, 480.0]], [[480.0, 120.0], [640.0, 200.0], [480.0, 280.0], [480.0, 120.0]], [[299.99999999999994, 759.9999999999999], [19.999999999999943, 759.9999999999999], [159.99999999999994, 519.9999999999999], [299.99999999999994, 759.9999999999999]]]"
Mon Jul 20 17:38:53 2020,2,0,True,657.4917756357615,0.866930996131227,"[0, 0, 1, 2, 2, 0, 3, 1, 3, 1, 2, 2]","[[[0.0, 0.0], [200.0, 0.0], [200.0, 200.0], [0.0, 200.0]], [[0.0, 200.0], [200.0, 200.0], [200.0, 400.0], [0.0, 400.0], [0.0, 200.0]], [[657.4917756357615, 180.0], [657.4917756357615, 460.0], [477.49177563576154, 460.0], [477.49177563576154, 180.0], [657.4917756357615, 180.0]], [[449.98099684607337, 537.1102803075544], [169.98099684607337, 537.1102803075544], [309.98099684607337, 397.1102803075544], [449.98099684607337, 537.1102803075544]], [[657.4917756357615, 0.0], [657.4917756357615, 180.0], [377.49177563576154, 0.0], [657.4917756357615, 0.0]], [[200.0, 101.61242994843894], [480.0, 101.61242994843894], [480.0, 381.61242994843894], [200.0, 381.61242994843894], [200.0, 101.61242994843894]], [[477.4917756357615, 760.0], [557.4917756357615, 560.0], [657.4917756357615, 560.0], [657.4917756357615, 760.0], [477.4917756357615, 760.0]], [[380.0, 1.6124299484389724], [380.0, 101.61242994843897], [200.0, 101.61242994843897], [200.0, 1.6124299484389724], [380.0, 1.6124299484389724]], [[0.0, 680.0], [0.0, 400.0], [280.0, 400.0], [0.0, 680.0]], [[486.6476635127398, 537.1102803075544], [486.6476635127398, 737.1102803075544], [286.6476635127398, 737.1102803075544], [206.64766351273983, 537.1102803075544], [486.6476635127398, 537.1102803075544]], [[607.4917756357615, 460.0], [527.4917756357615, 620.0], [447.49177563576154, 460.0], [607.4917756357615, 460.0]], [[300.0, 760.0], [20.0, 760.0], [160.0, 520.0], [300.0, 760.0]]]"
Mon Jul 20 17:39:26 2020,2,1,True,664.0666933921192,0.858347520922007,"[0, 0, 1, 3, 1, 0, 3, 1, 0, 1, 0, 2]","[[[0.0, 480.0], [200.0, 480.0], [200.0, 680.0], [0.0, 680.0], [0.0, 480.0]], [[0.0, 280.0], [200.0, 280.0], [200.0, 480.0], [0.0, 480.0], [0.0, 280.0]], [[180.0, 0.0], [180.0, 280.0], [0.0, 280.0], [0.0, 0.0], [180.0, 0.0]], [[480.0, 375.9333066078808], [480.0, 95.93330660788081], [620.0, 235.9333066078808], [480.0, 375.9333066078808]], [[200.0, 375.9333066078808], [380.0, 375.9333066078808], [200.0, 655.9333066078808], [200.0, 375.9333066078808]], [[200.0, 95.93330660788081], [480.0, 95.93330660788081], [480.0, 375.9333066078808], [200.0, 375.9333066078808], [200.0, 95.93330660788081]], [[484.0666933921192, 560.0], [564.0666933921192, 360.0], [664.0666933921192, 360.0], [664.0666933921192, 560.0], [484.0666933921192, 560.0]], [[360.0, 0.0], [360.0, 100.0], [180.0, 100.0], [180.0, 0.0], [360.0, 0.0]], [[384.0666933921192, 0.0], [664.0666933921192, 0.0], [664.0666933921192, 280.0], [384.0666933921192, 0.0]], [[633.3333333333333, 560.0], [633.3333333333333, 760.0], [433.33333333333326, 760.0], [353.33333333333326, 560.0], [633.3333333333333, 560.0]], [[302.62776218793044, 535.9333066078808], [382.62776218793044, 375.9333066078808], [462.62776218793044, 535.9333066078808], [302.62776218793044, 535.9333066078808]], [[433.33333333333326, 760.0], [153.33333333333326, 760.0], [293.33333333333326, 520.0], [433.33333333333326, 760.0]]]"
Mon Jul 20 17:39:45 2020,2,1,True,670.7073603260404,0.8498490306158484,"[0, 0, 1, 3, 3, 0, 2, 1, 0, 1, 2, 2]","[[[0.0, 0.0], [200.0, 0.0], [200.0, 200.0], [0.0, 200.0], [0.0, 0.0]], [[470.70736032604043, 560.0], [670.7073603260404, 560.0], [670.7073603260404, 760.0], [470.70736032604043, 760.0], [470.70736032604043, 560.0]], [[190.70736032604043, 200.0], [190.70736032604043, 480.0], [10.70736032604043, 480.0], [10.70736032604043, 200.0], [190.70736032604043, 200.0]], [[494.8571428571431, 417.35311720070877], [494.8571428571431, 137.35311720070877], [634.8571428571431, 277.35311720070877], [494.8571428571431, 417.35311720070877]], [[670.7073603260404, 560.0], [490.70736032604043, 560.0], [670.7073603260404, 280.0], [670.7073603260404, 560.0]], [[214.85714285714312, 104.14978253110269], [494.8571428571431, 104.14978253110269], [494.8571428571431, 384.1497825311027], [214.85714285714312, 384.1497825311027], [214.85714285714312, 104.14978253110269]], [[463.73516848882224, 760.0], [263.73516848882224, 680.0], [263.73516848882224, 580.0], [463.73516848882224, 580.0], [463.73516848882224, 760.0]], [[380.0, 0.0], [380.0, 100.0], [200.0, 100.0], [200.0, 0.0], [380.0, 0.0]], [[390.70736032604043, 0.0], [670.7073603260404, 0.0], [670.7073603260404, 280.0], [390.70736032604043, 0.0]], [[470.70736032604043, 384.1497825311027], [470.70736032604043, 584.1497825311027], [270.70736032604043, 584.1497825311027], [190.70736032604043, 384.1497825311027], [470.70736032604043, 384.1497825311027]], [[160.0, 480.0], [80.0, 640.0], [0.0, 480.0], [160.0, 480.0]], [[310.40183515548887, 760.0], [30.401835155488868, 760.0], [170.40183515548887, 520.0], [310.40183515548887, 760.0]]]"
Mon Jul 20 17:39:56 2020,2,1,True,677.4144339293008,0.8414346837780677,"[0, 0, 1, 3, 2, 0, 1, 1, 0, 0, 3, 3]","[[[460.0, 336.12093408700116], [660.0, 336.12093408700116], [660.0, 536.1209340870012], [460.0, 536.1209340870012], [460.0, 336.12093408700116]], [[460.0, 536.1209340870012], [660.0, 536.1209340870012], [660.0, 736.1209340870012], [460.0, 736.1209340870012], [460.0, 536.1209340870012]], [[180.0, 200.0], [180.0, 480.0], [0.0, 480.0], [0.0, 200.0], [180.0, 200.0]], [[460.0, 336.12093408700116], [460.0, 56.12093408700116], [600.0, 196.12093408700116], [460.0, 336.12093408700116]], [[460.0, 384.33256873925313], [460.0, 564.3325687392531], [180.0, 384.33256873925313], [460.0, 384.33256873925313]], [[180.0, 104.33256873925313], [460.0, 104.33256873925313], [460.0, 384.33256873925313], [180.0, 384.33256873925313], [180.0, 104.33256873925313]], [[180.0, 0.0], [100.0, 200.0], [0.0, 200.0], [0.0, 0.0], [180.0, 0.0]], [[358.26697250429874, 4.332568739253134], [358.26697250429874, 104.33256873925313], [178.26697250429874, 104.33256873925313], [178.26697250429874, 4.332568739253134], [358.26697250429874, 4.332568739253134]], [[397.4144339293008, 0.0], [677.4144339293008, 0.0], [677.4144339293008, 280.0], [397.4144339293008, 0.0]], [[0.0, 480.0], [200.0, 480.0], [200.0, 680.0], [0.0, 760.0], [0.0, 480.0]], [[443.87906591299884, 744.3325687392531], [283.87906591299884, 664.3325687392531], [443.87906591299884, 584.3325687392531], [443.87906591299884, 744.3325687392531]], [[200.0, 713.2620238551691], [200.0, 433.2620238551691], [440.0, 573.2620238551691], [200.0, 713.2620238551691]]]"
Mon Jul 20 17:40:29 2020,2,1,True,684.1885782685938,0.8331036473050176,"[0, 0, 1, 3, 3, 0, 2, 0, 0, 3, 2, 0]","[[[0.0, 200.0], [200.0, 200.0], [200.0, 400.0], [0.0, 400.0], [0.0, 200.0]], [[0.0, 0.0], [200.0, 0.0], [200.0, 200.0], [0.0, 200.0], [0.0, 0.0]], [[656.0, 480.0], [656.0, 760.0], [476.0, 760.0], [476.0, 480.0], [656.0, 480.0]], [[480.0, 355.8114217314062], [480.0, 75.8114217314062], [620.0, 215.8114217314062], [480.0, 355.8114217314062]], [[475.99999999999994, 760.0], [295.99999999999994, 760.0], [475.99999999999994, 480.0], [475.99999999999994, 760.0]], [[200.0, 94.16163851593751], [480.0, 94.16163851593751], [480.0, 374.1616385159375], [200.0, 374.1616385159375], [200.0, 94.16163851593751]], [[250.0, 580.0], [50.0, 500.0], [50.0, 400.0], [250.0, 400.0], [250.0, 580.0]], [[535.8114217314062, 300.0], [635.8114217314062, 300.0], [635.8114217314062, 480.0], [535.8114217314062, 480.0], [535.8114217314062, 300.0]], [[404.1885782685938, 0.0], [684.1885782685938, 0.0], [684.1885782685938, 280.0], [404.1885782685938, 0.0]], [[0.0, 760.0], [0.0, 560.0], [200.0, 560.0], [280.0, 760.0], [0.0, 760.0]], [[376.0, 600.0], [296.0, 760.0], [216.0, 600.0], [376.0, 600.0]], [[244.2609558009636, 374.1616385159375], [524.2609558009635, 374.1616385159375], [384.2609558009636, 614.1616385159375], [244.2609558009636, 374.1616385159375]]]"
Mon Jul 20 17:40:30 2020,2,0,True,656.82103513785,0.8678162992760601,"[0, 0, 1, 3, 3, 0, 2, 1, 0, 3, 0, 0]","[[[0.0, 200.0], [200.0, 200.0], [200.0, 400.0], [0.0, 400.0], [0.0, 200.0]], [[0.0, 0.0], [200.0, 0.0], [200.0, 200.0], [0.0, 200.0], [0.0, 0.0]], [[656.0, 480.0], [656.0, 760.0], [476.0, 760.0], [476.0, 480.0], [656.0, 480.0]], [[480.0, 383.17896486215], [480.0, 103.17896486215], [620.0, 243.17896486215], [480.0, 383.17896486215]], [[475.99999999999994, 760.0], [295.99999999999994, 760.0], [475.99999999999994, 480.0], [475.99999999999994, 760.0]], [[200.0, 103.17896486215], [480.0, 103.17896486215], [480.0, 383.17896486215], [200.0, 383.17896486215], [200.0, 103.17896486215]], [[250.0, 580.0], [50.0, 500.0], [50.0, 400.0], [250.0, 400.0], [250.0, 580.0]], [[380.0, 3.1789648621499964], [380.0, 103.17896486215], [200.0, 103.17896486215], [200.0, 3.1789648621499964], [380.0, 3.1789648621499964]], [[376.82103513785, 0.0], [656.82103513785, 0.0], [656.82103513785, 280.0], [376.82103513785, 0.0]], [[0.0, 760.0], [0.0, 560.0], [200.0, 560.0], [280.0, 760.0], [0.0, 760.0]], [[475.54586216254995, 480.0], [555.54586216255, 320.0], [635.54586216255, 480.0], [475.54586216254995, 480.0]], [[243.95637973147495, 383.17896486215], [523.956379731475, 383.17896486215], [383.95637973147495, 623.17896486215], [243.95637973147495, 383.17896486215]]]"
Mon Jul 20 17:42:23 2020,2,3,True,663.3892454892285,0.8592240586891684,"[0, 0, 0, 3, 3, 0, 2, 0, 1, 1, 1, 3]","[[[200.0, 40.0], [400.0, 40.0], [400.0, 240.0], [200.0, 240.0], [200.0, 40.0]], [[0.0, 0.0], [200.0, 0.0], [200.0, 200.0], [0.0, 200.0], [0.0, 0.0]], [[100.0, 580.0], [380.0, 580.0], [380.0, 760.0], [100.0, 760.0], [100.0, 580.0]], [[400.0, 280.0], [400.0, 0.0], [540.0, 140.0], [400.0, 280.0]], [[635.2740968661681, 280.0], [455.27409686616807, 280.0], [635.2740968661681, 0.0], [635.2740968661681, 280.0]], [[380.0, 480.0], [660.0, 480.0], [660.0, 760.0], [380.0, 760.0], [380.0, 480.0]], [[200.0, 380.0], [0.0, 300.0], [0.0, 200.0], [200.0, 200.0], [200.0, 380.0]], [[0.0, 580.0], [100.0, 580.0], [100.0, 760.0], [0.0, 760.0], [0.0, 580.0]], [[380.0, 300.0], [380.0, 580.0], [100.0, 580.0], [380.0, 300.0]], [[652.0, 280.0], [652.0, 480.0], [452.0, 480.0], [372.0, 280.0], [652.0, 280.0]], [[200.0, 240.0], [360.0, 320.0], [200.0, 400.0], [200.0, 240.0]], [[0.0, 580.0], [0.0, 300.0], [240.0, 440.0], [0.0, 580.0]]]"
Mon Jul 20 17:42:49 2020,2,1,True,670.0231379441208,0.8507168897912558,"[0, 0, 1, 1, 1, 0, 2, 0, 2, 3, 2, 2]","[[[0.0, 0.0], [200.0, 0.0], [200.0, 200.0], [0.0, 200.0], [0.0, 0.0]], [[200.0, 0.0], [400.0, 0.0], [400.0, 200.0], [200.0, 200.0], [200.0, 0.0]], [[639.9999999999991, 0.0], [639.9999999999991, 280.0], [459.9999999999991, 280.0], [459.9999999999991, 0.0], [639.9999999999991, 0.0]], [[234.07075699173984, 240.35762700661542], [234.07075699173984, 520.3576270066154], [94.07075699173984, 380.3576270066154], [234.07075699173984, 240.35762700661542]], [[234.07075699173984, 200.0], [414.0707569917398, 200.0], [234.07075699173984, 480.0], [234.07075699173984, 200.0]], [[380.0, 480.0], [660.0, 480.0], [660.0, 760.0], [380.0, 760.0], [380.0, 480.0]], [[670.0231379441208, 460.0], [470.0231379441208, 380.0], [470.0231379441208, 280.0], [670.0231379441208, 280.0], [670.0231379441208, 460.0]], [[0.0, 580.0], [100.0, 580.0], [100.0, 760.0], [0.0, 760.0], [0.0, 580.0]], [[280.0, 560.0], [0.0, 560.0], [0.0, 280.0], [280.0, 560.0]], [[100.0, 760.0], [100.0, 560.0], [300.0, 560.0], [380.0, 760.0], [100.0, 760.0]], [[177.21419199917761, 217.21419199917761], [97.21419199917761, 377.2141919991776], [17.214191999177615, 217.21419199917761], [177.21419199917761, 217.21419199917761]], [[528.3564712774541, 480.0], [248.35647127745415, 480.0], [388.35647127745415, 240.0], [528.3564712774541, 480.0]]]"
Mon Jul 20 17:43:10 2020,2,1,True,676.723369323562,0.8422939502883722,"[0, 0, 1, 0, 2, 0, 1, 1, 2, 2, 1, 1]","[[[120.0, 0.0], [320.0, 0.0], [320.0, 200.0], [120.0, 200.0], [120.0, 0.0]], [[0.0, 358.68934772942475], [200.0, 358.68934772942475], [200.0, 558.6893477294248], [0.0, 558.6893477294248], [0.0, 358.68934772942475]], [[676.6590516340482, 179.958652913884], [676.6590516340482, 459.958652913884], [496.6590516340482, 459.958652913884], [496.6590516340482, 179.958652913884], [676.6590516340482, 179.958652913884]], [[118.76912428622825, 198.76912428622825], [398.76912428622825, 198.76912428622825], [258.76912428622825, 338.76912428622825], [118.76912428622825, 198.76912428622825]], [[676.723369323562, 0.0], [676.723369323562, 180.0], [396.723369323562, 0.0], [676.723369323562, 0.0]], [[396.723369323562, 480.0], [676.723369323562, 480.0], [676.723369323562, 760.0], [396.723369323562, 760.0], [396.723369323562, 480.0]], [[180.0, 560.0], [100.0, 760.0], [0.0, 760.0], [0.0, 560.0], [180.0, 560.0]], [[500.0, 66.39211972056728], [500.0, 166.39211972056728], [320.0, 166.39211972056728], [320.0, 66.39211972056728], [500.0, 66.39211972056728]], [[280.0, 360.0], [0.0, 360.0], [0.0, 80.0], [280.0, 360.0]], [[396.723369323562, 760.0], [196.723369323562, 760.0], [196.723369323562, 560.0], [396.723369323562, 480.0], [396.723369323562, 760.0]], [[200.0, 360.0], [360.0, 440.0], [200.0, 520.0], [200.0, 360.0]], [[496.6590516340482, 200.0], [496.6590516340482, 480.0], [256.6590516340482, 340.0], [496.6590516340482, 200.0]]]"
Mon Jul 20 17:43:45 2020,2,1,True,683.4906030167976,0.833954406226111,"[0, 0, 1, 0, 3, 0, 1, 1, 1, 1, 1, 2]","[[[483.49060301679765, 0.0], [683.4906030167976, 0.0], [683.4906030167976, 200.0], [483.49060301679765, 200.0], [483.49060301679765, 0.0]], [[0.0, 560.0], [200.0, 560.0], [200.0, 760.0], [0.0, 760.0], [0.0, 560.0]], [[180.0, 0.0], [180.0, 280.0], [0.0, 280.0], [0.0, 0.0], [180.0, 0.0]], [[173.33333333333343, 300.0], [453.3333333333334, 300.0], [313.3333333333334, 440.0], [173.33333333333343, 300.0]], [[384.89592707637826, 760.0], [204.89592707637826, 760.0], [384.89592707637826, 480.0], [384.89592707637826, 760.0]], [[384.89592707637826, 480.0], [664.8959270763783, 480.0], [664.8959270763783, 760.0], [384.89592707637826, 760.0], [384.89592707637826, 480.0]], [[180.0, 280.0], [100.0, 480.0], [0.0, 480.0], [0.0, 280.0], [180.0, 280.0]], [[460.0, 0.0], [460.0, 100.0], [280.0, 100.0], [280.0, 0.0], [460.0, 0.0]], [[683.4906030167976, 200.0], [683.4906030167976, 480.0], [403.49060301679765, 480.0], [683.4906030167976, 200.0]], [[460.0, 100.0], [460.0, 300.0], [260.0, 300.0], [180.0, 100.0], [460.0, 100.0]], [[456.82393635013096, 186.66666666666663], [616.8239363501309, 266.66666666666663], [456.82393635013096, 346.66666666666663], [456.82393635013096, 186.66666666666663]], [[333.3333333333334, 560.0], [53.33333333333343, 560.0], [193.33333333333343, 320.0], [333.3333333333334, 560.0]]]"
Mon Jul 20 17:43:52 2020,2,0,True,656.1509788961257,0.8687025064855323,"[0, 0, 1, 2, 3, 0, 1, 1, 1, 0, 0, 0]","[[[456.1509788961257, 0.0], [656.1509788961257, 0.0], [656.1509788961257, 200.0], [456.1509788961257, 200.0], [456.1509788961257, 0.0]], [[0.0, 554.0126338384177], [200.0, 554.0126338384177], [200.0, 754.0126338384177], [0.0, 754.0126338384177], [0.0, 554.0126338384177]], [[180.0, 0.0], [180.0, 280.0], [0.0, 280.0], [0.0, 0.0], [180.0, 0.0]], [[416.30356541137644, 389.2410864715589], [136.30356541137644, 389.2410864715589], [276.30356541137644, 249.2410864715589], [416.30356541137644, 389.2410864715589]], [[376.15097889612565, 760.0], [196.15097889612565, 760.0], [376.15097889612565, 480.0], [376.15097889612565, 760.0]], [[376.1509788961257, 480.0], [656.1509788961257, 480.0], [656.1509788961257, 760.0], [376.1509788961257, 760.0], [376.1509788961257, 480.0]], [[180.0, 280.0], [100.0, 480.0], [0.0, 480.0], [0.0, 280.0], [180.0, 280.0]], [[517.4159375901537, 217.03362496393856], [517.4159375901537, 317.03362496393856], [337.4159375901537, 317.03362496393856], [337.4159375901537, 217.03362496393856], [517.4159375901537, 217.03362496393856]], [[656.1509788961257, 200.0], [656.1509788961257, 480.0], [376.1509788961257, 480.0], [656.1509788961257, 200.0]], [[180.0, 0.0], [380.0, 0.0], [380.0, 200.0], [180.0, 280.0], [180.0, 0.0]], [[62.99368308079113, 554.0126338384177], [142.99368308079113, 394.01263383841774], [222.99368308079113, 554.0126338384177], [62.99368308079113, 554.0126338384177]], [[140.2102804501235, 389.2410864715589], [420.2102804501235, 389.2410864715589], [280.2102804501235, 629.2410864715589], [140.2102804501235, 389.2410864715589]]]"
Mon Jul 20 17:45:05 2020,2,3,True,662.712488685087,0.8601014915698338,"[0, 0, 1, 3, 0, 0, 1, 0, 1, 0, 1, 1]","[[[329.9049397402806, 279.8098794805611], [529.9049397402806, 279.8098794805611], [529.9049397402806, 479.8098794805611], [329.9049397402806, 479.8098794805611], [329.9049397402806, 279.8098794805611]], [[0.0, 341.18799055656064], [200.0, 341.18799055656064], [200.0, 541.1879905565606], [0.0, 541.1879905565606], [0.0, 341.18799055656064]], [[429.9049397402806, 0.0], [429.9049397402806, 280.0], [249.9049397402806, 280.0], [249.9049397402806, 0.0], [429.9049397402806, 0.0]], [[200.0, 629.9049397402805], [200.0, 349.9049397402805], [340.0, 489.9049397402805], [200.0, 629.9049397402805]], [[0.0, 341.1879905565607], [0.0, 161.1879905565607], [280.0, 341.1879905565607], [0.0, 341.1879905565607]], [[361.18799055656064, 479.8098794805611], [641.1879905565606, 479.8098794805611], [641.1879905565606, 759.8098794805611], [361.18799055656064, 759.8098794805611], [361.18799055656064, 479.8098794805611]], [[180.0, 541.1879905565606], [100.0, 741.1879905565606], [0.0, 741.1879905565606], [0.0, 541.1879905565606], [180.0, 541.1879905565606]], [[562.712488685087, 226.8769804220775], [662.712488685087, 226.8769804220775], [662.712488685087, 406.8769804220775], [562.712488685087, 406.8769804220775], [562.712488685087, 226.8769804220775]], [[361.18799055656064, 480.0], [361.18799055656064, 760.0], [81.18799055656064, 760.0], [361.18799055656064, 480.0]], [[429.9049397402806, 0.0], [629.9049397402806, 0.0], [629.9049397402806, 200.0], [429.9049397402806, 280.0], [429.9049397402806, 0.0]], [[0.0, 0.0], [160.0, 80.0], [0.0, 160.0], [0.0, 0.0]], [[249.9049397402806, 27.555451818169672], [249.9049397402806, 307.5554518181697], [9.90493974028061, 167.55545181816967], [249.9049397402806, 27.555451818169672]]]"
Mon Jul 20 17:45:05 2020,2,0,True,636.2039891376835,0.8959390537185771,"[0, 0, 1, 3, 0, 0, 1, 0, 1, 0, 1, 1]","[[[329.9049397402806, 279.8098794805611], [529.9049397402806, 279.8098794805611], [529.9049397402806, 479.8098794805611], [329.9049397402806, 479.8098794805611], [329.9049397402806, 279.8098794805611]], [[0.0, 341.18799055656064], [200.0, 341.18799055656064], [200.0, 541.1879905565606], [0.0, 541.1879905565606], [0.0, 341.18799055656064]], [[429.9049397402806, 0.0], [429.9049397402806, 280.0], [249.9049397402806, 280.0], [249.9049397402806, 0.0], [429.9049397402806, 0.0]], [[200.0, 629.9049397402805], [200.0, 349.9049397402805], [340.0, 489.9049397402805], [200.0, 629.9049397402805]], [[0.0, 341.18799055656064], [0.0, 161.18799055656064], [280.0, 341.18799055656064], [0.0, 341.18799055656064]], [[356.2039891376835, 479.8098794805611], [636.2039891376835, 479.8098794805611], [636.2039891376835, 759.8098794805611], [356.2039891376835, 759.8098794805611], [356.2039891376835, 479.8098794805611]], [[180.0, 541.1879905565606], [100.0, 741.1879905565606], [0.0, 741.1879905565606], [0.0, 541.1879905565606], [180.0, 541.1879905565606]], [[529.9049397402806, 240.0000000000001], [629.9049397402806, 240.0000000000001], [629.9049397402806, 420.0000000000001], [529.9049397402806, 420.0000000000001], [529.9049397402806, 240.0000000000001]], [[356.2039891376835, 479.8098794805611], [356.2039891376835, 759.8098794805611], [76.2039891376835, 759.8098794805611], [356.2039891376835, 479.8098794805611]], [[429.9049397402806, 0.0], [629.9049397402806, 0.0], [629.9049397402806, 200.0], [429.9049397402806, 280.0], [429.9049397402806, 0.0]], [[0.0, 0.0], [160.0, 80.0], [0.0, 160.0], [0.0, 0.0]], [[249.9049397402806, 27.555451818169672], [249.9049397402806, 307.5554518181697], [9.90493974028061, 167.55545181816967], [249.9049397402806, 27.555451818169672]]]"
Mon Jul 20 17:47:26 2020,2,5,False,642.5660290290604,0.887068370018393,"[0, 0, 1, 0, 0, 0, 0, 1, 2, 1, 1, 1]","[[[442.56602902906036, 560.0], [642.5660290290604, 560.0], [642.5660290290604, 760.0], [442.56602902906036, 760.0], [442.56602902906036, 560.0]], [[280.0, 560.0], [480.0, 560.0], [480.0, 760.0], [280.0, 760.0], [280.0, 560.0]], [[380.0, 0.0], [380.0, 280.0], [200.0, 280.0], [200.0, 0.0], [380.0, 0.0]], [[0.0, 480.0], [280.0, 480.0], [140.0, 620.0], [0.0, 480.0]], [[0.0, 480.0], [0.0, 300.0], [280.0, 480.0], [0.0, 480.0]], [[280.0, 280.0], [560.0, 280.0], [560.0, 560.0], [280.0, 560.0], [280.0, 280.0]], [[0.0, 100.0], [200.0, 180.0], [200.0, 280.0], [0.0, 280.0], [0.0, 100.0]], [[180.0, 0.0], [180.0, 100.0], [0.0, 100.0], [0.0, 0.0], [180.0, 0.0]], [[280.0, 760.0], [0.0, 760.0], [0.0, 480.0], [280.0, 760.0]], [[280.0, 280.0], [280.0, 480.0], [80.0, 480.0], [0.0, 280.0], [280.0, 280.0]], [[380.0, 0.0], [540.0, 80.0], [380.0, 160.0], [380.0, 0.0]], [[620.0, 35.0], [620.0, 315.0], [380.0, 175.0], [620.0, 35.0]]]"
Mon Jul 20 17:47:56 2020,2,1,True,648.9916893193509,0.8782855148696961,"[0, 0, 1, 0, 1, 0, 3, 0, 1, 2, 3, 3]","[[[168.99168931935094, 560.0], [368.99168931935094, 560.0], [368.99168931935094, 760.0], [168.99168931935094, 760.0], [168.99168931935094, 560.0]], [[448.99168931935094, 280.0], [648.9916893193509, 280.0], [648.9916893193509, 480.0], [448.99168931935094, 480.0], [448.99168931935094, 280.0]], [[648.9916893193509, 480.0], [648.9916893193509, 760.0], [468.99168931935094, 760.0], [468.99168931935094, 480.0], [648.9916893193509, 480.0]], [[72.31658252812517, 0.0], [352.3165825281252, 0.0], [212.31658252812517, 140.0], [72.31658252812517, 0.0]], [[0.0, 307.15697087257604], [180.0, 307.15697087257604], [0.0, 587.156970872576], [0.0, 307.15697087257604]], [[368.99168931935094, 0.0], [648.9916893193509, 0.0], [648.9916893193509, 280.0], [368.99168931935094, 280.0], [368.99168931935094, 0.0]], [[66.02948127522744, 560.0], [146.02948127522745, 360.0], [246.02948127522745, 360.0], [246.02948127522745, 560.0], [66.02948127522744, 560.0]], [[368.99168931935094, 579.0083106806491], [468.99168931935094, 579.0083106806491], [468.99168931935094, 759.0083106806491], [368.99168931935094, 759.0083106806491], [368.99168931935094, 579.0083106806491]], [[368.99168931935094, 27.15697087257604], [368.99168931935094, 307.15697087257604], [88.99168931935094, 307.15697087257604], [368.99168931935094, 27.15697087257604]], [[448.99168931935094, 560.0], [248.99168931935094, 560.0], [248.99168931935094, 360.0], [448.99168931935094, 280.0], [448.99168931935094, 560.0]], [[164.16541470461897, 760.0], [4.165414704618968, 680.0], [164.16541470461897, 600.0], [164.16541470461897, 760.0]], [[0.0, 296.148660191927], [0.0, 16.14866019192698], [240.0, 156.14866019192698], [0.0, 296.148660191927]]]"
Mon Jul 20 17:49:09 2020,2,5,True,655.4816062125444,0.8695896186828675,"[0, 0, 0, 1, 1, 0, 2, 1, 2, 3, 2, 2]","[[[220.37037037037032, 0.0], [420.3703703703703, 0.0], [420.3703703703703, 200.0], [220.37037037037032, 200.0], [220.37037037037032, 0.0]], [[440.0, 100.0], [640.0, 100.0], [640.0, 300.0], [440.0, 300.0], [440.0, 100.0]], [[0.0, 580.0], [280.0, 580.0], [280.0, 760.0], [0.0, 760.0], [0.0, 580.0]], [[642.8571428571429, 477.1428571428571], [642.8571428571429, 757.1428571428571], [502.8571428571429, 617.1428571428571], [642.8571428571429, 477.1428571428571]], [[0.0, 0.0], [180.0, 0.0], [0.0, 280.0], [0.0, 0.0]], [[0.0, 302.2222222222223], [280.0, 302.2222222222223], [280.0, 582.2222222222223], [0.0, 582.2222222222223], [0.0, 302.2222222222223]], [[600.0, 480.0], [400.0, 400.0], [400.0, 300.0], [600.0, 300.0], [600.0, 480.0]], [[600.3703703703703, 0.0], [600.3703703703703, 100.0], [420.3703703703703, 100.0], [420.3703703703703, 0.0], [600.3703703703703, 0.0]], [[560.0, 560.0], [280.0, 560.0], [280.0, 280.0], [560.0, 560.0]], [[280.0, 760.0], [280.0, 560.0], [480.0, 560.0], [560.0, 760.0], [280.0, 760.0]], [[440.0, 200.0], [360.0, 360.0], [280.0, 200.0], [440.0, 200.0]], [[280.0, 302.2222222222223], [0.0, 302.2222222222223], [140.0, 62.222222222222285], [280.0, 302.2222222222223]]]"
Mon Jul 20 17:50:01 2020,2,3,True,662.0364222746699,0.8609798204780865,"[0, 0, 0, 0, 1, 0, 2, 1, 2, 2, 1, 1]","[[[0.0, 0.0], [200.0, 0.0], [200.0, 200.0], [0.0, 200.0], [0.0, 0.0]], [[462.0364222746699, 362.0364222746698], [662.0364222746699, 362.0364222746698], [662.0364222746699, 562.0364222746698], [462.0364222746699, 562.0364222746698], [462.0364222746699, 362.0364222746698]], [[0.0, 200.0], [280.0, 200.0], [280.0, 380.0], [0.0, 380.0], [0.0, 200.0]], [[327.6241740128852, 0.0], [607.6241740128852, 0.0], [467.6241740128852, 140.0], [327.6241740128852, 0.0]], [[280.0, 132.3758259871148], [460.0, 132.3758259871148], [280.0, 412.3758259871148], [280.0, 132.3758259871148]], [[0.0, 480.0], [280.0, 480.0], [280.0, 760.0], [0.0, 760.0], [0.0, 480.0]], [[662.0364222746699, 742.0364222746698], [462.0364222746699, 662.0364222746698], [462.0364222746699, 562.0364222746698], [662.0364222746699, 562.0364222746698], [662.0364222746699, 742.0364222746698]], [[180.0, 380.0], [180.0, 480.0], [0.0, 480.0], [0.0, 380.0], [180.0, 380.0]], [[560.0, 759.9999999999999], [280.0, 759.9999999999999], [280.0, 479.9999999999999], [560.0, 759.9999999999999]], [[662.0364222746699, 342.2351006952861], [462.0364222746699, 342.2351006952861], [462.0364222746699, 142.23510069528612], [662.0364222746699, 62.23510069528612], [662.0364222746699, 342.2351006952861]], [[200.0, 12.375825987114808], [360.0, 92.37582598711481], [200.0, 172.3758259871148], [200.0, 12.375825987114808]], [[462.0364222746699, 306.18791299355735], [462.0364222746699, 586.1879129935573], [222.03642227466992, 446.18791299355735], [462.0364222746699, 306.18791299355735]]]"
Mon Jul 20 17:50:32 2020,2,1,True,668.6567864974166,0.8524552678000856,"[0, 0, 0, 0, 0, 0, 3, 0, 1, 0, 3, 3]","[[[0.0, 280.0], [200.0, 280.0], [200.0, 480.0], [0.0, 480.0], [0.0, 280.0]], [[368.65678649741665, 180.0], [568.6567864974166, 180.0], [568.6567864974166, 380.0], [368.65678649741665, 380.0], [368.65678649741665, 180.0]], [[208.65678649741665, 580.0], [488.65678649741665, 580.0], [488.65678649741665, 760.0], [208.65678649741665, 760.0], [208.65678649741665, 580.0]], [[357.7777777777777, 0.0], [637.7777777777777, 0.0], [497.7777777777777, 140.0], [357.7777777777777, 0.0]], [[280.0, 180.0], [280.0, 0.0], [560.0, 180.0], [280.0, 180.0]], [[0.0, 0.0], [280.0, 0.0], [280.0, 280.0], [0.0, 280.0], [0.0, 0.0]], [[488.65678649741665, 760.0], [568.6567864974166, 560.0], [668.6567864974166, 560.0], [668.6567864974166, 760.0], [488.65678649741665, 760.0]], [[568.6567864974166, 69.12099128036107], [668.6567864974166, 69.12099128036107], [668.6567864974166, 249.12099128036107], [568.6567864974166, 249.12099128036107], [568.6567864974166, 69.12099128036107]], [[668.6567864974166, 280.0], [668.6567864974166, 560.0], [388.65678649741665, 560.0], [668.6567864974166, 280.0]], [[0.0, 480.0], [200.0, 480.0], [200.0, 680.0], [0.0, 760.0], [0.0, 480.0]], [[368.65678649741665, 390.09958424698607], [208.65678649741665, 310.09958424698607], [368.65678649741665, 230.09958424698607], [368.65678649741665, 390.09958424698607]], [[200.0, 585.049792123493], [200.0, 305.04979212349303], [440.0, 445.04979212349303], [200.0, 585.049792123493]]]"
Mon Jul 20 17:50:46 2020,2,0,True,641.91051503752,0.887974237291756,"[0, 0, 1, 3, 2, 0, 0, 0, 1, 0, 3, 3]","[[[241.91051503751999, 560.0], [441.91051503752, 560.0], [441.91051503752, 760.0], [241.91051503751999, 760.0], [241.91051503751999, 560.0]], [[441.91051503752, 560.0], [641.91051503752, 560.0], [641.91051503752, 760.0], [441.91051503752, 760.0], [441.91051503752, 560.0]], [[460.0, 0.0], [460.0, 280.0], [280.0, 280.0], [280.0, 0.0], [460.0, 0.0]], [[470.95525751876, 450.95525751876], [470.95525751876, 170.95525751876], [610.9552575187599, 310.95525751876], [470.95525751876, 450.95525751876]], [[461.91051503752, 280.0], [461.91051503752, 460.0], [181.91051503751999, 280.0], [461.91051503752, 280.0]], [[0.0, 0.0], [280.0, 0.0], [280.0, 280.0], [0.0, 280.0], [0.0, 0.0]], [[0.0, 571.6289546187371], [200.0, 651.6289546187371], [200.0, 751.6289546187371], [0.0, 751.6289546187371], [0.0, 571.6289546187371]], [[541.91051503752, 61.910515037519986], [641.91051503752, 61.910515037519986], [641.91051503752, 241.91051503751999], [541.91051503752, 241.91051503751999], [541.91051503752, 61.910515037519986]], [[641.91051503752, 280.0], [641.91051503752, 560.0], [361.91051503752, 560.0], [641.91051503752, 280.0]], [[0.0, 291.6289546187371], [200.0, 291.6289546187371], [200.0, 491.6289546187371], [0.0, 571.6289546187371], [0.0, 291.6289546187371]], [[198.8037189210151, 651.1504421871432], [38.803718921015104, 571.1504421871432], [198.8037189210151, 491.1504421871432], [198.8037189210151, 651.1504421871432]], [[198.8037189210151, 585.1456310679612], [198.8037189210151, 305.1456310679612], [438.8037189210151, 445.1456310679612], [198.8037189210151, 585.1456310679612]]]"
Mon Jul 20 17:52:33 2020,2,5,False,648.3296201878952,0.8791824131601543,"[0, 0, 1, 3, 3, 0, 0, 1, 2, 1, 0, 0]","[[[431.53846153846155, 180.0], [631.5384615384615, 180.0], [631.5384615384615, 380.0], [431.53846153846155, 380.0], [431.53846153846155, 180.0]], [[268.3296201878952, 560.0], [468.3296201878952, 560.0], [468.3296201878952, 760.0], [268.3296201878952, 760.0], [268.3296201878952, 560.0]], [[431.53846153846155, 280.0], [431.53846153846155, 560.0], [251.53846153846155, 560.0], [251.53846153846155, 280.0], [431.53846153846155, 280.0]], [[468.3296201878952, 659.9999999999999], [468.3296201878952, 379.9999999999999], [608.3296201878952, 519.9999999999999], [468.3296201878952, 659.9999999999999]], [[648.3296201878952, 660.0], [468.3296201878952, 660.0], [648.3296201878952, 380.0], [648.3296201878952, 660.0]], [[0.0, 280.0], [280.0, 280.0], [280.0, 560.0], [0.0, 560.0], [0.0, 280.0]], [[400.0, 0.0], [600.0, 80.0], [600.0, 180.0], [400.0, 180.0], [400.0, 0.0]], [[648.3296201878952, 660.0], [648.3296201878952, 760.0], [468.3296201878952, 760.0], [468.3296201878952, 660.0], [648.3296201878952, 660.0]], [[280.0, 280.0], [0.0, 280.0], [0.0, 0.0], [280.0, 280.0]], [[280.0, 560.0], [280.0, 760.0], [80.0, 760.0], [0.0, 560.0], [280.0, 560.0]], [[271.53846153846155, 243.07692307692304], [351.53846153846155, 83.07692307692304], [431.53846153846155, 243.07692307692304], [271.53846153846155, 243.07692307692304]], [[120.0, 0.0], [400.0, 0.0], [260.0, 240.0], [120.0, 0.0]]]"
Mon Jul 20 17:54:16 2020,2,5,False,654.8129163897742,0.870477636792232,"[0, 0, 0, 3, 3, 0, 0, 0, 0, 1, 2, 2]","[[[0.0, 0.0], [200.0, 0.0], [200.0, 200.0], [0.0, 200.0], [0.0, 0.0]], [[280.0, 200.0], [480.0, 200.0], [480.0, 400.0], [280.0, 400.0], [280.0, 200.0]], [[0.0, 200.0], [280.0, 200.0], [280.0, 380.0], [0.0, 380.0], [0.0, 200.0]], [[67.40645819488708, 652.5935418051129], [67.40645819488708, 372.59354180511286], [207.40645819488708, 512.5935418051129], [67.40645819488708, 652.5935418051129]], [[654.8040084116229, 480.0], [474.80400841162293, 480.0], [654.8040084116229, 200.0], [654.8040084116229, 480.0]], [[374.81291638977416, 480.0], [654.8129163897742, 480.0], [654.8129163897742, 760.0], [374.81291638977416, 760.0], [374.81291638977416, 480.0]], [[200.0, 0.0], [400.0, 80.0], [400.0, 180.0], [200.0, 180.0], [200.0, 0.0]], [[0.0, 511.42857142857144], [100.0, 511.42857142857144], [100.0, 691.4285714285714], [0.0, 691.4285714285714], [0.0, 511.42857142857144]], [[94.81291638977416, 400.0], [374.81291638977416, 400.0], [374.81291638977416, 680.0], [94.81291638977416, 400.0]], [[648.0, 0.0], [648.0, 200.0], [448.0, 200.0], [368.0, 0.0], [648.0, 0.0]], [[631.94686555448, 200.0000000000001], [551.94686555448, 360.0000000000001], [471.94686555448004, 200.0000000000001], [631.94686555448, 200.0000000000001]], [[340.0, 760.0], [60.0, 760.0], [200.0, 520.0], [340.0, 760.0]]]"
Mon Jul 20 17:55:48 2020,2,5,True,661.3610455536719,0.8618590463289425,"[0, 0, 1, 0, 3, 0, 1, 1, 3, 2, 0, 2]","[[[0.0, 280.0], [200.0, 280.0], [200.0, 480.0], [0.0, 480.0], [0.0, 280.0]], [[461.36104555367194, 560.0], [661.3610455536719, 560.0], [661.3610455536719, 760.0], [461.36104555367194, 760.0], [461.36104555367194, 560.0]], [[659.5372021431488, 0.0], [659.5372021431488, 280.0], [479.53720214314876, 280.0], [479.53720214314876, 0.0], [659.5372021431488, 0.0]], [[80.0, 480.0], [360.0, 480.0], [220.0, 620.0], [80.0, 480.0]], [[479.5372021431488, 280.0], [299.5372021431488, 280.0], [479.5372021431488, 0.0], [479.5372021431488, 280.0]], [[379.5372021431489, 280.0], [659.5372021431489, 280.0], [659.5372021431489, 560.0], [379.5372021431489, 560.0], [379.5372021431489, 280.0]], [[379.5372021431489, 280.0], [299.5372021431489, 480.0], [199.53720214314887, 480.0], [199.53720214314887, 280.0], [379.5372021431489, 280.0]], [[180.0, 654.5192348081582], [180.0, 754.5192348081582], [0.0, 754.5192348081582], [0.0, 654.5192348081582], [180.0, 654.5192348081582]], [[199.5372021431489, 280.0], [199.5372021431489, 0.0], [479.5372021431489, 0.0], [199.5372021431489, 280.0]], [[200.0, 280.0], [0.0, 280.0], [0.0, 80.0], [200.0, 0.0], [200.0, 280.0]], [[0.0, 640.0], [80.0, 480.0], [160.0, 640.0], [0.0, 640.0]], [[461.36104555367194, 760.0], [181.36104555367194, 760.0], [321.36104555367194, 520.0], [461.36104555367194, 760.0]]]"
Mon Jul 20 17:56:14 2020,2,1,True,667.9746560092086,0.8533257884444976,"[0, 0, 1, 0, 2, 0, 3, 0, 2, 1, 2, 2]","[[[0.0, 205.25203979275534], [200.0, 205.25203979275534], [200.0, 405.25203979275534], [0.0, 405.25203979275534], [0.0, 205.25203979275534]], [[0.0, 5.25203979275534], [200.0, 5.25203979275534], [200.0, 205.25203979275534], [0.0, 205.25203979275534], [0.0, 5.25203979275534]], [[660.0, 0.0], [660.0, 280.0], [480.0, 280.0], [480.0, 0.0], [660.0, 0.0]], [[209.730356545774, 280.0], [489.730356545774, 280.0], [349.730356545774, 420.0], [209.730356545774, 280.0]], [[480.0, 0.0], [480.0, 180.0], [200.0, 0.0], [480.0, 0.0]], [[387.9746560092086, 480.0], [667.9746560092086, 480.0], [667.9746560092086, 760.0], [387.9746560092086, 760.0], [387.9746560092086, 480.0]], [[409.73035654577393, 480.0], [489.73035654577393, 280.0], [589.7303565457739, 280.0], [589.7303565457739, 480.0], [409.73035654577393, 480.0]], [[0.0, 565.2520397927553], [100.0, 565.2520397927553], [100.0, 745.2520397927553], [0.0, 745.2520397927553], [0.0, 565.2520397927553]], [[480.0, 280.0], [200.0, 280.0], [200.0, 0.0], [480.0, 280.0]], [[387.9746560092086, 560.0], [387.9746560092086, 760.0], [187.97465600920862, 760.0], [107.97465600920862, 560.0], [387.9746560092086, 560.0]], [[165.25203979275537, 405.25203979275534], [85.25203979275537, 565.2520397927553], [5.252039792755369, 405.25203979275534], [165.25203979275537, 405.25203979275534]], [[389.73035654577393, 560.0000000000001], [109.73035654577393, 560.0000000000001], [249.73035654577393, 320.0000000000001], [389.73035654577393, 560.0000000000001]]]"
Mon Jul 20 17:56:34 2020,2,1,True,674.6544025693007,0.8448770182618788,"[0, 0, 1, 0, 1, 0, 3, 1, 2, 0, 0, 1]","[[[472.6652620834592, 280.0], [672.6652620834592, 280.0], [672.6652620834592, 480.0], [472.6652620834592, 480.0], [472.6652620834592, 280.0]], [[272.6652620834592, 280.0], [472.6652620834592, 280.0], [472.6652620834592, 480.0], [272.6652620834592, 480.0], [272.6652620834592, 280.0]], [[180.0, 0.0], [180.0, 280.0], [0.0, 280.0], [0.0, 0.0], [180.0, 0.0]], [[69.84607745422122, 491.409592314619], [349.84607745422124, 491.409592314619], [209.84607745422122, 631.409592314619], [69.84607745422122, 491.409592314619]], [[0.0, 280.0], [180.0, 280.0], [0.0, 560.0], [0.0, 280.0]], [[380.0, 0.0], [660.0, 0.0], [660.0, 280.0], [380.0, 280.0], [380.0, 0.0]], [[92.6652620834592, 491.409592314619], [172.6652620834592, 291.409592314619], [272.6652620834592, 291.409592314619], [272.6652620834592, 491.409592314619], [92.6652620834592, 491.409592314619]], [[641.2556697688402, 480.0], [641.2556697688402, 580.0], [461.2556697688402, 580.0], [461.2556697688402, 480.0], [641.2556697688402, 480.0]], [[331.4285714285715, 760.0], [51.4285714285715, 760.0], [51.4285714285715, 480.0], [331.4285714285715, 760.0]], [[180.0, 0.0], [380.0, 0.0], [380.0, 200.0], [180.0, 280.0], [180.0, 0.0]], [[461.2556697688402, 760.0], [541.2556697688402, 600.0], [621.2556697688402, 760.0], [461.2556697688402, 760.0]], [[461.2556697688402, 480.0], [461.2556697688402, 760.0], [221.25566976884022, 620.0], [461.2556697688402, 480.0]]]"
Mon Jul 20 17:56:47 2020,2,1,True,681.4009465949937,0.8365118992691869,"[0, 0, 0, 1, 1, 0, 0, 1, 2, 1, 3, 2]","[[[447.6682264665286, 280.0], [647.6682264665286, 280.0], [647.6682264665286, 480.0], [447.6682264665286, 480.0], [447.6682264665286, 280.0]], [[0.0, 7.431245371191892], [200.0, 7.431245371191892], [200.0, 207.4312453711919], [0.0, 207.4312453711919], [0.0, 7.431245371191892]], [[167.6682264665286, 340.0], [447.6682264665286, 340.0], [447.6682264665286, 520.0], [167.6682264665286, 520.0], [167.6682264665286, 340.0]], [[167.6682264665286, 367.6682264665286], [167.6682264665286, 647.6682264665286], [27.66822646652861, 507.6682264665286], [167.6682264665286, 367.6682264665286]], [[15.369406189386481, 215.3694061893865], [195.3694061893865, 215.3694061893865], [15.369406189386481, 495.3694061893865], [15.369406189386481, 215.3694061893865]], [[380.0, 0.0], [660.0, 0.0], [660.0, 280.0], [380.0, 280.0], [380.0, 0.0]], [[447.6682264665286, 574.5650226790754], [647.6682264665286, 654.5650226790754], [647.6682264665286, 754.5650226790754], [447.6682264665286, 754.5650226790754], [447.6682264665286, 574.5650226790754]], [[380.0, 0.0], [380.0, 100.0], [200.0, 100.0], [200.0, 0.0], [380.0, 0.0]], [[280.0, 760.0], [0.0, 760.0], [0.0, 480.0], [280.0, 760.0]], [[447.6682264665286, 520.0], [447.6682264665286, 720.0], [247.6682264665286, 720.0], [167.6682264665286, 520.0], [447.6682264665286, 520.0]], [[647.6682264665286, 654.5650226790754], [487.6682264665286, 574.5650226790754], [647.6682264665286, 494.56502267907535], [647.6682264665286, 654.5650226790754]], [[402.6682264665286, 340.0], [122.66822646652861, 340.0], [262.6682264665286, 100.0], [402.6682264665286, 340.0]]]"
Mon Jul 20 17:56:50 2020,2,0,True,654.1449087311939,0.8713665617387364,"[0, 0, 0, 1, 1, 0, 2, 1, 2, 1, 2, 2]","[[[447.6682264665286, 549.4093270941339], [647.6682264665286, 549.4093270941339], [647.6682264665286, 749.4093270941339], [447.6682264665286, 749.4093270941339], [447.6682264665286, 549.4093270941339]], [[0.0, 0.0], [200.0, 0.0], [200.0, 200.0], [0.0, 200.0], [0.0, 0.0]], [[167.6682264665286, 347.6682264665286], [447.6682264665286, 347.6682264665286], [447.6682264665286, 527.6682264665286], [167.6682264665286, 527.6682264665286], [167.6682264665286, 347.6682264665286]], [[167.6682264665286, 367.6682264665286], [167.6682264665286, 647.6682264665286], [27.66822646652861, 507.6682264665286], [167.6682264665286, 367.6682264665286]], [[0.0, 200.0], [180.0, 200.0], [0.0, 480.0], [0.0, 200.0]], [[374.14490873119394, 0.0], [654.1449087311939, 0.0], [654.1449087311939, 280.0], [374.14490873119394, 280.0], [374.14490873119394, 0.0]], [[654.1449087311939, 460.0], [454.14490873119394, 380.0], [454.14490873119394, 280.0], [654.1449087311939, 280.0], [654.1449087311939, 460.0]], [[627.6682264665286, 449.4093270941339], [627.6682264665286, 549.4093270941339], [447.6682264665286, 549.4093270941339], [447.6682264665286, 449.4093270941339], [627.6682264665286, 449.4093270941339]], [[280.0, 760.0], [0.0, 760.0], [0.0, 480.0], [280.0, 760.0]], [[447.6682264665286, 527.6682264665286], [447.6682264665286, 727.6682264665286], [247.6682264665286, 727.6682264665286], [167.6682264665286, 527.6682264665286], [447.6682264665286, 527.6682264665286]], [[364.38706912238325, 0.0], [284.38706912238325, 160.0], [204.38706912238325, 0.0], [364.38706912238325, 0.0]], [[393.8602012278583, 347.6682264665286], [113.86020122785828, 347.6682264665286], [253.86020122785828, 107.66822646652861], [393.8602012278583, 347.6682264665286]]]"
Mon Jul 20 17:58:12 2020,2,3,True,660.6863578185058,0.8627391700383529,"[0, 0, 1, 2, 2, 0, 3, 0, 2, 0, 1, 0]","[[[0.0, 480.0], [200.0, 480.0], [200.0, 680.0], [0.0, 680.0], [0.0, 480.0]], [[0.0, 280.0], [200.0, 280.0], [200.0, 480.0], [0.0, 480.0], [0.0, 280.0]], [[180.0, 0.0], [180.0, 280.0], [0.0, 280.0], [0.0, 0.0], [180.0, 0.0]], [[551.9746828047778, 495.0000000000002], [271.9746828047778, 495.0000000000002], [411.9746828047778, 355.0000000000002], [551.9746828047778, 495.0000000000002]], [[660.6863578185058, 280.0], [660.6863578185058, 460.0], [380.6863578185058, 280.0], [660.6863578185058, 280.0]], [[380.6863578185058, 0.0], [660.6863578185058, 0.0], [660.6863578185058, 280.0], [380.6863578185058, 280.0], [380.6863578185058, 0.0]], [[480.68635781850566, 760.0], [560.6863578185057, 560.0], [660.6863578185057, 560.0], [660.6863578185057, 760.0], [480.68635781850566, 760.0]], [[200.0, 272.0], [300.0, 272.0], [300.0, 452.0], [200.0, 452.0], [200.0, 272.0]], [[480.0, 760.0], [200.0, 760.0], [200.0, 480.0], [480.0, 760.0]], [[180.0, 0.0], [380.0, 0.0], [380.0, 200.0], [180.0, 280.0], [180.0, 0.0]], [[300.0, 250.98734140238912], [460.0, 330.9873414023891], [300.0, 410.9873414023891], [300.0, 250.98734140238912]], [[315.0000000000002, 495.0000000000002], [595.0000000000002, 495.0000000000002], [455.0000000000002, 735.0000000000002], [315.0000000000002, 495.0000000000002]]]"
Mon Jul 20 17:58:30 2020,2,1,True,667.2932213966909,0.8541971980577752,"[0, 0, 0, 2, 3, 0, 2, 1, 3, 2, 1, 3]","[[[449.058790205931, 560.0], [649.058790205931, 560.0], [649.058790205931, 760.0], [449.058790205931, 760.0], [449.058790205931, 560.0]], [[0.0, 100.0], [200.0, 100.0], [200.0, 300.0], [0.0, 300.0], [0.0, 100.0]], [[0.0, 300.0], [280.0, 300.0], [280.0, 480.0], [0.0, 480.0], [0.0, 300.0]], [[280.0, 760.0], [0.0, 760.0], [140.0, 620.0], [280.0, 760.0]], [[634.2589035057656, 560.0], [454.2589035057656, 560.0], [634.2589035057656, 280.0], [634.2589035057656, 560.0]], [[387.2932213966909, 0.0], [667.2932213966909, 0.0], [667.2932213966909, 280.0], [387.2932213966909, 280.0], [387.2932213966909, 0.0]], [[387.2932213966909, 180.0], [187.2932213966909, 100.0], [187.2932213966909, 0.0], [387.2932213966909, 0.0], [387.2932213966909, 180.0]], [[180.0, 0.0], [180.0, 100.0], [0.0, 100.0], [0.0, 0.0], [180.0, 0.0]], [[0.0, 760.0], [0.0, 480.0], [280.0, 480.0], [0.0, 760.0]], [[449.058790205931, 729.058790205931], [249.05879020593102, 729.058790205931], [249.05879020593102, 529.058790205931], [449.058790205931, 449.058790205931], [449.058790205931, 729.058790205931]], [[200.0, 108.0], [360.0, 188.0], [200.0, 268.0], [200.0, 108.0]], [[279.9999999999983, 516.6823062883041], [279.9999999999983, 236.68230628830406], [519.9999999999983, 376.68230628830406], [279.9999999999983, 516.6823062883041]]]"
Mon Jul 20 17:58:37 2020,2,1,True,673.9661536106578,0.8457398000572032,"[0, 0, 1, 3, 3, 0, 0, 0, 0, 0, 3, 0]","[[[200.0, 285.7142857142858], [400.0, 285.7142857142858], [400.0, 485.7142857142858], [200.0, 485.7142857142858], [200.0, 285.7142857142858]], [[473.9661536106578, 559.6804393249436], [673.9661536106578, 559.6804393249436], [673.9661536106578, 759.6804393249436], [473.9661536106578, 759.6804393249436], [473.9661536106578, 559.6804393249436]], [[180.0, 0.0], [180.0, 280.0], [0.0, 280.0], [0.0, 0.0], [180.0, 0.0]], [[433.9661536106578, 599.6804393249436], [433.9661536106578, 319.68043932494356], [573.9661536106578, 459.68043932494356], [433.9661536106578, 599.6804393249436]], [[433.9661536106578, 760.0], [253.96615361065778, 760.0], [433.9661536106578, 480.0], [433.9661536106578, 760.0]], [[380.0, 0.0], [660.0, 0.0], [660.0, 280.0], [380.0, 280.0], [380.0, 0.0]], [[180.0, 96.0], [380.0, 176.0], [380.0, 276.0], [180.0, 276.0], [180.0, 96.0]], [[0.0, 560.0], [100.0, 560.0], [100.0, 740.0], [0.0, 740.0], [0.0, 560.0]], [[393.9661536106578, 279.68043932494356], [673.9661536106578, 279.68043932494356], [673.9661536106578, 559.6804393249436], [393.9661536106578, 279.68043932494356]], [[0.0, 280.0], [200.0, 280.0], [200.0, 480.0], [0.0, 560.0], [0.0, 280.0]], [[340.0, 160.0], [180.0, 80.0], [340.0, 0.0], [340.0, 160.0]], [[100.0, 520.0], [380.0, 520.0], [240.0, 760.0], [100.0, 520.0]]]"
Mon Jul 20 17:58:53 2020,2,1,True,680.7058151467644,0.8373661386704981,"[0, 0, 1, 3, 0, 0, 1, 1, 1, 0, 1, 1]","[[[200.0, 200.0], [400.0, 200.0], [400.0, 400.0], [200.0, 400.0], [200.0, 200.0]], [[180.0, 0.0], [380.0, 0.0], [380.0, 200.0], [180.0, 200.0], [180.0, 0.0]], [[180.0, 0.0], [180.0, 280.0], [0.0, 280.0], [0.0, 0.0], [180.0, 0.0]], [[400.0, 592.9924925337685], [400.0, 312.99249253376854], [540.0, 452.99249253376854], [400.0, 592.9924925337685]], [[379.78945605858235, 760.0], [379.78945605858235, 580.0], [659.7894560585823, 760.0], [379.78945605858235, 760.0]], [[400.0, 0.0], [680.0, 0.0], [680.0, 280.0], [400.0, 280.0], [400.0, 0.0]], [[180.0, 560.0], [100.0, 760.0], [0.0, 760.0], [0.0, 560.0], [180.0, 560.0]], [[660.0, 280.0], [660.0, 380.0], [480.0, 380.0], [480.0, 280.0], [660.0, 280.0]], [[379.78945605858235, 480.0], [379.78945605858235, 760.0], [99.78945605858235, 760.0], [379.78945605858235, 480.0]], [[0.0, 280.0], [200.0, 280.0], [200.0, 480.0], [0.0, 560.0], [0.0, 280.0]], [[199.78945605858235, 420.0], [359.78945605858235, 500.0], [199.78945605858235, 580.0], [199.78945605858235, 420.0]], [[640.0, 452.99249253376854], [640.0, 732.9924925337685], [400.0, 592.9924925337685], [640.0, 452.99249253376854]]]"
Mon Jul 20 17:59:28 2020,2,1,True,687.5128732982321,0.8290753848222754,"[0, 0, 1, 1, 1, 0, 1, 0, 3, 2, 1, 1]","[[[180.0, 0.0], [380.0, 0.0], [380.0, 200.0], [180.0, 200.0], [180.0, 0.0]], [[285.7711489899527, 559.9999999999999], [485.7711489899527, 559.9999999999999], [485.7711489899527, 759.9999999999999], [285.7711489899527, 759.9999999999999], [285.7711489899527, 559.9999999999999]], [[180.0, 200.0], [180.0, 480.0], [0.0, 480.0], [0.0, 200.0], [180.0, 200.0]], [[657.2906510760099, 2.709348923990092], [657.2906510760099, 282.7093489239901], [517.2906510760099, 142.7093489239901], [657.2906510760099, 2.709348923990092]], [[485.7711489899527, 282.7093489239901], [665.7711489899527, 282.7093489239901], [485.7711489899527, 562.7093489239901], [485.7711489899527, 282.7093489239901]], [[5.771148989952678, 480.0], [285.7711489899527, 480.0], [285.7711489899527, 760.0], [5.771148989952678, 760.0], [5.771148989952678, 480.0]], [[180.0, 0.0], [100.0, 200.0], [0.0, 200.0], [0.0, 0.0], [180.0, 0.0]], [[180.0, 200.0], [280.0, 200.0], [280.0, 380.0], [180.0, 380.0], [180.0, 200.0]], [[380.0, 280.0], [380.0, 0.0], [660.0, 0.0], [380.0, 280.0]], [[687.5128732982321, 760.0], [487.5128732982321, 760.0], [487.5128732982321, 560.0], [687.5128732982321, 480.0], [687.5128732982321, 760.0]], [[280.0, 230.0], [440.0, 310.0], [280.0, 390.0], [280.0, 230.0]], [[485.7711489899527, 279.9999999999999], [485.7711489899527, 559.9999999999999], [245.77114898995268, 419.9999999999999], [485.7711489899527, 279.9999999999999]]]"
Mon Jul 20 17:59:39 2020,2,0,True,660.0123583663028,0.8636201925232034,"[0, 0, 1, 1, 1, 0, 0, 1, 2, 1, 1, 2]","[[[200.0, 0.0], [400.0, 0.0], [400.0, 200.0], [200.0, 200.0], [200.0, 0.0]], [[0.0, 0.0], [200.0, 0.0], [200.0, 200.0], [0.0, 200.0], [0.0, 0.0]], [[180.0, 200.0], [180.0, 480.0], [0.0, 480.0], [0.0, 200.0], [180.0, 200.0]], [[660.0, 0.0], [660.0, 280.0], [520.0, 140.0], [660.0, 0.0]], [[180.0, 200.0], [360.0, 200.0], [180.0, 480.0], [180.0, 200.0]], [[0.0, 480.0], [280.0, 480.0], [280.0, 760.0], [0.0, 760.0], [0.0, 480.0]], [[413.2601574955835, 153.36992125220826], [613.2601574955835, 233.36992125220826], [613.2601574955835, 333.36992125220826], [413.2601574955835, 333.36992125220826], [413.2601574955835, 153.36992125220826]], [[660.0123583663028, 347.80226560201277], [660.0123583663028, 447.80226560201277], [480.0123583663028, 447.80226560201277], [480.0123583663028, 347.80226560201277], [660.0123583663028, 347.80226560201277]], [[560.0, 760.0], [280.0, 760.0], [280.0, 480.0], [560.0, 760.0]], [[660.0123583663028, 460.0123583663028], [660.0123583663028, 660.0123583663028], [460.0123583663028, 660.0123583663028], [380.0123583663028, 460.0123583663028], [660.0123583663028, 460.0123583663028]], [[400.0, 0.0], [560.0, 80.0], [400.0, 160.0], [400.0, 0.0]], [[487.13491247880535, 460.0123583663028], [207.13491247880535, 460.0123583663028], [347.13491247880535, 220.0123583663028], [487.13491247880535, 460.0123583663028]]]"
Mon Jul 20 18:00:07 2020,2,2,True,633.6118640316507,0.8996043672116703,"[0, 0, 1, 0, 0, 0, 3, 0, 1, 0, 2, 1]","[[[433.6118640316507, 280.0], [633.6118640316507, 280.0], [633.6118640316507, 480.0], [433.6118640316507, 480.0], [433.6118640316507, 280.0]], [[253.61186403165073, 524.828641251864], [453.6118640316507, 524.828641251864], [453.6118640316507, 724.828641251864], [253.61186403165073, 724.828641251864], [253.61186403165073, 524.828641251864]], [[633.6118640316507, 480.0], [633.6118640316507, 760.0], [453.6118640316507, 760.0], [453.6118640316507, 480.0], [633.6118640316507, 480.0]], [[73.61186403165073, 0.0], [353.6118640316507, 0.0], [213.61186403165073, 140.0], [73.61186403165073, 0.0]], [[0.0, 760.0], [0.0, 580.0], [280.0, 760.0], [0.0, 760.0]], [[353.6118640316507, 0.0], [633.6118640316507, 0.0], [633.6118640316507, 280.0], [353.6118640316507, 280.0], [353.6118640316507, 0.0]], [[253.61186403165073, 524.828641251864], [333.6118640316507, 324.82864125186404], [433.6118640316507, 324.82864125186404], [433.6118640316507, 524.828641251864], [253.61186403165073, 524.828641251864]], [[0.0, 26.388135968349275], [100.0, 26.388135968349275], [100.0, 206.38813596834927], [0.0, 206.38813596834927], [0.0, 26.388135968349275]], [[353.6118640316507, 0.0], [353.6118640316507, 280.0], [73.61186403165073, 280.0], [353.6118640316507, 0.0]], [[0.0, 280.0], [200.0, 280.0], [200.0, 480.0], [0.0, 560.0], [0.0, 280.0]], [[356.02618465758275, 280.0], [276.02618465758275, 440.0], [196.02618465758275, 280.0], [356.02618465758275, 280.0]], [[253.59223300970882, 448.7378640776699], [253.59223300970882, 728.7378640776699], [13.59223300970882, 588.7378640776699], [253.59223300970882, 448.7378640776699]]]"
Mon Jul 20 18:02:11 2020,2,5,False,639.9479826719672,0.8906973932788814,"[0, 0, 1, 0, 2, 0, 3, 0, 2, 3, 2, 2]","[[[0.0, 360.0], [200.0, 360.0], [200.0, 560.0], [0.0, 560.0], [0.0, 360.0]], [[180.0, 560.0], [380.0, 560.0], [380.0, 760.0], [180.0, 760.0], [180.0, 560.0]], [[180.0, 480.0], [180.0, 760.0], [0.0, 760.0], [0.0, 480.0], [180.0, 480.0]], [[359.9479826719672, 279.9479826719672], [639.9479826719672, 279.9479826719672], [499.9479826719672, 419.9479826719672], [359.9479826719672, 279.9479826719672]], [[280.0, 0.0], [280.0, 180.0], [0.0, 0.0], [280.0, 0.0]], [[280.0, 0.0], [560.0, 0.0], [560.0, 280.0], [280.0, 280.0], [280.0, 0.0]], [[459.9479826719672, 760.0], [539.9479826719672, 560.0], [639.9479826719672, 560.0], [639.9479826719672, 760.0], [459.9479826719672, 760.0]], [[539.8959653439344, 380.0], [639.8959653439344, 380.0], [639.8959653439344, 560.0], [539.8959653439344, 560.0], [539.8959653439344, 380.0]], [[280.0, 280.0], [0.0, 280.0], [0.0, 0.0], [280.0, 280.0]], [[0.0, 480.0], [0.0, 280.0], [200.0, 280.0], [280.0, 480.0], [0.0, 480.0]], [[360.0, 280.0], [280.0, 440.0], [200.0, 280.0], [360.0, 280.0]], [[513.3333333333334, 560.0], [233.33333333333337, 560.0], [373.33333333333337, 320.0], [513.3333333333334, 560.0]]]"
Mon Jul 20 18:04:02 2020,2,5,True,646.3474624986869,0.8818786072068133,"[0, 0, 1, 2, 2, 0, 3, 0, 3, 3, 3, 3]","[[[0.0, 560.0], [200.0, 560.0], [200.0, 760.0], [0.0, 760.0], [0.0, 560.0]], [[446.3474624986869, 13.652537501313077], [646.3474624986869, 13.652537501313077], [646.3474624986869, 213.65253750131308], [446.3474624986869, 213.65253750131308], [446.3474624986869, 13.652537501313077]], [[180.0, 0.0], [180.0, 280.0], [0.0, 280.0], [0.0, 0.0], [180.0, 0.0]], [[484.2471042471043, 255.7528957528957], [204.2471042471043, 255.7528957528957], [344.2471042471043, 115.75289575289571], [484.2471042471043, 255.7528957528957]], [[544.5045045045044, 255.7528957528957], [544.5045045045044, 435.7528957528957], [264.50450450450444, 255.7528957528957], [544.5045045045044, 255.7528957528957]], [[0.0, 280.0], [280.0, 280.0], [280.0, 560.0], [0.0, 560.0], [0.0, 280.0]], [[460.37960432182916, 710.9490108045729], [540.3796043218292, 510.94901080457294], [640.3796043218292, 510.94901080457294], [640.3796043218292, 710.9490108045729], [460.37960432182916, 710.9490108045729]], [[544.5045045045044, 213.65253750131308], [644.5045045045044, 213.65253750131308], [644.5045045045044, 393.6525375013131], [544.5045045045044, 393.6525375013131], [544.5045045045044, 213.65253750131308]], [[180.0, 280.0], [180.0, 0.0], [460.0, 0.0], [180.0, 280.0]], [[200.0, 760.0], [200.0, 560.0], [400.0, 560.0], [480.0, 760.0], [200.0, 760.0]], [[503.5989677960761, 602.9006021189557], [343.5989677960761, 522.9006021189557], [503.5989677960761, 442.9006021189557], [503.5989677960761, 602.9006021189557]], [[280.0, 560.0], [280.0, 280.0], [520.0, 420.0], [280.0, 560.0]]]"
Mon Jul 20 18:05:41 2020,2,5,True,652.8109371236739,0.8731471358483299,"[0, 0, 1, 1, 3, 0, 1, 1, 3, 2, 2, 2]","[[[452.81093712367385, 560.0], [652.8109371236739, 560.0], [652.8109371236739, 760.0], [452.81093712367385, 760.0], [452.81093712367385, 560.0]], [[0.0, 560.0], [200.0, 560.0], [200.0, 760.0], [0.0, 760.0], [0.0, 560.0]], [[180.0, 280.0], [180.0, 560.0], [0.0, 560.0], [0.0, 280.0], [180.0, 280.0]], [[652.8109371236739, 110.53303506915518], [652.8109371236739, 390.5330350691552], [512.8109371236739, 250.53303506915518], [652.8109371236739, 110.53303506915518]], [[180.0, 280.0], [0.0, 280.0], [180.0, 0.0], [180.0, 280.0]], [[179.99999999999994, 0.0], [459.99999999999994, 0.0], [459.99999999999994, 280.0], [179.99999999999994, 280.0], [179.99999999999994, 0.0]], [[640.0, 0.0], [560.0, 200.0], [460.0, 200.0], [460.0, 0.0], [640.0, 0.0]], [[632.8109371236739, 460.0], [632.8109371236739, 560.0], [452.81093712367385, 560.0], [452.81093712367385, 460.0], [632.8109371236739, 460.0]], [[180.0, 560.0], [180.0, 280.0], [460.0, 280.0], [180.0, 560.0]], [[452.81093712367385, 759.9999999999998], [252.81093712367385, 759.9999999999998], [252.81093712367385, 559.9999999999998], [452.81093712367385, 479.9999999999998], [452.81093712367385, 759.9999999999998]], [[160.0, 0.0], [80.0, 160.0], [0.0, 0.0], [160.0, 0.0]], [[635.0, 460.0], [355.0, 460.0], [495.0, 220.0], [635.0, 460.0]]]"
Mon Jul 20 18:05:55 2020,2,1,True,659.3390464949106,0.8645021147013167,"[0, 0, 1, 1, 1, 0, 1, 0, 0, 1, 0, 2]","[[[200.0, 560.0], [400.0, 560.0], [400.0, 760.0], [200.0, 760.0], [200.0, 560.0]], [[0.0, 560.0], [200.0, 560.0], [200.0, 760.0], [0.0, 760.0], [0.0, 560.0]], [[659.3390464949106, 199.80275619736506], [659.3390464949106, 479.80275619736506], [479.3390464949106, 479.80275619736506], [479.3390464949106, 199.80275619736506], [659.3390464949106, 199.80275619736506]], [[197.17769340947953, 51.056921363031904], [197.17769340947953, 331.0569213630319], [57.17769340947953, 191.0569213630319], [197.17769340947953, 51.056921363031904]], [[0.0, 0.0], [180.0, 0.0], [0.0, 280.0], [0.0, 0.0]], [[197.1776934094795, 0.0], [477.1776934094795, 0.0], [477.1776934094795, 280.0], [197.1776934094795, 280.0], [197.1776934094795, 0.0]], [[657.1776934094795, 0.0], [577.1776934094795, 200.0], [477.1776934094795, 200.0], [477.1776934094795, 0.0], [657.1776934094795, 0.0]], [[0.0, 280.0], [100.0, 280.0], [100.0, 460.0], [0.0, 460.0], [0.0, 280.0]], [[359.80275619736506, 479.80275619736506], [639.802756197365, 479.80275619736506], [639.802756197365, 759.802756197365], [359.80275619736506, 479.80275619736506]], [[479.3390464949106, 279.80275619736506], [479.3390464949106, 479.80275619736506], [279.3390464949106, 479.80275619736506], [199.33904649491058, 279.80275619736506], [479.3390464949106, 279.80275619736506]], [[400.0, 760.0], [480.0, 600.0], [560.0, 760.0], [400.0, 760.0]], [[326.1207720464476, 560.0], [46.1207720464476, 560.0], [186.1207720464476, 320.0], [326.1207720464476, 560.0]]]"
Mon Jul 20 18:06:26 2020,2,3,True,665.9324369598597,0.8559426878230858,"[0, 0, 1, 2, 1, 0, 0, 0, 3, 1, 0, 1]","[[[182.85714285714283, 560.0], [382.85714285714283, 560.0], [382.85714285714283, 760.0], [182.85714285714283, 760.0], [182.85714285714283, 560.0]], [[0.0, 280.0], [200.0, 280.0], [200.0, 480.0], [0.0, 480.0], [0.0, 280.0]], [[379.5339805825243, 280.0], [379.5339805825243, 560.0], [199.5339805825243, 560.0], [199.5339805825243, 280.0], [379.5339805825243, 280.0]], [[577.4638718625564, 262.07010871996806], [297.4638718625564, 262.07010871996806], [437.4638718625564, 122.07010871996806], [577.4638718625564, 262.07010871996806]], [[0.0, 480.0], [180.0, 480.0], [0.0, 760.0], [0.0, 480.0]], [[0.0, 0.0], [280.0, 0.0], [280.0, 280.0], [0.0, 280.0], [0.0, 0.0]], [[379.53398058252424, 380.0], [579.5339805825242, 460.0], [579.5339805825242, 560.0], [379.53398058252424, 560.0], [379.53398058252424, 380.0]], [[565.9324369598597, 31.16837736401078], [665.9324369598597, 31.16837736401078], [665.9324369598597, 211.16837736401078], [565.9324369598597, 211.16837736401078], [565.9324369598597, 31.16837736401078]], [[279.5339805825244, 280.0], [279.5339805825244, 0.0], [559.5339805825245, 0.0], [279.5339805825244, 280.0]], [[662.8571428571429, 560.0], [662.8571428571429, 760.0], [462.8571428571429, 760.0], [382.8571428571429, 560.0], [662.8571428571429, 560.0]], [[22.857142857142847, 760.0], [102.85714285714285, 600.0], [182.85714285714283, 760.0], [22.857142857142847, 760.0]], [[648.8447336967985, 220.4312726499935], [648.8447336967985, 500.4312726499935], [408.84473369679847, 360.4312726499935], [648.8447336967985, 220.4312726499935]]]"
Mon Jul 20 18:06:38 2020,2,1,True,672.5917613294583,0.8474680077456295,"[0, 0, 0, 0, 1, 0, 0, 0, 1, 3, 2, 1]","[[[0.0, 280.0], [200.0, 280.0], [200.0, 480.0], [0.0, 480.0], [0.0, 280.0]], [[200.0, 280.0], [400.0, 280.0], [400.0, 480.0], [200.0, 480.0], [200.0, 280.0]], [[280.0, 580.0], [560.0, 580.0], [560.0, 760.0], [280.0, 760.0], [280.0, 580.0]], [[320.4699070123565, 200.4699070123565], [600.4699070123565, 200.4699070123565], [460.4699070123565, 340.4699070123565], [320.4699070123565, 200.4699070123565]], [[0.0, 480.0], [180.0, 480.0], [0.0, 760.0], [0.0, 480.0]], [[0.0, 0.0], [280.0, 0.0], [280.0, 280.0], [0.0, 280.0], [0.0, 0.0]], [[400.0, 400.0], [600.0, 480.0], [600.0, 580.0], [400.0, 580.0], [400.0, 400.0]], [[560.0, 580.0], [660.0, 580.0], [660.0, 760.0], [560.0, 760.0], [560.0, 580.0]], [[280.0, 480.0], [280.0, 760.0], [0.0, 760.0], [280.0, 480.0]], [[279.5300929876435, 200.4699070123565], [279.5300929876435, 0.4699070123564866], [479.5300929876435, 0.4699070123564866], [559.5300929876435, 200.4699070123565], [279.5300929876435, 200.4699070123565]], [[639.2951394814653, 0.0], [559.2951394814653, 160.0], [479.2951394814653, 0.0], [639.2951394814653, 0.0]], [[650.637730945341, 229.53867638478232], [650.637730945341, 509.5386763847823], [410.637730945341, 369.5386763847823], [650.637730945341, 229.53867638478232]]]"
Mon Jul 20 18:06:49 2020,2,1,True,679.3176789427529,0.8390772353917125,"[0, 0, 1, 1, 1, 0, 3, 1, 3, 3, 0, 1]","[[[0.0, 0.0], [200.0, 0.0], [200.0, 200.0], [0.0, 200.0], [0.0, 0.0]], [[0.0, 560.0], [200.0, 560.0], [200.0, 760.0], [0.0, 760.0], [0.0, 560.0]], [[679.3176789427529, 160.0], [679.3176789427529, 440.0], [499.3176789427529, 440.0], [499.3176789427529, 160.0], [679.3176789427529, 160.0]], [[178.5714285714286, 280.0], [178.5714285714286, 560.0], [38.57142857142861, 420.0], [178.5714285714286, 280.0]], [[0.0, 200.0], [180.0, 200.0], [0.0, 480.0], [0.0, 200.0]], [[200.0, 0.0], [480.0, 0.0], [480.0, 280.0], [200.0, 280.0], [200.0, 0.0]], [[483.5187969924812, 660.0], [563.5187969924812, 460.0], [663.5187969924812, 460.0], [663.5187969924812, 660.0], [483.5187969924812, 660.0]], [[660.0, 660.0], [660.0, 760.0], [480.0, 760.0], [480.0, 660.0], [660.0, 660.0]], [[178.5714285714286, 560.0], [178.5714285714286, 280.0], [458.5714285714286, 280.0], [178.5714285714286, 560.0]], [[200.0, 760.0], [200.0, 560.0], [400.0, 560.0], [480.0, 760.0], [200.0, 760.0]], [[480.0, 160.0], [560.0, 0.0], [640.0, 160.0], [480.0, 160.0]], [[500.15037593984965, 338.42105263157896], [500.15037593984965, 618.421052631579], [260.15037593984965, 478.42105263157896], [500.15037593984965, 338.42105263157896]]]"
Mon Jul 20 18:07:12 2020,2,2,True,652.1449717850427,0.8740387868663673,"[0, 0, 1, 1, 1, 0, 1, 0, 1, 1, 2, 2]","[[[0.0, 560.0], [200.0, 560.0], [200.0, 760.0], [0.0, 760.0], [0.0, 560.0]], [[300.0, 280.0], [500.0, 280.0], [500.0, 480.0], [300.0, 480.0], [300.0, 280.0]], [[180.0, 0.0], [180.0, 280.0], [0.0, 280.0], [0.0, 0.0], [180.0, 0.0]], [[652.1449717850427, 247.85502821495731], [652.1449717850427, 527.8550282149573], [512.1449717850427, 387.8550282149573], [652.1449717850427, 247.85502821495731]], [[180.0, 0.0], [360.0, 0.0], [180.0, 280.0], [180.0, 0.0]], [[300.0, 480.0], [580.0, 480.0], [580.0, 760.0], [300.0, 760.0], [300.0, 480.0]], [[180.0, 280.0], [100.0, 480.0], [0.0, 480.0], [0.0, 280.0], [180.0, 280.0]], [[200.0, 580.0], [300.0, 580.0], [300.0, 760.0], [200.0, 760.0], [200.0, 580.0]], [[300.0, 280.0], [300.0, 560.0], [20.0, 560.0], [300.0, 280.0]], [[652.1449717850427, 0.0], [652.1449717850427, 200.0], [452.1449717850427, 200.0], [372.1449717850427, 0.0], [652.1449717850427, 0.0]], [[620.0, 200.0], [540.0, 360.0], [460.0, 200.0], [620.0, 200.0]], [[474.28571428571433, 280.0], [194.28571428571433, 280.0], [334.28571428571433, 40.0], [474.28571428571433, 280.0]]]"
Mon Jul 20 18:07:35 2020,2,1,True,658.6664215028932,0.8653849374914526,"[0, 0, 1, 1, 0, 0, 1, 0, 3, 2, 1, 1]","[[[455.7142857142858, 280.0], [655.7142857142858, 280.0], [655.7142857142858, 480.0], [455.7142857142858, 480.0], [455.7142857142858, 280.0]], [[0.0, 557.9255445600561], [200.0, 557.9255445600561], [200.0, 757.9255445600561], [0.0, 757.9255445600561], [0.0, 557.9255445600561]], [[180.0, 0.0], [180.0, 280.0], [0.0, 280.0], [0.0, 0.0], [180.0, 0.0]], [[458.6664215028932, 0.0], [458.6664215028932, 280.0], [318.6664215028932, 140.0], [458.6664215028932, 0.0]], [[0.0, 540.5989371546502], [0.0, 360.59893715465023], [280.0, 540.5989371546502], [0.0, 540.5989371546502]], [[378.6664215028932, 480.0], [658.6664215028932, 480.0], [658.6664215028932, 760.0], [378.6664215028932, 760.0], [378.6664215028932, 480.0]], [[380.0, 541.2199534254528], [300.0, 741.2199534254528], [200.0, 741.2199534254528], [200.0, 541.2199534254528], [380.0, 541.2199534254528]], [[275.7142857142857, 197.04786421139255], [375.7142857142857, 197.04786421139255], [375.7142857142857, 377.04786421139255], [275.7142857142857, 377.04786421139255], [275.7142857142857, 197.04786421139255]], [[179.9999999999999, 280.0], [179.9999999999999, 0.0], [459.9999999999999, 0.0], [179.9999999999999, 280.0]], [[658.6664215028932, 280.0], [458.6664215028932, 280.0], [458.6664215028932, 80.0], [658.6664215028932, 0.0], [658.6664215028932, 280.0]], [[270.1424893971968, 374.26196605284815], [430.1424893971968, 454.26196605284815], [270.1424893971968, 534.2619660528482], [270.1424893971968, 374.26196605284815]], [[270.1424893971968, 227.41688118496847], [270.1424893971968, 507.4168811849685], [30.14248939719681, 367.4168811849685], [270.1424893971968, 227.41688118496847]]]"
Mon Jul 20 18:08:27 2020,2,3,True,665.2530857179221,0.8568167697935174,"[0, 0, 1, 3, 0, 0, 3, 0, 1, 0, 0, 0]","[[[0.0, 0.0], [200.0, 0.0], [200.0, 200.0], [0.0, 200.0], [0.0, 0.0]], [[200.0, 0.0], [400.0, 0.0], [400.0, 200.0], [200.0, 200.0], [200.0, 0.0]], [[180.0, 480.0], [180.0, 760.0], [0.0, 760.0], [0.0, 480.0], [180.0, 480.0]], [[279.9999999999999, 644.2857142857142], [279.9999999999999, 364.2857142857142], [419.9999999999999, 504.2857142857142], [279.9999999999999, 644.2857142857142]], [[179.99999999999991, 760.0], [179.99999999999991, 580.0], [459.9999999999999, 760.0], [179.99999999999991, 760.0]], [[0.0, 200.0], [280.0, 200.0], [280.0, 480.0], [0.0, 480.0], [0.0, 200.0]], [[483.0380666624242, 760.0], [563.0380666624242, 560.0], [663.0380666624242, 560.0], [663.0380666624242, 760.0], [483.0380666624242, 760.0]], [[295.71428571428567, 200.0], [395.71428571428567, 200.0], [395.71428571428567, 380.0], [295.71428571428567, 380.0], [295.71428571428567, 200.0]], [[665.2530857179221, 134.7469142820779], [665.2530857179221, 414.7469142820779], [385.2530857179221, 414.7469142820779], [665.2530857179221, 134.7469142820779]], [[400.0, 0.0], [600.0, 0.0], [600.0, 200.0], [400.0, 280.0], [400.0, 0.0]], [[328.6956521739129, 675.5900621118012], [408.6956521739129, 515.5900621118012], [488.6956521739129, 675.5900621118012], [328.6956521739129, 675.5900621118012]], [[367.76903333121203, 414.7469142820779], [647.7690333312121, 414.7469142820779], [507.76903333121203, 654.7469142820779], [367.76903333121203, 414.7469142820779]]]"
Mon Jul 20 18:08:47 2020,2,1,True,671.9056165751014,0.8483334354391261,"[0, 0, 1, 0, 1, 0, 2, 0, 1, 1, 1, 2]","[[[460.0, 0.0], [660.0, 0.0], [660.0, 200.0], [460.0, 200.0], [460.0, 0.0]], [[371.90561657510136, 480.0], [571.9056165751014, 480.0], [571.9056165751014, 680.0], [371.90561657510136, 680.0], [371.90561657510136, 480.0]], [[466.632103630292, 200.0], [466.632103630292, 480.0], [286.632103630292, 480.0], [286.632103630292, 200.0], [466.632103630292, 200.0]], [[0.0, 571.9056165751014], [280.0, 571.9056165751014], [140.0, 711.9056165751014], [0.0, 571.9056165751014]], [[0.0, 0.0], [180.0, 0.0], [0.0, 280.0], [0.0, 0.0]], [[0.0, 291.90561657510136], [280.0, 291.90561657510136], [280.0, 571.9056165751014], [0.0, 571.9056165751014], [0.0, 291.90561657510136]], [[666.632103630292, 382.1956565364347], [466.632103630292, 302.1956565364347], [466.632103630292, 202.19565653643468], [666.632103630292, 202.19565653643468], [666.632103630292, 382.1956565364347]], [[571.9056165751014, 429.36867285705193], [671.9056165751014, 429.36867285705193], [671.9056165751014, 609.3686728570519], [571.9056165751014, 609.3686728570519], [571.9056165751014, 429.36867285705193]], [[371.90561657510136, 480.0], [371.90561657510136, 760.0], [91.90561657510136, 760.0], [371.90561657510136, 480.0]], [[460.0, 0.0], [460.0, 200.0], [260.0, 200.0], [180.0, 0.0], [460.0, 0.0]], [[488.64296228920523, 310.99999999999994], [648.6429622892052, 390.99999999999994], [488.64296228920523, 470.99999999999994], [488.64296228920523, 310.99999999999994]], [[286.632103630292, 291.9056165751013], [6.632103630292022, 291.9056165751013], [146.63210363029202, 51.905616575101305], [286.632103630292, 291.9056165751013]]]"
Mon Jul 20 18:09:02 2020,2,1,True,678.6246727408524,0.8399340944941843,"[0, 0, 1, 3, 1, 0, 1, 0, 1, 1, 3, 2]","[[[449.4451606914122, 0.0], [649.4451606914122, 0.0], [649.4451606914122, 200.0], [449.4451606914122, 200.0], [449.4451606914122, 0.0]], [[0.0, 360.0], [200.0, 360.0], [200.0, 560.0], [0.0, 560.0], [0.0, 360.0]], [[451.89189189189193, 0.0], [451.89189189189193, 280.0], [271.89189189189193, 280.0], [271.89189189189193, 0.0], [451.89189189189193, 0.0]], [[200.0, 645.0293919120973], [200.0, 365.02939191209725], [340.0, 505.02939191209725], [200.0, 645.0293919120973]], [[0.0, 0.0], [180.0, 0.0], [0.0, 280.0], [0.0, 0.0]], [[380.0, 480.0], [660.0, 480.0], [660.0, 760.0], [380.0, 760.0], [380.0, 480.0]], [[180.0, 560.0], [100.0, 760.0], [0.0, 760.0], [0.0, 560.0], [180.0, 560.0]], [[545.0293919120973, 200.0], [645.0293919120973, 200.0], [645.0293919120973, 380.0], [545.0293919120973, 380.0], [545.0293919120973, 200.0]], [[380.0, 480.0], [380.0, 760.0], [100.0, 760.0], [380.0, 480.0]], [[545.0293919120973, 280.0], [545.0293919120973, 480.0], [345.02939191209725, 480.0], [265.02939191209725, 280.0], [545.0293919120973, 280.0]], [[271.89189189189193, 185.94594594594582], [111.89189189189193, 105.94594594594582], [271.89189189189193, 25.945945945945823], [271.89189189189193, 185.94594594594582]], [[280.0, 360.0], [0.0, 360.0], [140.0, 120.0], [280.0, 360.0]]]"
Mon Jul 20 18:09:03 2020,2,0,True,651.4796858312183,0.8749313484314419,"[0, 0, 1, 3, 1, 0, 1, 0, 1, 1, 3, 2]","[[[451.47968583121826, 0.0], [651.4796858312183, 0.0], [651.4796858312183, 200.0], [451.47968583121826, 200.0], [451.47968583121826, 0.0]], [[0.0, 351.47968583121826], [200.0, 351.47968583121826], [200.0, 551.4796858312183], [0.0, 551.4796858312183], [0.0, 351.47968583121826]], [[451.89189189189193, 0.0], [451.89189189189193, 280.0], [271.89189189189193, 280.0], [271.89189189189193, 0.0], [451.89189189189193, 0.0]], [[200.0, 645.0293919120973], [200.0, 365.02939191209725], [340.0, 505.02939191209725], [200.0, 645.0293919120973]], [[0.0, 0.0], [180.0, 0.0], [0.0, 280.0], [0.0, 0.0]], [[371.47968583121826, 480.0], [651.4796858312183, 480.0], [651.4796858312183, 760.0], [371.47968583121826, 760.0], [371.47968583121826, 480.0]], [[180.0, 551.4796858312183], [100.0, 751.4796858312183], [0.0, 751.4796858312183], [0.0, 551.4796858312183], [180.0, 551.4796858312183]], [[545.0293919120973, 200.0], [645.0293919120973, 200.0], [645.0293919120973, 380.0], [545.0293919120973, 380.0], [545.0293919120973, 200.0]], [[371.47968583121826, 480.0], [371.47968583121826, 760.0], [91.47968583121826, 760.0], [371.47968583121826, 480.0]], [[545.0293919120973, 280.0], [545.0293919120973, 480.0], [345.02939191209725, 480.0], [265.02939191209725, 280.0], [545.0293919120973, 280.0]], [[276.03690959562357, 179.49814062903005], [116.03690959562357, 99.49814062903005], [276.03690959562357, 19.498140629030047], [276.03690959562357, 179.49814062903005]], [[280.0, 351.47968583121826], [0.0, 351.47968583121826], [140.0, 111.47968583121826], [280.0, 351.47968583121826]]]"
Mon Jul 20 18:10:01 2020,2,3,True,657.9944826895304,0.866268661813309,"[0, 0, 0, 1, 1, 0, 1, 1, 2, 0, 0, 1]","[[[457.9944826895304, 0.0], [657.9944826895304, 0.0], [657.9944826895304, 200.0], [457.9944826895304, 200.0], [457.9944826895304, 0.0]], [[260.0, 0.0], [460.0, 0.0], [460.0, 200.0], [260.0, 200.0], [260.0, 0.0]], [[356.67005448888494, 580.0], [636.670054488885, 580.0], [636.670054488885, 760.0], [356.67005448888494, 760.0], [356.67005448888494, 580.0]], [[177.9944826895304, 280.8974713718417], [177.9944826895304, 560.8974713718417], [37.9944826895304, 420.8974713718417], [177.9944826895304, 280.8974713718417]], [[0.0, 200.0], [180.0, 200.0], [0.0, 480.0], [0.0, 200.0]], [[377.9944826895304, 200.0], [657.9944826895304, 200.0], [657.9944826895304, 480.0], [377.9944826895304, 480.0], [377.9944826895304, 200.0]], [[180.0, 0.0], [100.0, 200.0], [0.0, 200.0], [0.0, 0.0], [180.0, 0.0]], [[536.670054488885, 480.0], [536.670054488885, 580.0], [356.67005448888494, 580.0], [356.67005448888494, 480.0], [536.670054488885, 480.0]], [[280.0, 760.0], [0.0, 760.0], [0.0, 480.0], [280.0, 760.0]], [[177.9944826895304, 203.1196935940638], [377.9944826895304, 203.1196935940638], [377.9944826895304, 403.1196935940638], [177.9944826895304, 483.1196935940638], [177.9944826895304, 203.1196935940638]], [[100.0, 200.0], [180.0, 40.0], [260.0, 200.0], [100.0, 200.0]], [[356.6700544888849, 456.67005448888494], [356.6700544888849, 736.670054488885], [116.67005448888489, 596.670054488885], [356.6700544888849, 456.67005448888494]]]"
Mon Jul 20 18:11:16 2020,2,5,False,664.5744275164257,0.8576917443696129,"[0, 0, 0, 1, 3, 0, 0, 0, 2, 3, 2, 0]","[[[0.0, 360.0], [200.0, 360.0], [200.0, 560.0], [0.0, 560.0], [0.0, 360.0]], [[0.0, 180.0], [200.0, 180.0], [200.0, 380.0], [0.0, 380.0], [0.0, 180.0]], [[384.57442751642566, 580.0], [664.5744275164257, 580.0], [664.5744275164257, 760.0], [384.57442751642566, 760.0], [384.57442751642566, 580.0]], [[664.5744275164257, 16.574427516425658], [664.5744275164257, 296.57442751642566], [524.5744275164257, 156.57442751642566], [664.5744275164257, 16.574427516425658]], [[657.5372137582127, 569.5372137582127], [477.5372137582127, 569.5372137582127], [657.5372137582127, 289.5372137582127], [657.5372137582127, 569.5372137582127]], [[237.53721375821283, 49.53721375821283], [517.5372137582128, 49.53721375821283], [517.5372137582128, 329.53721375821283], [237.53721375821283, 329.53721375821283], [237.53721375821283, 49.53721375821283]], [[0.0, 0.0], [200.0, 80.0], [200.0, 180.0], [0.0, 180.0], [0.0, 0.0]], [[517.5372137582128, 149.53721375821283], [617.5372137582128, 149.53721375821283], [617.5372137582128, 329.53721375821283], [517.5372137582128, 329.53721375821283], [517.5372137582128, 149.53721375821283]], [[488.0, 580.0], [208.0, 580.0], [208.0, 300.0], [488.0, 580.0]], [[0.0, 760.0], [0.0, 560.0], [200.0, 560.0], [280.0, 760.0], [0.0, 760.0]], [[373.17022899342976, 592.9255724835743], [293.17022899342976, 752.9255724835743], [213.17022899342976, 592.9255724835743], [373.17022899342976, 592.9255724835743]], [[337.53721375821283, 329.53721375821283], [617.5372137582128, 329.53721375821283], [477.53721375821283, 569.5372137582128], [337.53721375821283, 329.53721375821283]]]"
Mon Jul 20 18:11:53 2020,2,1,True,671.2201717915899,0.8491997469006068,"[0, 0, 0, 0, 3, 0, 0, 1, 3, 2, 1, 1]","[[[460.0, 523.1281834924557], [660.0, 523.1281834924557], [660.0, 723.1281834924557], [460.0, 723.1281834924557], [460.0, 523.1281834924557]], [[458.5734641867218, 312.0061746997227], [658.5734641867218, 312.0061746997227], [658.5734641867218, 512.0061746997227], [458.5734641867218, 512.0061746997227], [458.5734641867218, 312.0061746997227]], [[0.0, 580.0], [280.0, 580.0], [280.0, 760.0], [0.0, 760.0], [0.0, 580.0]], [[0.0, 280.0], [280.0, 280.0], [140.0, 420.0], [0.0, 280.0]], [[449.0740732155126, 385.54131139987203], [269.0740732155126, 385.54131139987203], [449.0740732155126, 105.54131139987203], [449.0740732155126, 385.54131139987203]], [[0.0, 0.0], [280.0, 0.0], [280.0, 280.0], [0.0, 280.0], [0.0, 0.0]], [[0.0, 364.0], [200.0, 444.0], [200.0, 544.0], [0.0, 544.0], [0.0, 364.0]], [[460.0, 660.0], [460.0, 760.0], [280.0, 760.0], [280.0, 660.0], [460.0, 660.0]], [[280.0, 280.0], [280.0, 0.0], [560.0, 0.0], [280.0, 280.0]], [[649.0740732155126, 310.9259267844874], [449.0740732155126, 310.9259267844874], [449.0740732155126, 110.92592678448739], [649.0740732155126, 30.925926784487388], [649.0740732155126, 310.9259267844874]], [[205.99715013858952, 354.0028498614105], [365.9971501385895, 434.0028498614105], [205.99715013858952, 514.0028498614105], [205.99715013858952, 354.0028498614105]], [[458.57346418672176, 380.0], [458.57346418672176, 660.0], [218.57346418672176, 520.0], [458.57346418672176, 380.0]]]"
Mon Jul 20 18:12:17 2020,2,1,True,677.9323735095059,0.8407918286144622,"[0, 0, 0, 1, 1, 0, 2, 1, 2, 3, 0, 0]","[[[477.93237350950585, 437.0857567200492], [677.9323735095059, 437.0857567200492], [677.9323735095059, 637.0857567200492], [477.93237350950585, 637.0857567200492], [477.93237350950585, 437.0857567200492]], [[0.0, 180.0], [200.0, 180.0], [200.0, 380.0], [0.0, 380.0], [0.0, 180.0]], [[0.0, 580.0], [280.0, 580.0], [280.0, 760.0], [0.0, 760.0], [0.0, 580.0]], [[469.9510339109585, 389.9510339109585], [469.9510339109585, 669.9510339109585], [329.9510339109585, 529.9510339109585], [469.9510339109585, 389.9510339109585]], [[480.0, 157.08575672004918], [660.0, 157.08575672004918], [480.0, 437.0857567200492], [480.0, 157.08575672004918]], [[200.0, 0.0], [480.0, 0.0], [480.0, 280.0], [200.0, 280.0], [200.0, 0.0]], [[200.0, 180.0], [0.0, 100.0], [0.0, 0.0], [200.0, 0.0], [200.0, 180.0]], [[660.0, 0.0], [660.0, 100.0], [480.0, 100.0], [480.0, 0.0], [660.0, 0.0]], [[560.0, 760.0], [280.0, 760.0], [280.0, 480.0], [560.0, 760.0]], [[0.0, 580.0], [0.0, 380.0], [200.0, 380.0], [280.0, 580.0], [0.0, 580.0]], [[512.1355917564023, 437.0857567200492], [592.1355917564023, 277.0857567200492], [672.1355917564023, 437.0857567200492], [512.1355917564023, 437.0857567200492]], [[200.0, 279.90206782191694], [480.0, 279.90206782191694], [340.0, 519.902067821917], [200.0, 279.90206782191694]]]"
Mon Jul 20 18:12:28 2020,2,1,True,684.7116972446009,0.8324671570440219,"[0, 0, 1, 1, 0, 0, 2, 1, 2, 3, 3, 0]","[[[0.0, 180.0], [200.0, 180.0], [200.0, 380.0], [0.0, 380.0], [0.0, 180.0]], [[480.0, 224.71169724460094], [680.0, 224.71169724460094], [680.0, 424.71169724460094], [480.0, 424.71169724460094], [480.0, 224.71169724460094]], [[684.7116972446009, 424.71169724460094], [684.7116972446009, 704.7116972446009], [504.71169724460094, 704.7116972446009], [504.71169724460094, 424.71169724460094], [684.7116972446009, 424.71169724460094]], [[469.9510339109585, 389.9510339109585], [469.9510339109585, 669.9510339109585], [329.9510339109585, 529.9510339109585], [469.9510339109585, 389.9510339109585]], [[0.0, 760.0], [0.0, 580.0], [280.0, 760.0], [0.0, 760.0]], [[200.0, 0.0], [480.0, 0.0], [480.0, 280.0], [200.0, 280.0], [200.0, 0.0]], [[200.0, 180.0], [0.0, 100.0], [0.0, 0.0], [200.0, 0.0], [200.0, 180.0]], [[660.0, 124.71169724460094], [660.0, 224.71169724460094], [480.0, 224.71169724460094], [480.0, 124.71169724460094], [660.0, 124.71169724460094]], [[560.0, 760.0], [280.0, 760.0], [280.0, 480.0], [560.0, 760.0]], [[0.0, 580.0], [0.0, 380.0], [200.0, 380.0], [280.0, 580.0], [0.0, 580.0]], [[280.0, 737.1428571428571], [120.0, 657.1428571428571], [280.0, 577.1428571428571], [280.0, 737.1428571428571]], [[200.0, 280.0], [480.0, 280.0], [340.0, 520.0], [200.0, 280.0]]]"
Mon Jul 20 18:12:51 2020,2,1,True,691.5588142170469,0.8242249079643781,"[0, 0, 0, 1, 1, 0, 0, 0, 2, 3, 0, 0]","[[[457.32322935481693, 0.0], [657.3232293548169, 0.0], [657.3232293548169, 200.0], [457.32322935481693, 200.0], [457.32322935481693, 0.0]], [[464.01515596777483, 200.0], [664.0151559677748, 200.0], [664.0151559677748, 400.0], [464.01515596777483, 400.0], [464.01515596777483, 200.0]], [[0.0, 580.0], [280.0, 580.0], [280.0, 760.0], [0.0, 760.0], [0.0, 580.0]], [[458.30940801356854, 378.3094080135685], [458.30940801356854, 658.3094080135685], [318.30940801356854, 518.3094080135685], [458.30940801356854, 378.3094080135685]], [[0.0, 0.0], [180.0, 0.0], [0.0, 280.0], [0.0, 0.0]], [[177.32322935481693, 0.0], [457.32322935481693, 0.0], [457.32322935481693, 280.0], [177.32322935481693, 280.0], [177.32322935481693, 0.0]], [[458.3094080135686, 397.71770081831755], [658.3094080135686, 477.71770081831755], [658.3094080135686, 577.7177008183176], [458.3094080135686, 577.7177008183176], [458.3094080135686, 397.71770081831755]], [[557.3232293548169, 577.3232293548168], [657.3232293548169, 577.3232293548168], [657.3232293548169, 757.3232293548168], [557.3232293548169, 757.3232293548168], [557.3232293548169, 577.3232293548168]], [[560.0, 759.9999999999999], [280.0, 759.9999999999999], [280.0, 479.9999999999999], [560.0, 759.9999999999999]], [[0.0, 518.8744639631708], [0.0, 318.8744639631708], [200.0, 318.8744639631708], [280.0, 518.8744639631708], [0.0, 518.8744639631708]], [[0.0, 315.55555555555554], [80.0, 155.55555555555554], [160.0, 315.55555555555554], [0.0, 315.55555555555554]], [[178.30940801356854, 278.3094080135685], [458.30940801356854, 278.3094080135685], [318.30940801356854, 518.3094080135685], [178.30940801356854, 278.3094080135685]]]"
Mon Jul 20 18:12:51 2020,2,0,True,663.8964616483651,0.8585676124628939,"[0, 0, 0, 1, 1, 0, 0, 0, 2, 3, 0, 0]","[[[457.32322935481693, 0.0], [657.3232293548169, 0.0], [657.3232293548169, 200.0], [457.32322935481693, 200.0], [457.32322935481693, 0.0]], [[463.89646164836506, 200.0], [663.8964616483651, 200.0], [663.8964616483651, 400.0], [463.89646164836506, 400.0], [463.89646164836506, 200.0]], [[0.0, 580.0], [280.0, 580.0], [280.0, 760.0], [0.0, 760.0], [0.0, 580.0]], [[458.30940801356854, 378.3094080135685], [458.30940801356854, 658.3094080135685], [318.30940801356854, 518.3094080135685], [458.30940801356854, 378.3094080135685]], [[0.0, 0.0], [180.0, 0.0], [0.0, 280.0], [0.0, 0.0]], [[177.32322935481693, 0.0], [457.32322935481693, 0.0], [457.32322935481693, 280.0], [177.32322935481693, 280.0], [177.32322935481693, 0.0]], [[458.19071369415883, 397.71770081831755], [658.1907136941588, 477.71770081831755], [658.1907136941588, 577.7177008183176], [458.19071369415883, 577.7177008183176], [458.19071369415883, 397.71770081831755]], [[557.3232293548169, 577.3232293548168], [657.3232293548169, 577.3232293548168], [657.3232293548169, 757.3232293548168], [557.3232293548169, 757.3232293548168], [557.3232293548169, 577.3232293548168]], [[560.0, 759.9999999999999], [280.0, 759.9999999999999], [280.0, 479.9999999999999], [560.0, 759.9999999999999]], [[0.0, 518.8744639631708], [0.0, 318.8744639631708], [200.0, 318.8744639631708], [280.0, 518.8744639631708], [0.0, 518.8744639631708]], [[0.0, 315.55555555555554], [80.0, 155.55555555555554], [160.0, 315.55555555555554], [0.0, 315.55555555555554]], [[178.30940801356854, 278.3094080135685], [458.30940801356854, 278.3094080135685], [318.30940801356854, 518.3094080135685], [178.30940801356854, 278.3094080135685]]]"
Mon Jul 20 18:13:05 2020,2,1,True,670.5354262648488,0.8500669430325682,"[0, 0, 1, 2, 2, 0, 0, 1, 0, 3, 1, 0]","[[[0.0, 100.0], [200.0, 100.0], [200.0, 300.0], [0.0, 300.0], [0.0, 100.0]], [[461.66666666666663, 280.0], [661.6666666666666, 280.0], [661.6666666666666, 480.0], [461.66666666666663, 480.0], [461.66666666666663, 280.0]], [[660.0, 0.0], [660.0, 280.0], [480.0, 280.0], [480.0, 0.0], [660.0, 0.0]], [[637.3406031824304, 760.0], [357.3406031824304, 760.0], [497.3406031824304, 620.0], [637.3406031824304, 760.0]], [[280.0, 531.4285714285714], [280.0, 711.4285714285714], [0.0, 531.4285714285714], [280.0, 531.4285714285714]], [[200.0, 0.0], [480.0, 0.0], [480.0, 280.0], [200.0, 280.0], [200.0, 0.0]], [[0.0, 580.0], [200.0, 660.0], [200.0, 760.0], [0.0, 760.0], [0.0, 580.0]], [[200.0, 0.0], [200.0, 100.0], [20.0, 100.0], [20.0, 0.0], [200.0, 0.0]], [[357.3406031824304, 480.0], [637.3406031824304, 480.0], [637.3406031824304, 760.0], [357.3406031824304, 480.0]], [[0.0, 531.4285714285714], [0.0, 331.42857142857144], [200.0, 331.42857142857144], [280.0, 531.4285714285714], [0.0, 531.4285714285714]], [[337.3406031824304, 540.0], [497.3406031824304, 620.0], [337.3406031824304, 700.0], [337.3406031824304, 540.0]], [[181.66666666666663, 300.0], [461.66666666666663, 300.0], [321.66666666666663, 540.0], [181.66666666666663, 300.0]]]"
Mon Jul 20 18:13:11 2020,2,1,True,677.2407805274972,0.8416504386461071,"[0, 0, 1, 2, 1, 0, 3, 1, 0, 2, 0, 0]","[[[0.0, 459.34741277556327], [200.0, 459.34741277556327], [200.0, 659.3474127755633], [0.0, 659.3474127755633], [0.0, 459.34741277556327]], [[200.0, 522.6593968175696], [400.0, 522.6593968175696], [400.0, 722.6593968175696], [200.0, 722.6593968175696], [200.0, 522.6593968175696]], [[180.0, 0.0], [180.0, 280.0], [0.0, 280.0], [0.0, 0.0], [180.0, 0.0]], [[642.6593968175696, 760.0], [362.6593968175696, 760.0], [502.6593968175696, 620.0], [642.6593968175696, 760.0]], [[460.0, 0.0], [640.0, 0.0], [460.0, 280.0], [460.0, 0.0]], [[180.0, 0.0], [460.0, 0.0], [460.0, 280.0], [180.0, 280.0], [180.0, 0.0]], [[295.38067588092144, 480.0], [375.38067588092144, 280.0], [475.38067588092144, 280.0], [475.38067588092144, 480.0], [295.38067588092144, 480.0]], [[180.0, 659.3474127755633], [180.0, 759.3474127755633], [0.0, 759.3474127755633], [0.0, 659.3474127755633], [180.0, 659.3474127755633]], [[362.6593968175696, 480.0], [642.6593968175696, 480.0], [642.6593968175696, 760.0], [362.6593968175696, 480.0]], [[675.3806758809214, 456.0745041852333], [475.38067588092144, 456.0745041852333], [475.38067588092144, 256.0745041852333], [675.3806758809214, 176.0745041852333], [675.3806758809214, 456.0745041852333]], [[0.0, 445.83092231874855], [80.0, 285.83092231874855], [160.0, 445.83092231874855], [0.0, 445.83092231874855]], [[95.38067588092142, 280.0], [375.38067588092144, 280.0], [235.38067588092142, 520.0], [95.38067588092142, 280.0]]]"
Mon Jul 20 18:13:25 2020,2,1,True,684.0131883327722,0.8333172659862447,"[0, 0, 1, 1, 1, 0, 2, 0, 0, 3, 3, 2]","[[[0.0, 480.0], [200.0, 480.0], [200.0, 680.0], [0.0, 680.0], [0.0, 480.0]], [[447.34075962420957, 280.0], [647.3407596242096, 280.0], [647.3407596242096, 480.0], [447.34075962420957, 480.0], [447.34075962420957, 280.0]], [[180.0, 0.0], [180.0, 280.0], [0.0, 280.0], [0.0, 0.0], [180.0, 0.0]], [[672.7053386402733, 25.36457901606377], [672.7053386402733, 305.3645790160638], [532.7053386402733, 165.36457901606377], [672.7053386402733, 25.36457901606377]], [[459.34075962420957, 0.0], [639.3407596242096, 0.0], [459.34075962420957, 280.0], [459.34075962420957, 0.0]], [[179.67037981210478, 0.0], [459.6703798121048, 0.0], [459.6703798121048, 280.0], [179.67037981210478, 280.0], [179.67037981210478, 0.0]], [[447.34075962420957, 460.0], [247.34075962420957, 380.0], [247.34075962420957, 280.0], [447.34075962420957, 280.0], [447.34075962420957, 460.0]], [[200.0, 553.4041068336846], [300.0, 553.4041068336846], [300.0, 733.4041068336846], [200.0, 733.4041068336846], [200.0, 553.4041068336846]], [[383.36451662997433, 480.0], [663.3645166299743, 480.0], [663.3645166299743, 760.0], [383.36451662997433, 480.0]], [[0.0, 480.0], [0.0, 280.0], [200.0, 280.0], [280.0, 480.0], [0.0, 480.0]], [[376.59589316631536, 591.7020534168423], [216.59589316631536, 511.7020534168423], [376.59589316631536, 431.7020534168423], [376.59589316631536, 591.7020534168423]], [[564.4857289863161, 759.9999999999999], [284.4857289863161, 759.9999999999999], [424.4857289863161, 519.9999999999999], [564.4857289863161, 759.9999999999999]]]"
Mon Jul 20 18:13:35 2020,2,1,True,690.8533202160999,0.825066599986381,"[0, 0, 1, 3, 2, 0, 3, 1, 0, 3, 2, 3]","[[[456.6526607994613, 280.0], [656.6526607994613, 280.0], [656.6526607994613, 480.0], [456.6526607994613, 480.0], [456.6526607994613, 280.0]], [[256.6526607994613, 280.0], [456.6526607994613, 280.0], [456.6526607994613, 480.0], [256.6526607994613, 480.0], [256.6526607994613, 280.0]], [[180.0, 68.98725725907525], [180.0, 348.98725725907525], [0.0, 348.98725725907525], [0.0, 68.98725725907525], [180.0, 68.98725725907525]], [[180.0, 348.98725725907525], [180.0, 68.98725725907525], [320.0, 208.98725725907525], [180.0, 348.98725725907525]], [[690.8533202160999, 480.0], [690.8533202160999, 660.0], [410.85332021609986, 480.0], [690.8533202160999, 480.0]], [[391.01274274092475, 0.0], [671.0127427409248, 0.0], [671.0127427409248, 280.0], [391.01274274092475, 280.0], [391.01274274092475, 0.0]], [[96.0, 760.0], [176.0, 560.0], [276.0, 560.0], [276.0, 760.0], [96.0, 760.0]], [[690.8533202160999, 660.0], [690.8533202160999, 760.0], [510.85332021609986, 760.0], [510.85332021609986, 660.0], [690.8533202160999, 660.0]], [[111.01274274092475, 0.0], [391.01274274092475, 0.0], [391.01274274092475, 280.0], [111.01274274092475, 0.0]], [[0.0, 548.9872572590752], [0.0, 348.98725725907525], [200.0, 348.98725725907525], [280.0, 548.9872572590752], [0.0, 548.9872572590752]], [[160.0, 600.0], [80.0, 760.0], [0.0, 600.0], [160.0, 600.0]], [[339.4247487875285, 760.0], [339.4247487875285, 480.0], [579.4247487875284, 620.0], [339.4247487875285, 760.0]]]"
Mon Jul 20 18:13:36 2020,2,0,True,663.2191874074558,0.8594443749858135,"[0, 0, 1, 3, 2, 0, 3, 1, 0, 3, 2, 3]","[[[456.6526607994613, 280.0], [656.6526607994613, 280.0], [656.6526607994613, 480.0], [456.6526607994613, 480.0], [456.6526607994613, 280.0]], [[256.6526607994613, 280.0], [456.6526607994613, 280.0], [456.6526607994613, 480.0], [256.6526607994613, 480.0], [256.6526607994613, 280.0]], [[180.0, 76.78081259254418], [180.0, 356.7808125925442], [0.0, 356.7808125925442], [0.0, 76.78081259254418], [180.0, 76.78081259254418]], [[179.93592410345855, 356.7167366960027], [179.93592410345855, 76.71673669600273], [319.93592410345855, 216.71673669600273], [179.93592410345855, 356.7167366960027]], [[663.2191874074558, 480.0], [663.2191874074558, 660.0], [383.2191874074558, 480.0], [663.2191874074558, 480.0]], [[383.2191874074558, 0.0], [663.2191874074558, 0.0], [663.2191874074558, 280.0], [383.2191874074558, 280.0], [383.2191874074558, 0.0]], [[96.0, 760.0], [176.0, 560.0], [276.0, 560.0], [276.0, 760.0], [96.0, 760.0]], [[663.2191874074558, 660.0], [663.2191874074558, 760.0], [483.2191874074558, 760.0], [483.2191874074558, 660.0], [663.2191874074558, 660.0]], [[103.21918740745582, 0.0], [383.2191874074558, 0.0], [383.2191874074558, 280.0], [103.21918740745582, 0.0]], [[0.0, 556.7167366960027], [0.0, 356.7167366960027], [200.0, 356.7167366960027], [280.0, 556.7167366960027], [0.0, 556.7167366960027]], [[160.0, 600.0], [80.0, 760.0], [0.0, 600.0], [160.0, 600.0]], [[280.0, 760.0], [280.0, 480.0], [520.0, 620.0], [280.0, 760.0]]]"
Mon Jul 20 18:13:55 2020,2,1,True,669.8513792815304,0.8509350247384292,"[0, 0, 1, 2, 0, 0, 0, 1, 0, 0, 3, 3]","[[[436.6904199111576, 280.0], [636.6904199111576, 280.0], [636.6904199111576, 480.0], [436.6904199111576, 480.0], [436.6904199111576, 280.0]], [[236.69041991115762, 280.0], [436.6904199111576, 280.0], [436.6904199111576, 480.0], [236.69041991115762, 480.0], [236.69041991115762, 280.0]], [[180.0, 0.0], [180.0, 280.0], [0.0, 280.0], [0.0, 0.0], [180.0, 0.0]], [[660.0, 760.0], [380.0, 760.0], [520.0, 620.0], [660.0, 760.0]], [[0.0, 760.0], [0.0, 580.0], [280.0, 760.0], [0.0, 760.0]], [[380.0, 0.0], [660.0, 0.0], [660.0, 280.0], [380.0, 280.0], [380.0, 0.0]], [[180.0, 0.0], [380.0, 80.0], [380.0, 180.0], [180.0, 180.0], [180.0, 0.0]], [[360.0, 180.0], [360.0, 280.0], [180.0, 280.0], [180.0, 180.0], [360.0, 180.0]], [[380.0, 480.0], [660.0, 480.0], [660.0, 760.0], [380.0, 480.0]], [[36.69041991115762, 323.5866985143156], [236.69041991115762, 323.5866985143156], [236.69041991115762, 523.5866985143156], [36.69041991115762, 603.5866985143156], [36.69041991115762, 323.5866985143156]], [[256.6904199111576, 722.1581270857441], [96.69041991115762, 642.1581270857441], [256.6904199111576, 562.1581270857441], [256.6904199111576, 722.1581270857441]], [[280.0, 760.0], [280.0, 480.0], [520.0, 620.0], [280.0, 760.0]]]"
Mon Jul 20 18:14:08 2020,2,1,True,676.5498930743457,0.8425099254835933,"[0, 0, 1, 1, 2, 0, 1, 1, 1, 0, 0, 0]","[[[0.0, 560.0], [200.0, 560.0], [200.0, 760.0], [0.0, 760.0], [0.0, 560.0]], [[176.54989307434562, 280.0], [376.5498930743456, 280.0], [376.5498930743456, 480.0], [176.54989307434562, 480.0], [176.54989307434562, 280.0]], [[676.5498930743456, 0.0], [676.5498930743456, 280.0], [496.5498930743456, 280.0], [496.5498930743456, 0.0], [676.5498930743456, 0.0]], [[171.82135219596117, 211.27145912161552], [171.82135219596117, 491.2714591216155], [31.82135219596117, 351.2714591216155], [171.82135219596117, 211.27145912161552]], [[676.5498930743457, 559.9999999999999], [676.5498930743457, 739.9999999999999], [396.54989307434573, 559.9999999999999], [676.5498930743457, 559.9999999999999]], [[216.54989307434562, 0.0], [496.5498930743456, 0.0], [496.5498930743456, 280.0], [216.54989307434562, 280.0], [216.54989307434562, 0.0]], [[556.5498930743456, 280.0], [476.5498930743456, 480.0], [376.5498930743456, 480.0], [376.5498930743456, 280.0], [556.5498930743456, 280.0]], [[518.2165597410122, 660.0], [518.2165597410122, 760.0], [338.21655974101225, 760.0], [338.21655974101225, 660.0], [518.2165597410122, 660.0]], [[676.5498930743457, 279.9999999999999], [676.5498930743457, 559.9999999999999], [396.54989307434573, 559.9999999999999], [676.5498930743457, 279.9999999999999]], [[0.0, 0.0], [200.0, 0.0], [200.0, 200.0], [0.0, 280.0], [0.0, 0.0]], [[0.0, 559.4501069256544], [80.0, 399.4501069256544], [160.0, 559.4501069256544], [0.0, 559.4501069256544]], [[156.64154192006993, 491.2714591216155], [436.6415419200699, 491.2714591216155], [296.6415419200699, 731.2714591216155], [156.64154192006993, 491.2714591216155]]]"
Mon Jul 20 18:14:25 2020,2,1,True,683.3153920050892,0.8341682430530626,"[0, 0, 1, 2, 2, 0, 0, 1, 1, 0, 2, 3]","[[[460.0, 416.68460799491083], [660.0, 416.68460799491083], [660.0, 616.6846079949108], [460.0, 616.6846079949108], [460.0, 416.68460799491083]], [[0.0, 0.0], [200.0, 0.0], [200.0, 200.0], [0.0, 200.0], [0.0, 0.0]], [[180.0, 200.0], [180.0, 480.0], [0.0, 480.0], [0.0, 200.0], [180.0, 200.0]], [[578.5306122448977, 760.0], [298.5306122448977, 760.0], [438.5306122448977, 620.0], [578.5306122448977, 760.0]], [[460.0, 451.9999999999999], [460.0, 631.9999999999999], [180.0, 451.9999999999999], [460.0, 451.9999999999999]], [[200.0, 0.0], [480.0, 0.0], [480.0, 280.0], [200.0, 280.0], [200.0, 0.0]], [[180.0, 272.0], [380.0, 352.0], [380.0, 452.0], [180.0, 452.0], [180.0, 272.0]], [[660.0, 0.0], [660.0, 100.0], [480.0, 100.0], [480.0, 0.0], [660.0, 0.0]], [[683.3153920050892, 136.68460799491083], [683.3153920050892, 416.68460799491083], [403.31539200508917, 416.68460799491083], [683.3153920050892, 136.68460799491083]], [[0.0, 480.0], [200.0, 480.0], [200.0, 680.0], [0.0, 760.0], [0.0, 480.0]], [[640.0, 100.0], [560.0, 260.0], [480.0, 100.0], [640.0, 100.0]], [[200.0, 759.142857142857], [200.0, 479.142857142857], [440.0, 619.142857142857], [200.0, 759.142857142857]]]"
Mon Jul 20 18:14:33 2020,2,0,True,655.9827763248855,0.8689252531802737,"[0, 0, 1, 2, 1, 0, 1, 0, 1, 0, 3, 3]","[[[455.98277632488555, 397.4521640799878], [655.9827763248855, 397.4521640799878], [655.9827763248855, 597.4521640799878], [455.98277632488555, 597.4521640799878], [455.98277632488555, 397.4521640799878]], [[0.0, 0.0], [200.0, 0.0], [200.0, 200.0], [0.0, 200.0], [0.0, 0.0]], [[180.0, 200.0], [180.0, 480.0], [0.0, 480.0], [0.0, 200.0], [180.0, 200.0]], [[578.5306122448977, 760.0], [298.5306122448977, 760.0], [438.5306122448977, 620.0], [578.5306122448977, 760.0]], [[475.98277632488555, 4.017223675114451], [655.9827763248855, 4.017223675114451], [475.98277632488555, 284.01722367511445], [475.98277632488555, 4.017223675114451]], [[200.0, 0.0], [480.0, 0.0], [480.0, 280.0], [200.0, 280.0], [200.0, 0.0]], [[384.22405541803766, 280.0], [304.22405541803766, 480.0], [204.22405541803766, 480.0], [204.22405541803766, 280.0], [384.22405541803766, 280.0]], [[348.2535817182339, 384.01722367511445], [448.2535817182339, 384.01722367511445], [448.2535817182339, 564.0172236751145], [348.2535817182339, 564.0172236751145], [348.2535817182339, 384.01722367511445]], [[655.9827763248855, 104.01722367511445], [655.9827763248855, 384.01722367511445], [375.98277632488555, 384.01722367511445], [655.9827763248855, 104.01722367511445]], [[0.0, 480.0], [200.0, 480.0], [200.0, 680.0], [0.0, 760.0], [0.0, 480.0]], [[655.9827763248855, 757.4521640799878], [495.98277632488555, 677.4521640799878], [655.9827763248855, 597.4521640799878], [655.9827763248855, 757.4521640799878]], [[200.0, 757.5359676728114], [200.0, 477.53596767281135], [440.0, 617.5359676728114], [200.0, 757.5359676728114]]]"
Mon Jul 20 18:16:21 2020,2,5,True,662.5426040881345,0.860322032851756,"[0, 0, 1, 3, 0, 0, 1, 0, 1, 0, 2, 1]","[[[0.0, 560.0], [200.0, 560.0], [200.0, 760.0], [0.0, 760.0], [0.0, 560.0]], [[459.68546123099156, 280.0], [659.6854612309916, 280.0], [659.6854612309916, 480.0], [459.68546123099156, 480.0], [459.68546123099156, 280.0]], [[459.68546123099156, 280.0], [459.68546123099156, 560.0], [279.68546123099156, 560.0], [279.68546123099156, 280.0], [459.68546123099156, 280.0]], [[0.0, 560.0], [0.0, 280.0], [140.0, 420.0], [0.0, 560.0]], [[372.0, 760.0], [372.0, 580.0], [652.0, 760.0], [372.0, 760.0]], [[382.54260408813445, 0.0], [662.5426040881345, 0.0], [662.5426040881345, 280.0], [382.54260408813445, 280.0], [382.54260408813445, 0.0]], [[380.0, 560.0], [300.0, 760.0], [200.0, 760.0], [200.0, 560.0], [380.0, 560.0]], [[200.0, 0.0], [300.0, 0.0], [300.0, 180.0], [200.0, 180.0], [200.0, 0.0]], [[280.0, 280.0], [280.0, 560.0], [0.0, 560.0], [280.0, 280.0]], [[0.0, 0.0], [200.0, 0.0], [200.0, 200.0], [0.0, 280.0], [0.0, 0.0]], [[217.14285714285714, 257.1428571428571], [137.14285714285714, 417.1428571428571], [57.14285714285714, 257.1428571428571], [217.14285714285714, 257.1428571428571]], [[662.5426040881345, 478.3333333333335], [662.5426040881345, 758.3333333333335], [422.54260408813445, 618.3333333333335], [662.5426040881345, 478.3333333333335]]]"
Mon Jul 20 18:17:06 2020,2,3,True,669.1680301290158,0.8518039929225306,"[0, 0, 1, 0, 3, 0, 0, 1, 1, 0, 2, 3]","[[[469.16803012901573, 560.0], [669.1680301290157, 560.0], [669.1680301290157, 760.0], [469.16803012901573, 760.0], [469.16803012901573, 560.0]], [[0.0, 0.0], [200.0, 0.0], [200.0, 200.0], [0.0, 200.0], [0.0, 0.0]], [[659.9999999999998, 280.0], [659.9999999999998, 560.0], [479.9999999999998, 560.0], [479.9999999999998, 280.0], [659.9999999999998, 280.0]], [[199.9999999999999, 280.0], [479.9999999999999, 280.0], [339.9999999999999, 420.0], [199.9999999999999, 280.0]], [[662.8571428571427, 280.0], [482.85714285714266, 280.0], [662.8571428571427, 0.0], [662.8571428571427, 280.0]], [[200.0, 0.0], [480.0, 0.0], [480.0, 280.0], [200.0, 280.0], [200.0, 0.0]], [[0.0, 569.1680301290157], [200.0, 649.1680301290157], [200.0, 749.1680301290157], [0.0, 749.1680301290157], [0.0, 569.1680301290157]], [[193.53996233873033, 474.58401506450787], [193.53996233873033, 574.5840150645079], [13.539962338730334, 574.5840150645079], [13.539962338730334, 474.58401506450787], [193.53996233873033, 474.58401506450787]], [[469.16803012901573, 480.0], [469.16803012901573, 760.0], [189.16803012901573, 760.0], [469.16803012901573, 480.0]], [[0.0, 200.0], [200.0, 200.0], [200.0, 400.0], [0.0, 480.0], [0.0, 200.0]], [[640.0, 0.0], [560.0, 160.0], [480.0, 0.0], [640.0, 0.0]], [[199.69434591848946, 649.4736842105262], [199.69434591848946, 369.47368421052624], [439.6943459184895, 509.47368421052624], [199.69434591848946, 649.4736842105262]]]"
Mon Jul 20 18:18:01 2020,2,3,True,675.859710430306,0.8433702900223076,"[0, 0, 0, 0, 3, 0, 3, 1, 0, 2, 1, 3]","[[[180.0, 280.0], [380.0, 280.0], [380.0, 480.0], [180.0, 480.0], [180.0, 280.0]], [[200.0, 480.0], [400.0, 480.0], [400.0, 680.0], [200.0, 680.0], [200.0, 480.0]], [[380.0, 300.0], [660.0, 300.0], [660.0, 480.0], [380.0, 480.0], [380.0, 300.0]], [[58.095238095238074, 0.0], [338.0952380952381, 0.0], [198.09523809523807, 140.0], [58.095238095238074, 0.0]], [[180.0, 479.44444444444446], [0.0, 479.44444444444446], [180.0, 199.44444444444446], [180.0, 479.44444444444446]], [[395.859710430306, 480.0], [675.859710430306, 480.0], [675.859710430306, 760.0], [395.859710430306, 760.0], [395.859710430306, 480.0]], [[193.77777777777777, 280.0], [273.77777777777777, 80.0], [373.77777777777777, 80.0], [373.77777777777777, 280.0], [193.77777777777777, 280.0]], [[595.859710430306, 200.0], [595.859710430306, 300.0], [415.859710430306, 300.0], [415.859710430306, 200.0], [595.859710430306, 200.0]], [[395.859710430306, 0.0], [675.859710430306, 0.0], [675.859710430306, 280.0], [395.859710430306, 0.0]], [[200.0, 760.0], [0.0, 760.0], [0.0, 560.0], [200.0, 480.0], [200.0, 760.0]], [[373.77777777777777, 61.37646885392263], [533.7777777777778, 141.37646885392263], [373.77777777777777, 221.37646885392263], [373.77777777777777, 61.37646885392263]], [[0.0, 304.44444444444446], [0.0, 24.444444444444457], [240.0, 164.44444444444446], [0.0, 304.44444444444446]]]"
Mon Jul 20 18:18:11 2020,2,1,True,682.618307534609,0.8350200891309977,"[0, 0, 1, 2, 3, 0, 0, 0, 3, 0, 2, 1]","[[[288.8253220130937, 0.0], [488.8253220130937, 0.0], [488.8253220130937, 200.0], [288.8253220130937, 200.0], [288.8253220130937, 0.0]], [[379.9999999999999, 280.0], [579.9999999999999, 280.0], [579.9999999999999, 480.0], [379.9999999999999, 480.0], [379.9999999999999, 280.0]], [[379.9999999999999, 200.0], [379.9999999999999, 480.0], [199.9999999999999, 480.0], [199.9999999999999, 200.0], [379.9999999999999, 200.0]], [[280.0, 760.0], [0.0, 760.0], [140.0, 620.0], [280.0, 760.0]], [[682.618307534609, 280.0], [502.618307534609, 280.0], [682.618307534609, 0.0], [682.618307534609, 280.0]], [[379.9999999999999, 480.0], [659.9999999999999, 480.0], [659.9999999999999, 760.0], [379.9999999999999, 760.0], [379.9999999999999, 480.0]], [[0.0, 20.0], [200.0, 100.0], [200.0, 200.0], [0.0, 200.0], [0.0, 20.0]], [[579.9999999999999, 280.0], [679.9999999999999, 280.0], [679.9999999999999, 460.0], [579.9999999999999, 460.0], [579.9999999999999, 280.0]], [[0.0, 760.0], [0.0, 480.0], [280.0, 480.0], [0.0, 760.0]], [[0.0, 200.0], [200.0, 200.0], [200.0, 400.0], [0.0, 480.0], [0.0, 200.0]], [[648.8253220130937, 0.0], [568.8253220130937, 160.0], [488.8253220130937, 0.0], [648.8253220130937, 0.0]], [[379.9999999999999, 480.0], [379.9999999999999, 760.0], [139.9999999999999, 620.0], [379.9999999999999, 480.0]]]"
Mon Jul 20 18:18:20 2020,2,1,True,689.4444906099551,0.8267525634960373,"[0, 0, 1, 3, 3, 0, 1, 0, 2, 0, 2, 1]","[[[275.3135752332246, 0.0], [475.3135752332246, 0.0], [475.3135752332246, 200.0], [275.3135752332246, 200.0], [275.3135752332246, 0.0]], [[420.0475913483126, 280.0], [620.0475913483126, 280.0], [620.0475913483126, 480.0], [420.0475913483126, 480.0], [420.0475913483126, 280.0]], [[655.3135752332246, 0.0], [655.3135752332246, 280.0], [475.3135752332246, 280.0], [475.3135752332246, 0.0], [655.3135752332246, 0.0]], [[280.04759134831266, 546.4946022178776], [280.04759134831266, 266.4946022178776], [420.04759134831266, 406.4946022178776], [280.04759134831266, 546.4946022178776]], [[280.04759134831266, 555.4815245692914], [100.04759134831266, 555.4815245692914], [280.04759134831266, 275.4815245692914], [280.04759134831266, 555.4815245692914]], [[409.4444906099551, 480.0], [689.4444906099551, 480.0], [689.4444906099551, 760.0], [409.4444906099551, 760.0], [409.4444906099551, 480.0]], [[180.0, 0.0], [100.0, 200.0], [0.0, 200.0], [0.0, 0.0], [180.0, 0.0]], [[175.31357523322458, 11.716061916938543], [275.3135752332246, 11.716061916938543], [275.3135752332246, 191.71606191693854], [175.31357523322458, 191.71606191693854], [175.31357523322458, 11.716061916938543]], [[280.0, 760.0], [0.0, 760.0], [0.0, 480.0], [280.0, 760.0]], [[0.0, 200.0], [200.0, 200.0], [200.0, 400.0], [0.0, 480.0], [0.0, 200.0]], [[453.55298913043504, 200.0], [373.55298913043504, 360.0], [293.55298913043504, 200.0], [453.55298913043504, 200.0]], [[409.4444906099551, 480.0], [409.4444906099551, 760.0], [169.4444906099551, 620.0], [409.4444906099551, 480.0]]]"
Mon Jul 20 18:18:22 2020,2,0,True,661.8667109855569,0.8612005869750389,"[0, 0, 1, 3, 3, 0, 1, 0, 2, 0, 2, 1]","[[[275.3135752332246, 0.0], [475.3135752332246, 0.0], [475.3135752332246, 200.0], [275.3135752332246, 200.0], [275.3135752332246, 0.0]], [[446.8519955364319, 280.0], [646.8519955364319, 280.0], [646.8519955364319, 480.0], [446.8519955364319, 480.0], [446.8519955364319, 280.0]], [[661.8667109855569, 0.0], [661.8667109855569, 280.0], [481.8667109855569, 280.0], [481.8667109855569, 0.0], [661.8667109855569, 0.0]], [[293.4456583539779, 531.578947368421], [293.4456583539779, 251.57894736842104], [433.4456583539779, 391.57894736842104], [293.4456583539779, 531.578947368421]], [[296.5942591229516, 529.7422635865197], [116.5942591229516, 529.7422635865197], [296.5942591229516, 249.7422635865197], [296.5942591229516, 529.7422635865197]], [[381.8667109855569, 480.0], [661.8667109855569, 480.0], [661.8667109855569, 760.0], [381.8667109855569, 760.0], [381.8667109855569, 480.0]], [[180.0, 0.0], [100.0, 200.0], [0.0, 200.0], [0.0, 0.0], [180.0, 0.0]], [[175.31357523322458, 11.716061916938543], [275.3135752332246, 11.716061916938543], [275.3135752332246, 191.71606191693854], [175.31357523322458, 191.71606191693854], [175.31357523322458, 11.716061916938543]], [[280.0, 760.0], [0.0, 760.0], [0.0, 480.0], [280.0, 760.0]], [[0.0, 200.0], [200.0, 200.0], [200.0, 400.0], [0.0, 480.0], [0.0, 200.0]], [[481.8667109855569, 200.0], [401.8667109855569, 360.0], [321.8667109855569, 200.0], [481.8667109855569, 200.0]], [[381.8667109855568, 480.0], [381.8667109855568, 760.0], [141.86671098555678, 620.0], [381.8667109855568, 480.0]]]"
Mon Jul 20 18:18:37 2020,2,1,True,668.4853780954124,0.8526738484901375,"[0, 0, 0, 3, 1, 0, 3, 1, 0, 2, 1, 1]","[[[180.0, 544.6079574538654], [380.0, 544.6079574538654], [380.0, 744.6079574538654], [180.0, 744.6079574538654], [180.0, 544.6079574538654]], [[0.0, 0.0], [200.0, 0.0], [200.0, 200.0], [0.0, 200.0], [0.0, 0.0]], [[200.0, 0.0], [480.0, 0.0], [480.0, 180.0], [200.0, 180.0], [200.0, 0.0]], [[239.99999999999994, 544.6079574538654], [239.99999999999994, 264.6079574538654], [379.99999999999994, 404.6079574538654], [239.99999999999994, 544.6079574538654]], [[480.0, 0.0], [660.0, 0.0], [480.0, 280.0], [480.0, 0.0]], [[380.0, 480.0], [660.0, 480.0], [660.0, 760.0], [380.0, 760.0], [380.0, 480.0]], [[0.0, 737.9412907871989], [80.0, 537.9412907871989], [180.0, 537.9412907871989], [180.0, 737.9412907871989], [0.0, 737.9412907871989]], [[180.0, 199.60795745386554], [180.0, 299.60795745386554], [0.0, 299.60795745386554], [0.0, 199.60795745386554], [180.0, 199.60795745386554]], [[180.0, 199.60795745386554], [460.0, 199.60795745386554], [460.0, 479.60795745386554], [180.0, 199.60795745386554]], [[668.4853780954124, 480.0], [468.48537809541244, 480.0], [468.48537809541244, 280.0], [668.4853780954124, 200.0], [668.4853780954124, 480.0]], [[0.0, 417.9412907871989], [160.0, 497.9412907871989], [0.0, 577.9412907871989], [0.0, 417.9412907871989]], [[240.0, 264.6079574538654], [240.0, 544.6079574538654], [0.0, 404.6079574538654], [240.0, 264.6079574538654]]]"
Mon Jul 20 18:19:07 2020,2,1,True,675.1702318763665,0.844231533158552,"[0, 0, 1, 0, 1, 0, 3, 0, 2, 1, 0, 1]","[[[200.0, 0.0], [400.0, 0.0], [400.0, 200.0], [200.0, 200.0], [200.0, 0.0]], [[0.0, 0.0], [200.0, 0.0], [200.0, 200.0], [0.0, 200.0], [0.0, 0.0]], [[641.7459629715959, 480.0], [641.7459629715959, 760.0], [461.7459629715959, 760.0], [461.7459629715959, 480.0], [641.7459629715959, 480.0]], [[0.0, 200.0], [280.0, 200.0], [140.0, 340.0], [0.0, 200.0]], [[0.0, 480.0], [180.0, 480.0], [0.0, 760.0], [0.0, 480.0]], [[181.74596297159587, 480.0], [461.7459629715959, 480.0], [461.7459629715959, 760.0], [181.74596297159587, 760.0], [181.74596297159587, 480.0]], [[379.9999999999991, 250.00000000000227], [459.9999999999991, 50.000000000002274], [559.9999999999991, 50.000000000002274], [559.9999999999991, 250.00000000000227], [379.9999999999991, 250.00000000000227]], [[560.0, 0.0], [660.0, 0.0], [660.0, 180.0], [560.0, 180.0], [560.0, 0.0]], [[280.0, 480.0], [0.0, 480.0], [0.0, 200.0], [280.0, 480.0]], [[660.0, 250.00000000000227], [660.0, 450.0000000000023], [460.0, 450.0000000000023], [380.0, 250.00000000000227], [660.0, 250.00000000000227]], [[21.745962971595873, 760.0], [101.74596297159587, 600.0], [181.74596297159587, 760.0], [21.745962971595873, 760.0]], [[380.0, 200.0], [380.0, 480.0], [140.0, 340.0], [380.0, 200.0]]]"
Mon Jul 20 18:19:17 2020,2,1,True,681.9219341951302,0.8358728051074772,"[0, 0, 0, 2, 1, 0, 3, 0, 3, 0, 0, 1]","[[[0.0, 0.0], [200.0, 0.0], [200.0, 200.0], [0.0, 200.0], [0.0, 0.0]], [[200.0, 0.0], [400.0, 0.0], [400.0, 200.0], [200.0, 200.0], [200.0, 0.0]], [[401.92193419513023, 280.0], [681.9219341951302, 280.0], [681.9219341951302, 460.0], [401.92193419513023, 460.0], [401.92193419513023, 280.0]], [[289.99999999999994, 469.99999999999994], [9.999999999999943, 469.99999999999994], [149.99999999999994, 329.99999999999994], [289.99999999999994, 469.99999999999994]], [[0.0, 479.9999999999999], [180.0, 479.9999999999999], [0.0, 759.9999999999999], [0.0, 479.9999999999999]], [[400.0, 0.0], [680.0, 0.0], [680.0, 280.0], [400.0, 280.0], [400.0, 0.0]], [[501.92193419513023, 760.0], [581.9219341951302, 560.0], [681.9219341951302, 560.0], [681.9219341951302, 760.0], [501.92193419513023, 760.0]], [[180.0, 470.0], [280.0, 470.0], [280.0, 650.0], [180.0, 650.0], [180.0, 470.0]], [[0.0, 479.9999999999999], [0.0, 199.9999999999999], [280.0, 199.9999999999999], [0.0, 479.9999999999999]], [[333.92193419513023, 480.0], [533.9219341951302, 480.0], [533.9219341951302, 680.0], [333.92193419513023, 760.0], [333.92193419513023, 480.0]], [[51.71875, 715.1041666666665], [131.71875, 555.1041666666665], [211.71875, 715.1041666666665], [51.71875, 715.1041666666665]], [[400.0, 200.0], [400.0, 480.0], [160.0, 340.0], [400.0, 200.0]]]"
Mon Jul 20 18:19:34 2020,2,1,True,688.7411535370816,0.8275968367400764,"[0, 0, 0, 1, 0, 0, 0, 1, 3, 2, 3, 2]","[[[480.0, 560.0], [680.0, 560.0], [680.0, 760.0], [480.0, 760.0], [480.0, 560.0]], [[0.0, 560.0], [200.0, 560.0], [200.0, 760.0], [0.0, 760.0], [0.0, 560.0]], [[0.0, 380.0], [280.0, 380.0], [280.0, 560.0], [0.0, 560.0], [0.0, 380.0]], [[404.5272771896115, 36.934797194738394], [404.5272771896115, 316.9347971947384], [264.5272771896115, 176.9347971947384], [404.5272771896115, 36.934797194738394]], [[200.0, 760.0], [200.0, 580.0], [480.0, 760.0], [200.0, 760.0]], [[404.5272771896115, 0.0], [684.5272771896115, 0.0], [684.5272771896115, 280.0], [404.5272771896115, 280.0], [404.5272771896115, 0.0]], [[488.7411535370816, 380.0], [688.7411535370816, 460.0], [688.7411535370816, 560.0], [488.7411535370816, 560.0], [488.7411535370816, 380.0]], [[180.0, 0.0], [180.0, 100.0], [0.0, 100.0], [0.0, 0.0], [180.0, 0.0]], [[0.0, 380.0], [0.0, 100.0], [280.0, 100.0], [0.0, 380.0]], [[480.0, 621.1927915304057], [280.0, 621.1927915304057], [280.0, 421.19279153040566], [480.0, 341.19279153040566], [480.0, 621.1927915304057]], [[688.7411535370816, 460.0], [528.7411535370816, 380.0], [688.7411535370816, 300.0], [688.7411535370816, 460.0]], [[382.98197882601414, 380.0], [102.98197882601414, 380.0], [242.98197882601414, 140.0], [382.98197882601414, 380.0]]]"
Mon Jul 20 18:19:41 2020,2,1,True,695.6285650724524,0.819402808653541,"[0, 0, 1, 3, 0, 0, 2, 1, 0, 0, 0, 2]","[[[480.0, 360.0], [680.0, 360.0], [680.0, 560.0], [480.0, 560.0], [480.0, 360.0]], [[480.0, 560.0], [680.0, 560.0], [680.0, 760.0], [480.0, 760.0], [480.0, 560.0]], [[380.5285634311301, 0.0], [380.5285634311301, 280.0], [200.52856343113012, 280.0], [200.52856343113012, 0.0], [380.5285634311301, 0.0]], [[380.5285634311301, 280.0], [380.5285634311301, 0.0], [520.5285634311301, 140.0], [380.5285634311301, 280.0]], [[0.0, 760.0], [0.0, 580.0], [280.0, 760.0], [0.0, 760.0]], [[0.0, 300.0], [280.0, 300.0], [280.0, 580.0], [0.0, 580.0], [0.0, 300.0]], [[200.52856343113012, 180.0], [0.5285634311301237, 100.0], [0.5285634311301237, 0.0], [200.52856343113012, 0.0], [200.52856343113012, 180.0]], [[452.78578365858556, 655.362289494805], [452.78578365858556, 755.362289494805], [272.78578365858556, 755.362289494805], [272.78578365858556, 655.362289494805], [452.78578365858556, 655.362289494805]], [[412.19523009779687, 0.0], [692.1952300977969, 0.0], [692.1952300977969, 280.0], [412.19523009779687, 0.0]], [[280.0, 360.0], [480.0, 360.0], [480.0, 560.0], [280.0, 640.0], [280.0, 360.0]], [[0.0, 291.788574627548], [80.0, 131.78857462754797], [160.0, 291.788574627548], [0.0, 291.788574627548]], [[672.1952300977969, 360.0], [392.19523009779687, 360.0], [532.1952300977969, 120.0], [672.1952300977969, 360.0]]]"
Mon Jul 20 18:19:46 2020,2,0,True,667.8034224695542,0.8535445923474386,"[0, 0, 1, 3, 3, 0, 2, 0, 0, 1, 2, 2]","[[[267.8034224695542, 560.0], [467.8034224695542, 560.0], [467.8034224695542, 760.0], [267.8034224695542, 760.0], [267.8034224695542, 560.0]], [[467.8034224695542, 560.0], [667.8034224695542, 560.0], [667.8034224695542, 760.0], [467.8034224695542, 760.0], [467.8034224695542, 560.0]], [[362.8571428571429, 0.0], [362.8571428571429, 280.0], [182.8571428571429, 280.0], [182.8571428571429, 0.0], [362.8571428571429, 0.0]], [[362.8571428571429, 280.0], [362.8571428571429, 0.0], [502.8571428571429, 140.0], [362.8571428571429, 280.0]], [[182.85714285714286, 280.0], [2.857142857142861, 280.0], [182.85714285714286, 0.0], [182.85714285714286, 280.0]], [[0.0, 280.0], [280.0, 280.0], [280.0, 560.0], [0.0, 560.0], [0.0, 280.0]], [[267.8034224695542, 740.0], [67.80342246955422, 660.0], [67.80342246955422, 560.0], [267.8034224695542, 560.0], [267.8034224695542, 740.0]], [[560.0, 364.24445498163504], [660.0, 364.24445498163504], [660.0, 544.244454981635], [560.0, 544.244454981635], [560.0, 364.24445498163504]], [[387.8034224695542, 0.0], [667.8034224695542, 0.0], [667.8034224695542, 280.0], [387.8034224695542, 0.0]], [[560.0, 360.0], [560.0, 560.0], [360.0, 560.0], [280.0, 360.0], [560.0, 360.0]], [[160.0, 0.0], [80.0, 160.0], [0.0, 0.0], [160.0, 0.0]], [[652.0478774511892, 364.24445498163504], [372.04787745118915, 364.24445498163504], [512.0478774511892, 124.24445498163504], [652.0478774511892, 364.24445498163504]]]"
Mon Jul 20 18:19:55 2020,2,1,True,674.4814566942498,0.8450936557895432,"[0, 0, 0, 0, 1, 0, 2, 1, 2, 1, 3, 2]","[[[0.0, 560.0], [200.0, 560.0], [200.0, 760.0], [0.0, 760.0], [0.0, 560.0]], [[194.4814566942498, 0.0], [394.4814566942498, 0.0], [394.4814566942498, 200.0], [194.4814566942498, 200.0], [194.4814566942498, 0.0]], [[0.0, 346.60321709557184], [280.0, 346.60321709557184], [280.0, 526.6032170955718], [0.0, 526.6032170955718], [0.0, 346.60321709557184]], [[352.0, 280.0], [632.0, 280.0], [492.0, 420.0], [352.0, 280.0]], [[0.0, 0.0], [180.0, 0.0], [0.0, 280.0], [0.0, 0.0]], [[394.4814566942498, 0.0], [674.4814566942498, 0.0], [674.4814566942498, 280.0], [394.4814566942498, 280.0], [394.4814566942498, 0.0]], [[666.6412868382288, 668.0], [466.6412868382288, 588.0], [466.6412868382288, 488.0], [666.6412868382288, 488.0], [666.6412868382288, 668.0]], [[646.6412868382288, 660.0], [646.6412868382288, 760.0], [466.6412868382288, 760.0], [466.6412868382288, 660.0], [646.6412868382288, 660.0]], [[560.0, 488.0], [280.0, 488.0], [280.0, 208.0], [560.0, 488.0]], [[466.6412868382287, 526.6032170955718], [466.6412868382287, 726.6032170955718], [266.6412868382287, 726.6032170955718], [186.64128683822872, 526.6032170955718], [466.6412868382287, 526.6032170955718]], [[664.0, 488.0], [504.0, 408.0], [664.0, 328.0], [664.0, 488.0]], [[280.0, 346.60321709557184], [0.0, 346.60321709557184], [140.0, 106.60321709557184], [280.0, 346.60321709557184]]]"
Mon Jul 20 18:20:07 2020,2,1,True,681.2262712611923,0.8367263918708348,"[0, 0, 1, 1, 3, 0, 0, 1, 3, 0, 3, 2]","[[[0.0, 560.0], [200.0, 560.0], [200.0, 760.0], [0.0, 760.0], [0.0, 560.0]], [[473.33333333333326, 488.0000000000001], [673.3333333333333, 488.0000000000001], [673.3333333333333, 688.0000000000001], [473.33333333333326, 688.0000000000001], [473.33333333333326, 488.0000000000001]], [[481.2262712611923, 0.0], [481.2262712611923, 280.0], [301.2262712611923, 280.0], [301.2262712611923, 0.0], [481.2262712611923, 0.0]], [[473.3333333333332, 373.33333333333326], [473.3333333333332, 653.3333333333333], [333.3333333333332, 513.3333333333333], [473.3333333333332, 373.33333333333326]], [[681.2262712611923, 488.0000000000001], [501.2262712611923, 488.0000000000001], [681.2262712611923, 208.0000000000001], [681.2262712611923, 488.0000000000001]], [[0.0, 280.0], [280.0, 280.0], [280.0, 560.0], [0.0, 560.0], [0.0, 280.0]], [[0.0, 99.99999999999994], [200.0, 179.99999999999994], [200.0, 279.99999999999994], [0.0, 279.99999999999994], [0.0, 99.99999999999994]], [[180.0, 0.0], [180.0, 100.0], [0.0, 100.0], [0.0, 0.0], [180.0, 0.0]], [[280.0, 560.0], [280.0, 280.0], [560.0, 280.0], [280.0, 560.0]], [[481.2262712611923, 0.0], [681.2262712611923, 0.0], [681.2262712611923, 200.0], [481.2262712611923, 280.0], [481.2262712611923, 0.0]], [[270.00000000000006, 214.99999999999994], [110.00000000000006, 134.99999999999994], [270.00000000000006, 54.99999999999994], [270.00000000000006, 214.99999999999994]], [[479.9999999999999, 760.0], [199.9999999999999, 760.0], [339.9999999999999, 520.0], [479.9999999999999, 760.0]]]"
Mon Jul 20 18:20:19 2020,2,1,True,688.0385339738043,0.8284419721493413,"[0, 0, 1, 2, 0, 0, 2, 1, 3, 1, 3, 2]","[[[0.0, 560.0], [200.0, 560.0], [200.0, 760.0], [0.0, 760.0], [0.0, 560.0]], [[180.0, 34.69980611599567], [380.0, 34.69980611599567], [380.0, 234.69980611599567], [180.0, 234.69980611599567], [180.0, 34.69980611599567]], [[180.0, 0.0], [180.0, 280.0], [0.0, 280.0], [0.0, 0.0], [180.0, 0.0]], [[658.5999030579978, 416.09990305799784], [378.59990305799784, 416.09990305799784], [518.5999030579978, 276.09990305799784], [658.5999030579978, 416.09990305799784]], [[408.0385339738043, 644.6713316294264], [408.0385339738043, 464.6713316294264], [688.0385339738043, 644.6713316294264], [408.0385339738043, 644.6713316294264]], [[0.0, 280.0], [280.0, 280.0], [280.0, 560.0], [0.0, 560.0], [0.0, 280.0]], [[688.0385339738043, 596.0999030579978], [488.0385339738043, 516.0999030579978], [488.0385339738043, 416.09990305799784], [688.0385339738043, 416.09990305799784], [688.0385339738043, 596.0999030579978]], [[651.0582767838318, 644.6713316294264], [651.0582767838318, 744.6713316294264], [471.05827678383184, 744.6713316294264], [471.05827678383184, 644.6713316294264], [651.0582767838318, 644.6713316294264]], [[280.0, 514.6998061159957], [280.0, 234.69980611599567], [560.0, 234.69980611599567], [280.0, 514.6998061159957]], [[646.1200775536017, 0.0], [646.1200775536017, 200.0], [446.12007755360173, 200.0], [366.12007755360173, 0.0], [646.1200775536017, 0.0]], [[678.5999030579978, 356.09990305799784], [518.5999030579978, 276.09990305799784], [678.5999030579978, 196.09990305799784], [678.5999030579978, 356.09990305799784]], [[479.9999999999998, 760.0], [199.99999999999977, 760.0], [339.9999999999998, 520.0], [479.9999999999998, 760.0]]]"
Mon Jul 20 18:20:23 2020,2,0,True,660.5169926148521,0.8629603876555638,"[0, 0, 1, 2, 2, 0, 1, 0, 0, 1, 1, 2]","[[[0.0, 560.0], [200.0, 560.0], [200.0, 760.0], [0.0, 760.0], [0.0, 560.0]], [[180.0, 0.0], [380.0, 0.0], [380.0, 200.0], [180.0, 200.0], [180.0, 0.0]], [[180.0, 0.0], [180.0, 280.0], [0.0, 280.0], [0.0, 0.0], [180.0, 0.0]], [[597.1428571428571, 417.1428571428571], [317.1428571428571, 417.1428571428571], [457.1428571428571, 277.1428571428571], [597.1428571428571, 417.1428571428571]], [[560.0, 417.1428571428571], [560.0, 597.1428571428571], [280.0, 417.1428571428571], [560.0, 417.1428571428571]], [[0.0, 280.0], [280.0, 280.0], [280.0, 560.0], [0.0, 560.0], [0.0, 280.0]], [[380.0, 560.0], [300.0, 760.0], [200.0, 760.0], [200.0, 560.0], [380.0, 560.0]], [[560.0, 480.0], [660.0, 480.0], [660.0, 660.0], [560.0, 660.0], [560.0, 480.0]], [[380.0, 200.0], [660.0, 200.0], [660.0, 480.0], [380.0, 200.0]], [[660.0, 0.0], [660.0, 200.0], [460.0, 200.0], [380.0, 0.0], [660.0, 0.0]], [[280.0, 200.0], [440.0, 280.0], [280.0, 360.0], [280.0, 200.0]], [[580.0, 760.0], [300.0, 760.0], [440.0, 520.0], [580.0, 760.0]]]"
Mon Jul 20 18:21:44 2020,2,5,True,667.1221625410006,0.8544162254015484,"[0, 0, 1, 0, 0, 0, 1, 1, 1, 2, 3, 3]","[[[420.0, 460.0], [620.0, 460.0], [620.0, 660.0], [420.0, 660.0], [420.0, 460.0]], [[0.0, 280.0], [200.0, 280.0], [200.0, 480.0], [0.0, 480.0], [0.0, 280.0]], [[200.0, 480.0], [200.0, 760.0], [20.0, 760.0], [20.0, 480.0], [200.0, 480.0]], [[99.99999999999997, 0.0], [380.0, 0.0], [239.99999999999997, 140.0], [99.99999999999997, 0.0]], [[380.0, 460.0], [380.0, 280.0], [660.0, 460.0], [380.0, 460.0]], [[379.8098794805612, 0.1901205194387785], [659.8098794805612, 0.1901205194387785], [659.8098794805612, 280.1901205194388], [379.8098794805612, 280.1901205194388], [379.8098794805612, 0.1901205194387785]], [[380.0, 321.014171225425], [300.0, 521.014171225425], [200.0, 521.014171225425], [200.0, 321.014171225425], [380.0, 321.014171225425]], [[600.0, 660.0], [600.0, 760.0], [420.0, 760.0], [420.0, 660.0], [600.0, 660.0]], [[380.0, 0.0], [380.0, 280.0], [100.0, 280.0], [380.0, 0.0]], [[420.0, 760.0], [220.0, 760.0], [220.0, 560.0], [420.0, 480.0], [420.0, 760.0]], [[662.5831777272546, 438.8034713960922], [502.58317772725457, 358.8034713960922], [662.5831777272546, 278.8034713960922], [662.5831777272546, 438.8034713960922]], [[0.0, 280.0], [0.0, 0.0], [240.0, 140.0], [0.0, 280.0]]]"
Mon Jul 20 18:22:01 2020,2,1,True,673.7933841664106,0.8459566588134142,"[0, 0, 1, 0, 3, 0, 1, 0, 1, 2, 0, 3]","[[[440.0, 280.0], [640.0, 280.0], [640.0, 480.0], [440.0, 480.0], [440.0, 280.0]], [[0.0, 225.90081981441654], [200.0, 225.90081981441654], [200.0, 425.90081981441654], [0.0, 425.90081981441654], [0.0, 225.90081981441654]], [[660.0, 0.0], [660.0, 280.0], [480.0, 280.0], [480.0, 0.0], [660.0, 0.0]], [[100.93013225869487, 0.0], [380.93013225869487, 0.0], [240.93013225869487, 140.0], [100.93013225869487, 0.0]], [[193.79338416641065, 760.0], [13.793384166410647, 760.0], [193.79338416641065, 480.0], [193.79338416641065, 760.0]], [[393.79338416641065, 480.0], [673.7933841664106, 480.0], [673.7933841664106, 760.0], [393.79338416641065, 760.0], [393.79338416641065, 480.0]], [[180.0, 425.90081981441654], [100.0, 625.9008198144165], [0.0, 625.9008198144165], [0.0, 425.90081981441654], [180.0, 425.90081981441654]], [[0.0, 19.562723960639346], [100.0, 19.562723960639346], [100.0, 199.56272396063935], [0.0, 199.56272396063935], [0.0, 19.562723960639346]], [[479.99999999999994, 0.0], [479.99999999999994, 280.0], [199.99999999999994, 280.0], [479.99999999999994, 0.0]], [[393.79338416641065, 760.0], [193.79338416641065, 760.0], [193.79338416641065, 560.0], [393.79338416641065, 480.0], [393.79338416641065, 760.0]], [[86.8309520731114, 225.90081981441654], [166.8309520731114, 65.90081981441654], [246.8309520731114, 225.90081981441654], [86.8309520731114, 225.90081981441654]], [[200.0, 557.5173536665643], [200.0, 277.5173536665643], [440.0, 417.5173536665643], [200.0, 557.5173536665643]]]"
Mon Jul 20 18:22:12 2020,2,1,True,680.5313180080748,0.8375808503103112,"[0, 0, 1, 3, 2, 0, 3, 0, 3, 2, 3, 3]","[[[480.0, 280.0], [680.0, 280.0], [680.0, 480.0], [480.0, 480.0], [480.0, 280.0]], [[280.0, 0.0], [480.0, 0.0], [480.0, 200.0], [280.0, 200.0], [280.0, 0.0]], [[660.0, 0.0], [660.0, 280.0], [480.0, 280.0], [480.0, 0.0], [660.0, 0.0]], [[0.0, 760.0], [0.0, 480.0], [140.0, 620.0], [0.0, 760.0]], [[480.0, 265.71428571428567], [480.0, 445.71428571428567], [200.0, 265.71428571428567], [480.0, 265.71428571428567]], [[366.84164879975424, 480.0], [646.8416487997542, 480.0], [646.8416487997542, 760.0], [366.84164879975424, 760.0], [366.84164879975424, 480.0]], [[84.0, 760.0], [164.0, 560.0], [264.0, 560.0], [264.0, 760.0], [84.0, 760.0]], [[264.0, 536.9523809523808], [364.0, 536.9523809523808], [364.0, 716.9523809523808], [264.0, 716.9523809523808], [264.0, 536.9523809523808]], [[0.0, 280.0], [0.0, 0.0], [280.0, 0.0], [0.0, 280.0]], [[200.0, 480.0], [0.0, 480.0], [0.0, 280.0], [200.0, 200.0], [200.0, 480.0]], [[280.0, 240.0], [120.0, 160.0], [280.0, 80.0], [280.0, 240.0]], [[200.0, 560.0], [200.0, 280.0], [440.0, 420.0], [200.0, 560.0]]]"
Mon Jul 20 18:22:31 2020,2,1,True,687.3366311881555,0.8292879706042685,"[0, 0, 0, 3, 0, 0, 0, 0, 1, 0, 3, 0]","[[[0.0, 180.0], [200.0, 180.0], [200.0, 380.0], [0.0, 380.0], [0.0, 180.0]], [[487.3366311881555, 181.85926290667135], [687.3366311881555, 181.85926290667135], [687.3366311881555, 381.85926290667135], [487.3366311881555, 381.85926290667135], [487.3366311881555, 181.85926290667135]], [[0.0, 0.0], [280.0, 0.0], [280.0, 180.0], [0.0, 180.0], [0.0, 0.0]], [[0.0, 760.0], [0.0, 480.0], [140.0, 620.0], [0.0, 760.0]], [[280.0, 760.0], [280.0, 580.0], [560.0, 760.0], [280.0, 760.0]], [[407.33663118815537, 381.85926290667135], [687.3366311881554, 381.85926290667135], [687.3366311881554, 661.8592629066713], [407.33663118815537, 661.8592629066713], [407.33663118815537, 381.85926290667135]], [[487.3366311881555, 1.859262906671347], [687.3366311881555, 81.85926290667135], [687.3366311881555, 181.85926290667135], [487.3366311881555, 181.85926290667135], [487.3366311881555, 1.859262906671347]], [[280.0, 322.33218743175735], [380.0, 322.33218743175735], [380.0, 502.33218743175735], [280.0, 502.33218743175735], [280.0, 322.33218743175735]], [[280.0, 480.0], [280.0, 760.0], [0.0, 760.0], [280.0, 480.0]], [[287.3366311881555, 0.0], [487.3366311881555, 0.0], [487.3366311881555, 200.0], [287.3366311881555, 280.0], [287.3366311881555, 0.0]], [[474.31867598394297, 369.49152542372883], [314.31867598394297, 289.49152542372883], [474.31867598394297, 209.49152542372883], [474.31867598394297, 369.49152542372883]], [[0.0, 380.0], [280.0, 380.0], [140.0, 620.0], [0.0, 380.0]]]"
Mon Jul 20 18:22:34 2020,2,0,True,659.8431659406292,0.8638416360461131,"[0, 0, 1, 3, 1, 0, 3, 0, 1, 0, 0, 0]","[[[459.8431659406292, 0.0], [659.8431659406292, 0.0], [659.8431659406292, 200.0], [459.8431659406292, 200.0], [459.8431659406292, 0.0]], [[259.8431659406292, 0.0], [459.8431659406292, 0.0], [459.8431659406292, 200.0], [259.8431659406292, 200.0], [259.8431659406292, 0.0]], [[459.8431659406292, 480.0], [459.8431659406292, 760.0], [279.8431659406292, 760.0], [279.8431659406292, 480.0], [459.8431659406292, 480.0]], [[0.0, 760.0], [0.0, 480.0], [140.0, 620.0], [0.0, 760.0]], [[0.0, 0.0], [180.0, 0.0], [0.0, 280.0], [0.0, 0.0]], [[379.8431659406292, 200.0], [659.8431659406292, 200.0], [659.8431659406292, 480.0], [379.8431659406292, 480.0], [379.8431659406292, 200.0]], [[79.8431659406292, 380.0], [159.8431659406292, 180.0], [259.8431659406292, 180.0], [259.8431659406292, 380.0], [79.8431659406292, 380.0]], [[279.8431659406292, 200.0], [379.8431659406292, 200.0], [379.8431659406292, 380.0], [279.8431659406292, 380.0], [279.8431659406292, 200.0]], [[280.0, 480.0], [280.0, 760.0], [0.0, 760.0], [280.0, 480.0]], [[459.8431659406292, 480.0], [659.8431659406292, 480.0], [659.8431659406292, 680.0], [459.8431659406292, 760.0], [459.8431659406292, 480.0]], [[87.14285714285714, 180.0], [167.14285714285714, 20.0], [247.14285714285714, 180.0], [87.14285714285714, 180.0]], [[0.0, 380.0], [280.0, 380.0], [140.0, 620.0], [0.0, 380.0]]]"
Mon Jul 20 18:23:56 2020,2,5,True,666.4415976000355,0.8552887485605081,"[0, 0, 1, 1, 2, 0, 1, 0, 2, 2, 3, 3]","[[[466.4415976000355, 0.0], [666.4415976000355, 0.0], [666.4415976000355, 200.0], [466.4415976000355, 200.0], [466.4415976000355, 0.0]], [[458.02054496845653, 279.67037981210467], [658.0205449684565, 279.67037981210467], [658.0205449684565, 479.67037981210467], [458.02054496845653, 479.67037981210467], [458.02054496845653, 279.67037981210467]], [[660.0, 480.0], [660.0, 760.0], [480.0, 760.0], [480.0, 480.0], [660.0, 480.0]], [[245.9382488922146, 45.15437776946351], [245.9382488922146, 325.1543777694635], [105.9382488922146, 185.1543777694635], [245.9382488922146, 45.15437776946351]], [[466.4415976000355, 0.0], [466.4415976000355, 180.0], [186.4415976000355, 0.0], [466.4415976000355, 0.0]], [[200.0, 479.67037981210467], [480.0, 479.67037981210467], [480.0, 759.6703798121047], [200.0, 759.6703798121047], [200.0, 479.67037981210467]], [[180.0, 0.0], [100.0, 200.0], [0.0, 200.0], [0.0, 0.0], [180.0, 0.0]], [[0.0, 200.0], [100.0, 200.0], [100.0, 380.0], [0.0, 380.0], [0.0, 200.0]], [[380.0, 480.0], [100.0, 480.0], [100.0, 200.0], [380.0, 480.0]], [[200.0, 760.0], [0.0, 760.0], [0.0, 560.0], [200.0, 480.0], [200.0, 760.0]], [[422.49740814546146, 421.7135370227104], [262.49740814546146, 341.7135370227104], [422.49740814546146, 261.7135370227104], [422.49740814546146, 421.7135370227104]], [[245.9382488922146, 351.37304658710445], [245.9382488922146, 71.37304658710445], [485.9382488922146, 211.37304658710445], [245.9382488922146, 351.37304658710445]]]"
Mon Jul 20 18:24:25 2020,2,1,True,673.1060135760358,0.8468205431292158,"[0, 0, 1, 3, 2, 0, 0, 0, 0, 2, 0, 3]","[[[0.0, 560.0], [200.0, 560.0], [200.0, 760.0], [0.0, 760.0], [0.0, 560.0]], [[280.0, 256.85058888347476], [480.0, 256.85058888347476], [480.0, 456.85058888347476], [280.0, 456.85058888347476], [280.0, 256.85058888347476]], [[180.0, 280.0], [180.0, 560.0], [0.0, 560.0], [0.0, 280.0], [180.0, 280.0]], [[480.0, 366.8939864239642], [480.0, 86.89398642396418], [620.0, 226.89398642396418], [480.0, 366.8939864239642]], [[666.2120271520719, 456.85058888347476], [666.2120271520719, 636.8505888834748], [386.21202715207187, 456.85058888347476], [666.2120271520719, 456.85058888347476]], [[0.0, 0.0], [280.0, 0.0], [280.0, 280.0], [0.0, 280.0], [0.0, 0.0]], [[280.0, 6.893986423964179], [480.0, 86.89398642396418], [480.0, 186.89398642396418], [280.0, 186.89398642396418], [280.0, 6.893986423964179]], [[180.0, 280.0], [280.0, 280.0], [280.0, 460.0], [180.0, 460.0], [180.0, 280.0]], [[393.1060135760358, 0.0], [673.1060135760358, 0.0], [673.1060135760358, 280.0], [393.1060135760358, 0.0]], [[400.0, 760.0], [200.0, 760.0], [200.0, 560.0], [400.0, 480.0], [400.0, 760.0]], [[480.0, 456.85058888347476], [560.0, 296.85058888347476], [640.0, 456.85058888347476], [480.0, 456.85058888347476]], [[400.0, 760.0], [400.0, 480.0], [640.0, 620.0], [400.0, 760.0]]]"
Mon Jul 20 18:24:36 2020,2,1,True,679.8370737117962,0.8384361813160554,"[0, 0, 0, 3, 1, 0, 1, 0, 0, 2, 1, 2]","[[[180.0, 560.0], [380.0, 560.0], [380.0, 760.0], [180.0, 760.0], [180.0, 560.0]], [[380.0, 560.0], [580.0, 560.0], [580.0, 760.0], [380.0, 760.0], [380.0, 560.0]], [[280.0, 380.0], [560.0, 380.0], [560.0, 560.0], [280.0, 560.0], [280.0, 380.0]], [[494.28571428571433, 380.0], [494.28571428571433, 100.0], [634.2857142857143, 240.0], [494.28571428571433, 380.0]], [[0.0, 0.0], [180.0, 0.0], [0.0, 280.0], [0.0, 0.0]], [[0.0, 280.0], [280.0, 280.0], [280.0, 560.0], [0.0, 560.0], [0.0, 280.0]], [[180.0, 560.0], [100.0, 760.0], [0.0, 760.0], [0.0, 560.0], [180.0, 560.0]], [[579.8370737117962, 573.8182269670057], [679.8370737117962, 573.8182269670057], [679.8370737117962, 753.8182269670057], [579.8370737117962, 753.8182269670057], [579.8370737117962, 573.8182269670057]], [[394.28571428571433, 0.0], [674.2857142857143, 0.0], [674.2857142857143, 280.0], [394.28571428571433, 0.0]], [[494.28571428571433, 380.0], [294.28571428571433, 380.0], [294.28571428571433, 180.0], [494.28571428571433, 100.0], [494.28571428571433, 380.0]], [[224.28571428571436, 0.0], [384.28571428571433, 80.0], [224.28571428571436, 160.0], [224.28571428571436, 0.0]], [[294.28571428571433, 279.99999999999994], [14.285714285714334, 279.99999999999994], [154.28571428571433, 39.99999999999994], [294.28571428571433, 279.99999999999994]]]"
Mon Jul 20 18:24:42 2020,2,0,True,652.6435907633243,0.8733710222042245,"[0, 0, 0, 3, 1, 0, 3, 0, 0, 1, 1, 2]","[[[280.0, 344.321795381662], [480.0, 344.321795381662], [480.0, 544.321795381662], [280.0, 544.321795381662], [280.0, 344.321795381662]], [[352.64359076332426, 560.0], [552.6435907633243, 560.0], [552.6435907633243, 760.0], [352.64359076332426, 760.0], [352.64359076332426, 560.0]], [[0.0, 580.0], [280.0, 580.0], [280.0, 760.0], [0.0, 760.0], [0.0, 580.0]], [[502.64359076332426, 410.0], [502.64359076332426, 130.0], [642.6435907633243, 270.0], [502.64359076332426, 410.0]], [[0.0, 0.0], [180.0, 0.0], [0.0, 280.0], [0.0, 0.0]], [[0.0, 300.0], [280.0, 300.0], [280.0, 580.0], [0.0, 580.0], [0.0, 300.0]], [[472.64359076332426, 560.0], [552.6435907633243, 360.0], [652.6435907633243, 360.0], [652.6435907633243, 560.0], [472.64359076332426, 560.0]], [[552.6435907633243, 562.7128184733515], [652.6435907633243, 562.7128184733515], [652.6435907633243, 742.7128184733515], [552.6435907633243, 742.7128184733515], [552.6435907633243, 562.7128184733515]], [[372.64359076332426, 0.0], [652.6435907633243, 0.0], [652.6435907633243, 280.0], [372.64359076332426, 0.0]], [[502.64359076332426, 144.321795381662], [502.64359076332426, 344.321795381662], [302.64359076332426, 344.321795381662], [222.64359076332426, 144.321795381662], [502.64359076332426, 144.321795381662]], [[199.7619047619048, 0.0], [359.7619047619048, 80.0], [199.7619047619048, 160.0], [199.7619047619048, 0.0]], [[281.42857142857144, 300.0], [1.4285714285714448, 300.0], [141.42857142857144, 60.0], [281.42857142857144, 300.0]]]"
Mon Jul 20 18:25:06 2020,2,1,True,659.1700266709576,0.8647237843606181,"[0, 0, 0, 0, 0, 0, 3, 0, 3, 3, 1, 1]","[[[459.17002667095755, 376.32514472809396], [659.1700266709576, 376.32514472809396], [659.1700266709576, 576.325144728094], [459.17002667095755, 576.325144728094], [459.17002667095755, 376.32514472809396]], [[459.17002667095755, 176.32514472809396], [659.1700266709576, 176.32514472809396], [659.1700266709576, 376.32514472809396], [459.17002667095755, 376.32514472809396], [459.17002667095755, 176.32514472809396]], [[278.5300578912377, 576.325144728094], [558.5300578912377, 576.325144728094], [558.5300578912377, 756.325144728094], [278.5300578912377, 756.325144728094], [278.5300578912377, 576.325144728094]], [[0.0, 0.0], [280.0, 0.0], [140.0, 140.0], [0.0, 0.0]], [[0.0, 280.0], [0.0, 100.0], [280.0, 280.0], [0.0, 280.0]], [[0.0, 280.0], [280.0, 280.0], [280.0, 560.0], [0.0, 560.0], [0.0, 280.0]], [[279.17002667095755, 576.325144728094], [359.17002667095755, 376.32514472809396], [459.17002667095755, 376.32514472809396], [459.17002667095755, 576.325144728094], [279.17002667095755, 576.325144728094]], [[559.1700266709576, 576.325144728094], [659.1700266709576, 576.325144728094], [659.1700266709576, 756.325144728094], [559.1700266709576, 756.325144728094], [559.1700266709576, 576.325144728094]], [[361.44683074292465, 280.0], [361.44683074292465, 0.0], [641.4468307429247, 0.0], [361.44683074292465, 280.0]], [[0.0, 760.0], [0.0, 560.0], [200.0, 560.0], [280.0, 760.0], [0.0, 760.0]], [[280.0, 250.30461518066846], [440.0, 330.30461518066846], [280.0, 410.30461518066846], [280.0, 250.30461518066846]], [[361.44683074292465, 10.822682066627294], [361.44683074292465, 290.8226820666273], [121.44683074292465, 150.8226820666273], [361.44683074292465, 10.822682066627294]]]"
Mon Jul 20 18:25:30 2020,2,1,True,665.7617269376672,0.8561621627332852,"[0, 0, 1, 3, 0, 0, 0, 1, 0, 1, 3, 2]","[[[160.0, 480.0], [360.0, 480.0], [360.0, 680.0], [160.0, 680.0], [160.0, 480.0]], [[280.0, 200.0], [480.0, 200.0], [480.0, 400.0], [280.0, 400.0], [280.0, 200.0]], [[660.0, 100.0], [660.0, 380.0], [480.0, 380.0], [480.0, 100.0], [660.0, 100.0]], [[360.0, 680.0], [360.0, 400.0], [500.0, 540.0], [360.0, 680.0]], [[0.0, 760.0], [0.0, 580.0], [280.0, 760.0], [0.0, 760.0]], [[0.0, 200.0], [280.0, 200.0], [280.0, 480.0], [0.0, 480.0], [0.0, 200.0]], [[0.0, 0.0], [200.0, 80.0], [200.0, 180.0], [0.0, 180.0], [0.0, 0.0]], [[632.8032256041192, 0.0], [632.8032256041192, 100.0], [452.80322560411923, 100.0], [452.80322560411923, 0.0], [632.8032256041192, 0.0]], [[385.76172693766716, 400.0], [665.7617269376672, 400.0], [665.7617269376672, 680.0], [385.76172693766716, 400.0]], [[452.80322560411923, 0.0], [452.80322560411923, 200.0], [252.80322560411923, 200.0], [172.80322560411923, 0.0], [452.80322560411923, 0.0]], [[160.0, 640.0], [0.0, 560.0], [160.0, 480.0], [160.0, 640.0]], [[645.7617269376672, 760.0], [365.76172693766716, 760.0], [505.76172693766716, 520.0], [645.7617269376672, 760.0]]]"
Mon Jul 20 18:25:43 2020,2,1,True,672.4193442070439,0.847685309636916,"[0, 0, 1, 2, 0, 0, 2, 1, 0, 2, 3, 2]","[[[280.0, 0.0], [480.0, 0.0], [480.0, 200.0], [280.0, 200.0], [280.0, 0.0]], [[200.0, 505.2188993250495], [400.0, 505.2188993250495], [400.0, 705.2188993250495], [200.0, 705.2188993250495], [200.0, 505.2188993250495]], [[660.0, 100.0], [660.0, 380.0], [480.0, 380.0], [480.0, 100.0], [660.0, 100.0]], [[517.6382435320934, 505.2188993250495], [237.63824353209338, 505.2188993250495], [377.6382435320934, 365.2188993250495], [517.6382435320934, 505.2188993250495]], [[0.0, 182.85714285714283], [0.0, 2.857142857142833], [280.0, 182.85714285714283], [0.0, 182.85714285714283]], [[0.0, 182.85714285714283], [280.0, 182.85714285714283], [280.0, 462.85714285714283], [0.0, 462.85714285714283], [0.0, 182.85714285714283]], [[480.0, 380.0], [280.0, 300.0], [280.0, 200.0], [480.0, 200.0], [480.0, 380.0]], [[660.0, 0.0], [660.0, 100.0], [480.0, 100.0], [480.0, 0.0], [660.0, 0.0]], [[392.4193442070439, 380.0], [672.4193442070439, 380.0], [672.4193442070439, 660.0], [392.4193442070439, 380.0]], [[200.0, 760.0], [0.0, 760.0], [0.0, 560.0], [200.0, 480.0], [200.0, 760.0]], [[280.0, 160.0], [120.0, 80.0], [280.0, 0.0], [280.0, 160.0]], [[648.0443579396122, 760.0], [368.04435793961215, 760.0], [508.04435793961215, 520.0], [648.0443579396122, 760.0]]]"
Mon Jul 20 18:25:56 2020,2,1,True,679.1435376491144,0.8392923857791248,"[0, 0, 1, 2, 2, 0, 0, 0, 0, 1, 2, 2]","[[[180.0, 560.0], [380.0, 560.0], [380.0, 760.0], [180.0, 760.0], [180.0, 560.0]], [[380.0, 180.0], [580.0, 180.0], [580.0, 380.0], [380.0, 380.0], [380.0, 180.0]], [[180.0, 480.0], [180.0, 760.0], [0.0, 760.0], [0.0, 480.0], [180.0, 480.0]], [[520.0, 520.0], [240.0, 520.0], [380.0, 380.0], [520.0, 520.0]], [[645.522570438762, 0.0], [645.522570438762, 180.0], [365.52257043876205, 0.0], [645.522570438762, 0.0]], [[0.0, 200.0], [280.0, 200.0], [280.0, 480.0], [0.0, 480.0], [0.0, 200.0]], [[289.9670148832065, 0.0], [489.9670148832065, 80.0], [489.9670148832065, 180.0], [289.9670148832065, 180.0], [289.9670148832065, 0.0]], [[280.0, 200.0], [380.0, 200.0], [380.0, 380.0], [280.0, 380.0], [280.0, 200.0]], [[393.33333333333337, 380.0], [673.3333333333334, 380.0], [673.3333333333334, 660.0], [393.33333333333337, 380.0]], [[289.9670148832065, 0.0], [289.9670148832065, 200.0], [89.9670148832065, 200.0], [9.967014883206502, 0.0], [289.9670148832065, 0.0]], [[520.0, 520.0], [440.0, 680.0], [360.0, 520.0], [520.0, 520.0]], [[673.3333333333334, 760.0], [393.33333333333337, 760.0], [533.3333333333334, 520.0], [673.3333333333334, 760.0]]]"
Mon Jul 20 18:26:46 2020,2,3,True,685.9349730256055,0.8309825601773512,"[0, 0, 1, 1, 2, 0, 3, 0, 2, 0, 3, 0]","[[[480.0, 0.0], [680.0, 0.0], [680.0, 200.0], [480.0, 200.0], [480.0, 0.0]], [[0.0, 560.0], [200.0, 560.0], [200.0, 760.0], [0.0, 760.0], [0.0, 560.0]], [[180.0, 0.0], [180.0, 280.0], [0.0, 280.0], [0.0, 0.0], [180.0, 0.0]], [[360.0, 480.0], [360.0, 760.0], [220.0, 620.0], [360.0, 480.0]], [[675.596833405865, 200.0], [675.596833405865, 380.0], [395.596833405865, 200.0], [675.596833405865, 200.0]], [[0.0, 280.0], [280.0, 280.0], [280.0, 560.0], [0.0, 560.0], [0.0, 280.0]], [[487.81287088690635, 574.9960240949551], [567.8128708869064, 374.99602409495515], [667.8128708869064, 374.99602409495515], [667.8128708869064, 574.9960240949551], [487.81287088690635, 574.9960240949551]], [[380.0, 0.0], [480.0, 0.0], [480.0, 180.0], [380.0, 180.0], [380.0, 0.0]], [[640.0, 760.0], [360.0, 760.0], [360.0, 480.0], [640.0, 760.0]], [[180.0, 0.0], [380.0, 0.0], [380.0, 200.0], [180.0, 280.0], [180.0, 0.0]], [[685.9349730256055, 725.9349730256055], [525.9349730256055, 645.9349730256055], [685.9349730256055, 565.9349730256055], [685.9349730256055, 725.9349730256055]], [[312.56455891092423, 332.56455891092435], [592.5645589109242, 332.56455891092435], [452.56455891092423, 572.5645589109243], [312.56455891092423, 332.56455891092435]]]"
Mon Jul 20 18:27:07 2020,2,1,True,692.7943227558616,0.8227550100765854,"[0, 0, 1, 2, 1, 0, 3, 0, 1, 0, 2, 2]","[[[454.5699613980271, 553.8187484503176], [654.5699613980271, 553.8187484503176], [654.5699613980271, 753.8187484503176], [454.5699613980271, 753.8187484503176], [454.5699613980271, 553.8187484503176]], [[180.0, 339.2487870522905], [380.0, 339.2487870522905], [380.0, 539.2487870522905], [180.0, 539.2487870522905], [180.0, 339.2487870522905]], [[180.0, 339.2487870522905], [180.0, 619.2487870522905], [0.0, 619.2487870522905], [0.0, 339.2487870522905], [180.0, 339.2487870522905]], [[280.0, 759.2487870522905], [0.0, 759.2487870522905], [140.0, 619.2487870522905], [280.0, 759.2487870522905]], [[354.2857142857143, 0.0], [534.2857142857142, 0.0], [354.2857142857143, 280.0], [354.2857142857143, 0.0]], [[380.0, 273.81874845031757], [660.0, 273.81874845031757], [660.0, 553.8187484503176], [380.0, 553.8187484503176], [380.0, 273.81874845031757]], [[274.5699613980271, 753.8187484503176], [354.5699613980271, 553.8187484503176], [454.5699613980271, 553.8187484503176], [454.5699613980271, 753.8187484503176], [274.5699613980271, 753.8187484503176]], [[592.7943227558616, 0.0], [692.7943227558616, 0.0], [692.7943227558616, 180.0], [592.7943227558616, 180.0], [592.7943227558616, 0.0]], [[340.7512129477095, 59.24878705229048], [340.7512129477095, 339.2487870522905], [60.75121294770952, 339.2487870522905], [340.7512129477095, 59.24878705229048]], [[0.0, 0.0], [200.0, 0.0], [200.0, 200.0], [0.0, 280.0], [0.0, 0.0]], [[340.0, 539.2487870522905], [260.0, 699.2487870522905], [180.0, 539.2487870522905], [340.0, 539.2487870522905]], [[649.9115866875392, 277.91530959716124], [369.91158668753917, 277.91530959716124], [509.91158668753917, 37.91530959716124], [649.9115866875392, 277.91530959716124]]]"
Mon Jul 20 18:27:13 2020,2,1,True,699.7222659834202,0.8146089208679061,"[0, 0, 1, 1, 1, 0, 3, 1, 1, 0, 2, 2]","[[[458.0501569727319, 554.5699613980271], [658.0501569727319, 554.5699613980271], [658.0501569727319, 754.5699613980271], [458.0501569727319, 754.5699613980271], [458.0501569727319, 554.5699613980271]], [[180.0, 358.0501569727319], [380.0, 358.0501569727319], [380.0, 558.0501569727319], [180.0, 558.0501569727319], [180.0, 358.0501569727319]], [[180.0, 358.0501569727319], [180.0, 638.0501569727319], [0.0, 638.0501569727319], [0.0, 358.0501569727319], [180.0, 358.0501569727319]], [[681.2271522654017, 0.0], [681.2271522654017, 280.0], [541.2271522654017, 140.0], [681.2271522654017, 0.0]], [[321.9498430272681, 5.684341886080802e-14], [501.9498430272681, 5.684341886080802e-14], [321.9498430272681, 280.00000000000006], [321.9498430272681, 5.684341886080802e-14]], [[380.0, 274.5699613980271], [660.0, 274.5699613980271], [660.0, 554.5699613980271], [380.0, 554.5699613980271], [380.0, 274.5699613980271]], [[278.0501569727319, 758.0501569727319], [358.0501569727319, 558.0501569727319], [458.0501569727319, 558.0501569727319], [458.0501569727319, 758.0501569727319], [278.0501569727319, 758.0501569727319]], [[180.0, 638.0501569727319], [180.0, 738.0501569727319], [0.0, 738.0501569727319], [0.0, 638.0501569727319], [180.0, 638.0501569727319]], [[321.9498430272681, 78.05015697273188], [321.9498430272681, 358.0501569727319], [41.949843027268116, 358.0501569727319], [321.9498430272681, 78.05015697273188]], [[0.0, 0.0], [200.0, 0.0], [200.0, 200.0], [0.0, 280.0], [0.0, 0.0]], [[340.0, 558.0501569727319], [260.0, 718.0501569727319], [180.0, 558.0501569727319], [340.0, 558.0501569727319]], [[619.7262964142508, 274.5699613980271], [339.7262964142508, 274.5699613980271], [479.7262964142508, 34.56996139802709], [619.7262964142508, 274.5699613980271]]]"
Mon Jul 20 18:27:14 2020,2,0,True,671.7333753440834,0.8485509592374023,"[0, 0, 1, 1, 1, 0, 3, 1, 1, 0, 2, 2]","[[[439.02507848636594, 560.0], [639.0250784863659, 560.0], [639.0250784863659, 760.0], [439.02507848636594, 760.0], [439.02507848636594, 560.0]], [[180.0, 358.0501569727319], [380.0, 358.0501569727319], [380.0, 558.0501569727319], [180.0, 558.0501569727319], [180.0, 358.0501569727319]], [[180.0, 367.54393389405016], [180.0, 647.5439338940502], [0.0, 647.5439338940502], [0.0, 367.54393389405016], [180.0, 367.54393389405016]], [[671.7333753440834, 0.0], [671.7333753440834, 280.0], [531.7333753440834, 140.0], [671.7333753440834, 0.0]], [[321.9498430272681, 0.0], [501.9498430272681, 0.0], [321.9498430272681, 280.0], [321.9498430272681, 0.0]], [[380.0, 280.0], [660.0, 280.0], [660.0, 560.0], [380.0, 560.0], [380.0, 280.0]], [[259.02507848636594, 760.0], [339.02507848636594, 560.0], [439.02507848636594, 560.0], [439.02507848636594, 760.0], [259.02507848636594, 760.0]], [[180.0, 647.5439338940502], [180.0, 747.5439338940502], [0.0, 747.5439338940502], [0.0, 647.5439338940502], [180.0, 647.5439338940502]], [[321.9498430272681, 78.05015697273188], [321.9498430272681, 358.0501569727319], [41.949843027268116, 358.0501569727319], [321.9498430272681, 78.05015697273188]], [[0.0, 0.0], [200.0, 0.0], [200.0, 200.0], [0.0, 280.0], [0.0, 0.0]], [[340.0, 558.0501569727319], [260.0, 718.0501569727319], [180.0, 558.0501569727319], [340.0, 558.0501569727319]], [[614.768037496291, 282.3451351180702], [334.76803749629096, 282.3451351180702], [474.76803749629096, 42.345135118070175], [614.768037496291, 282.3451351180702]]]"
Mon Jul 20 18:28:13 2020,2,2,True,644.86404033032,0.8839072492056276,"[0, 0, 1, 2, 1, 0, 3, 1, 3, 1, 2, 2]","[[[444.86404033032, 0.0], [644.86404033032, 0.0], [644.86404033032, 200.0], [444.86404033032, 200.0], [444.86404033032, 0.0]], [[244.86404033032, 560.0], [444.86404033032, 560.0], [444.86404033032, 760.0], [244.86404033032, 760.0], [244.86404033032, 560.0]], [[624.86404033032, 480.0], [624.86404033032, 760.0], [444.86404033032, 760.0], [444.86404033032, 480.0], [624.86404033032, 480.0]], [[435.51020408163265, 560.0], [155.51020408163265, 560.0], [295.51020408163265, 420.0], [435.51020408163265, 560.0]], [[0.0, 137.8398991742], [180.0, 137.8398991742], [0.0, 417.8398991742], [0.0, 137.8398991742]], [[364.86404033032, 200.0], [644.86404033032, 200.0], [644.86404033032, 480.0], [364.86404033032, 480.0], [364.86404033032, 200.0]], [[64.86404033032, 760.0], [144.86404033032, 560.0], [244.86404033032, 560.0], [244.86404033032, 760.0], [64.86404033032, 760.0]], [[180.0, 37.83989917420001], [180.0, 137.8398991742], [0.0, 137.8398991742], [0.0, 37.83989917420001], [180.0, 37.83989917420001]], [[0.0, 704.86404033032], [0.0, 424.86404033032], [280.0, 424.86404033032], [0.0, 704.86404033032]], [[444.86404033032, 0.0], [444.86404033032, 200.0], [244.86404033032, 200.0], [164.86404033032, 0.0], [444.86404033032, 0.0]], [[327.1428571428571, 200.0], [247.14285714285714, 360.0], [167.14285714285714, 200.0], [327.1428571428571, 200.0]], [[288.1934511666211, 427.31675291501153], [8.193451166621116, 427.31675291501153], [148.19345116662112, 187.31675291501153], [288.1934511666211, 427.31675291501153]]]"
Mon Jul 20 18:30:21 2020,2,5,False,651.3126807336232,0.8751556922827995,"[0, 0, 0, 2, 1, 0, 1, 0, 1, 1, 1, 1]","[[[171.3126807336231, 0.0], [371.3126807336231, 0.0], [371.3126807336231, 200.0], [171.3126807336231, 200.0], [171.3126807336231, 0.0]], [[0.0, 200.0], [200.0, 200.0], [200.0, 400.0], [0.0, 400.0], [0.0, 200.0]], [[280.0, 580.0], [560.0, 580.0], [560.0, 760.0], [280.0, 760.0], [280.0, 580.0]], [[651.3126807336232, 580.0], [371.3126807336232, 580.0], [511.3126807336232, 440.0], [651.3126807336232, 580.0]], [[0.0, 200.0], [180.0, 200.0], [0.0, 480.0], [0.0, 200.0]], [[0.0, 480.0], [280.0, 480.0], [280.0, 760.0], [0.0, 760.0], [0.0, 480.0]], [[460.0, 200.0], [380.0, 400.0], [280.0, 400.0], [280.0, 200.0], [460.0, 200.0]], [[0.0, 0.0], [100.0, 0.0], [100.0, 180.0], [0.0, 180.0], [0.0, 0.0]], [[280.0, 200.0], [280.0, 480.0], [0.0, 480.0], [280.0, 200.0]], [[651.3126807336231, 0.0], [651.3126807336231, 200.0], [451.3126807336231, 200.0], [371.3126807336231, 0.0], [651.3126807336231, 0.0]], [[280.0, 400.0], [440.0, 480.0], [280.0, 560.0], [280.0, 400.0]], [[651.3126807336232, 199.99999999999994], [651.3126807336232, 479.99999999999994], [411.3126807336232, 339.99999999999994], [651.3126807336232, 199.99999999999994]]]"
Mon Jul 20 18:32:15 2020,2,5,False,657.8258075409594,0.8664907844384154,"[0, 0, 0, 2, 3, 0, 1, 0, 3, 0, 2, 1]","[[[0.0, 0.0], [200.0, 0.0], [200.0, 200.0], [0.0, 200.0], [0.0, 0.0]], [[438.8721965577895, 560.0], [638.8721965577895, 560.0], [638.8721965577895, 760.0], [438.8721965577895, 760.0], [438.8721965577895, 560.0]], [[200.0, 5.657885341289557], [480.0, 5.657885341289557], [480.0, 185.65788534128956], [200.0, 185.65788534128956], [200.0, 5.657885341289557]], [[363.4586788298646, 760.0], [83.4586788298646, 760.0], [223.4586788298646, 620.0], [363.4586788298646, 760.0]], [[180.0, 580.0], [0.0, 580.0], [180.0, 300.0], [180.0, 580.0]], [[377.82580754095943, 185.65788534128956], [657.8258075409594, 185.65788534128956], [657.8258075409594, 465.65788534128956], [377.82580754095943, 465.65788534128956], [377.82580754095943, 185.65788534128956]], [[180.0, 560.0], [100.0, 760.0], [0.0, 760.0], [0.0, 560.0], [180.0, 560.0]], [[526.0839610998349, 5.657885341289557], [626.0839610998349, 5.657885341289557], [626.0839610998349, 185.65788534128956], [526.0839610998349, 185.65788534128956], [526.0839610998349, 5.657885341289557]], [[0.0, 480.0], [0.0, 200.0], [280.0, 200.0], [0.0, 480.0]], [[180.0, 300.0], [380.0, 300.0], [380.0, 500.0], [180.0, 580.0], [180.0, 300.0]], [[528.9129037704797, 0.0], [448.9129037704797, 160.0], [368.9129037704797, 0.0], [528.9129037704797, 0.0]], [[438.8721965577895, 465.65788534128956], [438.8721965577895, 745.6578853412896], [198.8721965577895, 605.6578853412896], [438.8721965577895, 465.65788534128956]]]"
Mon Jul 20 18:32:31 2020,2,1,True,664.404065616369,0.8579116677608073,"[0, 0, 1, 0, 1, 0, 3, 0, 2, 0, 3, 2]","[[[380.0, 0.0], [580.0, 0.0], [580.0, 200.0], [380.0, 200.0], [380.0, 0.0]], [[0.0, 280.0], [200.0, 280.0], [200.0, 480.0], [0.0, 480.0], [0.0, 280.0]], [[380.0, 200.0], [380.0, 480.0], [200.0, 480.0], [200.0, 200.0], [380.0, 200.0]], [[0.0, 480.0], [280.0, 480.0], [140.0, 620.0], [0.0, 480.0]], [[300.0, 480.0], [480.0, 480.0], [300.0, 760.0], [300.0, 480.0]], [[380.0, 200.0], [660.0, 200.0], [660.0, 480.0], [380.0, 480.0], [380.0, 200.0]], [[200.0, 200.0], [280.0, 0.0], [380.0, 0.0], [380.0, 200.0], [200.0, 200.0]], [[535.952380952381, 480.0], [635.952380952381, 480.0], [635.952380952381, 660.0], [535.952380952381, 660.0], [535.952380952381, 480.0]], [[280.0, 760.0], [0.0, 760.0], [0.0, 480.0], [280.0, 760.0]], [[0.0, 0.0], [200.0, 0.0], [200.0, 200.0], [0.0, 280.0], [0.0, 0.0]], [[300.0, 700.0], [140.0, 620.0], [300.0, 540.0], [300.0, 700.0]], [[594.2857142857142, 760.0], [314.2857142857142, 760.0], [454.2857142857142, 520.0], [594.2857142857142, 760.0]]]"
Mon Jul 20 18:33:12 2020,2,3,True,671.0481062725328,0.8494174928324824,"[0, 0, 1, 1, 0, 0, 2, 0, 0, 3, 1, 3]","[[[191.04810627253278, 280.0], [391.0481062725328, 280.0], [391.0481062725328, 480.0], [191.04810627253278, 480.0], [191.04810627253278, 280.0]], [[281.81818181818176, 480.0], [481.81818181818176, 480.0], [481.81818181818176, 680.0], [281.81818181818176, 680.0], [281.81818181818176, 480.0]], [[661.8181818181818, 480.0], [661.8181818181818, 760.0], [481.81818181818176, 760.0], [481.81818181818176, 480.0], [661.8181818181818, 480.0]], [[194.1760422448255, 247.68253575131894], [194.1760422448255, 527.6825357513189], [54.17604224482551, 387.68253575131894], [194.1760422448255, 247.68253575131894]], [[0.0, 760.0], [0.0, 580.0], [280.0, 760.0], [0.0, 760.0]], [[391.0481062725328, 200.0], [671.0481062725328, 200.0], [671.0481062725328, 480.0], [391.0481062725328, 480.0], [391.0481062725328, 200.0]], [[281.8181818181818, 712.5974025974026], [81.81818181818181, 632.5974025974026], [81.81818181818181, 532.5974025974026], [281.8181818181818, 532.5974025974026], [281.8181818181818, 712.5974025974026]], [[571.0481062725328, 0.0], [671.0481062725328, 0.0], [671.0481062725328, 180.0], [571.0481062725328, 180.0], [571.0481062725328, 0.0]], [[19.048106272532777, 0.0], [299.0481062725328, 0.0], [299.0481062725328, 280.0], [19.048106272532777, 0.0]], [[299.0481062725328, 200.0], [299.0481062725328, 0.0], [499.0481062725328, 0.0], [579.0481062725328, 200.0], [299.0481062725328, 200.0]], [[0.0, 413.5064935064935], [160.0, 493.5064935064935], [0.0, 573.5064935064935], [0.0, 413.5064935064935]], [[0.0, 360.9518937274672], [0.0, 80.95189372746722], [240.0, 220.95189372746722], [0.0, 360.9518937274672]]]"
Mon Jul 20 18:33:31 2020,2,0,True,644.2061820216314,0.8848098883671692,"[0, 0, 1, 2, 0, 0, 2, 0, 0, 3, 2, 3]","[[[444.20618202163143, 560.0], [644.2061820216314, 560.0], [644.2061820216314, 760.0], [444.20618202163143, 760.0], [444.20618202163143, 560.0]], [[264.20618202163143, 0.0], [464.20618202163143, 0.0], [464.20618202163143, 200.0], [264.20618202163143, 200.0], [264.20618202163143, 0.0]], [[644.2061820216314, 0.0], [644.2061820216314, 280.0], [464.20618202163143, 280.0], [464.20618202163143, 0.0], [644.2061820216314, 0.0]], [[364.20618202163143, 760.0], [84.20618202163143, 760.0], [224.20618202163143, 620.0], [364.20618202163143, 760.0]], [[0.0, 234.99312153424978], [0.0, 54.99312153424978], [280.0, 234.99312153424978], [0.0, 234.99312153424978]], [[364.20618202163143, 280.0], [644.2061820216314, 280.0], [644.2061820216314, 560.0], [364.20618202163143, 560.0], [364.20618202163143, 280.0]], [[264.20618202163143, 180.0], [64.20618202163143, 100.0], [64.20618202163143, 0.0], [264.20618202163143, 0.0], [264.20618202163143, 180.0]], [[344.20618202163143, 560.0], [444.20618202163143, 560.0], [444.20618202163143, 740.0], [344.20618202163143, 740.0], [344.20618202163143, 560.0]], [[64.20618202163143, 434.9931215342498], [344.20618202163143, 434.9931215342498], [344.20618202163143, 714.9931215342498], [64.20618202163143, 434.9931215342498]], [[0.0, 434.9931215342498], [0.0, 234.99312153424978], [200.0, 234.99312153424978], [280.0, 434.9931215342498], [0.0, 434.9931215342498]], [[365.49259029502343, 248.72459727180836], [285.49259029502343, 408.72459727180836], [205.49259029502343, 248.72459727180836], [365.49259029502343, 248.72459727180836]], [[0.0, 750.7869395126183], [0.0, 470.78693951261835], [240.0, 610.7869395126183], [0.0, 750.7869395126183]]]"
Mon Jul 20 18:35:30 2020,2,5,False,650.6482438418477,0.8760493944229398,"[0, 0, 0, 0, 2, 0, 2, 1, 1, 3, 0, 3]","[[[450.6482438418477, 560.0], [650.6482438418477, 560.0], [650.6482438418477, 760.0], [450.6482438418477, 760.0], [450.6482438418477, 560.0]], [[0.0, 0.0], [200.0, 0.0], [200.0, 200.0], [0.0, 200.0], [0.0, 0.0]], [[0.0, 200.0], [280.0, 200.0], [280.0, 380.0], [0.0, 380.0], [0.0, 200.0]], [[280.0, 200.0], [560.0, 200.0], [420.0, 340.0], [280.0, 200.0]], [[650.6482438418477, 380.0], [650.6482438418477, 560.0], [370.6482438418477, 380.0], [650.6482438418477, 380.0]], [[0.0, 380.0], [280.0, 380.0], [280.0, 660.0], [0.0, 660.0], [0.0, 380.0]], [[648.0, 180.0], [448.0, 100.0], [448.0, 0.0], [648.0, 0.0], [648.0, 180.0]], [[180.0, 660.0], [180.0, 760.0], [0.0, 760.0], [0.0, 660.0], [180.0, 660.0]], [[460.0, 480.0], [460.0, 760.0], [180.0, 760.0], [460.0, 480.0]], [[200.0, 200.0], [200.0, 0.0], [400.0, 0.0], [480.0, 200.0], [200.0, 200.0]], [[460.0, 380.0], [540.0, 220.0], [620.0, 380.0], [460.0, 380.0]], [[254.70878803359005, 599.7532069804058], [254.70878803359005, 319.7532069804058], [494.70878803359005, 459.7532069804058], [254.70878803359005, 599.7532069804058]]]"
Mon Jul 20 18:35:46 2020,2,1,True,657.1547262802662,0.8673756380425146,"[0, 0, 0, 3, 0, 0, 3, 1, 0, 3, 1, 1]","[[[280.0, 160.0], [480.0, 160.0], [480.0, 360.0], [280.0, 360.0], [280.0, 160.0]], [[424.62231408817377, 560.0], [624.6223140881738, 560.0], [624.6223140881738, 760.0], [424.62231408817377, 760.0], [424.62231408817377, 560.0]], [[0.0, 0.0], [280.0, 0.0], [280.0, 180.0], [0.0, 180.0], [0.0, 0.0]], [[480.0, 382.84527371973377], [480.0, 102.84527371973377], [620.0, 242.84527371973377], [480.0, 382.84527371973377]], [[280.0, 540.0], [280.0, 360.0], [560.0, 540.0], [280.0, 540.0]], [[0.0, 380.0], [280.0, 380.0], [280.0, 660.0], [0.0, 660.0], [0.0, 380.0]], [[240.0, 760.0], [320.0, 560.0], [420.0, 560.0], [420.0, 760.0], [240.0, 760.0]], [[240.0, 660.0], [240.0, 760.0], [60.0, 760.0], [60.0, 660.0], [240.0, 660.0]], [[377.15472628026623, 0.0], [657.1547262802662, 0.0], [657.1547262802662, 280.0], [377.15472628026623, 0.0]], [[0.0, 380.0], [0.0, 180.0], [200.0, 180.0], [280.0, 380.0], [0.0, 380.0]], [[280.0, 0.0], [440.0, 80.0], [280.0, 160.0], [280.0, 0.0]], [[640.4642488038587, 289.24112858414946], [640.4642488038587, 569.2411285841495], [400.4642488038587, 429.24112858414946], [640.4642488038587, 289.24112858414946]]]"
Mon Jul 20 18:35:56 2020,2,1,True,663.7262735430689,0.8587877604381332,"[0, 0, 0, 3, 0, 0, 0, 1, 0, 3, 2, 1]","[[[280.0, 180.0], [480.0, 180.0], [480.0, 380.0], [280.0, 380.0], [280.0, 180.0]], [[0.0, 0.0], [200.0, 0.0], [200.0, 200.0], [0.0, 200.0], [0.0, 0.0]], [[0.0, 200.0], [280.0, 200.0], [280.0, 380.0], [0.0, 380.0], [0.0, 200.0]], [[480.0, 409.1314627709445], [480.0, 129.1314627709445], [620.0, 269.1314627709445], [480.0, 409.1314627709445]], [[280.0, 560.0], [280.0, 380.0], [560.0, 560.0], [280.0, 560.0]], [[0.0, 380.0], [280.0, 380.0], [280.0, 660.0], [0.0, 660.0], [0.0, 380.0]], [[263.72627354306894, 0.0], [463.72627354306894, 80.0], [463.72627354306894, 180.0], [263.72627354306894, 180.0], [263.72627354306894, 0.0]], [[180.0, 660.0], [180.0, 760.0], [0.0, 760.0], [0.0, 660.0], [180.0, 660.0]], [[383.72627354306894, 0.0], [663.7262735430689, 0.0], [663.7262735430689, 280.0], [383.72627354306894, 0.0]], [[280.0, 760.0], [280.0, 560.0], [480.0, 560.0], [560.0, 760.0], [280.0, 760.0]], [[656.0, 600.0], [576.0, 760.0], [496.0, 600.0], [656.0, 600.0]], [[661.5412538036668, 323.23239805213893], [661.5412538036668, 603.2323980521389], [421.5412538036668, 463.23239805213893], [661.5412538036668, 323.23239805213893]]]"
Mon Jul 20 18:36:08 2020,2,1,True,670.3635362784996,0.8502849113248844,"[0, 0, 1, 3, 0, 0, 1, 0, 0, 3, 3, 1]","[[[280.0, 560.0], [480.0, 560.0], [480.0, 760.0], [280.0, 760.0], [280.0, 560.0]], [[0.0, 0.0], [200.0, 0.0], [200.0, 200.0], [0.0, 200.0], [0.0, 0.0]], [[180.0, 200.0], [180.0, 480.0], [0.0, 480.0], [0.0, 200.0], [180.0, 200.0]], [[489.99999999999926, 397.8227773986541], [489.99999999999926, 117.82277739865413], [629.9999999999993, 257.8227773986541], [489.99999999999926, 397.8227773986541]], [[305.0080971659919, 560.0], [305.0080971659919, 380.0], [585.0080971659919, 560.0], [305.0080971659919, 560.0]], [[0.0, 480.0], [280.0, 480.0], [280.0, 760.0], [0.0, 760.0], [0.0, 480.0]], [[360.0, 242.82277739865367], [280.0, 442.82277739865367], [180.0, 442.82277739865367], [180.0, 242.82277739865367], [360.0, 242.82277739865367]], [[480.0, 561.7499279695223], [580.0, 561.7499279695223], [580.0, 741.7499279695223], [480.0, 741.7499279695223], [480.0, 561.7499279695223]], [[372.1772226013452, 0.0], [652.1772226013452, 0.0], [652.1772226013452, 280.0], [372.1772226013452, 0.0]], [[199.99999999999994, 242.82277739865373], [199.99999999999994, 42.82277739865373], [399.99999999999994, 42.82277739865373], [479.99999999999994, 242.82277739865373], [199.99999999999994, 242.82277739865373]], [[489.99999999999926, 397.8227773986541], [329.99999999999926, 317.8227773986541], [489.99999999999926, 237.82277739865413], [489.99999999999926, 397.8227773986541]], [[647.5490344509755, 305.919173968918], [647.5490344509755, 585.919173968918], [407.54903445097546, 445.919173968918], [647.5490344509755, 305.919173968918]]]"
Mon Jul 20 18:36:10 2020,2,0,True,643.5489948273596,0.8857134492967547,"[0, 0, 1, 3, 0, 0, 1, 0, 0, 3, 0, 1]","[[[280.0, 560.0], [480.0, 560.0], [480.0, 760.0], [280.0, 760.0], [280.0, 560.0]], [[0.0, 0.0], [200.0, 0.0], [200.0, 200.0], [0.0, 200.0], [0.0, 0.0]], [[180.0, 200.0], [180.0, 480.0], [0.0, 480.0], [0.0, 200.0], [180.0, 200.0]], [[479.99999999999994, 396.45100517264035], [479.99999999999994, 116.45100517264035], [620.0, 256.45100517264035], [479.99999999999994, 396.45100517264035]], [[303.54373661825014, 563.9634358530284], [303.54373661825014, 383.9634358530284], [583.5437366182501, 563.9634358530284], [303.54373661825014, 563.9634358530284]], [[0.0, 480.0], [280.0, 480.0], [280.0, 760.0], [0.0, 760.0], [0.0, 480.0]], [[360.0, 242.82277739865367], [280.0, 442.82277739865367], [180.0, 442.82277739865367], [180.0, 242.82277739865367], [360.0, 242.82277739865367]], [[480.0, 563.9634358530284], [580.0, 563.9634358530284], [580.0, 743.9634358530284], [480.0, 743.9634358530284], [480.0, 563.9634358530284]], [[363.5489948273596, 0.0], [643.5489948273596, 0.0], [643.5489948273596, 280.0], [363.5489948273596, 0.0]], [[199.99999999999994, 234.5424623127247], [199.99999999999994, 34.542462312724695], [399.99999999999994, 34.542462312724695], [479.99999999999994, 234.5424623127247], [199.99999999999994, 234.5424623127247]], [[319.99999999999994, 394.5424623127247], [399.99999999999994, 234.5424623127247], [479.99999999999994, 394.5424623127247], [319.99999999999994, 394.5424623127247]], [[643.5489948273596, 308.2525304160273], [643.5489948273596, 588.2525304160273], [403.5489948273596, 448.2525304160273], [643.5489948273596, 308.2525304160273]]]"
Mon Jul 20 18:38:34 2020,2,5,False,649.9844847756332,0.8769440092047076,"[0, 0, 1, 2, 1, 0, 1, 0, 3, 2, 2, 2]","[[[269.9844847756332, 279.9999999999999], [469.9844847756332, 279.9999999999999], [469.9844847756332, 479.9999999999999], [269.9844847756332, 479.9999999999999], [269.9844847756332, 279.9999999999999]], [[69.98448477563318, 251.4285714285714], [269.9844847756332, 251.4285714285714], [269.9844847756332, 451.4285714285714], [69.98448477563318, 451.4285714285714], [69.98448477563318, 251.4285714285714]], [[649.9844847756332, 279.9999999999999], [649.9844847756332, 559.9999999999999], [469.9844847756332, 559.9999999999999], [469.9844847756332, 279.9999999999999], [649.9844847756332, 279.9999999999999]], [[321.4130562042045, 279.99999999999994], [41.41305620420451, 279.99999999999994], [181.4130562042045, 139.99999999999994], [321.4130562042045, 279.99999999999994]], [[321.41305620420457, 0.0], [501.41305620420457, 0.0], [321.41305620420457, 280.0], [321.41305620420457, 0.0]], [[189.98448477563318, 479.9999999999999], [469.9844847756332, 479.9999999999999], [469.9844847756332, 759.9999999999999], [189.98448477563318, 759.9999999999999], [189.98448477563318, 479.9999999999999]], [[649.9844847756332, 559.9999999999999], [569.9844847756332, 759.9999999999999], [469.9844847756332, 759.9999999999999], [469.9844847756332, 559.9999999999999], [649.9844847756332, 559.9999999999999]], [[249.98448477563323, 71.42857142857139], [349.98448477563323, 71.42857142857139], [349.98448477563323, 251.4285714285714], [249.98448477563323, 251.4285714285714], [249.98448477563323, 71.42857142857139]], [[41.413056204204565, 280.0], [41.413056204204565, 0.0], [321.41305620420457, 0.0], [41.413056204204565, 280.0]], [[200.0, 760.0], [0.0, 760.0], [0.0, 560.0], [200.0, 480.0], [200.0, 760.0]], [[642.6890617520548, 29.126213592233057], [562.6890617520548, 189.12621359223306], [482.68906175205484, 29.126213592233057], [642.6890617520548, 29.126213592233057]], [[615.698770489919, 279.9999999999999], [335.69877048991896, 279.9999999999999], [475.69877048991896, 39.999999999999886], [615.698770489919, 279.9999999999999]]]"
Mon Jul 20 18:40:25 2020,2,5,False,656.4843296233895,0.8682613952521858,"[0, 0, 1, 2, 2, 0, 1, 1, 2, 1, 2, 2]","[[[456.4843296233895, 0.0], [656.4843296233895, 0.0], [656.4843296233895, 200.0], [456.4843296233895, 200.0], [456.4843296233895, 0.0]], [[176.4843296233895, 560.0], [376.4843296233895, 560.0], [376.4843296233895, 760.0], [176.4843296233895, 760.0], [176.4843296233895, 560.0]], [[456.4843296233895, 0.0], [456.4843296233895, 280.0], [276.4843296233895, 280.0], [276.4843296233895, 0.0], [456.4843296233895, 0.0]], [[376.4843296233895, 560.0], [96.4843296233895, 560.0], [236.4843296233895, 420.0], [376.4843296233895, 560.0]], [[378.15099629005607, 280.0], [378.15099629005607, 460.0], [98.15099629005607, 280.0], [378.15099629005607, 280.0]], [[376.4843296233895, 480.0], [656.4843296233895, 480.0], [656.4843296233895, 760.0], [376.4843296233895, 760.0], [376.4843296233895, 480.0]], [[180.0, 551.2108240584737], [100.0, 751.2108240584737], [0.0, 751.2108240584737], [0.0, 551.2108240584737], [180.0, 551.2108240584737]], [[180.0, 420.0], [180.0, 520.0], [0.0, 520.0], [0.0, 420.0], [180.0, 420.0]], [[280.0, 420.0], [0.0, 420.0], [0.0, 140.0], [280.0, 420.0]], [[280.0, 0.0], [280.0, 200.0], [80.0, 200.0], [0.0, 0.0], [280.0, 0.0]], [[656.4843296233895, 200.0], [576.4843296233895, 360.0], [496.4843296233895, 200.0], [656.4843296233895, 200.0]], [[646.4843296233894, 480.0], [366.4843296233894, 480.0], [506.4843296233894, 240.0], [646.4843296233894, 480.0]]]"
Mon Jul 20 18:40:53 2020,2,1,True,663.0491729196234,0.8596647477744414,"[0, 0, 1, 3, 3, 0, 3, 1, 0, 2, 2, 3]","[[[0.0, 100.0], [200.0, 100.0], [200.0, 300.0], [0.0, 300.0], [0.0, 100.0]], [[0.0, 300.0], [200.0, 300.0], [200.0, 500.0], [0.0, 500.0], [0.0, 300.0]], [[659.9999999999999, 0.0], [659.9999999999999, 280.0], [479.9999999999999, 280.0], [479.9999999999999, 0.0], [659.9999999999999, 0.0]], [[473.0491729196234, 650.0], [473.0491729196234, 370.0], [613.0491729196234, 510.0], [473.0491729196234, 650.0]], [[212.85714285714283, 760.0], [32.85714285714283, 760.0], [212.85714285714283, 480.0], [212.85714285714283, 760.0]], [[199.9999999999999, 0.0], [479.9999999999999, 0.0], [479.9999999999999, 280.0], [199.9999999999999, 280.0], [199.9999999999999, 0.0]], [[483.0491729196234, 760.0], [563.0491729196234, 560.0], [663.0491729196234, 560.0], [663.0491729196234, 760.0], [483.0491729196234, 760.0]], [[199.9999999999999, 0.0], [199.9999999999999, 100.0], [19.999999999999886, 100.0], [19.999999999999886, 0.0], [199.9999999999999, 0.0]], [[383.0491729196234, 280.0], [663.0491729196234, 280.0], [663.0491729196234, 560.0], [383.0491729196234, 280.0]], [[412.8571428571428, 760.0], [212.85714285714278, 760.0], [212.85714285714278, 560.0], [412.8571428571428, 480.0], [412.8571428571428, 760.0]], [[160.0, 500.0], [80.0, 660.0], [0.0, 500.0], [160.0, 500.0]], [[212.85714285714283, 560.0], [212.85714285714283, 280.0], [452.85714285714283, 420.0], [212.85714285714283, 560.0]]]"
Mon Jul 20 18:42:43 2020,2,5,False,669.6796646488197,0.8511532156182587,"[0, 0, 1, 0, 1, 0, 3, 0, 1, 0, 1, 1]","[[[280.0, 365.59044530050073], [480.0, 365.59044530050073], [480.0, 565.5904453005007], [280.0, 565.5904453005007], [280.0, 365.59044530050073]], [[0.0, 0.0], [200.0, 0.0], [200.0, 200.0], [0.0, 200.0], [0.0, 0.0]], [[180.0, 200.0], [180.0, 480.0], [0.0, 480.0], [0.0, 200.0], [180.0, 200.0]], [[280.0, 565.5904453005007], [560.0, 565.5904453005007], [420.0, 705.5904453005007], [280.0, 565.5904453005007]], [[175.91584276901986, 200.0], [355.91584276901983, 200.0], [175.91584276901986, 480.0], [175.91584276901986, 200.0]], [[0.0, 480.0], [280.0, 480.0], [280.0, 760.0], [0.0, 760.0], [0.0, 480.0]], [[289.67966464881954, 365.59044530050073], [369.67966464881954, 165.59044530050073], [469.67966464881954, 165.59044530050073], [469.67966464881954, 365.59044530050073], [289.67966464881954, 365.59044530050073]], [[200.0, 0.0], [300.0, 0.0], [300.0, 180.0], [200.0, 180.0], [200.0, 0.0]], [[669.6796646488197, 480.0], [669.6796646488197, 760.0], [389.67966464881965, 760.0], [669.6796646488197, 480.0]], [[469.67966464881954, 280.0], [669.6796646488195, 280.0], [669.6796646488195, 480.0], [469.67966464881954, 560.0], [469.67966464881954, 280.0]], [[300.0, 0.0], [460.0, 80.0], [300.0, 160.0], [300.0, 0.0]], [[669.6796646488195, 0.0], [669.6796646488195, 280.0], [429.67966464881954, 140.0], [669.6796646488195, 0.0]]]"
Mon Jul 20 18:43:05 2020,2,1,True,676.3764612953079,0.8427259560576819,"[0, 0, 1, 2, 2, 0, 1, 1, 2, 2, 0, 0]","[[[453.91326274060214, 86.55058451812317], [653.9132627406021, 86.55058451812317], [653.9132627406021, 286.5505845181232], [453.91326274060214, 286.5505845181232], [453.91326274060214, 86.55058451812317]], [[460.0, 286.5505845181232], [660.0, 286.5505845181232], [660.0, 486.5505845181232], [460.0, 486.5505845181232], [460.0, 286.5505845181232]], [[460.0, 480.0], [460.0, 760.0], [280.0, 760.0], [280.0, 480.0], [460.0, 480.0]], [[442.89247806286687, 480.0], [162.89247806286687, 480.0], [302.89247806286687, 340.0], [442.89247806286687, 480.0]], [[438.86816075800857, 241.76063882087544], [438.86816075800857, 421.76063882087544], [158.86816075800857, 241.76063882087544], [438.86816075800857, 241.76063882087544]], [[0.0, 480.0], [280.0, 480.0], [280.0, 760.0], [0.0, 760.0], [0.0, 480.0]], [[488.53349654785137, 0.0], [408.53349654785137, 200.0], [308.53349654785137, 200.0], [308.53349654785137, 0.0], [488.53349654785137, 0.0]], [[180.0, 362.89247806286687], [180.0, 462.89247806286687], [0.0, 462.89247806286687], [0.0, 362.89247806286687], [180.0, 362.89247806286687]], [[280.0, 362.89247806286687], [0.0, 362.89247806286687], [0.0, 82.89247806286687], [280.0, 362.89247806286687]], [[676.3764612953079, 760.0], [476.3764612953079, 760.0], [476.3764612953079, 560.0], [676.3764612953079, 480.0], [676.3764612953079, 760.0]], [[169.4138159582891, 241.76063882087544], [249.4138159582891, 81.76063882087544], [329.4138159582891, 241.76063882087544], [169.4138159582891, 241.76063882087544]], [[17.10752193713313, 0.0], [297.10752193713313, 0.0], [157.10752193713313, 240.0], [17.10752193713313, 0.0]]]"
Mon Jul 20 18:43:30 2020,2,1,True,683.140225908261,0.8343821347105762,"[0, 0, 0, 0, 3, 0, 0, 1, 2, 3, 0, 0]","[[[480.0, 240.0], [680.0, 240.0], [680.0, 440.0], [480.0, 440.0], [480.0, 240.0]], [[200.0, 0.0], [400.0, 0.0], [400.0, 200.0], [200.0, 200.0], [200.0, 0.0]], [[403.14022590826096, 0.0], [683.140225908261, 0.0], [683.140225908261, 180.0], [403.14022590826096, 180.0], [403.14022590826096, 0.0]], [[240.0, 200.0], [520.0, 200.0], [380.0, 340.0], [240.0, 200.0]], [[649.3214028434955, 760.0], [469.32140284349555, 760.0], [649.3214028434955, 480.0], [649.3214028434955, 760.0]], [[0.0, 280.0], [280.0, 280.0], [280.0, 560.0], [0.0, 560.0], [0.0, 280.0]], [[0.0, 99.33333333333337], [200.0, 179.33333333333337], [200.0, 279.33333333333337], [0.0, 279.33333333333337], [0.0, 99.33333333333337]], [[181.66666666666663, 0.0], [181.66666666666663, 100.0], [1.6666666666666288, 100.0], [1.6666666666666288, 0.0], [181.66666666666663, 0.0]], [[560.0, 520.0], [280.0, 520.0], [280.0, 240.0], [560.0, 520.0]], [[0.0, 760.0], [0.0, 560.0], [200.0, 560.0], [280.0, 760.0], [0.0, 760.0]], [[252.82115260672458, 692.0528815168115], [332.8211526067246, 532.0528815168115], [412.8211526067246, 692.0528815168115], [252.82115260672458, 692.0528815168115]], [[329.32140284349543, 520.0], [609.3214028434954, 520.0], [469.32140284349543, 760.0], [329.32140284349543, 520.0]]]"
Mon Jul 20 18:44:04 2020,2,1,True,689.9716281673436,0.8261209254560159,"[0, 0, 1, 1, 1, 0, 1, 0, 2, 0, 0, 0]","[[[309.9716281673436, 0.0], [509.9716281673436, 0.0], [509.9716281673436, 200.0], [309.9716281673436, 200.0], [309.9716281673436, 0.0]], [[0.0, 280.0], [200.0, 280.0], [200.0, 480.0], [0.0, 480.0], [0.0, 280.0]], [[660.0, 480.0], [660.0, 760.0], [480.0, 760.0], [480.0, 480.0], [660.0, 480.0]], [[689.9716281673436, 229.97162816734362], [689.9716281673436, 509.9716281673436], [549.9716281673436, 369.9716281673436], [689.9716281673436, 229.97162816734362]], [[0.0, 0.0], [180.0, 0.0], [0.0, 280.0], [0.0, 0.0]], [[0.0, 480.0], [280.0, 480.0], [280.0, 760.0], [0.0, 760.0], [0.0, 480.0]], [[689.9716281673436, 0.0], [609.9716281673436, 200.0], [509.9716281673436, 200.0], [509.9716281673436, 0.0], [689.9716281673436, 0.0]], [[200.0, 0.0], [300.0, 0.0], [300.0, 180.0], [200.0, 180.0], [200.0, 0.0]], [[549.1217445982941, 480.0], [269.1217445982941, 480.0], [269.1217445982941, 200.0], [549.1217445982941, 480.0]], [[280.0, 480.0], [480.0, 480.0], [480.0, 680.0], [280.0, 760.0], [280.0, 480.0]], [[43.428571428571416, 248.0], [123.42857142857142, 88.0], [203.42857142857142, 248.0], [43.428571428571416, 248.0]], [[369.1217445982941, 200.0], [649.1217445982941, 200.0], [509.1217445982941, 440.0], [369.1217445982941, 200.0]]]"
Mon Jul 20 18:44:06 2020,2,0,True,662.3727630406498,0.8605426306833499,"[0, 0, 1, 1, 1, 0, 1, 0, 2, 0, 0, 0]","[[[274.05357142857144, 0.0], [474.05357142857144, 0.0], [474.05357142857144, 200.0], [274.05357142857144, 200.0], [274.05357142857144, 0.0]], [[0.0, 280.0], [200.0, 280.0], [200.0, 480.0], [0.0, 480.0], [0.0, 280.0]], [[660.0, 480.0], [660.0, 760.0], [480.0, 760.0], [480.0, 480.0], [660.0, 480.0]], [[660.0, 200.0], [660.0, 480.0], [520.0, 340.0], [660.0, 200.0]], [[0.0, 0.0], [180.0, 0.0], [0.0, 280.0], [0.0, 0.0]], [[0.0, 480.0], [280.0, 480.0], [280.0, 760.0], [0.0, 760.0], [0.0, 480.0]], [[654.0535714285714, 0.0], [574.0535714285714, 200.0], [474.05357142857144, 200.0], [474.05357142857144, 0.0], [654.0535714285714, 0.0]], [[174.05357142857144, 9.249999999999943], [274.05357142857144, 9.249999999999943], [274.05357142857144, 189.24999999999994], [174.05357142857144, 189.24999999999994], [174.05357142857144, 9.249999999999943]], [[483.42857142857133, 469.24999999999994], [203.42857142857133, 469.24999999999994], [203.42857142857133, 189.24999999999994], [483.42857142857133, 469.24999999999994]], [[280.0, 480.0], [480.0, 480.0], [480.0, 680.0], [280.0, 760.0], [280.0, 480.0]], [[22.857142857142833, 280.0], [102.85714285714283, 120.0], [182.85714285714283, 280.0], [22.857142857142833, 280.0]], [[321.66666666666674, 200.0], [601.6666666666667, 200.0], [461.66666666666674, 440.0], [321.66666666666674, 200.0]]]"
Mon Jul 20 18:44:39 2020,2,1,True,668.9964906710563,0.8520224066171782,"[0, 0, 1, 0, 3, 0, 1, 0, 2, 1, 1, 2]","[[[200.0, 280.0], [400.0, 280.0], [400.0, 480.0], [200.0, 480.0], [200.0, 280.0]], [[0.0, 280.0], [200.0, 280.0], [200.0, 480.0], [0.0, 480.0], [0.0, 280.0]], [[180.0, 0.0], [180.0, 280.0], [0.0, 280.0], [0.0, 0.0], [180.0, 0.0]], [[380.0, 200.0], [660.0, 200.0], [520.0, 340.0], [380.0, 200.0]], [[647.4324388523052, 503.99398400752534], [467.43243885230515, 503.99398400752534], [647.4324388523052, 223.99398400752534], [647.4324388523052, 503.99398400752534]], [[0.0, 480.0], [280.0, 480.0], [280.0, 760.0], [0.0, 760.0], [0.0, 480.0]], [[460.0, 480.0], [380.0, 680.0], [280.0, 680.0], [280.0, 480.0], [460.0, 480.0]], [[568.9964906710563, 503.99398400752534], [668.9964906710563, 503.99398400752534], [668.9964906710563, 683.9939840075253], [568.9964906710563, 683.9939840075253], [568.9964906710563, 503.99398400752534]], [[460.0, 280.0], [180.0, 280.0], [180.0, 0.0], [460.0, 280.0]], [[580.0, 0.0], [580.0, 200.0], [380.0, 200.0], [300.0, 0.0], [580.0, 0.0]], [[400.0, 280.0], [560.0, 360.0], [400.0, 440.0], [400.0, 280.0]], [[613.3333333333333, 760.0], [333.33333333333326, 760.0], [473.33333333333326, 520.0], [613.3333333333333, 760.0]]]"
Mon Jul 20 18:45:40 2020,2,3,True,675.6864555777669,0.843586541205127,"[0, 0, 0, 1, 3, 0, 0, 1, 3, 1, 0, 0]","[[[0.0, 280.0], [200.0, 280.0], [200.0, 480.0], [0.0, 480.0], [0.0, 280.0]], [[0.0, 480.0], [200.0, 480.0], [200.0, 680.0], [0.0, 680.0], [0.0, 480.0]], [[380.0, 380.0], [660.0, 380.0], [660.0, 560.0], [380.0, 560.0], [380.0, 380.0]], [[345.0, 415.0], [345.0, 695.0], [205.0, 555.0], [345.0, 415.0]], [[675.6864555777669, 280.0], [495.6864555777669, 280.0], [675.6864555777669, 0.0], [675.6864555777669, 280.0]], [[0.0, 0.0], [280.0, 0.0], [280.0, 280.0], [0.0, 280.0], [0.0, 0.0]], [[280.0, 89.02730064219566], [480.0, 169.02730064219566], [480.0, 269.02730064219566], [280.0, 269.02730064219566], [280.0, 89.02730064219566]], [[660.0, 280.0], [660.0, 380.0], [480.0, 380.0], [480.0, 280.0], [660.0, 280.0]], [[199.99999999999997, 560.0], [199.99999999999997, 280.0], [480.0, 280.0], [199.99999999999997, 560.0]], [[672.5, 560.0], [672.5, 760.0], [472.5, 760.0], [392.5, 560.0], [672.5, 560.0]], [[312.5, 760.0], [392.5, 600.0], [472.5, 760.0], [312.5, 760.0]], [[381.40074129205254, 0.0], [661.4007412920525, 0.0], [521.4007412920525, 240.0], [381.40074129205254, 0.0]]]"
Mon Jul 20 18:46:08 2020,2,1,True,682.4433201335446,0.8352341992129968,"[0, 0, 1, 2, 3, 0, 0, 0, 0, 0, 1, 0]","[[[100.0, 279.51110572794767], [300.0, 279.51110572794767], [300.0, 479.51110572794767], [100.0, 479.51110572794767], [100.0, 279.51110572794767]], [[481.13457989579024, 560.0], [681.1345798957902, 560.0], [681.1345798957902, 760.0], [481.13457989579024, 760.0], [481.13457989579024, 560.0]], [[682.4433201335446, 280.0], [682.4433201335446, 560.0], [502.4433201335446, 560.0], [502.4433201335446, 280.0], [682.4433201335446, 280.0]], [[399.9167575327157, 760.0], [119.91675753271568, 760.0], [259.9167575327157, 620.0], [399.9167575327157, 760.0]], [[481.13457989579024, 661.2178223630746], [301.13457989579024, 661.2178223630746], [481.13457989579024, 381.21782236307456], [481.13457989579024, 661.2178223630746]], [[0.0, 0.0], [280.0, 0.0], [280.0, 280.0], [0.0, 280.0], [0.0, 0.0]], [[280.0, 0.0], [480.0, 80.0], [480.0, 180.0], [280.0, 180.0], [280.0, 0.0]], [[0.0, 293.796820013662], [100.0, 293.796820013662], [100.0, 473.796820013662], [0.0, 473.796820013662], [0.0, 293.796820013662]], [[402.4433201335446, 0.0], [682.4433201335446, 0.0], [682.4433201335446, 280.0], [402.4433201335446, 0.0]], [[0.0, 480.0], [200.0, 480.0], [200.0, 680.0], [0.0, 760.0], [0.0, 480.0]], [[199.70727483279094, 490.1047413499623], [359.707274832791, 570.1047413499623], [199.70727483279094, 650.1047413499623], [199.70727483279094, 490.1047413499623]], [[280.0, 180.0], [560.0, 180.0], [420.0, 420.0], [280.0, 180.0]]]"
Mon Jul 20 18:46:15 2020,2,0,True,655.1455873282029,0.870035624180205,"[0, 0, 1, 2, 0, 0, 1, 1, 0, 0, 0, 1]","[[[0.0, 280.0], [200.0, 280.0], [200.0, 480.0], [0.0, 480.0], [0.0, 280.0]], [[455.14558732820285, 560.0], [655.1455873282029, 560.0], [655.1455873282029, 760.0], [455.14558732820285, 760.0], [455.14558732820285, 560.0]], [[655.1455873282029, 280.0], [655.1455873282029, 560.0], [475.14558732820285, 560.0], [475.14558732820285, 280.0], [655.1455873282029, 280.0]], [[400.0, 760.0], [120.0, 760.0], [260.0, 620.0], [400.0, 760.0]], [[280.0, 180.0], [280.0, 0.0], [560.0, 180.0], [280.0, 180.0]], [[0.0, 0.0], [280.0, 0.0], [280.0, 280.0], [0.0, 280.0], [0.0, 0.0]], [[380.0, 280.0], [300.0, 480.0], [200.0, 480.0], [200.0, 280.0], [380.0, 280.0]], [[460.0, 180.0], [460.0, 280.0], [280.0, 280.0], [280.0, 180.0], [460.0, 180.0]], [[375.14558732820285, 0.0], [655.1455873282029, 0.0], [655.1455873282029, 280.0], [375.14558732820285, 0.0]], [[0.0, 480.0], [200.0, 480.0], [200.0, 680.0], [0.0, 760.0], [0.0, 480.0]], [[310.5240857940804, 453.68978551479904], [390.5240857940804, 293.68978551479904], [470.5240857940804, 453.68978551479904], [310.5240857940804, 453.68978551479904]], [[455.14558732820285, 453.6897855147989], [455.14558732820285, 733.6897855147989], [215.14558732820285, 593.6897855147989], [455.14558732820285, 453.6897855147989]]]"
Mon Jul 20 18:46:47 2020,2,1,True,661.6970432014849,0.8614214100794109,"[0, 0, 0, 0, 3, 0, 0, 0, 1, 1, 0, 0]","[[[0.0, 549.9556851792582], [200.0, 549.9556851792582], [200.0, 749.9556851792582], [0.0, 749.9556851792582], [0.0, 549.9556851792582]], [[460.0, 200.0], [660.0, 200.0], [660.0, 400.0], [460.0, 400.0], [460.0, 200.0]], [[0.0, 0.0], [280.0, 0.0], [280.0, 180.0], [0.0, 180.0], [0.0, 0.0]], [[121.9294246248827, 180.0], [401.9294246248827, 180.0], [261.9294246248827, 320.0], [121.9294246248827, 180.0]], [[381.6970432014849, 760.0], [201.69704320148492, 760.0], [381.6970432014849, 480.0], [381.6970432014849, 760.0]], [[381.6970432014849, 479.01005813246707], [661.6970432014849, 479.01005813246707], [661.6970432014849, 759.0100581324671], [381.6970432014849, 759.0100581324671], [381.6970432014849, 479.01005813246707]], [[0.0, 180.0], [200.0, 260.0], [200.0, 360.0], [0.0, 360.0], [0.0, 180.0]], [[280.0, 0.0], [380.0, 0.0], [380.0, 180.0], [280.0, 180.0], [280.0, 0.0]], [[438.9062950367414, 143.02312958814127], [438.9062950367414, 423.0231295881413], [158.90629503674143, 423.0231295881413], [438.9062950367414, 143.02312958814127]], [[661.6970432014849, 0.0], [661.6970432014849, 200.0], [461.6970432014849, 200.0], [381.6970432014849, 0.0], [661.6970432014849, 0.0]], [[22.22222222222223, 535.5555555555555], [102.22222222222223, 375.55555555555554], [182.22222222222223, 535.5555555555555], [22.22222222222223, 535.5555555555555]], [[125.9560092385151, 423.0231295881413], [405.9560092385151, 423.0231295881413], [265.9560092385151, 663.0231295881413], [125.9560092385151, 423.0231295881413]]]"
Mon Jul 20 18:47:33 2020,2,1,True,668.3140136334998,0.8528924852271395,"[0, 0, 0, 3, 3, 0, 3, 1, 0, 0, 0, 0]","[[[464.6832497045144, 99.99999999999989], [664.6832497045144, 99.99999999999989], [664.6832497045144, 299.9999999999999], [464.6832497045144, 299.9999999999999], [464.6832497045144, 99.99999999999989]], [[188.31401363349983, 295.3167502954856], [388.3140136334998, 295.3167502954856], [388.3140136334998, 495.3167502954856], [188.31401363349983, 495.3167502954856], [188.31401363349983, 295.3167502954856]], [[361.20287534473334, 579.9999999999999], [641.2028753447333, 579.9999999999999], [641.2028753447333, 759.9999999999999], [361.20287534473334, 759.9999999999999], [361.20287534473334, 579.9999999999999]], [[200.0, 295.3167502954856], [200.0, 15.316750295485576], [340.0, 155.31675029548558], [200.0, 295.3167502954856]], [[188.31401363349983, 495.3167502954856], [8.314013633499826, 495.3167502954856], [188.31401363349983, 215.31675029548558], [188.31401363349983, 495.3167502954856]], [[388.3140136334998, 299.9999999999999], [668.3140136334998, 299.9999999999999], [668.3140136334998, 579.9999999999999], [388.3140136334998, 579.9999999999999], [388.3140136334998, 299.9999999999999]], [[181.20287534473331, 760.0], [261.20287534473334, 560.0], [361.20287534473334, 560.0], [361.20287534473334, 760.0], [181.20287534473331, 760.0]], [[644.6832497045144, 0.0], [644.6832497045144, 100.0], [464.6832497045144, 100.0], [464.6832497045144, 0.0], [644.6832497045144, 0.0]], [[184.68324970451442, 0.0], [464.6832497045144, 0.0], [464.6832497045144, 280.0], [184.68324970451442, 0.0]], [[0.0, 10.642355748885507], [200.0, 10.642355748885507], [200.0, 210.6423557488855], [0.0, 290.6423557488855], [0.0, 10.642355748885507]], [[0.0, 760.0], [80.0, 600.0], [160.0, 760.0], [0.0, 760.0]], [[18.9347710056999, 495.3167502954856], [298.9347710056999, 495.3167502954856], [158.9347710056999, 735.3167502954856], [18.9347710056999, 495.3167502954856]]]"
Mon Jul 20 18:48:47 2020,2,3,True,674.9971537698349,0.8444480051753854,"[0, 0, 1, 1, 1, 0, 2, 0, 2, 1, 2, 2]","[[[474.9971537698349, 480.0], [674.9971537698349, 480.0], [674.9971537698349, 680.0], [474.9971537698349, 680.0], [474.9971537698349, 480.0]], [[474.9971537698349, 0.0], [674.9971537698349, 0.0], [674.9971537698349, 200.0], [474.9971537698349, 200.0], [474.9971537698349, 0.0]], [[394.9971537698349, 155.78220524692347], [394.9971537698349, 435.78220524692347], [214.99715376983488, 435.78220524692347], [214.99715376983488, 155.78220524692347], [394.9971537698349, 155.78220524692347]], [[214.99715376983488, 165.00284623016512], [214.99715376983488, 445.0028462301651], [74.99715376983488, 305.0028462301651], [214.99715376983488, 165.00284623016512]], [[100.0, 0.0], [280.0, 0.0], [100.0, 280.0], [100.0, 0.0]], [[394.9971537698349, 200.0], [674.9971537698349, 200.0], [674.9971537698349, 480.0], [394.9971537698349, 480.0], [394.9971537698349, 200.0]], [[474.9971537698349, 187.78220524692347], [274.9971537698349, 107.78220524692347], [274.9971537698349, 7.782205246923468], [474.9971537698349, 7.782205246923468], [474.9971537698349, 187.78220524692347]], [[0.0, 30.097087378640936], [100.0, 30.097087378640936], [100.0, 210.09708737864094], [0.0, 210.09708737864094], [0.0, 30.097087378640936]], [[280.0, 510.00569246033024], [0.0, 510.00569246033024], [0.0, 230.00569246033024], [280.0, 510.00569246033024]], [[478.3399745370519, 510.00569246033024], [478.3399745370519, 710.0056924603302], [278.3399745370519, 710.0056924603302], [198.3399745370519, 510.00569246033024], [478.3399745370519, 510.00569246033024]], [[160.0, 510.00569246033024], [80.0, 670.0056924603302], [0.0, 510.00569246033024], [160.0, 510.00569246033024]], [[307.5033206018593, 760.0], [27.503320601859286, 760.0], [167.5033206018593, 520.0], [307.5033206018593, 760.0]]]"
Mon Jul 20 18:49:07 2020,2,1,True,681.7471253075332,0.8360871338370154,"[0, 0, 0, 2, 2, 0, 0, 0, 3, 1, 1, 1]","[[[0.0, 380.0], [200.0, 380.0], [200.0, 580.0], [0.0, 580.0], [0.0, 380.0]], [[367.9972676190415, 0.0], [567.9972676190415, 0.0], [567.9972676190415, 200.0], [367.9972676190415, 200.0], [367.9972676190415, 0.0]], [[0.0, 580.0], [280.0, 580.0], [280.0, 760.0], [0.0, 760.0], [0.0, 580.0]], [[560.0, 758.1667007544497], [280.0, 758.1667007544497], [420.0, 618.1667007544497], [560.0, 758.1667007544497]], [[357.62715024690795, 200.0], [357.62715024690795, 380.0], [77.62715024690795, 200.0], [357.62715024690795, 200.0]], [[375.57794070175214, 195.58716616380514], [655.5779407017521, 195.58716616380514], [655.5779407017521, 475.58716616380514], [375.57794070175214, 475.58716616380514], [375.57794070175214, 195.58716616380514]], [[0.0, 200.0], [200.0, 280.0], [200.0, 380.0], [0.0, 380.0], [0.0, 200.0]], [[567.9972676190415, 0.0], [667.9972676190415, 0.0], [667.9972676190415, 180.0], [567.9972676190415, 180.0], [567.9972676190415, 0.0]], [[280.0, 755.5871661638051], [280.0, 475.58716616380514], [560.0, 475.58716616380514], [280.0, 755.5871661638051]], [[367.9972676190415, 0.0], [367.9972676190415, 200.0], [167.9972676190415, 200.0], [87.99726761904151, 0.0], [367.9972676190415, 0.0]], [[200.0, 301.186424876546], [360.0, 381.186424876546], [200.0, 461.186424876546], [200.0, 301.186424876546]], [[658.2734224543458, 477.15953051948486], [658.2734224543458, 757.1595305194849], [418.2734224543458, 617.1595305194849], [658.2734224543458, 477.15953051948486]]]"
Mon Jul 20 18:49:19 2020,2,1,True,688.5645965606086,0.8278090434029854,"[0, 0, 0, 0, 2, 0, 0, 0, 2, 1, 1, 1]","[[[0.0, 374.3367248592044], [200.0, 374.3367248592044], [200.0, 574.3367248592044], [0.0, 574.3367248592044], [0.0, 374.3367248592044]], [[374.2653100563182, 0.0], [574.2653100563182, 0.0], [574.2653100563182, 200.0], [374.2653100563182, 200.0], [374.2653100563182, 0.0]], [[0.0, 579.036724004266], [280.0, 579.036724004266], [280.0, 759.036724004266], [0.0, 759.036724004266], [0.0, 579.036724004266]], [[308.56459656060855, 480.0], [588.5645965606086, 480.0], [448.56459656060855, 620.0], [308.56459656060855, 480.0]], [[364.3650946634598, 200.0], [364.3650946634598, 380.0], [84.36509466345979, 200.0], [364.3650946634598, 200.0]], [[380.96327599573397, 200.0], [660.963275995734, 200.0], [660.963275995734, 480.0], [380.96327599573397, 480.0], [380.96327599573397, 200.0]], [[0.0, 194.33672485920442], [200.0, 274.3367248592044], [200.0, 374.3367248592044], [0.0, 374.3367248592044], [0.0, 194.33672485920442]], [[0.0, 14.336724859204423], [100.0, 14.336724859204423], [100.0, 194.33672485920442], [0.0, 194.33672485920442], [0.0, 14.336724859204423]], [[588.5645965606086, 760.0], [308.5645965606086, 760.0], [308.5645965606086, 480.0], [588.5645965606086, 760.0]], [[374.26531005631824, 0.0], [374.26531005631824, 200.0], [174.26531005631824, 200.0], [94.26531005631824, 0.0], [374.26531005631824, 0.0]], [[199.89114684219976, 374.3367248592044], [359.89114684219976, 454.3367248592044], [199.89114684219976, 534.3367248592044], [199.89114684219976, 374.3367248592044]], [[688.5645965606086, 480.0], [688.5645965606086, 760.0], [448.5645965606086, 620.0], [688.5645965606086, 480.0]]]"
Mon Jul 20 18:49:19 2020,2,0,True,661.0220126981842,0.8623010868781099,"[0, 0, 0, 0, 2, 0, 0, 0, 2, 1, 1, 1]","[[[0.0, 374.3367248592044], [200.0, 374.3367248592044], [200.0, 574.3367248592044], [0.0, 574.3367248592044], [0.0, 374.3367248592044]], [[374.2653100563182, 0.0], [574.2653100563182, 0.0], [574.2653100563182, 200.0], [374.2653100563182, 200.0], [374.2653100563182, 0.0]], [[0.0, 579.036724004266], [280.0, 579.036724004266], [280.0, 759.036724004266], [0.0, 759.036724004266], [0.0, 579.036724004266]], [[280.96327599573374, 480.0], [560.9632759957337, 480.0], [420.96327599573374, 620.0], [280.96327599573374, 480.0]], [[364.3650946634598, 200.0], [364.3650946634598, 380.0], [84.36509466345979, 200.0], [364.3650946634598, 200.0]], [[380.96327599573397, 200.0], [660.963275995734, 200.0], [660.963275995734, 480.0], [380.96327599573397, 480.0], [380.96327599573397, 200.0]], [[0.0, 194.33672485920442], [200.0, 274.3367248592044], [200.0, 374.3367248592044], [0.0, 374.3367248592044], [0.0, 194.33672485920442]], [[0.0, 14.336724859204423], [100.0, 14.336724859204423], [100.0, 194.33672485920442], [0.0, 194.33672485920442], [0.0, 14.336724859204423]], [[561.0220126981842, 760.0], [281.0220126981842, 760.0], [281.0220126981842, 480.0], [561.0220126981842, 760.0]], [[374.26531005631824, 0.0], [374.26531005631824, 200.0], [174.26531005631824, 200.0], [94.26531005631824, 0.0], [374.26531005631824, 0.0]], [[200.0, 297.1938677163473], [360.0, 377.1938677163473], [200.0, 457.1938677163473], [200.0, 297.1938677163473]], [[660.9632759957337, 480.0], [660.9632759957337, 760.0], [420.96327599573374, 620.0], [660.9632759957337, 480.0]]]"
Mon Jul 20 18:49:44 2020,2,1,True,667.632232825166,0.8537634523545642,"[0, 0, 1, 2, 3, 0, 2, 0, 3, 3, 1, 0]","[[[234.58113219025677, 0.0], [434.58113219025677, 0.0], [434.58113219025677, 200.0], [234.58113219025677, 200.0], [234.58113219025677, 0.0]], [[434.58113219025677, 0.0], [634.5811321902568, 0.0], [634.5811321902568, 200.0], [434.58113219025677, 200.0], [434.58113219025677, 0.0]], [[634.5811321902568, 480.0], [634.5811321902568, 760.0], [454.58113219025677, 760.0], [454.58113219025677, 480.0], [634.5811321902568, 480.0]], [[322.7094339048716, 480.0], [42.70943390487162, 480.0], [182.70943390487162, 340.0], [322.7094339048716, 480.0]], [[454.58113219025677, 760.0], [274.58113219025677, 760.0], [454.58113219025677, 480.0], [454.58113219025677, 760.0]], [[372.7094339048716, 200.0], [652.7094339048716, 200.0], [652.7094339048716, 480.0], [372.7094339048716, 480.0], [372.7094339048716, 200.0]], [[234.58113219025677, 180.0], [34.58113219025677, 100.0], [34.58113219025677, 0.0], [234.58113219025677, 0.0], [234.58113219025677, 180.0]], [[272.7094339048716, 250.0], [372.7094339048716, 250.0], [372.7094339048716, 430.0], [272.7094339048716, 430.0], [272.7094339048716, 250.0]], [[0.0, 522.7094339048716], [0.0, 242.70943390487162], [280.0, 242.70943390487162], [0.0, 522.7094339048716]], [[0.0, 751.5706500737327], [0.0, 551.5706500737327], [200.0, 551.5706500737327], [280.0, 751.5706500737327], [0.0, 751.5706500737327]], [[0.0, 82.70943390487162], [160.0, 162.70943390487162], [0.0, 242.70943390487162], [0.0, 82.70943390487162]], [[158.2504541236559, 480.0], [438.2504541236559, 480.0], [298.2504541236559, 720.0], [158.2504541236559, 480.0]]]"
Mon Jul 20 18:49:47 2020,2,0,True,640.9269435121594,0.8893369295360045,"[0, 0, 1, 2, 3, 0, 2, 0, 3, 3, 1, 0]","[[[234.58113219025677, 0.0], [434.58113219025677, 0.0], [434.58113219025677, 200.0], [234.58113219025677, 200.0], [234.58113219025677, 0.0]], [[434.58113219025677, 0.0], [634.5811321902568, 0.0], [634.5811321902568, 200.0], [434.58113219025677, 200.0], [434.58113219025677, 0.0]], [[640.9269435121594, 480.0], [640.9269435121594, 760.0], [460.92694351215937, 760.0], [460.92694351215937, 480.0], [640.9269435121594, 480.0]], [[310.92694351215937, 491.78249039271225], [30.92694351215937, 491.78249039271225], [170.92694351215937, 351.78249039271225], [310.92694351215937, 491.78249039271225]], [[462.0666251243971, 760.0], [282.0666251243971, 760.0], [462.0666251243971, 480.0], [462.0666251243971, 760.0]], [[360.92694351215937, 200.0], [640.9269435121594, 200.0], [640.9269435121594, 480.0], [360.92694351215937, 480.0], [360.92694351215937, 200.0]], [[234.58113219025677, 180.0], [34.58113219025677, 100.0], [34.58113219025677, 0.0], [234.58113219025677, 0.0], [234.58113219025677, 180.0]], [[260.92694351215937, 261.78249039271225], [360.92694351215937, 261.78249039271225], [360.92694351215937, 441.78249039271225], [260.92694351215937, 441.78249039271225], [260.92694351215937, 261.78249039271225]], [[0.0, 522.7094339048716], [0.0, 242.70943390487162], [280.0, 242.70943390487162], [0.0, 522.7094339048716]], [[0.0, 760.0], [0.0, 560.0], [200.0, 560.0], [280.0, 760.0], [0.0, 760.0]], [[0.0, 82.70943390487162], [160.0, 162.70943390487162], [0.0, 242.70943390487162], [0.0, 82.70943390487162]], [[160.20645272908212, 491.78249039271225], [440.2064527290821, 491.78249039271225], [300.2064527290821, 731.7824903927122], [160.20645272908212, 491.78249039271225]]]"
Mon Jul 20 18:51:52 2020,2,5,False,647.336212947281,0.8805316134019846,"[0, 0, 0, 2, 1, 0, 3, 1, 2, 2, 1, 1]","[[[167.33621294728096, 0.0], [367.33621294728096, 0.0], [367.33621294728096, 200.0], [167.33621294728096, 200.0], [167.33621294728096, 0.0]], [[0.0, 200.0], [200.0, 200.0], [200.0, 400.0], [0.0, 400.0], [0.0, 200.0]], [[367.33621294728096, 187.33621294728096], [647.336212947281, 187.33621294728096], [647.336212947281, 367.33621294728096], [367.33621294728096, 367.33621294728096], [367.33621294728096, 187.33621294728096]], [[647.336212947281, 187.33621294728096], [367.33621294728096, 187.33621294728096], [507.33621294728096, 47.336212947280956], [647.336212947281, 187.33621294728096]], [[187.33621294728096, 200.0], [367.33621294728096, 200.0], [187.33621294728096, 480.0], [187.33621294728096, 200.0]], [[367.33621294728096, 367.33621294728096], [647.336212947281, 367.33621294728096], [647.336212947281, 647.336212947281], [367.33621294728096, 647.336212947281], [367.33621294728096, 367.33621294728096]], [[0.0, 200.0], [80.0, 0.0], [180.0, 0.0], [180.0, 200.0], [0.0, 200.0]], [[647.336212947281, 647.336212947281], [647.336212947281, 747.336212947281], [467.33621294728096, 747.336212947281], [467.33621294728096, 647.336212947281], [647.336212947281, 647.336212947281]], [[479.99999999999994, 760.0], [199.99999999999994, 760.0], [199.99999999999994, 480.0], [479.99999999999994, 760.0]], [[200.0, 760.0], [0.0, 760.0], [0.0, 560.0], [200.0, 480.0], [200.0, 760.0]], [[0.0, 400.0], [160.0, 480.0], [0.0, 560.0], [0.0, 400.0]], [[367.33621294728096, 297.6127908859139], [367.33621294728096, 577.6127908859139], [127.33621294728096, 437.6127908859139], [367.33621294728096, 297.6127908859139]]]"
Mon Jul 20 18:53:19 2020,2,3,True,653.8095750767537,0.8718134786158265,"[0, 0, 1, 3, 1, 0, 0, 0, 0, 1, 3, 2]","[[[453.80957507675373, 0.0], [653.8095750767537, 0.0], [653.8095750767537, 200.0], [453.80957507675373, 200.0], [453.80957507675373, 0.0]], [[0.0, 560.0], [200.0, 560.0], [200.0, 760.0], [0.0, 760.0], [0.0, 560.0]], [[180.0, 100.0], [180.0, 380.0], [0.0, 380.0], [0.0, 100.0], [180.0, 100.0]], [[180.0, 400.0], [180.0, 120.0], [320.0, 260.0], [180.0, 400.0]], [[200.0, 480.0], [380.0, 480.0], [200.0, 760.0], [200.0, 480.0]], [[360.0, 200.0], [640.0, 200.0], [640.0, 480.0], [360.0, 480.0], [360.0, 200.0]], [[0.0, 380.0], [200.0, 460.0], [200.0, 560.0], [0.0, 560.0], [0.0, 380.0]], [[353.80957507675373, 0.0], [453.80957507675373, 0.0], [453.80957507675373, 180.0], [353.80957507675373, 180.0], [353.80957507675373, 0.0]], [[73.80957507675373, 0.0], [353.80957507675373, 0.0], [353.80957507675373, 280.0], [73.80957507675373, 0.0]], [[653.509015256588, 490.09708737864094], [653.509015256588, 690.0970873786409], [453.509015256588, 690.0970873786409], [373.509015256588, 490.09708737864094], [653.509015256588, 490.09708737864094]], [[340.0, 480.0], [180.0, 400.0], [340.0, 320.0], [340.0, 480.0]], [[494.2857142857143, 760.0], [214.28571428571428, 760.0], [354.2857142857143, 520.0], [494.2857142857143, 760.0]]]"
Mon Jul 20 18:54:11 2020,2,3,True,660.3476708275213,0.8631816619958678,"[0, 0, 1, 2, 1, 0, 3, 0, 3, 1, 1, 1]","[[[0.0, 280.0], [200.0, 280.0], [200.0, 480.0], [0.0, 480.0], [0.0, 280.0]], [[200.0, 280.0], [400.0, 280.0], [400.0, 480.0], [200.0, 480.0], [200.0, 280.0]], [[180.0, 480.0], [180.0, 760.0], [0.0, 760.0], [0.0, 480.0], [180.0, 480.0]], [[460.0, 760.0], [180.0, 760.0], [320.0, 620.0], [460.0, 760.0]], [[180.0, 480.0], [360.0, 480.0], [180.0, 760.0], [180.0, 480.0]], [[0.0, 0.0], [280.0, 0.0], [280.0, 280.0], [0.0, 280.0], [0.0, 0.0]], [[480.0, 200.0], [560.0, 0.0], [660.0, 0.0], [660.0, 200.0], [480.0, 200.0]], [[558.188971429129, 448.9206503008039], [658.188971429129, 448.9206503008039], [658.188971429129, 628.9206503008039], [558.188971429129, 628.9206503008039], [558.188971429129, 448.9206503008039]], [[280.0, 280.0], [280.0, 0.0], [560.0, 0.0], [280.0, 280.0]], [[660.3476708275213, 200.0], [660.3476708275213, 400.0], [460.34767082752126, 400.0], [380.34767082752126, 200.0], [660.3476708275213, 200.0]], [[398.1889714291289, 368.9206503008038], [558.188971429129, 448.9206503008038], [398.1889714291289, 528.9206503008038], [398.1889714291289, 368.9206503008038]], [[530.4755101680323, 462.7773809313521], [530.4755101680323, 742.7773809313521], [290.4755101680323, 602.7773809313521], [530.4755101680323, 462.7773809313521]]]"
Mon Jul 20 18:54:57 2020,2,3,True,666.9511475357965,0.8546353089067997,"[0, 0, 1, 1, 1, 0, 3, 1, 2, 2, 1, 0]","[[[0.0, 0.0], [200.0, 0.0], [200.0, 200.0], [0.0, 200.0], [0.0, 0.0]], [[240.0, 141.7030590989341], [440.0, 141.7030590989341], [440.0, 341.7030590989341], [240.0, 341.7030590989341], [240.0, 141.7030590989341]], [[180.0, 480.0], [180.0, 760.0], [0.0, 760.0], [0.0, 480.0], [180.0, 480.0]], [[240.0, 160.0], [240.0, 440.0], [100.0, 300.0], [240.0, 160.0]], [[460.0, 452.1554938625968], [640.0, 452.1554938625968], [460.0, 732.1554938625968], [460.0, 452.1554938625968]], [[180.0, 480.0], [460.0, 480.0], [460.0, 760.0], [180.0, 760.0], [180.0, 480.0]], [[486.9511475357965, 760.0], [566.9511475357965, 560.0], [666.9511475357965, 560.0], [666.9511475357965, 760.0], [486.9511475357965, 760.0]], [[421.7030590989341, 341.7030590989341], [421.7030590989341, 441.7030590989341], [241.7030590989341, 441.7030590989341], [241.7030590989341, 341.7030590989341], [421.7030590989341, 341.7030590989341]], [[280.0, 480.0], [0.0, 480.0], [0.0, 200.0], [280.0, 480.0]], [[666.9511475357965, 452.15549386259676], [466.9511475357965, 452.15549386259676], [466.9511475357965, 252.15549386259676], [666.9511475357965, 172.15549386259676], [666.9511475357965, 452.15549386259676]], [[200.0, 0.0], [360.0, 80.0], [200.0, 160.0], [200.0, 0.0]], [[357.3398821922884, 0.0], [637.3398821922884, 0.0], [497.3398821922884, 240.0], [357.3398821922884, 0.0]]]"
Mon Jul 20 18:55:09 2020,2,1,True,673.6206590111544,0.8461735731750493,"[0, 0, 1, 0, 1, 0, 3, 0, 2, 0, 0, 1]","[[[0.0, 0.0], [200.0, 0.0], [200.0, 200.0], [0.0, 200.0], [0.0, 0.0]], [[300.0, 0.0], [500.0, 0.0], [500.0, 200.0], [300.0, 200.0], [300.0, 0.0]], [[673.6206590111544, 480.0], [673.6206590111544, 760.0], [493.62065901115443, 760.0], [493.62065901115443, 480.0], [673.6206590111544, 480.0]], [[0.0, 480.0], [280.0, 480.0], [140.0, 620.0], [0.0, 480.0]], [[280.0, 200.0], [460.0, 200.0], [280.0, 480.0], [280.0, 200.0]], [[0.0, 200.0], [280.0, 200.0], [280.0, 480.0], [0.0, 480.0], [0.0, 200.0]], [[493.62065901115443, 214.35148941091336], [573.6206590111544, 14.35148941091336], [673.6206590111544, 14.35148941091336], [673.6206590111544, 214.35148941091336], [493.62065901115443, 214.35148941091336]], [[200.0, 0.0], [300.0, 0.0], [300.0, 180.0], [200.0, 180.0], [200.0, 0.0]], [[280.0, 760.0], [0.0, 760.0], [0.0, 480.0], [280.0, 760.0]], [[457.741935483871, 214.35148941091336], [657.741935483871, 214.35148941091336], [657.741935483871, 414.35148941091336], [457.741935483871, 494.35148941091336], [457.741935483871, 214.35148941091336]], [[297.741935483871, 487.9569892473118], [377.741935483871, 327.9569892473118], [457.741935483871, 487.9569892473118], [297.741935483871, 487.9569892473118]], [[493.62065901115443, 480.0], [493.62065901115443, 760.0], [253.62065901115443, 620.0], [493.62065901115443, 480.0]]]"
Mon Jul 20 18:55:53 2020,2,3,True,680.356865601266,0.8377956170049993,"[0, 0, 1, 1, 1, 0, 1, 1, 2, 1, 0, 0]","[[[0.0, 560.0], [200.0, 560.0], [200.0, 760.0], [0.0, 760.0], [0.0, 560.0]], [[196.37577529430928, 346.00366639361664], [396.3757752943093, 346.00366639361664], [396.3757752943093, 546.0036663936166], [196.37577529430928, 546.0036663936166], [196.37577529430928, 346.00366639361664]], [[180.0, 280.0], [180.0, 560.0], [0.0, 560.0], [0.0, 280.0], [180.0, 280.0]], [[663.200381715577, 216.52454906486878], [663.200381715577, 496.5245490648688], [523.200381715577, 356.5245490648688], [663.200381715577, 216.52454906486878]], [[280.0, 0.0], [460.0, 0.0], [280.0, 280.0], [280.0, 0.0]], [[0.0, 0.0], [280.0, 0.0], [280.0, 280.0], [0.0, 280.0], [0.0, 0.0]], [[380.0, 546.0036663936166], [300.0, 746.0036663936166], [200.0, 746.0036663936166], [200.0, 546.0036663936166], [380.0, 546.0036663936166]], [[608.954495922618, 48.29300634259437], [608.954495922618, 148.29300634259437], [428.954495922618, 148.29300634259437], [428.954495922618, 48.29300634259437], [608.954495922618, 48.29300634259437]], [[676.3757752943093, 560.0], [396.3757752943093, 560.0], [396.3757752943093, 280.0], [676.3757752943093, 560.0]], [[654.4014665574466, 560.0], [654.4014665574466, 760.0], [454.4014665574466, 760.0], [374.4014665574466, 560.0], [654.4014665574466, 560.0]], [[293.0018331968083, 760.0], [373.0018331968083, 600.0], [453.0018331968083, 760.0], [293.0018331968083, 760.0]], [[364.66878163690365, 148.29300634259437], [644.6687816369036, 148.29300634259437], [504.66878163690365, 388.29300634259437], [364.66878163690365, 148.29300634259437]]]"
Mon Jul 20 18:55:55 2020,2,0,True,653.1425909772154,0.8727037677135409,"[0, 0, 1, 3, 1, 0, 1, 1, 1, 1, 0, 0]","[[[0.0, 560.0], [200.0, 560.0], [200.0, 760.0], [0.0, 760.0], [0.0, 560.0]], [[180.0, 280.0], [380.0, 280.0], [380.0, 480.0], [180.0, 480.0], [180.0, 280.0]], [[180.0, 280.0], [180.0, 560.0], [0.0, 560.0], [0.0, 280.0], [180.0, 280.0]], [[380.0, 521.9689341693386], [380.0, 241.96893416933858], [520.0, 381.9689341693386], [380.0, 521.9689341693386]], [[280.0, 0.0], [460.0, 0.0], [280.0, 280.0], [280.0, 0.0]], [[0.0, 0.0], [280.0, 0.0], [280.0, 280.0], [0.0, 280.0], [0.0, 0.0]], [[380.0, 536.7668156829061], [300.0, 736.7668156829061], [200.0, 736.7668156829061], [200.0, 536.7668156829061], [380.0, 536.7668156829061]], [[617.4283052629296, 35.11152514655407], [617.4283052629296, 135.11152514655407], [437.4283052629296, 135.11152514655407], [437.4283052629296, 35.11152514655407], [617.4283052629296, 35.11152514655407]], [[645.2021184864325, 256.7668156829061], [645.2021184864325, 536.7668156829061], [365.2021184864325, 536.7668156829061], [645.2021184864325, 256.7668156829061]], [[653.1425909772154, 560.0], [653.1425909772154, 760.0], [453.1425909772154, 760.0], [373.1425909772154, 560.0], [653.1425909772154, 560.0]], [[293.0018331968083, 760.0], [373.0018331968083, 600.0], [453.0018331968083, 760.0], [293.0018331968083, 760.0]], [[373.1425909772154, 135.11152514655396], [653.1425909772154, 135.11152514655396], [513.1425909772154, 375.11152514655396], [373.1425909772154, 135.11152514655396]]]"
Mon Jul 20 18:56:10 2020,2,1,True,659.6740168869875,0.8640631363500406,"[0, 0, 1, 1, 1, 0, 1, 0, 2, 1, 2, 2]","[[[0.0, 0.0], [200.0, 0.0], [200.0, 200.0], [0.0, 200.0], [0.0, 0.0]], [[146.53084036957807, 280.0], [346.5308403695781, 280.0], [346.5308403695781, 480.0], [146.53084036957807, 480.0], [146.53084036957807, 280.0]], [[659.6740168869875, 0.0], [659.6740168869875, 280.0], [479.6740168869875, 280.0], [479.6740168869875, 0.0], [659.6740168869875, 0.0]], [[659.6740168869875, 313.1431765174094], [659.6740168869875, 593.1431765174094], [519.6740168869875, 453.1431765174094], [659.6740168869875, 313.1431765174094]], [[118.8067549352506, 480.0], [298.8067549352506, 480.0], [118.8067549352506, 760.0], [118.8067549352506, 480.0]], [[199.6740168869875, 0.0], [479.6740168869875, 0.0], [479.6740168869875, 280.0], [199.6740168869875, 280.0], [199.6740168869875, 0.0]], [[180.0, 196.32710092394518], [100.0, 396.3271009239452], [0.0, 396.3271009239452], [0.0, 196.32710092394518], [180.0, 196.32710092394518]], [[0.0, 527.0168873381265], [100.0, 527.0168873381265], [100.0, 707.0168873381265], [0.0, 707.0168873381265], [0.0, 527.0168873381265]], [[626.5308403695781, 560.0], [346.5308403695781, 560.0], [346.5308403695781, 280.0], [626.5308403695781, 560.0]], [[626.5308403695781, 560.0], [626.5308403695781, 760.0], [426.5308403695781, 760.0], [346.5308403695781, 560.0], [626.5308403695781, 560.0]], [[586.5308403695781, 280.0], [506.5308403695781, 440.0], [426.5308403695781, 280.0], [586.5308403695781, 280.0]], [[426.5308403695781, 760.0], [146.53084036957807, 760.0], [286.5308403695781, 520.0], [426.5308403695781, 760.0]]]"
Mon Jul 20 18:56:27 2020,2,1,True,666.2707570558574,0.8555080557921193,"[0, 0, 1, 1, 1, 0, 0, 1, 0, 1, 0, 2]","[[[0.0, 560.0], [200.0, 560.0], [200.0, 760.0], [0.0, 760.0], [0.0, 560.0]], [[0.0, 0.0], [200.0, 0.0], [200.0, 200.0], [0.0, 200.0], [0.0, 0.0]], [[180.0, 280.0], [180.0, 560.0], [0.0, 560.0], [0.0, 280.0], [180.0, 280.0]], [[665.4687990355202, 69.27075705585753], [665.4687990355202, 349.27075705585753], [525.4687990355202, 209.27075705585753], [665.4687990355202, 69.27075705585753]], [[480.0, 0.0], [660.0, 0.0], [480.0, 280.0], [480.0, 0.0]], [[200.0, 0.0], [480.0, 0.0], [480.0, 280.0], [200.0, 280.0], [200.0, 0.0]], [[180.0, 351.66666666666674], [380.0, 431.66666666666674], [380.0, 531.6666666666667], [180.0, 531.6666666666667], [180.0, 351.66666666666674]], [[425.8767406514371, 280.0], [425.8767406514371, 380.0], [245.8767406514371, 380.0], [245.8767406514371, 280.0], [425.8767406514371, 280.0]], [[386.2707570558574, 449.2707570558574], [666.2707570558574, 449.2707570558574], [666.2707570558574, 729.2707570558574], [386.2707570558574, 449.2707570558574]], [[468.6666666666667, 531.6666666666667], [468.6666666666667, 731.6666666666667], [268.6666666666667, 731.6666666666667], [188.66666666666669, 531.6666666666667], [468.6666666666667, 531.6666666666667]], [[457.0, 760.0], [537.0, 600.0], [617.0, 760.0], [457.0, 760.0]], [[665.4687990355202, 449.27075705585753], [385.4687990355202, 449.27075705585753], [525.4687990355202, 209.27075705585753], [665.4687990355202, 449.27075705585753]]]"
Mon Jul 20 18:56:44 2020,2,1,True,672.933464626416,0.8470376790020983,"[0, 0, 1, 1, 1, 0, 3, 1, 3, 1, 1, 2]","[[[12.933464626416026, 560.0], [212.93346462641603, 560.0], [212.93346462641603, 760.0], [12.933464626416026, 760.0], [12.933464626416026, 560.0]], [[0.0, 100.0], [200.0, 100.0], [200.0, 300.0], [0.0, 300.0], [0.0, 100.0]], [[672.933464626416, 480.0], [672.933464626416, 760.0], [492.933464626416, 760.0], [492.933464626416, 480.0], [672.933464626416, 480.0]], [[647.3099633868114, 72.30996338681166], [647.3099633868114, 352.30996338681166], [507.30996338681143, 212.30996338681166], [647.3099633868114, 72.30996338681166]], [[320.0, 280.0], [500.0, 280.0], [320.0, 560.0], [320.0, 280.0]], [[200.0, 0.0], [480.0, 0.0], [480.0, 280.0], [200.0, 280.0], [200.0, 0.0]], [[140.0, 560.0], [220.0, 360.0], [320.0, 360.0], [320.0, 560.0], [140.0, 560.0]], [[200.0, 0.0], [200.0, 100.0], [20.0, 100.0], [20.0, 0.0], [200.0, 0.0]], [[0.0, 580.0], [0.0, 300.0], [280.0, 300.0], [0.0, 580.0]], [[492.933464626416, 560.0], [492.933464626416, 760.0], [292.933464626416, 760.0], [212.93346462641603, 560.0], [492.933464626416, 560.0]], [[479.6199267736231, 0.0], [639.6199267736231, 80.0], [479.6199267736231, 160.0], [479.6199267736231, 0.0]], [[663.3333333333334, 480.0], [383.33333333333337, 480.0], [523.3333333333334, 240.0], [663.3333333333334, 480.0]]]"
Mon Jul 20 18:56:56 2020,2,1,True,679.6627992726802,0.8386511673288101,"[0, 0, 1, 3, 1, 0, 1, 0, 1, 0, 0, 1]","[[[0.0, 560.0], [200.0, 560.0], [200.0, 760.0], [0.0, 760.0], [0.0, 560.0]], [[200.0, 280.0], [400.0, 280.0], [400.0, 480.0], [200.0, 480.0], [200.0, 280.0]], [[380.0, 480.0], [380.0, 760.0], [200.0, 760.0], [200.0, 480.0], [380.0, 480.0]], [[480.0, 638.1572598092071], [480.0, 358.15725980920706], [620.0, 498.15725980920706], [480.0, 638.1572598092071]], [[0.0, 0.0], [180.0, 0.0], [0.0, 280.0], [0.0, 0.0]], [[182.85714285714283, 0.0], [462.85714285714283, 0.0], [462.85714285714283, 280.0], [182.85714285714283, 280.0], [182.85714285714283, 0.0]], [[646.0161260413594, 0.0], [566.0161260413594, 200.0], [466.01612604135937, 200.0], [466.01612604135937, 0.0], [646.0161260413594, 0.0]], [[380.0, 480.0], [480.0, 480.0], [480.0, 660.0], [380.0, 660.0], [380.0, 480.0]], [[660.0, 479.9999999999999], [660.0, 759.9999999999999], [380.0, 759.9999999999999], [660.0, 479.9999999999999]], [[0.0, 280.0], [200.0, 280.0], [200.0, 480.0], [0.0, 560.0], [0.0, 280.0]], [[22.857142857142833, 280.0], [102.85714285714283, 120.0], [182.85714285714283, 280.0], [22.857142857142833, 280.0]], [[644.436634449251, 174.0786299046036], [644.436634449251, 454.0786299046036], [404.43663444925096, 314.0786299046036], [644.436634449251, 174.0786299046036]]]"
Mon Jul 20 18:57:03 2020,2,1,True,686.459427265407,0.8303476904245645,"[0, 0, 1, 3, 1, 0, 1, 0, 1, 2, 0, 1]","[[[200.0, 280.0], [400.0, 280.0], [400.0, 480.0], [200.0, 480.0], [200.0, 280.0]], [[0.0, 560.0], [200.0, 560.0], [200.0, 760.0], [0.0, 760.0], [0.0, 560.0]], [[380.0, 480.0], [380.0, 760.0], [200.0, 760.0], [200.0, 480.0], [380.0, 480.0]], [[496.02018262347883, 636.4561046782942], [496.02018262347883, 356.4561046782942], [636.0201826234788, 496.4561046782942], [496.02018262347883, 636.4561046782942]], [[0.0, 0.0], [180.0, 0.0], [0.0, 280.0], [0.0, 0.0]], [[180.0, 0.0], [460.0, 0.0], [460.0, 280.0], [180.0, 280.0], [180.0, 0.0]], [[646.0161260413594, 0.0], [566.0161260413594, 200.0], [466.01612604135937, 200.0], [466.01612604135937, 0.0], [646.0161260413594, 0.0]], [[396.02018262347883, 356.4561046782942], [496.02018262347883, 356.4561046782942], [496.02018262347883, 536.4561046782942], [396.02018262347883, 536.4561046782942], [396.02018262347883, 356.4561046782942]], [[660.0, 472.4762873017728], [660.0, 752.4762873017728], [380.0, 752.4762873017728], [660.0, 472.4762873017728]], [[200.0, 560.0], [0.0, 560.0], [0.0, 360.0], [200.0, 280.0], [200.0, 560.0]], [[16.923076923076906, 289.2307692307692], [96.9230769230769, 129.23076923076923], [176.9230769230769, 289.2307692307692], [16.923076923076906, 289.2307692307692]], [[655.4843503224527, 169.4768691693622], [655.4843503224527, 449.4768691693622], [415.48435032245266, 309.4768691693622], [655.4843503224527, 169.4768691693622]]]"
Mon Jul 20 18:57:03 2020,2,0,True,659.0010501747907,0.8649455108589214,"[0, 0, 1, 3, 1, 0, 1, 0, 1, 2, 0, 1]","[[[200.0, 280.0], [400.0, 280.0], [400.0, 480.0], [200.0, 480.0], [200.0, 280.0]], [[0.0, 560.0], [200.0, 560.0], [200.0, 760.0], [0.0, 760.0], [0.0, 560.0]], [[380.0, 480.0], [380.0, 760.0], [200.0, 760.0], [200.0, 480.0], [380.0, 480.0]], [[496.02018262347883, 636.4561046782942], [496.02018262347883, 356.4561046782942], [636.0201826234788, 496.4561046782942], [496.02018262347883, 636.4561046782942]], [[0.0, 0.0], [180.0, 0.0], [0.0, 280.0], [0.0, 0.0]], [[180.0, 0.0], [460.0, 0.0], [460.0, 280.0], [180.0, 280.0], [180.0, 0.0]], [[646.0161260413594, 0.0], [566.0161260413594, 200.0], [466.01612604135937, 200.0], [466.01612604135937, 0.0], [646.0161260413594, 0.0]], [[380.0, 480.0], [480.0, 480.0], [480.0, 660.0], [380.0, 660.0], [380.0, 480.0]], [[659.0010501747907, 480.0], [659.0010501747907, 760.0], [379.00105017479075, 760.0], [659.0010501747907, 480.0]], [[200.0, 560.0], [0.0, 560.0], [0.0, 360.0], [200.0, 280.0], [200.0, 560.0]], [[16.923076923076906, 289.2307692307692], [96.9230769230769, 129.23076923076923], [176.9230769230769, 289.2307692307692], [16.923076923076906, 289.2307692307692]], [[655.4843503224527, 169.4768691693622], [655.4843503224527, 449.4768691693622], [415.48435032245266, 309.4768691693622], [655.4843503224527, 169.4768691693622]]]"
Mon Jul 20 18:58:31 2020,2,5,False,665.5910606765386,0.8563816939197241,"[0, 0, 0, 2, 3, 0, 0, 1, 3, 0, 2, 1]","[[[200.0, 460.0], [400.0, 460.0], [400.0, 660.0], [200.0, 660.0], [200.0, 460.0]], [[380.0, 0.0], [580.0, 0.0], [580.0, 200.0], [380.0, 200.0], [380.0, 0.0]], [[0.0, 280.0], [280.0, 280.0], [280.0, 460.0], [0.0, 460.0], [0.0, 280.0]], [[280.0, 280.0], [0.0, 280.0], [140.0, 140.0], [280.0, 280.0]], [[665.5910606765386, 480.0], [485.59106067653863, 480.0], [665.5910606765386, 200.0], [665.5910606765386, 480.0]], [[385.59106067653863, 480.0], [665.5910606765386, 480.0], [665.5910606765386, 760.0], [385.59106067653863, 760.0], [385.59106067653863, 480.0]], [[280.0, 240.0], [480.0, 320.0], [480.0, 420.0], [280.0, 420.0], [280.0, 240.0]], [[380.0, 660.0], [380.0, 760.0], [200.0, 760.0], [200.0, 660.0], [380.0, 660.0]], [[0.0, 280.0], [0.0, 0.0], [280.0, 0.0], [0.0, 280.0]], [[0.0, 460.0], [200.0, 460.0], [200.0, 660.0], [0.0, 740.0], [0.0, 460.0]], [[607.4460890459857, 254.89217809197123], [527.4460890459857, 414.89217809197123], [447.4460890459857, 254.89217809197123], [607.4460890459857, 254.89217809197123]], [[380.0, 0.0], [380.0, 280.0], [140.0, 140.0], [380.0, 0.0]]]"
Mon Jul 20 18:58:48 2020,2,1,True,672.246971283304,0.8479026672472516,"[0, 0, 1, 1, 1, 0, 3, 1, 3, 2, 0, 0]","[[[200.0, 280.0], [400.0, 280.0], [400.0, 480.0], [200.0, 480.0], [200.0, 280.0]], [[0.0, 280.0], [200.0, 280.0], [200.0, 480.0], [0.0, 480.0], [0.0, 280.0]], [[660.0, 480.0], [660.0, 760.0], [480.0, 760.0], [480.0, 480.0], [660.0, 480.0]], [[280.0, 0.0], [280.0, 280.0], [140.0, 140.0], [280.0, 0.0]], [[280.0, 0.0], [460.0, 0.0], [280.0, 280.0], [280.0, 0.0]], [[200.0, 480.0], [480.0, 480.0], [480.0, 760.0], [200.0, 760.0], [200.0, 480.0]], [[492.246971283304, 480.0], [572.246971283304, 280.0], [672.246971283304, 280.0], [672.246971283304, 480.0], [492.246971283304, 480.0]], [[672.246971283304, 0.0], [672.246971283304, 100.0], [492.246971283304, 100.0], [492.246971283304, 0.0], [672.246971283304, 0.0]], [[0.0, 280.0], [0.0, 0.0], [280.0, 0.0], [0.0, 280.0]], [[200.0, 760.0], [0.0, 760.0], [0.0, 560.0], [200.0, 480.0], [200.0, 760.0]], [[365.76976421636607, 182.13592233009717], [445.76976421636607, 22.135922330097173], [525.7697642163661, 182.13592233009717], [365.76976421636607, 182.13592233009717]], [[342.91262135922335, 182.13592233009717], [622.9126213592233, 182.13592233009717], [482.91262135922335, 422.1359223300972], [342.91262135922335, 182.13592233009717]]]"
Mon Jul 20 18:59:00 2020,2,1,True,678.969440996137,0.8395075913339125,"[0, 0, 1, 3, 1, 0, 3, 0, 0, 0, 2, 2]","[[[198.969440996137, 279.9999999999999], [398.969440996137, 279.9999999999999], [398.969440996137, 479.9999999999999], [198.969440996137, 479.9999999999999], [198.969440996137, 279.9999999999999]], [[0.0, 279.99999999999994], [200.0, 279.99999999999994], [200.0, 479.99999999999994], [0.0, 479.99999999999994], [0.0, 279.99999999999994]], [[180.0, 480.0], [180.0, 760.0], [0.0, 760.0], [0.0, 480.0], [180.0, 480.0]], [[460.0, 760.0], [460.0, 480.0], [600.0, 620.0], [460.0, 760.0]], [[255.16408163651067, 0.0], [435.1640816365107, 0.0], [255.16408163651067, 280.0], [255.16408163651067, 0.0]], [[180.0, 479.9999999999999], [460.0, 479.9999999999999], [460.0, 759.9999999999999], [180.0, 759.9999999999999], [180.0, 479.9999999999999]], [[498.969440996137, 418.9694409961369], [578.969440996137, 218.96944099613688], [678.969440996137, 218.96944099613688], [678.969440996137, 418.9694409961369], [498.969440996137, 418.9694409961369]], [[539.2644671880064, 0.0], [639.2644671880064, 0.0], [639.2644671880064, 180.0], [539.2644671880064, 180.0], [539.2644671880064, 0.0]], [[398.969440996137, 418.9694409961369], [678.969440996137, 418.9694409961369], [678.969440996137, 698.9694409961369], [398.969440996137, 418.9694409961369]], [[55.16408163651067, 0.0], [255.16408163651067, 0.0], [255.16408163651067, 200.0], [55.16408163651067, 280.0], [55.16408163651067, 0.0]], [[548.4541614942054, 258.9694409961369], [468.4541614942055, 418.9694409961369], [388.4541614942055, 258.9694409961369], [548.4541614942054, 258.9694409961369]], [[562.969440996137, 258.9694409961369], [282.969440996137, 258.9694409961369], [422.969440996137, 18.969440996136882], [562.969440996137, 258.9694409961369]]]"
Mon Jul 20 18:59:25 2020,2,1,True,685.7591354060984,0.8311956349840718,"[0, 0, 1, 2, 2, 0, 1, 0, 3, 0, 1, 1]","[[[0.0, 560.0], [200.0, 560.0], [200.0, 760.0], [0.0, 760.0], [0.0, 560.0]], [[200.0, 0.0], [400.0, 0.0], [400.0, 200.0], [200.0, 200.0], [200.0, 0.0]], [[631.8106633562915, 480.0], [631.8106633562915, 760.0], [451.81066335629146, 760.0], [451.81066335629146, 480.0], [631.8106633562915, 480.0]], [[305.71908832910424, 534.2809116708958], [25.71908832910424, 534.2809116708958], [165.71908832910424, 394.28091167089576], [305.71908832910424, 534.2809116708958]], [[451.81066335629146, 534.2809116708958], [451.81066335629146, 714.2809116708958], [171.81066335629146, 534.2809116708958], [451.81066335629146, 534.2809116708958]], [[405.7190883291041, 200.0], [685.7190883291041, 200.0], [685.7190883291041, 480.0], [405.7190883291041, 480.0], [405.7190883291041, 200.0]], [[580.0, 0.0], [500.0, 200.0], [400.0, 200.0], [400.0, 0.0], [580.0, 0.0]], [[572.0, 20.0], [672.0, 20.0], [672.0, 200.0], [572.0, 200.0], [572.0, 20.0]], [[0.0, 560.0], [0.0, 280.0], [280.0, 280.0], [0.0, 560.0]], [[0.0, 0.0], [200.0, 0.0], [200.0, 200.0], [0.0, 280.0], [0.0, 0.0]], [[200.0, 575.2597709418512], [360.0, 655.2597709418512], [200.0, 735.2597709418512], [200.0, 575.2597709418512]], [[405.7190883291042, 254.28091167089576], [405.7190883291042, 534.2809116708958], [165.71908832910418, 394.28091167089576], [405.7190883291042, 254.28091167089576]]]"
Mon Jul 20 18:59:47 2020,2,1,True,692.6167267601594,0.8229659752317542,"[0, 0, 0, 0, 1, 0, 2, 1, 2, 3, 3, 1]","[[[492.6167267601594, 560.0], [692.6167267601594, 560.0], [692.6167267601594, 760.0], [492.6167267601594, 760.0], [492.6167267601594, 560.0]], [[292.6167267601594, 560.0], [492.6167267601594, 560.0], [492.6167267601594, 760.0], [292.6167267601594, 760.0], [292.6167267601594, 560.0]], [[0.0, 65.81188732396731], [280.0, 65.81188732396731], [280.0, 245.8118873239673], [0.0, 245.8118873239673], [0.0, 65.81188732396731]], [[214.1881126760327, 0.0], [494.1881126760327, 0.0], [354.1881126760327, 140.0], [214.1881126760327, 0.0]], [[0.0, 245.8118873239673], [180.0, 245.8118873239673], [0.0, 525.8118873239673], [0.0, 245.8118873239673]], [[406.9390579016409, 100.0], [686.9390579016409, 100.0], [686.9390579016409, 380.0], [406.9390579016409, 380.0], [406.9390579016409, 100.0]], [[692.6167267601594, 560.0], [492.6167267601594, 480.0], [492.6167267601594, 380.0], [692.6167267601594, 380.0], [692.6167267601594, 560.0]], [[674.1881126760327, 0.0], [674.1881126760327, 100.0], [494.1881126760327, 100.0], [494.1881126760327, 0.0], [674.1881126760327, 0.0]], [[558.5614018657511, 558.1169460037079], [278.5614018657511, 558.1169460037079], [278.5614018657511, 278.1169460037079], [558.5614018657511, 558.1169460037079]], [[0.0, 760.0], [0.0, 560.0], [200.0, 560.0], [280.0, 760.0], [0.0, 760.0]], [[406.9756422531349, 342.3240661973999], [246.97564225313488, 262.3240661973999], [406.9756422531349, 182.32406619739987], [406.9756422531349, 342.3240661973999]], [[278.56140186575107, 325.82748442168804], [278.56140186575107, 605.827484421688], [38.561401865751066, 465.82748442168804], [278.56140186575107, 325.82748442168804]]]"
Mon Jul 20 19:00:01 2020,2,1,True,699.542894027761,0.8148177972591626,"[0, 0, 1, 0, 0, 0, 2, 0, 2, 0, 0, 0]","[[[480.0, 553.1566546232257], [680.0, 553.1566546232257], [680.0, 753.1566546232257], [480.0, 753.1566546232257], [480.0, 553.1566546232257]], [[279.99999999999994, 560.0], [479.99999999999994, 560.0], [479.99999999999994, 760.0], [279.99999999999994, 760.0], [279.99999999999994, 560.0]], [[460.0, 280.0], [460.0, 560.0], [280.0, 560.0], [280.0, 280.0], [460.0, 280.0]], [[0.0, 530.0], [280.0, 530.0], [140.0, 670.0], [0.0, 530.0]], [[0.0, 760.0], [0.0, 580.0], [280.0, 760.0], [0.0, 760.0]], [[404.60390917614245, 0.0], [684.6039091761425, 0.0], [684.6039091761425, 280.0], [404.60390917614245, 280.0], [404.60390917614245, 0.0]], [[404.60390917614245, 180.0], [204.60390917614245, 100.0], [204.60390917614245, 0.0], [404.60390917614245, 0.0], [404.60390917614245, 180.0]], [[0.0, 0.0], [100.0, 0.0], [100.0, 180.0], [0.0, 180.0], [0.0, 0.0]], [[280.0, 530.0], [0.0, 530.0], [0.0, 250.0], [280.0, 530.0]], [[462.89163655806436, 280.0], [662.8916365580644, 280.0], [662.8916365580644, 480.0], [462.89163655806436, 560.0], [462.89163655806436, 280.0]], [[92.30195458807123, 195.39609082385755], [172.30195458807123, 35.39609082385755], [252.30195458807123, 195.39609082385755], [92.30195458807123, 195.39609082385755]], [[45.39609082385749, 195.39609082385755], [325.3960908238575, 195.39609082385755], [185.3960908238575, 435.39609082385755], [45.39609082385749, 195.39609082385755]]]"
Mon Jul 20 19:00:07 2020,2,0,True,671.5611782666506,0.8487685388116276,"[0, 0, 1, 0, 0, 0, 2, 0, 2, 0, 0, 0]","[[[471.5611782666506, 560.0], [671.5611782666506, 560.0], [671.5611782666506, 760.0], [471.5611782666506, 760.0], [471.5611782666506, 560.0]], [[271.5611782666506, 557.4321860285611], [471.5611782666506, 557.4321860285611], [471.5611782666506, 757.4321860285611], [271.5611782666506, 757.4321860285611], [271.5611782666506, 557.4321860285611]], [[471.5611782666506, 280.0], [471.5611782666506, 560.0], [291.5611782666506, 560.0], [291.5611782666506, 280.0], [471.5611782666506, 280.0]], [[11.561178266650586, 537.4321860285611], [291.5611782666506, 537.4321860285611], [151.5611782666506, 677.4321860285611], [11.561178266650586, 537.4321860285611]], [[0.0, 760.0], [0.0, 580.0], [280.0, 760.0], [0.0, 760.0]], [[391.5611782666506, 0.0], [671.5611782666506, 0.0], [671.5611782666506, 280.0], [391.5611782666506, 280.0], [391.5611782666506, 0.0]], [[391.5611782666506, 180.0], [191.5611782666506, 100.0], [191.5611782666506, 0.0], [391.5611782666506, 0.0], [391.5611782666506, 180.0]], [[0.0, 0.0], [100.0, 0.0], [100.0, 180.0], [0.0, 180.0], [0.0, 0.0]], [[280.0, 537.4321860285611], [0.0, 537.4321860285611], [0.0, 257.4321860285611], [280.0, 537.4321860285611]], [[471.5611782666506, 280.0], [671.5611782666506, 280.0], [671.5611782666506, 480.0], [471.5611782666506, 560.0], [471.5611782666506, 280.0]], [[85.7805891333253, 208.4388217333494], [165.7805891333253, 48.438821733349414], [245.7805891333253, 208.4388217333494], [85.7805891333253, 208.4388217333494]], [[51.00663570478832, 208.4388217333494], [331.0066357047883, 208.4388217333494], [191.00663570478832, 448.4388217333494], [51.00663570478832, 208.4388217333494]]]"
Mon Jul 20 19:00:35 2020,2,1,True,678.2767900493171,0.8403648899125026,"[0, 0, 1, 1, 3, 0, 2, 0, 3, 1, 0, 1]","[[[0.0, 0.0], [200.0, 0.0], [200.0, 200.0], [0.0, 200.0], [0.0, 0.0]], [[260.66666666666686, 180.0], [460.66666666666686, 180.0], [460.66666666666686, 380.0], [260.66666666666686, 380.0], [260.66666666666686, 180.0]], [[678.2767900493171, 480.0], [678.2767900493171, 760.0], [498.2767900493171, 760.0], [498.2767900493171, 480.0], [678.2767900493171, 480.0]], [[498.2767900493171, 441.7232099506829], [498.2767900493171, 721.7232099506829], [358.2767900493171, 581.7232099506829], [498.2767900493171, 441.7232099506829]], [[678.2767900493171, 480.0], [498.2767900493171, 480.0], [678.2767900493171, 200.0], [678.2767900493171, 480.0]], [[0.0, 480.0], [280.0, 480.0], [280.0, 760.0], [0.0, 760.0], [0.0, 480.0]], [[400.0, 180.0], [200.0, 100.0], [200.0, 0.0], [400.0, 0.0], [400.0, 180.0]], [[460.66666666666686, 200.0], [560.6666666666669, 200.0], [560.6666666666669, 380.0], [460.66666666666686, 380.0], [460.66666666666686, 200.0]], [[280.0, 660.0], [280.0, 380.0], [560.0, 380.0], [280.0, 660.0]], [[678.2767900493171, 0.0], [678.2767900493171, 200.0], [478.2767900493171, 200.0], [398.2767900493171, 0.0], [678.2767900493171, 0.0]], [[280.0, 740.0], [360.0, 580.0], [440.0, 740.0], [280.0, 740.0]], [[260.66666666666686, 164.6111111111111], [260.66666666666686, 444.6111111111111], [20.666666666666856, 304.6111111111111], [260.66666666666686, 164.6111111111111]]]"
Mon Jul 20 19:01:05 2020,2,1,True,685.0595579498103,0.8320444454579233,"[0, 0, 1, 0, 0, 0, 3, 0, 3, 1, 1, 1]","[[[0.0, 0.0], [200.0, 0.0], [200.0, 200.0], [0.0, 200.0], [0.0, 0.0]], [[485.05955794981026, 560.0], [685.0595579498103, 560.0], [685.0595579498103, 760.0], [485.05955794981026, 760.0], [485.05955794981026, 560.0]], [[460.0, 480.0], [460.0, 760.0], [280.0, 760.0], [280.0, 480.0], [460.0, 480.0]], [[200.0, 0.0], [480.0, 0.0], [340.0, 140.0], [200.0, 0.0]], [[0.0, 479.99999999999994], [0.0, 299.99999999999994], [280.0, 479.99999999999994], [0.0, 479.99999999999994]], [[0.0, 480.0], [280.0, 480.0], [280.0, 760.0], [0.0, 760.0], [0.0, 480.0]], [[400.0, 200.0], [480.0, 0.0], [580.0, 0.0], [580.0, 200.0], [400.0, 200.0]], [[580.0, 0.0], [680.0, 0.0], [680.0, 180.0], [580.0, 180.0], [580.0, 0.0]], [[355.55555555555554, 480.0], [355.55555555555554, 200.0], [635.5555555555555, 200.0], [355.55555555555554, 480.0]], [[355.55555555555554, 200.0], [355.55555555555554, 400.0], [155.55555555555554, 400.0], [75.55555555555554, 200.0], [355.55555555555554, 200.0]], [[460.44417333442556, 412.3076923076924], [620.4441733344256, 492.3076923076924], [460.44417333442556, 572.3076923076924], [460.44417333442556, 412.3076923076924]], [[685.0595579498103, 250.4959976057454], [685.0595579498103, 530.4959976057454], [445.05955794981026, 390.4959976057454], [685.0595579498103, 250.4959976057454]]]"
Mon Jul 20 19:01:12 2020,2,0,True,657.6571756318178,0.8667129640186702,"[0, 0, 1, 0, 0, 0, 1, 0, 3, 1, 1, 1]","[[[0.0, 0.0], [200.0, 0.0], [200.0, 200.0], [0.0, 200.0], [0.0, 0.0]], [[457.65717563181784, 560.0], [657.6571756318178, 560.0], [657.6571756318178, 760.0], [457.65717563181784, 760.0], [457.65717563181784, 560.0]], [[180.0, 200.0], [180.0, 480.0], [0.0, 480.0], [0.0, 200.0], [180.0, 200.0]], [[246.66666666666663, 0.0], [526.6666666666666, 0.0], [386.66666666666663, 140.0], [246.66666666666663, 0.0]], [[199.99999999999997, 200.0], [199.99999999999997, 20.0], [480.0, 200.0], [199.99999999999997, 200.0]], [[0.0, 480.0], [280.0, 480.0], [280.0, 760.0], [0.0, 760.0], [0.0, 480.0]], [[460.0, 560.0], [380.0, 760.0], [280.0, 760.0], [280.0, 560.0], [460.0, 560.0]], [[280.0, 380.0], [380.0, 380.0], [380.0, 560.0], [280.0, 560.0], [280.0, 380.0]], [[180.0, 480.0], [180.0, 200.0], [460.0, 200.0], [180.0, 480.0]], [[652.0, 360.0], [652.0, 560.0], [452.0, 560.0], [372.0, 360.0], [652.0, 360.0]], [[460.0, 200.0], [620.0, 280.0], [460.0, 360.0], [460.0, 200.0]], [[626.6666666666666, 0.0], [626.6666666666666, 280.0], [386.66666666666663, 140.0], [626.6666666666666, 0.0]]]"
Mon Jul 20 19:01:27 2020,2,1,True,664.2337473881361,0.8581316475432378,"[0, 0, 1, 1, 0, 0, 1, 0, 3, 1, 0, 1]","[[[150.47920949298515, 467.50907579030184], [350.47920949298515, 467.50907579030184], [350.47920949298515, 667.5090757903018], [150.47920949298515, 667.5090757903018], [150.47920949298515, 467.50907579030184]], [[0.0, 0.0], [200.0, 0.0], [200.0, 200.0], [0.0, 200.0], [0.0, 0.0]], [[664.2337473881361, 0.0], [664.2337473881361, 280.0], [484.23374738813607, 280.0], [484.23374738813607, 0.0], [664.2337473881361, 0.0]], [[140.0, 359.9999999999999], [140.0, 639.9999999999999], [0.0, 499.9999999999999], [140.0, 359.9999999999999]], [[0.0, 760.0], [0.0, 580.0], [280.0, 760.0], [0.0, 760.0]], [[384.23374738813607, 280.0], [664.2337473881361, 280.0], [664.2337473881361, 560.0], [384.23374738813607, 560.0], [384.23374738813607, 280.0]], [[180.0, 199.9999999999999], [100.0, 399.9999999999999], [0.0, 399.9999999999999], [0.0, 199.9999999999999], [180.0, 199.9999999999999]], [[384.23374738813607, 95.76625261186393], [484.23374738813607, 95.76625261186393], [484.23374738813607, 275.76625261186393], [384.23374738813607, 275.76625261186393], [384.23374738813607, 95.76625261186393]], [[200.0, 280.0], [200.0, 0.0], [480.0, 0.0], [200.0, 280.0]], [[664.2337473881361, 560.0], [664.2337473881361, 760.0], [464.23374738813607, 760.0], [384.23374738813607, 560.0], [664.2337473881361, 560.0]], [[304.23374738813607, 760.0], [384.23374738813607, 600.0], [464.23374738813607, 760.0], [304.23374738813607, 760.0]], [[384.23374738813607, 207.19922289580643], [384.23374738813607, 487.19922289580643], [144.23374738813607, 347.19922289580643], [384.23374738813607, 207.19922289580643]]]"
Mon Jul 20 19:01:53 2020,2,1,True,670.8760848620175,0.8496352945972651,"[0, 0, 1, 0, 1, 0, 0, 0, 2, 1, 3, 1]","[[[0.0, 0.0], [200.0, 0.0], [200.0, 200.0], [0.0, 200.0], [0.0, 0.0]], [[452.5547991642035, 560.0], [652.5547991642035, 560.0], [652.5547991642035, 760.0], [452.5547991642035, 760.0], [452.5547991642035, 560.0]], [[660.0, 0.0], [660.0, 280.0], [480.0, 280.0], [480.0, 0.0], [660.0, 0.0]], [[52.5547991642035, 532.5547991642035], [332.5547991642035, 532.5547991642035], [192.5547991642035, 672.5547991642035], [52.5547991642035, 532.5547991642035]], [[0.0, 200.0], [180.0, 200.0], [0.0, 480.0], [0.0, 200.0]], [[357.66439749261065, 280.0], [637.6643974926106, 280.0], [637.6643974926106, 560.0], [357.66439749261065, 560.0], [357.66439749261065, 280.0]], [[80.40197853694576, 354.93025560919546], [280.40197853694576, 434.93025560919546], [280.40197853694576, 534.9302556091955], [80.40197853694576, 534.9302556091955], [80.40197853694576, 354.93025560919546]], [[352.5547991642035, 560.0], [452.5547991642035, 560.0], [452.5547991642035, 740.0], [352.5547991642035, 740.0], [352.5547991642035, 560.0]], [[280.0, 760.0], [0.0, 760.0], [0.0, 480.0], [280.0, 760.0]], [[480.0, 0.0], [480.0, 200.0], [280.0, 200.0], [200.0, 0.0], [480.0, 0.0]], [[352.5547991642035, 752.5547991642035], [192.55479916420347, 672.5547991642035], [352.5547991642035, 592.5547991642035], [352.5547991642035, 752.5547991642035]], [[357.66439749261065, 200.0], [357.66439749261065, 480.0], [117.66439749261065, 340.0], [357.66439749261065, 200.0]]]"
Mon Jul 20 19:02:07 2020,2,1,True,677.5848457106376,0.8412230639576882,"[0, 0, 0, 0, 3, 0, 3, 1, 2, 0, 2, 1]","[[[0.0, 0.0], [200.0, 0.0], [200.0, 200.0], [0.0, 200.0], [0.0, 0.0]], [[200.0, 0.0], [400.0, 0.0], [400.0, 200.0], [200.0, 200.0], [200.0, 0.0]], [[397.58484571063764, 20.0], [677.5848457106376, 20.0], [677.5848457106376, 200.0], [397.58484571063764, 200.0], [397.58484571063764, 20.0]], [[110.70381912821426, 490.70381912821426], [390.70381912821426, 490.70381912821426], [250.70381912821426, 630.7038191282143], [110.70381912821426, 490.70381912821426]], [[397.58484571063764, 760.0], [217.58484571063764, 760.0], [397.58484571063764, 480.0], [397.58484571063764, 760.0]], [[397.58484571063764, 480.0], [677.5848457106376, 480.0], [677.5848457106376, 760.0], [397.58484571063764, 760.0], [397.58484571063764, 480.0]], [[497.58484571063764, 480.0], [577.5848457106376, 280.0], [677.5848457106376, 280.0], [677.5848457106376, 480.0], [497.58484571063764, 480.0]], [[217.58484571063764, 660.0], [217.58484571063764, 760.0], [37.58484571063764, 760.0], [37.58484571063764, 660.0], [217.58484571063764, 660.0]], [[280.0, 660.0], [0.0, 660.0], [0.0, 380.0], [280.0, 660.0]], [[240.0, 200.0], [440.0, 200.0], [440.0, 400.0], [240.0, 480.0], [240.0, 200.0]], [[600.0, 235.16969142127527], [520.0, 395.1696914212753], [440.0, 235.16969142127527], [600.0, 235.16969142127527]], [[240.0, 210.70381912821426], [240.0, 490.70381912821426], [0.0, 350.70381912821426], [240.0, 210.70381912821426]]]"
Mon Jul 20 19:02:33 2020,2,1,True,684.360694167744,0.8328941227303843,"[0, 0, 1, 3, 1, 0, 3, 0, 1, 2, 3, 0]","[[[0.0, 240.0], [200.0, 240.0], [200.0, 440.0], [0.0, 440.0], [0.0, 240.0]], [[0.0, 40.0], [200.0, 40.0], [200.0, 240.0], [0.0, 240.0], [0.0, 40.0]], [[180.0, 480.0], [180.0, 760.0], [0.0, 760.0], [0.0, 480.0], [180.0, 480.0]], [[200.0, 280.0], [200.0, 0.0], [340.0, 140.0], [200.0, 280.0]], [[378.64640845345826, 240.0], [558.6464084534582, 240.0], [378.64640845345826, 520.0], [378.64640845345826, 240.0]], [[404.3606941677439, 480.0], [684.3606941677439, 480.0], [684.3606941677439, 760.0], [404.3606941677439, 760.0], [404.3606941677439, 480.0]], [[470.4814518822121, 200.0], [550.4814518822121, 0.0], [650.4814518822121, 0.0], [650.4814518822121, 200.0], [470.4814518822121, 200.0]], [[200.0, 332.0], [300.0, 332.0], [300.0, 512.0], [200.0, 512.0], [200.0, 332.0]], [[684.360694167744, 200.0], [684.360694167744, 480.0], [404.360694167744, 480.0], [684.360694167744, 200.0]], [[380.0, 760.0], [180.0, 760.0], [180.0, 560.0], [380.0, 480.0], [380.0, 760.0]], [[360.0, 360.0], [200.0, 280.0], [360.0, 200.0], [360.0, 360.0]], [[258.3333333333333, 0.0], [538.3333333333333, 0.0], [398.3333333333333, 240.0], [258.3333333333333, 0.0]]]"
Mon Jul 20 19:03:11 2020,2,1,True,691.2043011094214,0.8246476462677074,"[0, 0, 0, 0, 1, 0, 3, 1, 2, 2, 0, 1]","[[[456.9862664010342, 4.292416172492381], [656.9862664010342, 4.292416172492381], [656.9862664010342, 204.29241617249238], [456.9862664010342, 204.29241617249238], [456.9862664010342, 4.292416172492381]], [[0.0, 460.0], [200.0, 460.0], [200.0, 660.0], [0.0, 660.0], [0.0, 460.0]], [[0.0, 280.00000000000006], [280.0, 280.00000000000006], [280.0, 460.00000000000006], [0.0, 460.00000000000006], [0.0, 280.00000000000006]], [[384.3684303084683, 204.29241617249238], [664.3684303084683, 204.29241617249238], [524.3684303084683, 344.2924161724924], [384.3684303084683, 204.29241617249238]], [[279.74567679763646, 0.0], [459.74567679763646, 0.0], [279.74567679763646, 280.0], [279.74567679763646, 0.0]], [[0.0, 5.684341886080802e-14], [280.0, 5.684341886080802e-14], [280.0, 280.00000000000006], [0.0, 280.00000000000006], [0.0, 5.684341886080802e-14]], [[511.2043011094214, 760.0], [591.2043011094214, 560.0], [691.2043011094214, 560.0], [691.2043011094214, 760.0], [511.2043011094214, 760.0]], [[180.0, 660.0], [180.0, 760.0], [0.0, 760.0], [0.0, 660.0], [180.0, 660.0]], [[480.0, 760.0], [200.0, 760.0], [200.0, 480.0], [480.0, 760.0]], [[691.2043011094214, 557.5580678521112], [491.2043011094214, 557.5580678521112], [491.2043011094214, 357.5580678521112], [691.2043011094214, 277.5580678521112], [691.2043011094214, 557.5580678521112]], [[280.0, 315.5555555555556], [360.0, 155.5555555555556], [440.0, 315.5555555555556], [280.0, 315.5555555555556]], [[456.84210526315786, 356.8421052631579], [456.84210526315786, 636.8421052631579], [216.84210526315786, 496.8421052631579], [456.84210526315786, 356.8421052631579]]]"
Mon Jul 20 19:03:11 2020,2,0,True,663.5561290650445,0.8590079648621952,"[0, 0, 0, 0, 1, 0, 3, 1, 2, 2, 0, 1]","[[[459.7456767976364, 0.0], [659.7456767976364, 0.0], [659.7456767976364, 200.0], [459.7456767976364, 200.0], [459.7456767976364, 0.0]], [[0.0, 460.0], [200.0, 460.0], [200.0, 660.0], [0.0, 660.0], [0.0, 460.0]], [[0.0, 280.00000000000006], [280.0, 280.00000000000006], [280.0, 460.00000000000006], [0.0, 460.00000000000006], [0.0, 280.00000000000006]], [[381.40992097879825, 200.0], [661.4099209787983, 200.0], [521.4099209787983, 340.0], [381.40992097879825, 200.0]], [[279.74567679763646, 0.0], [459.74567679763646, 0.0], [279.74567679763646, 280.0], [279.74567679763646, 0.0]], [[0.0, 5.684341886080802e-14], [280.0, 5.684341886080802e-14], [280.0, 280.00000000000006], [0.0, 280.00000000000006], [0.0, 5.684341886080802e-14]], [[483.5561290650445, 760.0], [563.5561290650445, 560.0], [663.5561290650445, 560.0], [663.5561290650445, 760.0], [483.5561290650445, 760.0]], [[180.0, 660.0], [180.0, 760.0], [0.0, 760.0], [0.0, 660.0], [180.0, 660.0]], [[480.0, 760.0], [200.0, 760.0], [200.0, 480.0], [480.0, 760.0]], [[663.5561290650445, 563.1415167655016], [463.5561290650445, 563.1415167655016], [463.5561290650445, 363.1415167655016], [663.5561290650445, 283.1415167655016], [663.5561290650445, 563.1415167655016]], [[280.0, 317.1801580424034], [360.0, 157.18015804240338], [440.0, 317.1801580424034], [280.0, 317.1801580424034]], [[456.84210526315786, 356.8421052631579], [456.84210526315786, 636.8421052631579], [216.84210526315786, 496.8421052631579], [456.84210526315786, 356.8421052631579]]]"
Mon Jul 20 19:03:32 2020,2,1,True,670.191690355695,0.850502935507124,"[0, 0, 1, 2, 1, 0, 0, 0, 1, 2, 2, 0]","[[[0.0, 233.48168853471208], [200.0, 233.48168853471208], [200.0, 433.4816885347121], [0.0, 433.4816885347121], [0.0, 233.48168853471208]], [[465.8096569151719, 560.0], [665.8096569151719, 560.0], [665.8096569151719, 760.0], [465.8096569151719, 760.0], [465.8096569151719, 560.0]], [[670.191690355695, 0.0], [670.191690355695, 280.0], [490.19169035569496, 280.0], [490.19169035569496, 0.0], [670.191690355695, 0.0]], [[430.09537120088623, 480.0], [150.09537120088623, 480.0], [290.09537120088623, 340.0], [430.09537120088623, 480.0]], [[0.0, 433.481688534712], [180.0, 433.481688534712], [0.0, 713.481688534712], [0.0, 433.481688534712]], [[185.8096569151719, 480.0], [465.8096569151719, 480.0], [465.8096569151719, 760.0], [185.8096569151719, 760.0], [185.8096569151719, 480.0]], [[0.0, 53.48168853471208], [200.0, 133.48168853471208], [200.0, 233.48168853471208], [0.0, 233.48168853471208], [0.0, 53.48168853471208]], [[85.80965691517193, 580.0], [185.80965691517193, 580.0], [185.80965691517193, 760.0], [85.80965691517193, 760.0], [85.80965691517193, 580.0]], [[490.19169035569496, 11.9439913323896], [490.19169035569496, 291.9439913323896], [210.19169035569496, 291.9439913323896], [490.19169035569496, 11.9439913323896]], [[665.8096569151719, 560.0], [465.8096569151719, 560.0], [465.8096569151719, 360.0], [665.8096569151719, 280.0], [665.8096569151719, 560.0]], [[482.03936253327583, 291.9439913323896], [402.03936253327583, 451.9439913323896], [322.03936253327583, 291.9439913323896], [482.03936253327583, 291.9439913323896]], [[122.13568168808462, 0.0], [402.1356816880846, 0.0], [262.1356816880846, 240.0], [122.13568168808462, 0.0]]]"
Mon Jul 20 19:04:06 2020,2,1,True,676.8936072592519,0.8420821143634891,"[0, 0, 0, 0, 1, 0, 3, 0, 0, 3, 1, 2]","[[[0.0, 360.0], [200.0, 360.0], [200.0, 560.0], [0.0, 560.0], [0.0, 360.0]], [[476.8936072592519, 294.65958911112216], [676.8936072592519, 294.65958911112216], [676.8936072592519, 494.65958911112216], [476.8936072592519, 494.65958911112216], [476.8936072592519, 294.65958911112216]], [[196.8936072592519, 343.1063927407481], [476.8936072592519, 343.1063927407481], [476.8936072592519, 523.1063927407481], [196.8936072592519, 523.1063927407481], [196.8936072592519, 343.1063927407481]], [[200.0, 523.1063927407481], [480.0, 523.1063927407481], [340.0, 663.1063927407481], [200.0, 523.1063927407481]], [[0.0, 4.444444444444457], [180.0, 4.444444444444457], [0.0, 284.44444444444446], [0.0, 4.444444444444457]], [[180.0, 63.106392740748106], [460.0, 63.106392740748106], [460.0, 343.1063927407481], [180.0, 343.1063927407481], [180.0, 63.106392740748106]], [[0.0, 360.0], [80.0, 160.0], [180.0, 160.0], [180.0, 360.0], [0.0, 360.0]], [[576.8936072592519, 494.65958911112216], [676.8936072592519, 494.65958911112216], [676.8936072592519, 674.6595891111222], [576.8936072592519, 674.6595891111222], [576.8936072592519, 494.65958911112216]], [[396.8936072592519, 0.0], [676.8936072592519, 0.0], [676.8936072592519, 280.0], [396.8936072592519, 0.0]], [[0.0, 760.0], [0.0, 560.0], [200.0, 560.0], [280.0, 760.0], [0.0, 760.0]], [[460.0, 143.1063927407481], [620.0, 223.1063927407481], [460.0, 303.1063927407481], [460.0, 143.1063927407481]], [[626.6755136110972, 760.0], [346.67551361109724, 760.0], [486.67551361109724, 520.0], [626.6755136110972, 760.0]]]"
Mon Jul 20 19:04:48 2020,2,1,True,683.6625433318444,0.8337446676866228,"[0, 0, 1, 2, 1, 0, 1, 0, 1, 0, 2, 2]","[[[472.14011156133995, 560.0], [672.14011156134, 560.0], [672.14011156134, 760.0], [472.14011156133995, 760.0], [472.14011156133995, 560.0]], [[0.0, 360.0], [200.0, 360.0], [200.0, 560.0], [0.0, 560.0], [0.0, 360.0]], [[683.6625433318444, 0.0], [683.6625433318444, 280.0], [503.6625433318444, 280.0], [503.6625433318444, 0.0], [683.6625433318444, 0.0]], [[380.0, 760.0], [100.0, 760.0], [240.0, 620.0], [380.0, 760.0]], [[280.0, 0.0], [460.0, 0.0], [280.0, 280.0], [280.0, 0.0]], [[0.0, 0.0], [280.0, 0.0], [280.0, 280.0], [0.0, 280.0], [0.0, 0.0]], [[180.0, 560.0], [100.0, 760.0], [0.0, 760.0], [0.0, 560.0], [180.0, 560.0]], [[368.5714285714286, 568.5714285714287], [468.5714285714286, 568.5714285714287], [468.5714285714286, 748.5714285714287], [368.5714285714286, 748.5714285714287], [368.5714285714286, 568.5714285714287]], [[683.6625433318444, 280.0], [683.6625433318444, 560.0], [403.6625433318444, 560.0], [683.6625433318444, 280.0]], [[200.0, 356.0], [400.0, 356.0], [400.0, 556.0], [200.0, 636.0], [200.0, 356.0]], [[549.1040881428314, 334.55845518901293], [469.1040881428315, 494.55845518901293], [389.1040881428315, 334.55845518901293], [549.1040881428314, 334.55845518901293]], [[539.2124216642061, 334.5584551890129], [259.2124216642061, 334.5584551890129], [399.2124216642061, 94.55845518901288], [539.2124216642061, 334.5584551890129]]]"
Mon Jul 20 19:05:26 2020,2,1,True,690.4991687651628,0.8254897699867553,"[0, 0, 0, 1, 1, 0, 3, 0, 2, 0, 1, 1]","[[[490.49916876516284, 307.6571182163731], [690.4991687651628, 307.6571182163731], [690.4991687651628, 507.6571182163731], [490.49916876516284, 507.6571182163731], [490.49916876516284, 307.6571182163731]], [[210.49916876516284, 490.49916876516284], [410.49916876516284, 490.49916876516284], [410.49916876516284, 690.4991687651628], [210.49916876516284, 690.4991687651628], [210.49916876516284, 490.49916876516284]], [[410.49916876516284, 507.6571182163731], [690.4991687651628, 507.6571182163731], [690.4991687651628, 687.6571182163731], [410.49916876516284, 687.6571182163731], [410.49916876516284, 507.6571182163731]], [[180.0, 380.0], [180.0, 660.0], [40.0, 520.0], [180.0, 380.0]], [[479.70731618997405, 0.0], [659.7073161899741, 0.0], [479.70731618997405, 280.0], [479.70731618997405, 0.0]], [[0.0, 0.0], [280.0, 0.0], [280.0, 280.0], [0.0, 280.0], [0.0, 0.0]], [[510.49916876516284, 307.6571182163731], [590.4991687651628, 107.65711821637308], [690.4991687651628, 107.65711821637308], [690.4991687651628, 307.6571182163731], [510.49916876516284, 307.6571182163731]], [[0.0, 280.0], [100.0, 280.0], [100.0, 460.0], [0.0, 460.0], [0.0, 280.0]], [[280.0, 760.0], [0.0, 760.0], [0.0, 480.0], [280.0, 760.0]], [[279.70731618997416, 0.0], [479.70731618997416, 0.0], [479.70731618997416, 200.0], [279.70731618997416, 280.0], [279.70731618997416, 0.0]], [[205.14894239251927, 333.17428195148466], [365.1489423925193, 413.17428195148466], [205.14894239251927, 493.17428195148466], [205.14894239251927, 333.17428195148466]], [[479.70731618997405, 200.0], [479.70731618997405, 480.0], [239.70731618997405, 340.0], [479.70731618997405, 200.0]]]"
Mon Jul 20 19:05:29 2020,2,0,True,662.8792020145563,0.8598851770695368,"[0, 0, 1, 1, 1, 0, 1, 1, 2, 0, 0, 1]","[[[456.18753117303595, 280.0], [656.187531173036, 280.0], [656.187531173036, 480.0], [456.18753117303595, 480.0], [456.18753117303595, 280.0]], [[205.5732668345463, 460.0], [405.5732668345463, 460.0], [405.5732668345463, 660.0], [205.5732668345463, 660.0], [205.5732668345463, 460.0]], [[636.187531173036, 480.0], [636.187531173036, 760.0], [456.18753117303595, 760.0], [456.18753117303595, 480.0], [636.187531173036, 480.0]], [[205.57326683454633, 405.5732668345463], [205.57326683454633, 685.5732668345463], [65.57326683454633, 545.5732668345463], [205.57326683454633, 405.5732668345463]], [[480.0, 0.0], [660.0, 0.0], [480.0, 280.0], [480.0, 0.0]], [[0.0, 0.0], [280.0, 0.0], [280.0, 280.0], [0.0, 280.0], [0.0, 0.0]], [[211.1465336690927, 280.0], [131.1465336690927, 480.0], [31.14653366909269, 480.0], [31.14653366909269, 280.0], [211.1465336690927, 280.0]], [[460.0, 660.0], [460.0, 760.0], [280.0, 760.0], [280.0, 660.0], [460.0, 660.0]], [[280.0, 760.0], [0.0, 760.0], [0.0, 480.0], [280.0, 760.0]], [[280.0, 0.0], [480.0, 0.0], [480.0, 200.0], [280.0, 280.0], [280.0, 0.0]], [[502.85714285714283, 280.0], [582.8571428571429, 120.0], [662.8571428571429, 280.0], [502.85714285714283, 280.0]], [[456.18753117303595, 209.5249875307856], [456.18753117303595, 489.5249875307856], [216.18753117303595, 349.5249875307856], [456.18753117303595, 209.5249875307856]]]"
Mon Jul 20 19:05:45 2020,2,1,True,669.5079940347019,0.8513714624450859,"[0, 0, 0, 1, 0, 0, 1, 1, 3, 0, 0, 1]","[[[447.6216647538197, 300.0], [647.6216647538197, 300.0], [647.6216647538197, 500.0], [447.6216647538197, 500.0], [447.6216647538197, 300.0]], [[280.0, 532.727117156271], [480.0, 532.727117156271], [480.0, 732.727117156271], [280.0, 732.727117156271], [280.0, 532.727117156271]], [[0.0, 572.727117156271], [280.0, 572.727117156271], [280.0, 752.727117156271], [0.0, 752.727117156271], [0.0, 572.727117156271]], [[667.6216647538197, 480.0], [667.6216647538197, 760.0], [527.6216647538197, 620.0], [667.6216647538197, 480.0]], [[207.272882843729, 532.727117156271], [207.272882843729, 352.727117156271], [487.272882843729, 532.727117156271], [207.272882843729, 532.727117156271]], [[0.0, 0.0], [280.0, 0.0], [280.0, 280.0], [0.0, 280.0], [0.0, 0.0]], [[660.0, 100.0], [580.0, 300.0], [480.0, 300.0], [480.0, 100.0], [660.0, 100.0]], [[660.0, 0.0], [660.0, 100.0], [480.0, 100.0], [480.0, 0.0], [660.0, 0.0]], [[0.0, 560.0], [0.0, 280.0], [280.0, 280.0], [0.0, 560.0]], [[280.0, 0.0], [480.0, 0.0], [480.0, 200.0], [280.0, 280.0], [280.0, 0.0]], [[67.27288284372901, 572.727117156271], [147.272882843729, 412.727117156271], [227.272882843729, 572.727117156271], [67.27288284372901, 572.727117156271]], [[447.6216647538197, 212.9513340984721], [447.6216647538197, 492.9513340984721], [207.6216647538197, 352.9513340984721], [447.6216647538197, 212.9513340984721]]]"
Mon Jul 20 19:06:08 2020,2,1,True,676.2030739750489,0.8429420420248375,"[0, 0, 1, 1, 0, 0, 0, 0, 3, 1, 0, 1]","[[[372.74442735850755, 0.0], [572.7444273585076, 0.0], [572.7444273585076, 200.0], [372.74442735850755, 200.0], [372.74442735850755, 0.0]], [[0.0, 380.0], [200.0, 380.0], [200.0, 580.0], [0.0, 580.0], [0.0, 380.0]], [[380.0, 425.63106796116506], [380.0, 705.6310679611651], [200.0, 705.6310679611651], [200.0, 425.63106796116506], [380.0, 425.63106796116506]], [[676.2030739750489, 463.79692602495106], [676.2030739750489, 743.7969260249511], [536.2030739750489, 603.7969260249511], [676.2030739750489, 463.79692602495106]], [[0.0, 380.0], [0.0, 200.0], [280.0, 380.0], [0.0, 380.0]], [[380.0, 200.0], [660.0, 200.0], [660.0, 480.0], [380.0, 480.0], [380.0, 200.0]], [[0.0, 580.0], [200.0, 660.0], [200.0, 760.0], [0.0, 760.0], [0.0, 580.0]], [[572.7444273585076, 0.0], [672.7444273585076, 0.0], [672.7444273585076, 180.0], [572.7444273585076, 180.0], [572.7444273585076, 0.0]], [[380.0, 760.0], [380.0, 480.0], [660.0, 480.0], [380.0, 760.0]], [[280.0, 0.0], [280.0, 200.0], [80.0, 200.0], [0.0, 0.0], [280.0, 0.0]], [[454.3046109625734, 760.0], [534.3046109625734, 600.0], [614.3046109625734, 760.0], [454.3046109625734, 760.0]], [[373.2038834951457, 145.63106796116506], [373.2038834951457, 425.63106796116506], [133.2038834951457, 285.63106796116506], [373.2038834951457, 145.63106796116506]]]"
Mon Jul 20 19:06:20 2020,2,1,True,682.9651047147994,0.8345960812127103,"[0, 0, 1, 1, 0, 0, 0, 0, 3, 2, 2, 1]","[[[9.154951016046994, 0.0], [209.154951016047, 0.0], [209.154951016047, 200.0], [9.154951016046994, 200.0], [9.154951016046994, 0.0]], [[0.0, 560.0], [200.0, 560.0], [200.0, 760.0], [0.0, 760.0], [0.0, 560.0]], [[380.0, 480.0], [380.0, 760.0], [200.0, 760.0], [200.0, 480.0], [380.0, 480.0]], [[200.0, 280.0], [200.0, 560.0], [60.0, 420.0], [200.0, 280.0]], [[380.0, 759.5224326833433], [380.0, 579.5224326833433], [660.0, 759.5224326833433], [380.0, 759.5224326833433]], [[400.0, 180.0], [680.0, 180.0], [680.0, 460.0], [400.0, 460.0], [400.0, 180.0]], [[369.154951016047, 0.0], [569.154951016047, 80.0], [569.154951016047, 180.0], [369.154951016047, 180.0], [369.154951016047, 0.0]], [[569.154951016047, 0.0], [669.154951016047, 0.0], [669.154951016047, 180.0], [569.154951016047, 180.0], [569.154951016047, 0.0]], [[0.0, 480.0], [0.0, 200.0], [280.0, 200.0], [0.0, 480.0]], [[400.0, 480.0], [200.0, 480.0], [200.0, 280.0], [400.0, 200.0], [400.0, 480.0]], [[369.154951016047, 0.0], [289.154951016047, 160.0], [209.154951016047, 0.0], [369.154951016047, 0.0]], [[682.9651047147994, 480.0], [682.9651047147994, 760.0], [442.9651047147994, 620.0], [682.9651047147994, 480.0]]]"
Mon Jul 20 19:07:34 2020,2,5,True,689.7947557619474,0.8263327536759509,"[0, 0, 1, 2, 3, 0, 2, 1, 3, 0, 1, 1]","[[[0.0, 520.0], [200.0, 520.0], [200.0, 720.0], [0.0, 720.0], [0.0, 520.0]], [[489.7947557619474, 560.0], [689.7947557619474, 560.0], [689.7947557619474, 760.0], [489.7947557619474, 760.0], [489.7947557619474, 560.0]], [[635.6465005262074, 280.0], [635.6465005262074, 560.0], [455.64650052620743, 560.0], [455.64650052620743, 280.0], [635.6465005262074, 280.0]], [[489.7947557619474, 760.0], [209.79475576194739, 760.0], [349.7947557619474, 620.0], [489.7947557619474, 760.0]], [[180.0, 520.0], [0.0, 520.0], [180.0, 240.0], [180.0, 520.0]], [[380.0, 0.0], [660.0, 0.0], [660.0, 280.0], [380.0, 280.0], [380.0, 0.0]], [[380.0, 180.0], [180.0, 100.0], [180.0, 0.0], [380.0, 0.0], [380.0, 180.0]], [[180.0, 26.333333333333485], [180.0, 126.33333333333348], [0.0, 126.33333333333348], [0.0, 26.333333333333485], [180.0, 26.333333333333485]], [[0.0, 420.0], [0.0, 140.0], [280.0, 140.0], [0.0, 420.0]], [[180.0, 240.0], [380.0, 240.0], [380.0, 440.0], [180.0, 520.0], [180.0, 240.0]], [[200.0, 540.0790827194247], [360.0, 620.0790827194247], [200.0, 700.0790827194247], [200.0, 540.0790827194247]], [[455.64650052620743, 395.8728746930458], [455.64650052620743, 675.8728746930458], [215.64650052620743, 535.8728746930458], [455.64650052620743, 395.8728746930458]]]"
Mon Jul 20 19:07:38 2020,2,1,True,696.6927033195668,0.8181512412633177,"[0, 0, 1, 2, 3, 0, 2, 1, 3, 0, 1, 1]","[[[0.0, 520.0], [200.0, 520.0], [200.0, 720.0], [0.0, 720.0], [0.0, 520.0]], [[483.09737466806223, 560.0], [683.0973746680622, 560.0], [683.0973746680622, 760.0], [483.09737466806223, 760.0], [483.09737466806223, 560.0]], [[642.2029655314694, 280.0], [642.2029655314694, 560.0], [462.20296553146943, 560.0], [462.20296553146943, 280.0], [642.2029655314694, 280.0]], [[483.09737466806223, 760.0], [203.09737466806223, 760.0], [343.09737466806223, 620.0], [483.09737466806223, 760.0]], [[180.0, 520.0], [0.0, 520.0], [180.0, 240.0], [180.0, 520.0]], [[382.20296553146943, 0.0], [662.2029655314694, 0.0], [662.2029655314694, 280.0], [382.20296553146943, 280.0], [382.20296553146943, 0.0]], [[382.20296553146943, 180.0], [182.20296553146943, 100.0], [182.20296553146943, 0.0], [382.20296553146943, 0.0], [382.20296553146943, 180.0]], [[180.0, 26.333333333333485], [180.0, 126.33333333333348], [0.0, 126.33333333333348], [0.0, 26.333333333333485], [180.0, 26.333333333333485]], [[0.0, 419.11881378741225], [0.0, 139.11881378741225], [280.0, 139.11881378741225], [0.0, 419.11881378741225]], [[180.0, 239.11881378741225], [380.0, 239.11881378741225], [380.0, 439.11881378741225], [180.0, 519.1188137874123], [180.0, 239.11881378741225]], [[200.0, 531.5486873340311], [360.0, 611.5486873340311], [200.0, 691.5486873340311], [200.0, 531.5486873340311]], [[462.20296553146943, 391.16708389405494], [462.20296553146943, 671.1670838940549], [222.20296553146943, 531.1670838940549], [462.20296553146943, 391.16708389405494]]]"
Mon Jul 20 19:07:38 2020,2,0,True,668.8249951867841,0.8522408763159561,"[0, 0, 1, 2, 3, 0, 2, 1, 3, 0, 1, 1]","[[[0.0, 520.0], [200.0, 520.0], [200.0, 720.0], [0.0, 720.0], [0.0, 520.0]], [[468.8249951867841, 560.0], [668.8249951867841, 560.0], [668.8249951867841, 760.0], [468.8249951867841, 760.0], [468.8249951867841, 560.0]], [[648.3196995948744, 280.0], [648.3196995948744, 560.0], [468.31969959487435, 560.0], [468.31969959487435, 280.0], [648.3196995948744, 280.0]], [[468.8249951867841, 760.0], [188.82499518678412, 760.0], [328.8249951867841, 620.0], [468.8249951867841, 760.0]], [[180.0, 520.0], [0.0, 520.0], [180.0, 240.0], [180.0, 520.0]], [[382.20296553146943, 0.0], [662.2029655314694, 0.0], [662.2029655314694, 280.0], [382.20296553146943, 280.0], [382.20296553146943, 0.0]], [[382.20296553146943, 180.0], [182.20296553146943, 100.0], [182.20296553146943, 0.0], [382.20296553146943, 0.0], [382.20296553146943, 180.0]], [[180.0, 26.333333333333485], [180.0, 126.33333333333348], [0.0, 126.33333333333348], [0.0, 26.333333333333485], [180.0, 26.333333333333485]], [[0.0, 419.11881378741225], [0.0, 139.11881378741225], [280.0, 139.11881378741225], [0.0, 419.11881378741225]], [[180.0, 239.11881378741225], [380.0, 239.11881378741225], [380.0, 439.11881378741225], [180.0, 519.1188137874123], [180.0, 239.11881378741225]], [[200.0, 524.4124975933921], [360.0, 604.4124975933921], [200.0, 684.4124975933921], [200.0, 524.4124975933921]], [[468.31969959487435, 387.5989890237355], [468.31969959487435, 667.5989890237355], [228.31969959487435, 527.5989890237355], [468.31969959487435, 387.5989890237355]]]"
Mon Jul 20 19:08:00 2020,2,1,True,675.513245138652,0.8438028478375802,"[0, 0, 1, 3, 0, 0, 1, 0, 0, 0, 1, 1]","[[[0.0, 0.0], [200.0, 0.0], [200.0, 200.0], [0.0, 200.0], [0.0, 0.0]], [[200.0, 0.0], [400.0, 0.0], [400.0, 200.0], [200.0, 200.0], [200.0, 0.0]], [[595.513245138652, 480.0], [595.513245138652, 760.0], [415.513245138652, 760.0], [415.513245138652, 480.0], [595.513245138652, 480.0]], [[365.51324513865194, 530.0], [365.51324513865194, 250.0], [505.51324513865194, 390.0], [365.51324513865194, 530.0]], [[120.0, 760.0], [120.0, 580.0], [400.0, 760.0], [120.0, 760.0]], [[395.513245138652, 0.0], [675.513245138652, 0.0], [675.513245138652, 280.0], [395.513245138652, 280.0], [395.513245138652, 0.0]], [[180.0, 200.0], [100.0, 400.0], [0.0, 400.0], [0.0, 200.0], [180.0, 200.0]], [[0.0, 580.0], [100.0, 580.0], [100.0, 760.0], [0.0, 760.0], [0.0, 580.0]], [[395.513245138652, 280.0], [675.513245138652, 280.0], [675.513245138652, 560.0], [395.513245138652, 280.0]], [[164.76190476190476, 238.09523809523807], [364.76190476190476, 238.09523809523807], [364.76190476190476, 438.0952380952381], [164.76190476190476, 518.0952380952381], [164.76190476190476, 238.09523809523807]], [[0.0, 400.0], [160.0, 480.0], [0.0, 560.0], [0.0, 400.0]], [[360.0, 440.0], [360.0, 720.0], [120.0, 580.0], [360.0, 440.0]]]"
Mon Jul 20 19:08:18 2020,2,1,True,682.2683775900385,0.835448364195624,"[0, 0, 1, 3, 1, 0, 0, 1, 1, 0, 0, 2]","[[[0.0, 560.0], [200.0, 560.0], [200.0, 760.0], [0.0, 760.0], [0.0, 560.0]], [[199.9999999999999, 280.0], [399.9999999999999, 280.0], [399.9999999999999, 480.0], [199.9999999999999, 480.0], [199.9999999999999, 280.0]], [[682.2683775900385, 480.0], [682.2683775900385, 760.0], [502.26837759003854, 760.0], [502.26837759003854, 480.0], [682.2683775900385, 480.0]], [[399.9999999999999, 560.0], [399.9999999999999, 280.0], [539.9999999999999, 420.0], [399.9999999999999, 560.0]], [[199.9999999999999, 480.0], [379.9999999999999, 480.0], [199.9999999999999, 760.0], [199.9999999999999, 480.0]], [[400.0, 0.0], [680.0, 0.0], [680.0, 280.0], [400.0, 280.0], [400.0, 0.0]], [[0.0, 380.0], [200.0, 460.0], [200.0, 560.0], [0.0, 560.0], [0.0, 380.0]], [[180.0, 280.0], [180.0, 380.0], [0.0, 380.0], [0.0, 280.0], [180.0, 280.0]], [[399.9999999999999, 0.0], [399.9999999999999, 280.0], [119.99999999999989, 280.0], [399.9999999999999, 0.0]], [[0.0, 0.0], [200.0, 0.0], [200.0, 200.0], [0.0, 280.0], [0.0, 0.0]], [[509.9999999999999, 480.0], [589.9999999999999, 320.0], [669.9999999999999, 480.0], [509.9999999999999, 480.0]], [[494.28571428571416, 760.0], [214.28571428571416, 760.0], [354.28571428571416, 520.0], [494.28571428571416, 760.0]]]"
Mon Jul 20 19:08:44 2020,2,1,True,689.0910613659389,0.8271765982134891,"[0, 0, 0, 1, 1, 0, 0, 1, 1, 0, 0, 3]","[[[27.856207327276024, 268.85751706908957], [227.85620732727602, 268.85751706908957], [227.85620732727602, 468.85751706908957], [27.856207327276024, 468.85751706908957], [27.856207327276024, 268.85751706908957]], [[467.856207327276, 280.0], [667.856207327276, 280.0], [667.856207327276, 480.0], [467.856207327276, 480.0], [467.856207327276, 280.0]], [[0.0, 468.85751706908957], [280.0, 468.85751706908957], [280.0, 648.8575170690896], [0.0, 648.8575170690896], [0.0, 468.85751706908957]], [[689.0910613659389, 458.7651459613371], [689.0910613659389, 738.7651459613371], [549.0910613659389, 598.7651459613371], [689.0910613659389, 458.7651459613371]], [[449.0910613659389, 480.0], [629.0910613659389, 480.0], [449.0910613659389, 760.0], [449.0910613659389, 480.0]], [[409.0910613659389, 0.0], [689.0910613659389, 0.0], [689.0910613659389, 280.0], [409.0910613659389, 280.0], [409.0910613659389, 0.0]], [[200.0, 0.0], [400.0, 80.0], [400.0, 180.0], [200.0, 180.0], [200.0, 0.0]], [[180.0, 649.0910613659389], [180.0, 749.0910613659389], [0.0, 749.0910613659389], [0.0, 649.0910613659389], [180.0, 649.0910613659389]], [[449.0910613659389, 480.0], [449.0910613659389, 760.0], [169.0910613659389, 760.0], [449.0910613659389, 480.0]], [[0.0, 0.0], [200.0, 0.0], [200.0, 200.0], [0.0, 280.0], [0.0, 0.0]], [[471.9482042230818, 760.0], [551.9482042230818, 600.0], [631.9482042230818, 760.0], [471.9482042230818, 760.0]], [[227.85620732727602, 468.85751706908957], [227.85620732727602, 188.85751706908957], [467.856207327276, 328.85751706908957], [227.85620732727602, 468.85751706908957]]]"
Mon Jul 20 19:08:57 2020,2,1,True,695.9819719795983,0.8189867309044446,"[0, 0, 1, 3, 1, 0, 1, 0, 1, 0, 3, 3]","[[[0.0, 280.0], [200.0, 280.0], [200.0, 480.0], [0.0, 480.0], [0.0, 280.0]], [[461.5274189113013, 280.0], [661.5274189113013, 280.0], [661.5274189113013, 480.0], [461.5274189113013, 480.0], [461.5274189113013, 280.0]], [[180.0, 480.0], [180.0, 760.0], [0.0, 760.0], [0.0, 480.0], [180.0, 480.0]], [[180.0, 760.0], [180.0, 480.0], [320.0, 620.0], [180.0, 760.0]], [[460.0, 480.0], [640.0, 480.0], [460.0, 760.0], [460.0, 480.0]], [[381.5274189113013, 0.0], [661.5274189113013, 0.0], [661.5274189113013, 280.0], [381.5274189113013, 280.0], [381.5274189113013, 0.0]], [[380.0, 0.0], [300.0, 200.0], [200.0, 200.0], [200.0, 0.0], [380.0, 0.0]], [[575.7142857142857, 580.0], [675.7142857142857, 580.0], [675.7142857142857, 760.0], [575.7142857142857, 760.0], [575.7142857142857, 580.0]], [[460.0, 480.0], [460.0, 760.0], [180.0, 760.0], [460.0, 480.0]], [[0.0, 0.0], [200.0, 0.0], [200.0, 200.0], [0.0, 280.0], [0.0, 0.0]], [[363.30038417242343, 569.113517369439], [203.30038417242343, 489.113517369439], [363.30038417242343, 409.113517369439], [363.30038417242343, 569.113517369439]], [[221.5274189113013, 480.0], [221.5274189113013, 200.0], [461.5274189113013, 340.0], [221.5274189113013, 480.0]]]"
Mon Jul 20 19:08:58 2020,2,0,True,668.1426931004142,0.8531111780254633,"[0, 0, 1, 3, 1, 0, 1, 0, 1, 0, 3, 3]","[[[21.187750771681237, 272.4139015418624], [221.18775077168124, 272.4139015418624], [221.18775077168124, 472.4139015418624], [21.187750771681237, 472.4139015418624], [21.187750771681237, 272.4139015418624]], [[461.5274189113013, 280.0], [661.5274189113013, 280.0], [661.5274189113013, 480.0], [461.5274189113013, 480.0], [461.5274189113013, 280.0]], [[180.0, 472.4139015418624], [180.0, 752.4139015418624], [0.0, 752.4139015418624], [0.0, 472.4139015418624], [180.0, 472.4139015418624]], [[180.0, 752.4139015418624], [180.0, 472.4139015418624], [320.0, 612.4139015418624], [180.0, 752.4139015418624]], [[452.42840738612847, 480.0], [632.4284073861285, 480.0], [452.42840738612847, 760.0], [452.42840738612847, 480.0]], [[381.5274189113013, 0.0], [661.5274189113013, 0.0], [661.5274189113013, 280.0], [381.5274189113013, 280.0], [381.5274189113013, 0.0]], [[380.0, 0.0], [300.0, 200.0], [200.0, 200.0], [200.0, 0.0], [380.0, 0.0]], [[568.1426931004142, 580.0], [668.1426931004142, 580.0], [668.1426931004142, 760.0], [568.1426931004142, 760.0], [568.1426931004142, 580.0]], [[452.4139015418624, 480.0], [452.4139015418624, 760.0], [172.4139015418624, 760.0], [452.4139015418624, 480.0]], [[0.0, 0.0], [200.0, 0.0], [200.0, 200.0], [0.0, 280.0], [0.0, 0.0]], [[363.30038417242343, 569.113517369439], [203.30038417242343, 489.113517369439], [363.30038417242343, 409.113517369439], [363.30038417242343, 569.113517369439]], [[221.5274189113013, 480.0], [221.5274189113013, 200.0], [461.5274189113013, 340.0], [221.5274189113013, 480.0]]]"
Mon Jul 20 19:09:19 2020,2,1,True,674.8241200314184,0.8446645326984785,"[0, 0, 1, 2, 2, 0, 2, 0, 3, 2, 3, 3]","[[[220.0, 280.0], [420.0, 280.0], [420.0, 480.0], [220.0, 480.0], [220.0, 280.0]], [[420.0, 280.0], [620.0, 280.0], [620.0, 480.0], [420.0, 480.0], [420.0, 280.0]], [[180.0, 480.0], [180.0, 760.0], [0.0, 760.0], [0.0, 480.0], [180.0, 480.0]], [[674.8241200314184, 280.0], [394.8241200314184, 280.0], [534.8241200314184, 140.0], [674.8241200314184, 280.0]], [[640.0, 0.0], [640.0, 180.0], [360.0, 0.0], [640.0, 0.0]], [[194.82412003141837, 480.0], [474.8241200314184, 480.0], [474.8241200314184, 760.0], [194.82412003141837, 760.0], [194.82412003141837, 480.0]], [[300.0, 180.0], [100.0, 100.0], [100.0, 0.0], [300.0, 0.0], [300.0, 180.0]], [[0.0, 0.0], [100.0, 0.0], [100.0, 180.0], [0.0, 180.0], [0.0, 0.0]], [[0.0, 460.0], [0.0, 180.0], [280.0, 180.0], [0.0, 460.0]], [[674.8241200314184, 749.0896153024387], [474.8241200314184, 749.0896153024387], [474.8241200314184, 549.0896153024387], [674.8241200314184, 469.0896153024387], [674.8241200314184, 749.0896153024387]], [[220.0, 480.0], [60.0, 400.0], [220.0, 320.0], [220.0, 480.0]], [[300.0, 280.0], [300.0, 0.0], [540.0, 140.0], [300.0, 280.0]]]"
Mon Jul 20 19:09:30 2020,2,1,True,681.5723612317325,0.8363015175232461,"[0, 0, 1, 2, 3, 0, 1, 0, 3, 2, 0, 0]","[[[100.0, 0.0], [300.0, 0.0], [300.0, 200.0], [100.0, 200.0], [100.0, 0.0]], [[460.0, 280.0], [660.0, 280.0], [660.0, 480.0], [460.0, 480.0], [460.0, 280.0]], [[662.7319401108514, 480.0], [662.7319401108514, 760.0], [482.7319401108514, 760.0], [482.7319401108514, 480.0], [662.7319401108514, 480.0]], [[280.0, 480.0], [0.0, 480.0], [140.0, 340.0], [280.0, 480.0]], [[482.7319401108514, 760.0], [302.7319401108514, 760.0], [482.7319401108514, 480.0], [482.7319401108514, 760.0]], [[0.0, 480.0], [280.0, 480.0], [280.0, 760.0], [0.0, 760.0], [0.0, 480.0]], [[460.0, 439.80524017243556], [380.0, 639.8052401724356], [280.0, 639.8052401724356], [280.0, 439.80524017243556], [460.0, 439.80524017243556]], [[0.0, 0.0], [100.0, 0.0], [100.0, 180.0], [0.0, 180.0], [0.0, 0.0]], [[0.0, 480.0], [0.0, 200.0], [280.0, 200.0], [0.0, 480.0]], [[440.19475982756444, 439.80524017243556], [240.19475982756444, 439.80524017243556], [240.19475982756444, 239.80524017243556], [440.19475982756444, 159.80524017243556], [440.19475982756444, 439.80524017243556]], [[487.8311552301616, 280.0], [567.8311552301616, 120.0], [647.8311552301616, 280.0], [487.8311552301616, 280.0]], [[346.97503639364373, 0.0], [626.9750363936437, 0.0], [486.97503639364373, 240.0], [346.97503639364373, 0.0]]]"
Mon Jul 20 19:09:36 2020,2,1,True,688.3880848440499,0.8280213044784615,"[0, 0, 1, 2, 3, 0, 0, 1, 3, 3, 0, 0]","[[[254.30946678246323, 225.69053321753677], [454.30946678246323, 225.69053321753677], [454.30946678246323, 425.69053321753677], [254.30946678246323, 425.69053321753677], [254.30946678246323, 225.69053321753677]], [[454.30946678246323, 280.0], [654.3094667824632, 280.0], [654.3094667824632, 480.0], [454.30946678246323, 480.0], [454.30946678246323, 280.0]], [[660.0, 480.0], [660.0, 760.0], [480.0, 760.0], [480.0, 480.0], [660.0, 480.0]], [[280.0, 480.0], [0.0, 480.0], [140.0, 340.0], [280.0, 480.0]], [[654.3094667824632, 280.0], [474.30946678246323, 280.0], [654.3094667824632, 0.0], [654.3094667824632, 280.0]], [[0.0, 480.0], [280.0, 480.0], [280.0, 760.0], [0.0, 760.0], [0.0, 480.0]], [[280.0, 425.69053321753677], [480.0, 505.69053321753677], [480.0, 605.6905332175368], [280.0, 605.6905332175368], [280.0, 425.69053321753677]], [[460.0, 660.0], [460.0, 760.0], [280.0, 760.0], [280.0, 660.0], [460.0, 660.0]], [[0.0, 480.0], [0.0, 200.0], [280.0, 200.0], [0.0, 480.0]], [[160.0, 200.0], [160.0, 0.0], [360.0, 0.0], [440.0, 200.0], [160.0, 200.0]], [[0.0, 200.0], [80.0, 40.0], [160.0, 200.0], [0.0, 200.0]], [[360.00911054669825, 0.022776366745574705], [640.0091105466983, 0.022776366745574705], [500.00911054669825, 240.02277636674557], [360.00911054669825, 0.022776366745574705]]]"
Mon Jul 20 19:09:36 2020,2,0,True,660.8525614502879,0.8625221921650641,"[0, 0, 1, 2, 3, 0, 0, 1, 3, 3, 0, 0]","[[[254.30946678246323, 225.69053321753677], [454.30946678246323, 225.69053321753677], [454.30946678246323, 425.69053321753677], [254.30946678246323, 425.69053321753677], [254.30946678246323, 225.69053321753677]], [[454.30946678246323, 280.0], [654.3094667824632, 280.0], [654.3094667824632, 480.0], [454.30946678246323, 480.0], [454.30946678246323, 280.0]], [[660.0, 480.0], [660.0, 760.0], [480.0, 760.0], [480.0, 480.0], [660.0, 480.0]], [[280.0, 480.0], [0.0, 480.0], [140.0, 340.0], [280.0, 480.0]], [[654.3094667824632, 280.0], [474.30946678246323, 280.0], [654.3094667824632, 0.0], [654.3094667824632, 280.0]], [[0.0, 480.0], [280.0, 480.0], [280.0, 760.0], [0.0, 760.0], [0.0, 480.0]], [[280.0, 425.69053321753677], [480.0, 505.69053321753677], [480.0, 605.6905332175368], [280.0, 605.6905332175368], [280.0, 425.69053321753677]], [[460.0, 660.0], [460.0, 760.0], [280.0, 760.0], [280.0, 660.0], [460.0, 660.0]], [[0.0, 480.0], [0.0, 200.0], [280.0, 200.0], [0.0, 480.0]], [[160.0, 200.0], [160.0, 0.0], [360.0, 0.0], [440.0, 200.0], [160.0, 200.0]], [[0.0, 200.0], [80.0, 40.0], [160.0, 200.0], [0.0, 200.0]], [[360.00911054669825, 0.022776366745574705], [640.0091105466983, 0.022776366745574705], [500.00911054669825, 240.02277636674557], [360.00911054669825, 0.022776366745574705]]]"
Mon Jul 20 19:10:05 2020,2,1,True,667.4610870647908,0.8539823684802613,"[0, 0, 1, 2, 2, 0, 3, 0, 3, 2, 2, 3]","[[[460.0, 530.6068835482199], [660.0, 530.6068835482199], [660.0, 730.6068835482199], [460.0, 730.6068835482199], [460.0, 530.6068835482199]], [[467.46108706479083, 250.6068835482199], [667.4610870647908, 250.6068835482199], [667.4610870647908, 450.6068835482199], [467.46108706479083, 450.6068835482199], [467.46108706479083, 250.6068835482199]], [[460.0, 480.0], [460.0, 760.0], [280.0, 760.0], [280.0, 480.0], [460.0, 480.0]], [[480.0, 480.0], [200.0, 480.0], [340.0, 340.0], [480.0, 480.0]], [[302.22222222222223, 0.0], [302.22222222222223, 180.0], [22.22222222222223, 0.0], [302.22222222222223, 0.0]], [[0.0, 480.0], [280.0, 480.0], [280.0, 760.0], [0.0, 760.0], [0.0, 480.0]], [[382.22222222222223, 200.0], [462.22222222222223, 0.0], [562.2222222222222, 0.0], [562.2222222222222, 200.0], [382.22222222222223, 200.0]], [[562.2222222222222, 0.0], [662.2222222222222, 0.0], [662.2222222222222, 180.0], [562.2222222222222, 180.0], [562.2222222222222, 0.0]], [[200.0, 480.0], [200.0, 200.0], [480.0, 200.0], [200.0, 480.0]], [[200.0, 480.0], [0.0, 480.0], [0.0, 280.0], [200.0, 200.0], [200.0, 480.0]], [[462.22222222222223, 0.0], [382.22222222222223, 160.0], [302.22222222222223, 0.0], [462.22222222222223, 0.0]], [[0.0, 280.0], [0.0, 0.0], [240.0, 140.0], [0.0, 280.0]]]"
Mon Jul 20 19:11:03 2020,2,3,True,674.1356979354388,0.8455270975052093,"[0, 0, 1, 3, 3, 0, 1, 0, 0, 0, 2, 3]","[[[0.0, 280.0], [200.0, 280.0], [200.0, 480.0], [0.0, 480.0], [0.0, 280.0]], [[474.13569793543877, 0.0], [674.1356979354388, 0.0], [674.1356979354388, 200.0], [474.13569793543877, 200.0], [474.13569793543877, 0.0]], [[180.0, 480.0], [180.0, 760.0], [0.0, 760.0], [0.0, 480.0], [180.0, 480.0]], [[517.9177340724007, 600.0], [517.9177340724007, 320.0], [657.9177340724007, 460.0], [517.9177340724007, 600.0]], [[640.7626435821992, 760.0], [460.7626435821992, 760.0], [640.7626435821992, 480.0], [640.7626435821992, 760.0]], [[0.0, 0.0], [280.0, 0.0], [280.0, 280.0], [0.0, 280.0], [0.0, 0.0]], [[460.0, 0.0], [380.0, 200.0], [280.0, 200.0], [280.0, 0.0], [460.0, 0.0]], [[380.0, 419.2373564178008], [480.0, 419.2373564178008], [480.0, 599.2373564178008], [380.0, 599.2373564178008], [380.0, 419.2373564178008]], [[394.13569793543877, 200.0], [674.1356979354388, 200.0], [674.1356979354388, 480.0], [394.13569793543877, 200.0]], [[180.0, 480.0], [380.0, 480.0], [380.0, 680.0], [180.0, 760.0], [180.0, 480.0]], [[540.0, 600.0], [460.0, 760.0], [380.0, 600.0], [540.0, 600.0]], [[277.91773407240066, 478.78534487556703], [277.91773407240066, 198.78534487556703], [517.9177340724007, 338.78534487556703], [277.91773407240066, 478.78534487556703]]]"
Mon Jul 20 19:11:18 2020,2,1,True,680.8770549147931,0.8371555420843656,"[0, 0, 0, 1, 1, 0, 3, 1, 1, 0, 3, 3]","[[[476.47250566893433, 560.0], [676.4725056689343, 560.0], [676.4725056689343, 760.0], [476.47250566893433, 760.0], [476.47250566893433, 560.0]], [[480.8770549147931, 0.734126984126874], [680.8770549147931, 0.734126984126874], [680.8770549147931, 200.73412698412687], [480.8770549147931, 200.73412698412687], [480.8770549147931, 0.734126984126874]], [[196.47250566893433, 560.5428064017448], [476.47250566893433, 560.5428064017448], [476.47250566893433, 740.5428064017448], [196.47250566893433, 740.5428064017448], [196.47250566893433, 560.5428064017448]], [[677.8769841269842, 200.73412698412687], [677.8769841269842, 480.7341269841269], [537.8769841269842, 340.7341269841269], [677.8769841269842, 200.73412698412687]], [[0.0, 387.4074074074074], [180.0, 387.4074074074074], [0.0, 667.4074074074074], [0.0, 387.4074074074074]], [[0.0, 0.0], [280.0, 0.0], [280.0, 280.0], [0.0, 280.0], [0.0, 0.0]], [[16.472505668934332, 760.0], [96.47250566893433, 560.0], [196.47250566893433, 560.0], [196.47250566893433, 760.0], [16.472505668934332, 760.0]], [[180.0, 280.0], [180.0, 380.0], [0.0, 380.0], [0.0, 280.0], [180.0, 280.0]], [[349.04761904761904, 280.0], [349.04761904761904, 560.0], [69.04761904761904, 560.0], [349.04761904761904, 280.0]], [[280.0, 0.0], [480.0, 0.0], [480.0, 200.0], [280.0, 280.0], [280.0, 0.0]], [[537.8769841269842, 360.7341269841269], [377.8769841269842, 280.7341269841269], [537.8769841269842, 200.73412698412687], [537.8769841269842, 360.7341269841269]], [[349.04761904761904, 543.9169973544972], [349.04761904761904, 263.9169973544972], [589.047619047619, 403.9169973544972], [349.04761904761904, 543.9169973544972]]]"
Mon Jul 20 19:11:48 2020,2,1,True,687.6858254639411,0.828866873350857,"[0, 0, 1, 0, 0, 0, 2, 1, 0, 1, 3, 3]","[[[307.6858254639411, 0.0], [507.6858254639411, 0.0], [507.6858254639411, 200.0], [307.6858254639411, 200.0], [307.6858254639411, 0.0]], [[400.0, 280.0], [600.0, 280.0], [600.0, 480.0], [400.0, 480.0], [400.0, 280.0]], [[687.6858254639411, 0.0], [687.6858254639411, 280.0], [507.6858254639411, 280.0], [507.6858254639411, 0.0], [687.6858254639411, 0.0]], [[162.81673152063235, 200.0], [442.81673152063235, 200.0], [302.81673152063235, 340.0], [162.81673152063235, 200.0]], [[280.0, 658.8733073917471], [280.0, 478.87330739174706], [560.0, 658.8733073917471], [280.0, 658.8733073917471]], [[0.0, 480.0], [280.0, 480.0], [280.0, 760.0], [0.0, 760.0], [0.0, 480.0]], [[389.45703167891594, 520.0], [189.45703167891594, 440.0], [189.45703167891594, 340.0], [389.45703167891594, 340.0], [389.45703167891594, 520.0]], [[460.0, 658.8733073917471], [460.0, 758.8733073917471], [280.0, 758.8733073917471], [280.0, 658.8733073917471], [460.0, 658.8733073917471]], [[396.0, 480.0], [676.0, 480.0], [676.0, 760.0], [396.0, 480.0]], [[307.6858254639411, 0.0], [307.6858254639411, 200.0], [107.68582546394111, 200.0], [27.685825463941114, 0.0], [307.6858254639411, 0.0]], [[189.45703167891594, 480.0], [29.45703167891594, 400.0], [189.45703167891594, 320.0], [189.45703167891594, 480.0]], [[0.0, 417.18326847936765], [0.0, 137.18326847936765], [240.0, 277.18326847936765], [0.0, 417.18326847936765]]]"
Mon Jul 20 19:11:51 2020,2,0,True,660.1783924453835,0.8634029930738094,"[0, 0, 1, 0, 0, 0, 0, 1, 0, 1, 3, 3]","[[[280.17839244538345, 0.0], [480.17839244538345, 0.0], [480.17839244538345, 200.0], [280.17839244538345, 200.0], [280.17839244538345, 0.0]], [[428.3141745360588, 280.0], [628.3141745360588, 280.0], [628.3141745360588, 480.0], [428.3141745360588, 480.0], [428.3141745360588, 280.0]], [[660.1783924453835, 0.0], [660.1783924453835, 280.0], [480.17839244538345, 280.0], [480.17839244538345, 0.0], [660.1783924453835, 0.0]], [[188.31417453605877, 200.0], [468.3141745360588, 200.0], [328.3141745360588, 340.0], [188.31417453605877, 200.0]], [[280.0, 660.0], [280.0, 480.0], [560.0, 660.0], [280.0, 660.0]], [[0.0, 480.0], [280.0, 480.0], [280.0, 760.0], [0.0, 760.0], [0.0, 480.0]], [[228.31417453605883, 300.0], [428.31417453605883, 380.0], [428.31417453605883, 480.0], [228.31417453605883, 480.0], [228.31417453605883, 300.0]], [[460.0, 660.0], [460.0, 760.0], [280.0, 760.0], [280.0, 660.0], [460.0, 660.0]], [[380.17839244538345, 480.0], [660.1783924453835, 480.0], [660.1783924453835, 760.0], [380.17839244538345, 480.0]], [[280.0, 0.0], [280.0, 200.0], [80.0, 200.0], [0.0, 0.0], [280.0, 0.0]], [[217.14285714285694, 480.0], [57.14285714285694, 400.0], [217.14285714285694, 320.0], [217.14285714285694, 480.0]], [[0.0, 433.3333333333333], [0.0, 153.33333333333331], [240.0, 293.3333333333333], [0.0, 433.3333333333333]]]"
Mon Jul 20 19:12:09 2020,2,1,True,666.7801763698372,0.8548544485879301,"[0, 0, 1, 1, 2, 0, 1, 0, 1, 0, 0, 3]","[[[0.0, 280.0], [200.0, 280.0], [200.0, 480.0], [0.0, 480.0], [0.0, 280.0]], [[460.0, 280.0], [660.0, 280.0], [660.0, 480.0], [460.0, 480.0], [460.0, 280.0]], [[180.0, 0.0], [180.0, 280.0], [0.0, 280.0], [0.0, 0.0], [180.0, 0.0]], [[433.77125674756815, 181.83585031293705], [433.77125674756815, 461.83585031293705], [293.77125674756815, 321.83585031293705], [433.77125674756815, 181.83585031293705]], [[460.0, 0.0], [460.0, 180.0], [180.0, 0.0], [460.0, 0.0]], [[0.0, 480.0], [280.0, 480.0], [280.0, 760.0], [0.0, 760.0], [0.0, 480.0]], [[460.0, 461.83585031293705], [380.0, 661.835850312937], [280.0, 661.835850312937], [280.0, 461.83585031293705], [460.0, 461.83585031293705]], [[561.835850312937, 580.0], [661.835850312937, 580.0], [661.835850312937, 760.0], [561.835850312937, 760.0], [561.835850312937, 580.0]], [[561.835850312937, 480.0], [561.835850312937, 760.0], [281.83585031293705, 760.0], [561.835850312937, 480.0]], [[460.0, 0.0], [660.0, 0.0], [660.0, 200.0], [460.0, 280.0], [460.0, 0.0]], [[200.0, 454.29333681780076], [280.0, 294.29333681780076], [360.0, 454.29333681780076], [200.0, 454.29333681780076]], [[200.0, 307.1428571428571], [200.0, 27.14285714285711], [440.0, 167.1428571428571], [200.0, 307.1428571428571]]]"
Mon Jul 20 19:12:32 2020,2,1,True,673.4479781335357,0.8463905431563663,"[0, 0, 0, 2, 2, 0, 3, 1, 0, 0, 0, 3]","[[[200.0, 6.552021866464315], [400.0, 6.552021866464315], [400.0, 206.55202186646432], [200.0, 206.55202186646432], [200.0, 6.552021866464315]], [[0.0, 279.8098794805612], [200.0, 279.8098794805612], [200.0, 479.8098794805612], [0.0, 479.8098794805612], [0.0, 279.8098794805612]], [[200.0, 243.2760109332321], [480.0, 243.2760109332321], [480.0, 423.2760109332321], [200.0, 423.2760109332321], [200.0, 243.2760109332321]], [[640.0, 246.55202186646432], [360.0, 246.55202186646432], [500.0, 106.55202186646432], [640.0, 246.55202186646432]], [[493.4479781335357, 423.2760109332321], [493.4479781335357, 603.2760109332321], [213.44797813353568, 423.2760109332321], [493.4479781335357, 423.2760109332321]], [[0.0, 480.0], [280.0, 480.0], [280.0, 760.0], [0.0, 760.0], [0.0, 480.0]], [[493.4479781335357, 600.0], [573.4479781335357, 400.0], [673.4479781335357, 400.0], [673.4479781335357, 600.0], [493.4479781335357, 600.0]], [[673.4479781335357, 300.0], [673.4479781335357, 400.0], [493.4479781335357, 400.0], [493.4479781335357, 300.0], [673.4479781335357, 300.0]], [[393.4479781335357, 0.0], [673.4479781335357, 0.0], [673.4479781335357, 280.0], [393.4479781335357, 0.0]], [[0.0, 0.0], [200.0, 0.0], [200.0, 200.0], [0.0, 280.0], [0.0, 0.0]], [[513.4479781335357, 760.0], [593.4479781335357, 600.0], [673.4479781335357, 760.0], [513.4479781335357, 760.0]], [[280.0, 758.7646903553363], [280.0, 478.76469035533626], [520.0, 618.7646903553363], [280.0, 758.7646903553363]]]"
Mon Jul 20 19:13:36 2020,2,3,True,680.1824579148711,0.8380104387686795,"[0, 0, 0, 3, 1, 0, 3, 0, 1, 2, 0, 0]","[[[200.0, 560.0], [400.0, 560.0], [400.0, 760.0], [200.0, 760.0], [200.0, 560.0]], [[446.5100590081943, 560.0], [646.5100590081943, 560.0], [646.5100590081943, 760.0], [446.5100590081943, 760.0], [446.5100590081943, 560.0]], [[0.0, 0.0], [280.0, 0.0], [280.0, 180.0], [0.0, 180.0], [0.0, 0.0]], [[280.0, 380.0], [280.0, 100.0], [420.0, 240.0], [280.0, 380.0]], [[420.0, 280.0], [600.0, 280.0], [420.0, 560.0], [420.0, 280.0]], [[0.0, 180.0], [280.0, 180.0], [280.0, 460.0], [0.0, 460.0], [0.0, 180.0]], [[240.0, 560.0], [320.0, 360.0], [420.0, 360.0], [420.0, 560.0], [240.0, 560.0]], [[573.4821428571429, 321.25], [673.4821428571429, 321.25], [673.4821428571429, 501.25], [573.4821428571429, 501.25], [573.4821428571429, 321.25]], [[660.0, 0.0], [660.0, 280.0], [380.0, 280.0], [660.0, 0.0]], [[200.0, 760.0], [0.0, 760.0], [0.0, 560.0], [200.0, 480.0], [200.0, 760.0]], [[442.8571428571429, 560.0], [522.8571428571429, 400.0], [602.8571428571429, 560.0], [442.8571428571429, 560.0]], [[280.0, 0.0], [560.0, 0.0], [420.0, 240.0], [280.0, 0.0]]]"
Mon Jul 20 19:14:13 2020,2,1,True,686.9842824940198,0.8297133057115639,"[0, 0, 1, 1, 2, 0, 0, 1, 0, 0, 1, 2]","[[[280.0, 460.0], [480.0, 460.0], [480.0, 660.0], [280.0, 660.0], [280.0, 460.0]], [[56.45796670454615, 280.0], [256.45796670454615, 280.0], [256.45796670454615, 480.0], [56.45796670454615, 480.0], [56.45796670454615, 280.0]], [[660.0, 480.0], [660.0, 760.0], [480.0, 760.0], [480.0, 480.0], [660.0, 480.0]], [[206.9842824940198, 0.0], [206.9842824940198, 280.0], [66.9842824940198, 140.0], [206.9842824940198, 0.0]], [[686.9842824940198, 317.3470387461556], [686.9842824940198, 497.3470387461556], [406.9842824940198, 317.3470387461556], [686.9842824940198, 317.3470387461556]], [[0.0, 480.0], [280.0, 480.0], [280.0, 760.0], [0.0, 760.0], [0.0, 480.0]], [[256.45796670454615, 280.0], [456.45796670454615, 360.0], [456.45796670454615, 460.0], [256.45796670454615, 460.0], [256.45796670454615, 280.0]], [[460.0, 660.0], [460.0, 760.0], [280.0, 760.0], [280.0, 660.0], [460.0, 660.0]], [[406.9842824940198, 0.0], [686.9842824940198, 0.0], [686.9842824940198, 280.0], [406.9842824940198, 0.0]], [[206.9842824940198, 0.0], [406.9842824940198, 0.0], [406.9842824940198, 200.0], [206.9842824940198, 280.0], [206.9842824940198, 0.0]], [[0.0, 148.22898335227308], [160.0, 228.22898335227308], [0.0, 308.2289833522731], [0.0, 148.22898335227308]], [[620.6684930203355, 313.6842105263157], [340.6684930203355, 313.6842105263157], [480.6684930203355, 73.68421052631572], [620.6684930203355, 313.6842105263157]]]"
Mon Jul 20 19:14:17 2020,2,0,True,659.504911194259,0.8642846934495457,"[0, 0, 1, 0, 1, 0, 0, 1, 0, 0, 0, 2]","[[[279.50491119425897, 460.0], [479.50491119425897, 460.0], [479.50491119425897, 660.0], [279.50491119425897, 660.0], [279.50491119425897, 460.0]], [[6.984282494019794, 280.0], [206.9842824940198, 280.0], [206.9842824940198, 480.0], [6.984282494019794, 480.0], [6.984282494019794, 280.0]], [[659.504911194259, 480.0], [659.504911194259, 760.0], [479.50491119425897, 760.0], [479.50491119425897, 480.0], [659.504911194259, 480.0]], [[376.456334906644, 313.6842105263157], [656.456334906644, 313.6842105263157], [516.456334906644, 453.6842105263157], [376.456334906644, 313.6842105263157]], [[0.0, 0.0], [180.0, 0.0], [0.0, 280.0], [0.0, 0.0]], [[0.0, 480.0], [280.0, 480.0], [280.0, 760.0], [0.0, 760.0], [0.0, 480.0]], [[206.9842824940198, 269.0082514800956], [406.9842824940198, 349.0082514800956], [406.9842824940198, 449.0082514800956], [206.9842824940198, 449.0082514800956], [206.9842824940198, 269.0082514800956]], [[460.0, 660.0], [460.0, 760.0], [280.0, 760.0], [280.0, 660.0], [460.0, 660.0]], [[379.50491119425897, 0.0], [659.504911194259, 0.0], [659.504911194259, 280.0], [379.50491119425897, 0.0]], [[179.50491119425897, 0.0], [379.50491119425897, 0.0], [379.50491119425897, 200.0], [179.50491119425897, 280.0], [179.50491119425897, 0.0]], [[19.504911194258966, 280.0], [99.50491119425897, 120.0], [179.50491119425897, 280.0], [19.504911194258966, 280.0]], [[593.1891217205747, 313.6842105263157], [313.1891217205747, 313.6842105263157], [453.1891217205747, 73.68421052631572], [593.1891217205747, 313.6842105263157]]]"
Mon Jul 20 19:15:59 2020,2,5,True,666.0999603062015,0.855727419256976,"[0, 0, 1, 0, 0, 0, 0, 1, 0, 0, 3, 3]","[[[464.7696478704072, 280.0], [664.7696478704072, 280.0], [664.7696478704072, 480.0], [464.7696478704072, 480.0], [464.7696478704072, 280.0]], [[0.0, 0.0], [200.0, 0.0], [200.0, 200.0], [0.0, 200.0], [0.0, 0.0]], [[660.0, 0.0], [660.0, 280.0], [480.0, 280.0], [480.0, 0.0], [660.0, 0.0]], [[95.87292793485736, 591.6325965295512], [375.87292793485733, 591.6325965295512], [235.87292793485736, 731.6325965295512], [95.87292793485736, 591.6325965295512]], [[0.0, 760.0], [0.0, 580.0], [280.0, 760.0], [0.0, 760.0]], [[375.87292793485733, 480.0], [655.8729279348573, 480.0], [655.8729279348573, 760.0], [375.87292793485733, 760.0], [375.87292793485733, 480.0]], [[165.45925433806093, 413.8162982647756], [365.45925433806093, 493.8162982647756], [365.45925433806093, 593.8162982647756], [165.45925433806093, 593.8162982647756], [165.45925433806093, 413.8162982647756]], [[464.76964787040725, 361.5404556777141], [464.76964787040725, 461.5404556777141], [284.76964787040725, 461.5404556777141], [284.76964787040725, 361.5404556777141], [464.76964787040725, 361.5404556777141]], [[200.0, 0.0], [480.0, 0.0], [480.0, 280.0], [200.0, 0.0]], [[0.0, 200.0], [200.0, 200.0], [200.0, 400.0], [0.0, 480.0], [0.0, 200.0]], [[160.0, 576.0], [0.0, 496.0], [160.0, 416.0], [160.0, 576.0]], [[200.0, 410.9894169354516], [200.0, 130.98941693545157], [440.0, 270.9894169354516], [200.0, 410.9894169354516]]]"
Mon Jul 20 19:16:19 2020,2,1,True,672.7609599092635,0.8472548705514614,"[0, 0, 1, 3, 3, 0, 2, 1, 2, 0, 1, 1]","[[[472.76095990926353, 0.0], [672.7609599092635, 0.0], [672.7609599092635, 200.0], [472.76095990926353, 200.0], [472.76095990926353, 0.0]], [[468.9935852232893, 200.0], [668.9935852232893, 200.0], [668.9935852232893, 400.0], [468.9935852232893, 400.0], [468.9935852232893, 200.0]], [[180.0, 0.0], [180.0, 280.0], [0.0, 280.0], [0.0, 0.0], [180.0, 0.0]], [[479.99999999999994, 702.072604303299], [479.99999999999994, 422.07260430329904], [620.0, 562.072604303299], [479.99999999999994, 702.072604303299]], [[672.7609599092635, 760.0], [492.76095990926353, 760.0], [672.7609599092635, 480.0], [672.7609599092635, 760.0]], [[199.99999999999994, 480.0], [479.99999999999994, 480.0], [479.99999999999994, 760.0], [199.99999999999994, 760.0], [199.99999999999994, 480.0]], [[200.0, 460.0], [0.0, 380.0], [0.0, 280.0], [200.0, 280.0], [200.0, 460.0]], [[450.125445606071, 0.0], [450.125445606071, 100.0], [270.125445606071, 100.0], [270.125445606071, 0.0], [450.125445606071, 0.0]], [[479.99999999999994, 479.99999999999994], [199.99999999999994, 479.99999999999994], [199.99999999999994, 199.99999999999994], [479.99999999999994, 479.99999999999994]], [[0.0, 460.0], [200.0, 460.0], [200.0, 660.0], [0.0, 740.0], [0.0, 460.0]], [[180.0, 54.93727719696449], [340.0, 134.9372771969645], [180.0, 214.9372771969645], [180.0, 54.93727719696449]], [[468.9489750178357, 89.01960784313746], [468.9489750178357, 369.01960784313746], [228.94897501783572, 229.01960784313746], [468.9489750178357, 89.01960784313746]]]"
Mon Jul 20 19:16:38 2020,2,1,True,679.4885695083561,0.8388662084667935,"[0, 0, 1, 1, 1, 0, 1, 1, 2, 0, 0, 1]","[[[455.44644702461153, 0.0], [655.4464470246115, 0.0], [655.4464470246115, 200.0], [455.44644702461153, 200.0], [455.44644702461153, 0.0]], [[0.0, 200.0], [200.0, 200.0], [200.0, 400.0], [0.0, 400.0], [0.0, 200.0]], [[660.0, 199.94798267196722], [660.0, 479.9479826719672], [480.0, 479.9479826719672], [480.0, 199.94798267196722], [660.0, 199.94798267196722]], [[178.5714285714286, 480.0], [178.5714285714286, 760.0], [38.57142857142861, 620.0], [178.5714285714286, 480.0]], [[0.0, 400.0], [180.0, 400.0], [0.0, 680.0], [0.0, 400.0]], [[178.5714285714286, 480.0], [458.5714285714286, 480.0], [458.5714285714286, 760.0], [178.5714285714286, 760.0], [178.5714285714286, 480.0]], [[180.0, 0.0], [100.0, 200.0], [0.0, 200.0], [0.0, 0.0], [180.0, 0.0]], [[413.2654693616037, 0.0], [413.2654693616037, 100.0], [233.26546936160372, 100.0], [233.26546936160372, 0.0], [413.2654693616037, 0.0]], [[480.0, 479.9479826719672], [200.0, 479.9479826719672], [200.0, 199.94798267196722], [480.0, 479.9479826719672]], [[458.5714285714286, 479.9479826719672], [658.5714285714287, 479.9479826719672], [658.5714285714287, 679.9479826719672], [458.5714285714286, 759.9479826719672], [458.5714285714286, 479.9479826719672]], [[110.3402086051572, 174.149478487107], [190.34020860515722, 14.14947848710699], [270.3402086051572, 174.149478487107], [110.3402086051572, 174.149478487107]], [[455.44644702461153, 75.3944296965787], [455.44644702461153, 355.3944296965787], [215.44644702461153, 215.3944296965787], [455.44644702461153, 75.3944296965787]]]"
Mon Jul 20 19:16:47 2020,2,1,True,686.2834552034398,0.8305606024423697,"[0, 0, 1, 1, 1, 0, 0, 1, 2, 2, 1, 1]","[[[475.3723314641379, 0.0], [675.3723314641379, 0.0], [675.3723314641379, 200.0], [475.3723314641379, 200.0], [475.3723314641379, 0.0]], [[0.0, 190.18558553891523], [200.0, 190.18558553891523], [200.0, 390.18558553891523], [0.0, 390.18558553891523], [0.0, 190.18558553891523]], [[660.0, 199.87508218951518], [660.0, 479.8750821895152], [480.0, 479.8750821895152], [480.0, 199.87508218951518], [660.0, 199.87508218951518]], [[172.2621621321598, 480.0], [172.2621621321598, 760.0], [32.2621621321598, 620.0], [172.2621621321598, 480.0]], [[0.0, 390.18558553891523], [180.0, 390.18558553891523], [0.0, 670.1855855389152], [0.0, 390.18558553891523]], [[172.2621621321598, 480.0], [452.2621621321598, 480.0], [452.2621621321598, 760.0], [172.2621621321598, 760.0], [172.2621621321598, 480.0]], [[0.0, 0.0], [200.0, 80.0], [200.0, 180.0], [0.0, 180.0], [0.0, 0.0]], [[472.17194554672506, 0.0], [472.17194554672506, 100.0], [292.17194554672506, 100.0], [292.17194554672506, 0.0], [472.17194554672506, 0.0]], [[480.0, 479.8750821895152], [200.0, 479.8750821895152], [200.0, 199.87508218951518], [480.0, 479.8750821895152]], [[652.2621621321598, 760.0], [452.2621621321598, 760.0], [452.2621621321598, 560.0], [652.2621621321598, 480.0], [652.2621621321598, 760.0]], [[226.79956593822297, 66.67464812773812], [386.79956593822294, 146.67464812773812], [226.79956593822297, 226.67464812773812], [226.79956593822297, 66.67464812773812]], [[477.1948753975206, 97.0699575870359], [477.1948753975206, 377.0699575870359], [237.1948753975206, 237.0699575870359], [477.1948753975206, 97.0699575870359]]]"
Mon Jul 20 19:17:00 2020,2,1,True,693.1462897554742,0.8223372301409602,"[0, 0, 1, 1, 0, 0, 2, 0, 2, 0, 1, 0]","[[[493.1462897554742, 0.0], [693.1462897554742, 0.0], [693.1462897554742, 200.0], [493.1462897554742, 200.0], [493.1462897554742, 0.0]], [[0.0, 279.9999999999999], [200.0, 279.9999999999999], [200.0, 479.9999999999999], [0.0, 479.9999999999999], [0.0, 279.9999999999999]], [[691.3043478260869, 480.0], [691.3043478260869, 760.0], [511.3043478260869, 760.0], [511.3043478260869, 480.0], [691.3043478260869, 480.0]], [[231.30434782608688, 448.695652173913], [231.30434782608688, 728.695652173913], [91.30434782608688, 588.695652173913], [231.30434782608688, 448.695652173913]], [[0.0, 760.0], [0.0, 580.0], [280.0, 760.0], [0.0, 760.0]], [[231.30434782608688, 448.695652173913], [511.3043478260869, 448.695652173913], [511.3043478260869, 728.695652173913], [231.30434782608688, 728.695652173913], [231.30434782608688, 448.695652173913]], [[493.1462897554742, 180.0], [293.1462897554742, 100.0], [293.1462897554742, 0.0], [493.1462897554742, 0.0], [493.1462897554742, 180.0]], [[593.1462897554742, 300.0], [693.1462897554742, 300.0], [693.1462897554742, 480.0], [593.1462897554742, 480.0], [593.1462897554742, 300.0]], [[479.99999999999994, 448.695652173913], [199.99999999999994, 448.695652173913], [199.99999999999994, 168.695652173913], [479.99999999999994, 448.695652173913]], [[0.0, 0.0], [200.0, 0.0], [200.0, 200.0], [0.0, 280.0], [0.0, 0.0]], [[278.4723767119959, 92.66304347826085], [438.4723767119959, 172.66304347826085], [278.4723767119959, 252.66304347826085], [278.4723767119959, 92.66304347826085]], [[366.4071593206916, 208.695652173913], [646.4071593206916, 208.695652173913], [506.4071593206916, 448.695652173913], [366.4071593206916, 208.695652173913]]]"
Mon Jul 20 19:17:07 2020,2,1,True,700.0777526530289,0.8141952773672871,"[0, 0, 1, 1, 3, 0, 3, 0, 2, 0, 2, 0]","[[[440.0, 0.0], [640.0, 0.0], [640.0, 200.0], [440.0, 200.0], [440.0, 0.0]], [[0.0, 280.0], [200.0, 280.0], [200.0, 480.0], [0.0, 480.0], [0.0, 280.0]], [[665.4204381652552, 480.0], [665.4204381652552, 760.0], [485.4204381652552, 760.0], [485.4204381652552, 480.0], [665.4204381652552, 480.0]], [[339.99999999999994, 0.0], [339.99999999999994, 280.0], [199.99999999999994, 140.0], [339.99999999999994, 0.0]], [[182.85714285714278, 760.0], [2.857142857142776, 760.0], [182.85714285714278, 480.0], [182.85714285714278, 760.0]], [[182.85714285714278, 480.0], [462.8571428571428, 480.0], [462.8571428571428, 760.0], [182.85714285714278, 760.0], [182.85714285714278, 480.0]], [[493.33333333333337, 480.0], [573.3333333333334, 280.0], [673.3333333333334, 280.0], [673.3333333333334, 480.0], [493.33333333333337, 480.0]], [[339.99999999999994, 0.0], [439.99999999999994, 0.0], [439.99999999999994, 180.0], [339.99999999999994, 180.0], [339.99999999999994, 0.0]], [[480.0, 480.0], [200.0, 480.0], [200.0, 200.0], [480.0, 480.0]], [[0.0, 0.0], [200.0, 0.0], [200.0, 200.0], [0.0, 280.0], [0.0, 0.0]], [[160.0, 480.0], [80.0, 640.0], [0.0, 480.0], [160.0, 480.0]], [[339.99999999999994, 200.0], [620.0, 200.0], [479.99999999999994, 440.0], [339.99999999999994, 200.0]]]"
Mon Jul 20 19:17:08 2020,2,0,True,672.0746425469077,0.8481200805909243,"[0, 0, 1, 1, 3, 0, 3, 0, 2, 0, 2, 0]","[[[440.0, 0.0], [640.0, 0.0], [640.0, 200.0], [440.0, 200.0], [440.0, 0.0]], [[0.0, 280.0], [200.0, 280.0], [200.0, 480.0], [0.0, 480.0], [0.0, 280.0]], [[665.4204381652552, 480.0], [665.4204381652552, 760.0], [485.4204381652552, 760.0], [485.4204381652552, 480.0], [665.4204381652552, 480.0]], [[339.99999999999994, 0.0], [339.99999999999994, 280.0], [199.99999999999994, 140.0], [339.99999999999994, 0.0]], [[182.85714285714278, 760.0], [2.857142857142776, 760.0], [182.85714285714278, 480.0], [182.85714285714278, 760.0]], [[182.85714285714278, 480.0], [462.8571428571428, 480.0], [462.8571428571428, 760.0], [182.85714285714278, 760.0], [182.85714285714278, 480.0]], [[492.07464254690774, 480.0], [572.0746425469077, 280.0], [672.0746425469077, 280.0], [672.0746425469077, 480.0], [492.07464254690774, 480.0]], [[339.99999999999994, 0.0], [439.99999999999994, 0.0], [439.99999999999994, 180.0], [339.99999999999994, 180.0], [339.99999999999994, 0.0]], [[480.0, 480.0], [200.0, 480.0], [200.0, 200.0], [480.0, 480.0]], [[0.0, 0.0], [200.0, 0.0], [200.0, 200.0], [0.0, 280.0], [0.0, 0.0]], [[160.0, 480.0], [80.0, 640.0], [0.0, 480.0], [160.0, 480.0]], [[338.7413092135744, 200.0], [618.7413092135744, 200.0], [478.7413092135744, 440.0], [338.7413092135744, 200.0]]]"
Mon Jul 20 19:17:20 2020,2,1,True,678.7953889723768,0.839722852070222,"[0, 0, 0, 0, 3, 0, 1, 1, 1, 2, 2, 3]","[[[460.0, 360.0], [660.0, 360.0], [660.0, 560.0], [460.0, 560.0], [460.0, 360.0]], [[445.1916568450314, 560.0], [645.1916568450314, 560.0], [645.1916568450314, 760.0], [445.1916568450314, 760.0], [445.1916568450314, 560.0]], [[172.0, 20.0], [452.0, 20.0], [452.0, 200.0], [172.0, 200.0], [172.0, 20.0]], [[99.99999999999997, 480.0], [380.0, 480.0], [239.99999999999997, 620.0], [99.99999999999997, 480.0]], [[182.0779220779221, 481.2121212121212], [2.0779220779220964, 481.2121212121212], [182.0779220779221, 201.2121212121212], [182.0779220779221, 481.2121212121212]], [[182.0779220779221, 200.0], [462.0779220779221, 200.0], [462.0779220779221, 480.0], [182.0779220779221, 480.0], [182.0779220779221, 200.0]], [[180.0, 0.0], [100.0, 200.0], [0.0, 200.0], [0.0, 0.0], [180.0, 0.0]], [[632.0, 0.0], [632.0, 100.0], [452.0, 100.0], [452.0, 0.0], [632.0, 0.0]], [[380.0, 480.0], [380.0, 760.0], [100.0, 760.0], [380.0, 480.0]], [[678.7953889723768, 361.28184441104924], [478.7953889723768, 361.28184441104924], [478.7953889723768, 161.28184441104924], [678.7953889723768, 81.28184441104924], [678.7953889723768, 361.28184441104924]], [[160.0, 200.0], [80.0, 360.0], [0.0, 200.0], [160.0, 200.0]], [[0.0, 760.0], [0.0, 480.0], [240.0, 620.0], [0.0, 760.0]]]"
Mon Jul 20 19:17:28 2020,2,1,True,685.5833428621006,0.8314087644259623,"[0, 0, 1, 1, 2, 0, 2, 1, 1, 2, 1, 3]","[[[0.0, 560.0], [200.0, 560.0], [200.0, 760.0], [0.0, 760.0], [0.0, 560.0]], [[200.0, 560.0], [400.0, 560.0], [400.0, 760.0], [200.0, 760.0], [200.0, 560.0]], [[380.0, 0.0], [380.0, 280.0], [200.0, 280.0], [200.0, 0.0], [380.0, 0.0]], [[140.0, 256.0], [140.0, 536.0], [0.0, 396.0], [140.0, 256.0]], [[682.2222222222223, 5.684341886080802e-14], [682.2222222222223, 180.00000000000006], [402.2222222222223, 5.684341886080802e-14], [682.2222222222223, 5.684341886080802e-14]], [[140.0, 280.0], [420.0, 280.0], [420.0, 560.0], [140.0, 560.0], [140.0, 280.0]], [[200.0, 280.0], [0.0, 200.0], [0.0, 100.0], [200.0, 100.0], [200.0, 280.0]], [[180.0, 0.0], [180.0, 100.0], [0.0, 100.0], [0.0, 0.0], [180.0, 0.0]], [[680.0, 431.6435734134816], [680.0, 711.6435734134816], [400.0, 711.6435734134816], [680.0, 431.6435734134816]], [[651.6435734134817, 460.0], [451.6435734134817, 460.0], [451.6435734134817, 260.0], [651.6435734134817, 180.0], [651.6435734134817, 460.0]], [[420.0, 444.1782132932592], [580.0, 524.1782132932592], [420.0, 604.1782132932592], [420.0, 444.1782132932592]], [[380.0, 280.0], [380.0, 0.0], [620.0, 140.0], [380.0, 280.0]]]"
Mon Jul 20 19:17:34 2020,2,0,True,658.1600091476165,0.8660507962770443,"[0, 0, 1, 1, 3, 0, 1, 1, 3, 0, 1, 1]","[[[0.0, 560.0], [200.0, 560.0], [200.0, 760.0], [0.0, 760.0], [0.0, 560.0]], [[200.0, 560.0], [400.0, 560.0], [400.0, 760.0], [200.0, 760.0], [200.0, 560.0]], [[360.0, 0.0], [360.0, 280.0], [180.0, 280.0], [180.0, 0.0], [360.0, 0.0]], [[140.0, 260.0], [140.0, 540.0], [0.0, 400.0], [140.0, 260.0]], [[640.0, 280.0], [460.0, 280.0], [640.0, 0.0], [640.0, 280.0]], [[140.0, 280.0], [420.0, 280.0], [420.0, 560.0], [140.0, 560.0], [140.0, 280.0]], [[180.0, 100.0], [100.0, 300.0], [0.0, 300.0], [0.0, 100.0], [180.0, 100.0]], [[180.0, 0.0], [180.0, 100.0], [0.0, 100.0], [0.0, 0.0], [180.0, 0.0]], [[360.0, 280.0], [360.0, 0.0], [640.0, 0.0], [360.0, 280.0]], [[420.0, 280.0], [620.0, 280.0], [620.0, 480.0], [420.0, 560.0], [420.0, 280.0]], [[400.0, 600.0], [560.0, 680.0], [400.0, 760.0], [400.0, 600.0]], [[658.1600091476165, 457.73999466389046], [658.1600091476165, 737.7399946638905], [418.1600091476165, 597.7399946638905], [658.1600091476165, 457.73999466389046]]]"
Mon Jul 20 19:17:51 2020,2,1,True,664.7416092390927,0.8574760359178656,"[0, 0, 1, 2, 1, 0, 0, 1, 3, 1, 0, 1]","[[[0.0, 560.0], [200.0, 560.0], [200.0, 760.0], [0.0, 760.0], [0.0, 560.0]], [[0.0, 0.0], [200.0, 0.0], [200.0, 200.0], [0.0, 200.0], [0.0, 0.0]], [[380.0, 0.0], [380.0, 280.0], [200.0, 280.0], [200.0, 0.0], [380.0, 0.0]], [[560.0, 560.0], [280.0, 560.0], [420.0, 420.0], [560.0, 560.0]], [[380.0, 0.0], [560.0, 0.0], [380.0, 280.0], [380.0, 0.0]], [[0.0, 280.0], [280.0, 280.0], [280.0, 560.0], [0.0, 560.0], [0.0, 280.0]], [[200.0, 580.0], [400.0, 660.0], [400.0, 760.0], [200.0, 760.0], [200.0, 580.0]], [[624.2857142857142, 180.0000000000001], [624.2857142857142, 280.0000000000001], [444.2857142857142, 280.0000000000001], [444.2857142857142, 180.0000000000001], [624.2857142857142, 180.0000000000001]], [[280.0, 560.0], [280.0, 280.0], [560.0, 280.0], [280.0, 560.0]], [[664.7416092390927, 560.0], [664.7416092390927, 760.0], [464.74160923909267, 760.0], [384.74160923909267, 560.0], [664.7416092390927, 560.0]], [[467.1428571428571, 180.0], [547.1428571428571, 20.0], [627.1428571428571, 180.0], [467.1428571428571, 180.0]], [[664.7416092390927, 275.25839076090733], [664.7416092390927, 555.2583907609073], [424.74160923909267, 415.25839076090733], [664.7416092390927, 275.25839076090733]]]"
Mon Jul 20 19:19:19 2020,2,5,True,671.3890253314836,0.8489861741761046,"[0, 0, 0, 0, 2, 0, 0, 1, 1, 3, 1, 1]","[[[471.3890253314836, 0.0], [671.3890253314836, 0.0], [671.3890253314836, 200.0], [471.3890253314836, 200.0], [471.3890253314836, 0.0]], [[280.0, 391.3890253314835], [480.0, 391.3890253314835], [480.0, 591.3890253314835], [280.0, 591.3890253314835], [280.0, 391.3890253314835]], [[0.0, 480.0], [280.0, 480.0], [280.0, 660.0], [0.0, 660.0], [0.0, 480.0]], [[280.0, 591.3890253314835], [560.0, 591.3890253314835], [420.0, 731.3890253314835], [280.0, 591.3890253314835]], [[471.3890253314836, 0.0], [471.3890253314836, 180.0], [191.3890253314836, 0.0], [471.3890253314836, 0.0]], [[0.0, 200.0], [280.0, 200.0], [280.0, 480.0], [0.0, 480.0], [0.0, 200.0]], [[280.0, 123.44438986740653], [480.0, 203.44438986740653], [480.0, 303.4443898674065], [280.0, 303.4443898674065], [280.0, 123.44438986740653]], [[200.0, 660.0], [200.0, 760.0], [20.0, 760.0], [20.0, 660.0], [200.0, 660.0]], [[671.3890253314835, 480.0], [671.3890253314835, 760.0], [391.3890253314835, 760.0], [671.3890253314835, 480.0]], [[0.0, 200.0], [0.0, 0.0], [200.0, 0.0], [280.0, 200.0], [0.0, 200.0]], [[480.0, 381.6897352233012], [640.0, 461.6897352233012], [480.0, 541.6897352233012], [480.0, 381.6897352233012]], [[671.3890253314836, 200.0], [671.3890253314836, 480.0], [431.3890253314836, 340.0], [671.3890253314836, 200.0]]]"
Mon Jul 20 19:19:32 2020,2,1,True,678.1029155847984,0.8405803704713907,"[0, 0, 1, 1, 3, 0, 2, 1, 2, 2, 1, 0]","[[[443.64435712118393, 0.8891071970401754], [643.6443571211839, 0.8891071970401754], [643.6443571211839, 200.88910719704018], [443.64435712118393, 200.88910719704018], [443.64435712118393, 0.8891071970401754]], [[0.0, 0.0], [200.0, 0.0], [200.0, 200.0], [0.0, 200.0], [0.0, 0.0]], [[180.0, 480.0], [180.0, 760.0], [0.0, 760.0], [0.0, 480.0], [180.0, 480.0]], [[443.64435712118393, 0.0], [443.64435712118393, 280.0], [303.64435712118393, 140.0], [443.64435712118393, 0.0]], [[474.28571428571433, 760.0], [294.28571428571433, 760.0], [474.28571428571433, 480.0], [474.28571428571433, 760.0]], [[0.0, 200.0], [280.0, 200.0], [280.0, 480.0], [0.0, 480.0], [0.0, 200.0]], [[643.6443571211839, 380.8891071970402], [443.64435712118393, 300.8891071970402], [443.64435712118393, 200.88910719704018], [643.6443571211839, 200.88910719704018], [643.6443571211839, 380.8891071970402]], [[678.1029155847984, 660.0], [678.1029155847984, 760.0], [498.10291558479844, 760.0], [498.10291558479844, 660.0], [678.1029155847984, 660.0]], [[560.0, 417.24475007585625], [280.0, 417.24475007585625], [280.0, 137.24475007585625], [560.0, 417.24475007585625]], [[674.2857142857143, 651.5304643615705], [474.28571428571433, 651.5304643615705], [474.28571428571433, 451.53046436157047], [674.2857142857143, 371.53046436157047], [674.2857142857143, 651.5304643615705]], [[200.0, 0.0], [360.0, 80.0], [200.0, 160.0], [200.0, 0.0]], [[180.0, 480.0], [460.0, 480.0], [320.0, 720.0], [180.0, 480.0]]]"
Mon Jul 20 19:19:34 2020,2,0,True,650.9787989614065,0.8756045525743652,"[0, 0, 1, 1, 0, 0, 2, 1, 2, 2, 1, 1]","[[[443.64435712118393, 0.8891071970401754], [643.6443571211839, 0.8891071970401754], [643.6443571211839, 200.88910719704018], [443.64435712118393, 200.88910719704018], [443.64435712118393, 0.8891071970401754]], [[0.0, 0.0], [200.0, 0.0], [200.0, 200.0], [0.0, 200.0], [0.0, 0.0]], [[180.0, 480.0], [180.0, 760.0], [0.0, 760.0], [0.0, 480.0], [180.0, 480.0]], [[443.64435712118393, 0.0], [443.64435712118393, 280.0], [303.64435712118393, 140.0], [443.64435712118393, 0.0]], [[180.0, 736.3915195845626], [180.0, 556.3915195845626], [460.0, 736.3915195845626], [180.0, 736.3915195845626]], [[0.0, 200.0], [280.0, 200.0], [280.0, 480.0], [0.0, 480.0], [0.0, 200.0]], [[643.6443571211839, 380.8891071970402], [443.64435712118393, 300.8891071970402], [443.64435712118393, 200.88910719704018], [643.6443571211839, 200.88910719704018], [643.6443571211839, 380.8891071970402]], [[650.9787989614065, 660.0], [650.9787989614065, 760.0], [470.9787989614065, 760.0], [470.9787989614065, 660.0], [650.9787989614065, 660.0]], [[560.0, 416.3915195845626], [280.0, 416.3915195845626], [280.0, 136.39151958456262], [560.0, 416.3915195845626]], [[650.9787989614065, 660.0], [450.9787989614065, 660.0], [450.9787989614065, 460.0], [650.9787989614065, 380.0], [650.9787989614065, 660.0]], [[200.0, 0.0], [360.0, 80.0], [200.0, 160.0], [200.0, 0.0]], [[420.0, 416.3915195845626], [420.0, 696.3915195845626], [180.0, 556.3915195845626], [420.0, 416.3915195845626]]]"
Mon Jul 20 19:21:42 2020,2,5,False,657.4885869510206,0.8669352005686785,"[0, 0, 0, 0, 3, 0, 3, 0, 2, 0, 2, 0]","[[[444.95760867521926, 398.59099379825045], [644.9576086752193, 398.59099379825045], [644.9576086752193, 598.5909937982505], [444.95760867521926, 598.5909937982505], [444.95760867521926, 398.59099379825045]], [[0.0, 280.0], [200.0, 280.0], [200.0, 480.0], [0.0, 480.0], [0.0, 280.0]], [[377.4885869510206, 580.0], [657.4885869510206, 580.0], [657.4885869510206, 760.0], [377.4885869510206, 760.0], [377.4885869510206, 580.0]], [[200.0, 363.6138198962093], [480.0, 363.6138198962093], [340.0, 503.6138198962093], [200.0, 363.6138198962093]], [[444.9576086752193, 760.0], [264.9576086752193, 760.0], [444.9576086752193, 480.0], [444.9576086752193, 760.0]], [[0.0, 0.0], [280.0, 0.0], [280.0, 280.0], [0.0, 280.0], [0.0, 0.0]], [[477.4885869510206, 238.59099379825045], [557.4885869510206, 38.59099379825045], [657.4885869510206, 38.59099379825045], [657.4885869510206, 238.59099379825045], [477.4885869510206, 238.59099379825045]], [[200.0, 463.6138198962093], [300.0, 463.6138198962093], [300.0, 643.6138198962093], [200.0, 643.6138198962093], [200.0, 463.6138198962093]], [[560.0, 363.6138198962093], [280.0, 363.6138198962093], [280.0, 83.61381989620929], [560.0, 363.6138198962093]], [[0.0, 480.0], [200.0, 480.0], [200.0, 680.0], [0.0, 760.0], [0.0, 480.0]], [[657.4885869510206, 238.59099379825045], [577.4885869510206, 398.59099379825045], [497.4885869510206, 238.59099379825045], [657.4885869510206, 238.59099379825045]], [[299.99999999999994, 1.1368683772161603e-13], [580.0, 1.1368683772161603e-13], [439.99999999999994, 240.0000000000001], [299.99999999999994, 1.1368683772161603e-13]]]"

Mon Jul 20 19:21:56 2020,2,0,True,631.1890434729797,0.9030575005923734,"[0, 0, 1, 1, 2, 0, 3, 1, 3, 2, 0, 3]","[[[431.18904347297973, 560.0], [631.1890434729797, 560.0], [631.1890434729797, 760.0], [431.18904347297973, 760.0], [431.18904347297973, 560.0]], [[431.18904347297973, 357.4051787357463], [631.1890434729797, 357.4051787357463], [631.1890434729797, 557.4051787357463], [431.18904347297973, 557.4051787357463], [431.18904347297973, 357.4051787357463]], [[404.48979591836735, 480.0], [404.48979591836735, 760.0], [224.48979591836735, 760.0], [224.48979591836735, 480.0], [404.48979591836735, 480.0]], [[435.0, 125.0], [435.0, 405.0], [295.0, 265.0], [435.0, 125.0]], [[280.0, 280.0], [280.0, 460.0], [0.0, 280.0], [280.0, 280.0]], [[0.0, 0.0], [280.0, 0.0], [280.0, 280.0], [0.0, 280.0], [0.0, 0.0]], [[451.18904347297973, 228.81095652702027], [531.1890434729797, 28.810956527020267], [631.1890434729797, 28.810956527020267], [631.1890434729797, 228.81095652702027], [451.18904347297973, 228.81095652702027]], [[615.0, 228.81095652702027], [615.0, 328.81095652702027], [435.0, 328.81095652702027], [435.0, 228.81095652702027], [615.0, 228.81095652702027]], [[280.0, 280.0], [280.0, 0.0], [560.0, 0.0], [280.0, 280.0]], [[224.48979591836735, 760.0], [24.48979591836735, 760.0], [24.48979591836735, 560.0], [224.48979591836735, 480.0], [224.48979591836735, 760.0]], [[270.0, 480.0], [350.0, 320.0], [430.0, 480.0], [270.0, 480.0]], [[0.0, 574.2857142857143], [0.0, 294.28571428571433], [240.0, 434.28571428571433], [0.0, 574.2857142857143]]]"

Mon Jul 20 19:24:05 2020,2,5,False,637.5009339077095,0.8941163372201717,"[0, 0, 1, 2, 1, 0, 3, 0, 3, 2, 1, 1]","[[[0.0, 560.0], [200.0, 560.0], [200.0, 760.0], [0.0, 760.0], [0.0, 560.0]], [[400.0, 560.0], [600.0, 560.0], [600.0, 760.0], [400.0, 760.0], [400.0, 560.0]], [[627.3218955252834, 200.0], [627.3218955252834, 480.0], [447.32189552528337, 480.0], [447.32189552528337, 200.0], [627.3218955252834, 200.0]], [[333.33333333333337, 506.66666666666663], [53.33333333333337, 506.66666666666663], [193.33333333333337, 366.66666666666663], [333.33333333333337, 506.66666666666663]], [[357.5009339077095, 0.0], [537.5009339077095, 0.0], [357.5009339077095, 280.0], [357.5009339077095, 0.0]], [[0.0, 0.0], [280.0, 0.0], [280.0, 280.0], [0.0, 280.0], [0.0, 0.0]], [[457.5009339077095, 200.0], [537.5009339077095, 0.0], [637.5009339077095, 0.0], [637.5009339077095, 200.0], [457.5009339077095, 200.0]], [[280.0, 0.0], [380.0, 0.0], [380.0, 180.0], [280.0, 180.0], [280.0, 0.0]], [[0.0, 560.0], [0.0, 280.0], [280.0, 280.0], [0.0, 560.0]], [[400.0, 760.0], [200.0, 760.0], [200.0, 560.0], [400.0, 480.0], [400.0, 760.0]], [[223.72881355932208, 390.50847457627117], [383.7288135593221, 470.50847457627117], [223.72881355932208, 550.5084745762712], [223.72881355932208, 390.50847457627117]], [[447.32189552528337, 227.6044390564153], [447.32189552528337, 507.6044390564153], [207.32189552528337, 367.6044390564153], [447.32189552528337, 227.6044390564153]]]"
Mon Jul 20 19:26:12 2020,2,5,False,643.8759432467866,0.8852637002179917,"[0, 0, 0, 1, 0, 0, 1, 0, 1, 2, 2, 0]","[[[143.87594324678662, 0.0], [343.8759432467866, 0.0], [343.8759432467866, 200.0], [143.87594324678662, 200.0], [143.87594324678662, 0.0]], [[0.0, 200.0], [200.0, 200.0], [200.0, 400.0], [0.0, 400.0], [0.0, 200.0]], [[263.8759432467866, 0.0], [543.8759432467866, 0.0], [543.8759432467866, 180.0], [263.8759432467866, 180.0], [263.8759432467866, 0.0]], [[363.8759432467866, 180.0], [363.8759432467866, 460.0], [223.87594324678662, 320.0], [363.8759432467866, 180.0]], [[0.0, 760.0], [0.0, 580.0], [280.0, 760.0], [0.0, 760.0]], [[363.8759432467866, 180.0], [643.8759432467866, 180.0], [643.8759432467866, 460.0], [363.8759432467866, 460.0], [363.8759432467866, 180.0]], [[180.0, 0.0], [100.0, 200.0], [0.0, 200.0], [0.0, 0.0], [180.0, 0.0]], [[543.8759432467866, 0.0], [643.8759432467866, 0.0], [643.8759432467866, 180.0], [543.8759432467866, 180.0], [543.8759432467866, 0.0]], [[643.8759432467866, 480.0], [643.8759432467866, 760.0], [363.8759432467866, 760.0], [643.8759432467866, 480.0]], [[398.33333333333326, 740.0], [198.33333333333326, 740.0], [198.33333333333326, 540.0], [398.33333333333326, 460.0], [398.33333333333326, 740.0]], [[583.8759432467866, 460.0], [503.8759432467866, 620.0], [423.8759432467866, 460.0], [583.8759432467866, 460.0]], [[0.0, 400.0], [280.0, 400.0], [140.0, 640.0], [0.0, 400.0]]]"
Mon Jul 20 19:26:34 2020,2,1,True,650.3147026792545,0.8764987130871205,"[0, 0, 0, 3, 0, 0, 1, 1, 1, 0, 1, 1]","[[[0.0, 0.0], [200.0, 0.0], [200.0, 200.0], [0.0, 200.0], [0.0, 0.0]], [[450.31470267925454, 560.0], [650.3147026792545, 560.0], [650.3147026792545, 760.0], [450.31470267925454, 760.0], [450.31470267925454, 560.0]], [[370.31470267925454, 0.0], [650.3147026792545, 0.0], [650.3147026792545, 180.0], [370.31470267925454, 180.0], [370.31470267925454, 0.0]], [[200.0, 280.0], [200.0, 0.0], [340.0, 140.0], [200.0, 280.0]], [[0.0, 759.0834054204793], [0.0, 579.0834054204793], [280.0, 759.0834054204793], [0.0, 759.0834054204793]], [[370.31470267925454, 180.0], [650.3147026792545, 180.0], [650.3147026792545, 460.0], [370.31470267925454, 460.0], [370.31470267925454, 180.0]], [[180.0, 200.0], [100.0, 400.0], [0.0, 400.0], [0.0, 200.0], [180.0, 200.0]], [[650.3147026792545, 460.0], [650.3147026792545, 560.0], [470.31470267925454, 560.0], [470.31470267925454, 460.0], [650.3147026792545, 460.0]], [[370.31470267925454, 129.68529732074546], [370.31470267925454, 409.68529732074546], [90.31470267925454, 409.68529732074546], [370.31470267925454, 129.68529732074546]], [[250.31470267925454, 460.0], [450.31470267925454, 460.0], [450.31470267925454, 660.0], [250.31470267925454, 740.0], [250.31470267925454, 460.0]], [[0.0, 400.0], [160.0, 480.0], [0.0, 560.0], [0.0, 400.0]], [[250.31470267925454, 443.2418032930358], [250.31470267925454, 723.2418032930358], [10.314702679254538, 583.2418032930358], [250.31470267925454, 443.2418032930358]]]"
Mon Jul 20 19:27:23 2020,2,3,True,656.8178497060471,0.8678205080070499,"[0, 0, 1, 0, 3, 0, 3, 1, 2, 1, 0, 0]","[[[0.0, 0.0], [200.0, 0.0], [200.0, 200.0], [0.0, 200.0], [0.0, 0.0]], [[441.56916823539814, 560.0], [641.5691682353981, 560.0], [641.5691682353981, 760.0], [441.56916823539814, 760.0], [441.56916823539814, 560.0]], [[376.8178497060471, 0.0], [376.8178497060471, 280.0], [196.81784970604713, 280.0], [196.81784970604713, 0.0], [376.8178497060471, 0.0]], [[340.8178497060471, 280.0], [620.8178497060471, 280.0], [480.8178497060471, 420.0], [340.8178497060471, 280.0]], [[441.56916823539825, 741.5691682353983], [261.56916823539825, 741.5691682353983], [441.56916823539825, 461.56916823539825], [441.56916823539825, 741.5691682353983]], [[376.8178497060471, 0.0], [656.8178497060471, 0.0], [656.8178497060471, 280.0], [376.8178497060471, 280.0], [376.8178497060471, 0.0]], [[476.8178497060471, 544.0], [556.8178497060471, 344.0], [656.8178497060471, 344.0], [656.8178497060471, 544.0], [476.8178497060471, 544.0]], [[180.0, 200.0], [180.0, 300.0], [0.0, 300.0], [0.0, 200.0], [180.0, 200.0]], [[280.0, 760.0], [0.0, 760.0], [0.0, 480.0], [280.0, 760.0]], [[280.0, 300.0], [280.0, 500.0], [80.0, 500.0], [0.0, 300.0], [280.0, 300.0]], [[280.0, 459.1821502939529], [360.0, 299.1821502939529], [440.0, 459.1821502939529], [280.0, 459.1821502939529]], [[120.0, 500.0], [400.0, 500.0], [260.0, 740.0], [120.0, 500.0]]]"
Mon Jul 20 19:27:49 2020,2,1,True,663.3860282031076,0.8592282257495545,"[0, 0, 1, 2, 0, 0, 0, 1, 0, 0, 3, 3]","[[[0.0, 560.0], [200.0, 560.0], [200.0, 760.0], [0.0, 760.0], [0.0, 560.0]], [[460.0, 540.842812716907], [660.0, 540.842812716907], [660.0, 740.842812716907], [460.0, 740.842812716907], [460.0, 540.842812716907]], [[460.0, 338.3069858984462], [460.0, 618.3069858984462], [280.0, 618.3069858984462], [280.0, 338.3069858984462], [460.0, 338.3069858984462]], [[621.6930141015538, 238.30698589844621], [341.6930141015538, 238.30698589844621], [481.6930141015538, 98.30698589844621], [621.6930141015538, 238.30698589844621]], [[200.0, 760.0], [200.0, 580.0], [480.0, 760.0], [200.0, 760.0]], [[0.0, 280.0], [280.0, 280.0], [280.0, 560.0], [0.0, 560.0], [0.0, 280.0]], [[460.0, 360.842812716907], [660.0, 440.842812716907], [660.0, 540.842812716907], [460.0, 540.842812716907], [460.0, 360.842812716907]], [[460.0, 238.30698589844621], [460.0, 338.3069858984462], [280.0, 338.3069858984462], [280.0, 238.30698589844621], [460.0, 238.30698589844621]], [[383.38602820310757, 0.0], [663.3860282031076, 0.0], [663.3860282031076, 280.0], [383.38602820310757, 0.0]], [[0.0, 0.0], [200.0, 0.0], [200.0, 200.0], [0.0, 280.0], [0.0, 0.0]], [[620.0, 410.62157463014387], [460.0, 330.62157463014387], [620.0, 250.62157463014387], [620.0, 410.62157463014387]], [[200.0, 280.0], [200.0, 0.0], [440.0, 140.0], [200.0, 280.0]]]"
Mon Jul 20 19:28:05 2020,2,1,True,670.0198884851386,0.8507210155936183,"[0, 0, 1, 2, 0, 0, 1, 1, 3, 1, 3, 1]","[[[0.0, 560.0], [200.0, 560.0], [200.0, 760.0], [0.0, 760.0], [0.0, 560.0]], [[470.0198884851386, 554.9900557574307], [670.0198884851386, 554.9900557574307], [670.0198884851386, 754.9900557574307], [470.0198884851386, 754.9900557574307], [470.0198884851386, 554.9900557574307]], [[640.0, 274.9900557574307], [640.0, 554.9900557574307], [460.0, 554.9900557574307], [460.0, 274.9900557574307], [640.0, 274.9900557574307]], [[565.0099442425693, 274.9900557574307], [285.0099442425693, 274.9900557574307], [425.0099442425693, 134.9900557574307], [565.0099442425693, 274.9900557574307]], [[200.0, 760.0], [200.0, 580.0], [480.0, 760.0], [200.0, 760.0]], [[180.0, 280.0], [460.0, 280.0], [460.0, 560.0], [180.0, 560.0], [180.0, 280.0]], [[180.0, 200.0], [100.0, 400.0], [0.0, 400.0], [0.0, 200.0], [180.0, 200.0]], [[180.0, 400.0], [180.0, 500.0], [0.0, 500.0], [0.0, 400.0], [180.0, 400.0]], [[280.0, 280.0], [280.0, 0.0], [560.0, 0.0], [280.0, 280.0]], [[280.0, 0.0], [280.0, 200.0], [80.0, 200.0], [0.0, 0.0], [280.0, 0.0]], [[453.3333333333333, 720.0], [293.3333333333333, 640.0], [453.3333333333333, 560.0], [453.3333333333333, 720.0]], [[670.0198884851386, 0.0], [670.0198884851386, 280.0], [430.0198884851386, 140.0], [670.0198884851386, 0.0]]]"
Mon Jul 20 19:28:17 2020,2,1,True,676.72008736999,0.8422980352412063,"[0, 0, 1, 2, 1, 0, 0, 1, 0, 0, 1, 1]","[[[0.0, 280.0], [200.0, 280.0], [200.0, 480.0], [0.0, 480.0], [0.0, 280.0]], [[180.0, 560.0], [380.0, 560.0], [380.0, 760.0], [180.0, 760.0], [180.0, 560.0]], [[180.0, 480.0], [180.0, 760.0], [0.0, 760.0], [0.0, 480.0], [180.0, 480.0]], [[543.219092945733, 280.0], [263.219092945733, 280.0], [403.219092945733, 140.0], [543.219092945733, 280.0]], [[236.71708126798993, 0.0], [416.7170812679899, 0.0], [236.71708126798993, 280.0], [236.71708126798993, 0.0]], [[196.72008736998998, 280.0], [476.72008736999, 280.0], [476.72008736999, 560.0], [196.72008736998998, 560.0], [196.72008736998998, 280.0]], [[476.72008736999, 300.0], [676.72008736999, 380.0], [676.72008736999, 480.0], [476.72008736999, 480.0], [476.72008736999, 300.0]], [[596.7170812679899, 0.0], [596.7170812679899, 100.0], [416.7170812679899, 100.0], [416.7170812679899, 0.0], [596.7170812679899, 0.0]], [[396.72008736999, 100.0], [676.72008736999, 100.0], [676.72008736999, 380.0], [396.72008736999, 100.0]], [[0.0, 0.0], [200.0, 0.0], [200.0, 200.0], [0.0, 280.0], [0.0, 0.0]], [[379.9999999999997, 600.0], [539.9999999999998, 680.0], [379.9999999999997, 760.0], [379.9999999999997, 600.0]], [[676.72008736999, 479.753384299161], [676.72008736999, 759.753384299161], [436.72008736999, 619.753384299161], [676.72008736999, 479.753384299161]]]"
Mon Jul 20 19:28:36 2020,2,1,True,683.4872882436899,0.8339584507338674,"[0, 0, 1, 2, 1, 0, 2, 1, 0, 3, 1, 1]","[[[483.48728824368993, 560.0], [683.4872882436899, 560.0], [683.4872882436899, 760.0], [483.48728824368993, 760.0], [483.48728824368993, 560.0]], [[0.0, 100.0], [200.0, 100.0], [200.0, 300.0], [0.0, 300.0], [0.0, 100.0]], [[683.4872882436899, 280.0], [683.4872882436899, 560.0], [503.48728824368993, 560.0], [503.48728824368993, 280.0], [683.4872882436899, 280.0]], [[280.0, 760.0], [0.0, 760.0], [140.0, 620.0], [280.0, 760.0]], [[0.0, 472.0], [180.0, 472.0], [0.0, 752.0], [0.0, 472.0]], [[200.0, 200.0], [480.0, 200.0], [480.0, 480.0], [200.0, 480.0], [200.0, 200.0]], [[200.0, 480.0], [0.0, 400.0], [0.0, 300.0], [200.0, 300.0], [200.0, 480.0]], [[180.0, 0.0], [180.0, 100.0], [0.0, 100.0], [0.0, 0.0], [180.0, 0.0]], [[400.0, 0.0], [680.0, 0.0], [680.0, 280.0], [400.0, 0.0]], [[200.0, 200.0], [200.0, 0.0], [400.0, 0.0], [480.0, 200.0], [200.0, 200.0]], [[170.0571428571429, 487.4666666666666], [330.05714285714294, 567.4666666666666], [170.0571428571429, 647.4666666666666], [170.0571428571429, 487.4666666666666]], [[483.48728824368993, 477.9657485245142], [483.48728824368993, 757.9657485245142], [243.48728824368993, 617.9657485245142], [483.48728824368993, 477.9657485245142]]]"
Mon Jul 20 19:28:49 2020,2,1,True,690.3221611261268,0.8257014363701659,"[0, 0, 1, 1, 3, 0, 3, 0, 2, 2, 2, 0]","[[[200.0, 0.0], [400.0, 0.0], [400.0, 200.0], [200.0, 200.0], [200.0, 0.0]], [[0.0, 0.0], [200.0, 0.0], [200.0, 200.0], [0.0, 200.0], [0.0, 0.0]], [[689.1459768719635, 200.0], [689.1459768719635, 480.0], [509.1459768719635, 480.0], [509.1459768719635, 200.0], [689.1459768719635, 200.0]], [[140.0, 480.0], [140.0, 760.0], [0.0, 620.0], [140.0, 480.0]], [[215.7142857142857, 480.0], [35.714285714285694, 480.0], [215.7142857142857, 200.0], [215.7142857142857, 480.0]], [[215.71428571428567, 200.0], [495.71428571428567, 200.0], [495.71428571428567, 480.0], [215.71428571428567, 480.0], [215.71428571428567, 200.0]], [[480.0, 200.0], [560.0, 0.0], [660.0, 0.0], [660.0, 200.0], [480.0, 200.0]], [[0.0, 200.0], [100.0, 200.0], [100.0, 380.0], [0.0, 380.0], [0.0, 200.0]], [[420.0, 760.0], [140.0, 760.0], [140.0, 480.0], [420.0, 760.0]], [[672.8998223336768, 760.0], [472.89982233367675, 760.0], [472.89982233367675, 560.0], [672.8998223336768, 480.0], [672.8998223336768, 760.0]], [[560.0, 0.0], [480.0, 160.0], [400.0, 0.0], [560.0, 0.0]], [[239.56648900034338, 480.0], [519.5664890003434, 480.0], [379.5664890003434, 720.0], [239.56648900034338, 480.0]]]"
Mon Jul 20 19:28:56 2020,2,1,True,697.2253827373881,0.8175261746239265,"[0, 0, 1, 0, 3, 0, 3, 1, 3, 0, 3, 0]","[[[0.0, 560.0], [200.0, 560.0], [200.0, 760.0], [0.0, 760.0], [0.0, 560.0]], [[497.22538273738814, 0.0], [697.2253827373881, 0.0], [697.2253827373881, 200.0], [497.22538273738814, 200.0], [497.22538273738814, 0.0]], [[666.6666666666667, 470.41704320576605], [666.6666666666667, 750.417043205766], [486.66666666666674, 750.417043205766], [486.66666666666674, 470.41704320576605], [666.6666666666667, 470.41704320576605]], [[180.0, 0.0], [460.0, 0.0], [320.0, 140.0], [180.0, 0.0]], [[180.0, 480.0], [0.0, 480.0], [180.0, 200.0], [180.0, 480.0]], [[180.0, 200.0], [460.0, 200.0], [460.0, 480.0], [180.0, 480.0], [180.0, 200.0]], [[306.66666666666674, 760.0], [386.66666666666674, 560.0], [486.66666666666674, 560.0], [486.66666666666674, 760.0], [306.66666666666674, 760.0]], [[180.0, 0.0], [180.0, 100.0], [0.0, 100.0], [0.0, 0.0], [180.0, 0.0]], [[0.0, 380.0], [0.0, 100.0], [280.0, 100.0], [0.0, 380.0]], [[460.0, 202.77461726261186], [660.0, 202.77461726261186], [660.0, 402.77461726261186], [460.0, 482.77461726261186], [460.0, 202.77461726261186]], [[497.22538273738814, 202.77461726261186], [337.22538273738814, 122.77461726261186], [497.22538273738814, 42.774617262611855], [497.22538273738814, 202.77461726261186]], [[153.33333333333331, 480.0], [433.3333333333333, 480.0], [293.3333333333333, 720.0], [153.33333333333331, 480.0]]]"
Mon Jul 20 19:29:10 2020,2,1,True,704.197636564762,0.8094318560632936,"[0, 0, 0, 2, 1, 0, 0, 1, 0, 3, 0, 0]","[[[480.0, 280.0], [680.0, 280.0], [680.0, 480.0], [480.0, 480.0], [480.0, 280.0]], [[0.0, 200.0], [200.0, 200.0], [200.0, 400.0], [0.0, 400.0], [0.0, 200.0]], [[271.85185185185185, 0.0], [551.8518518518518, 0.0], [551.8518518518518, 180.0], [271.85185185185185, 180.0], [271.85185185185185, 0.0]], [[324.197636564762, 760.0], [44.19763656476198, 760.0], [184.19763656476198, 620.0], [324.197636564762, 760.0]], [[0.0, 407.582288457466], [180.0, 407.582288457466], [0.0, 687.582288457466], [0.0, 407.582288457466]], [[200.0, 200.0], [480.0, 200.0], [480.0, 480.0], [200.0, 480.0], [200.0, 200.0]], [[404.197636564762, 580.0], [604.197636564762, 660.0], [604.197636564762, 760.0], [404.197636564762, 760.0], [404.197636564762, 580.0]], [[660.0, 180.0], [660.0, 280.0], [480.0, 280.0], [480.0, 180.0], [660.0, 180.0]], [[424.197636564762, 480.0], [704.197636564762, 480.0], [704.197636564762, 760.0], [424.197636564762, 480.0]], [[0.0, 200.0], [0.0, 0.0], [200.0, 0.0], [280.0, 200.0], [0.0, 200.0]], [[66.30289972265672, 620.0], [146.30289972265672, 460.0], [226.30289972265672, 620.0], [66.30289972265672, 620.0]], [[168.40816288055146, 504.2105263157895], [448.40816288055146, 504.2105263157895], [308.40816288055146, 744.2105263157895], [168.40816288055146, 504.2105263157895]]]"
Mon Jul 20 19:29:26 2020,2,1,True,711.2396129304096,0.8014176792705878,"[0, 0, 1, 3, 2, 0, 0, 1, 1, 1, 0, 3]","[[[280.0, 0.0], [480.0, 0.0], [480.0, 200.0], [280.0, 200.0], [280.0, 0.0]], [[480.0, 560.0], [680.0, 560.0], [680.0, 760.0], [480.0, 760.0], [480.0, 560.0]], [[676.0297311021715, 0.0], [676.0297311021715, 280.0], [496.02973110217147, 280.0], [496.02973110217147, 0.0], [676.0297311021715, 0.0]], [[445.7825159612499, 509.7527848590784], [445.7825159612499, 229.75278485907842], [585.7825159612498, 369.7527848590784], [445.7825159612499, 509.7527848590784]], [[280.0, 0.0], [280.0, 180.0], [0.0, 0.0], [280.0, 0.0]], [[161.6326530612244, 200.0], [441.6326530612244, 200.0], [441.6326530612244, 480.0], [161.6326530612244, 480.0], [161.6326530612244, 200.0]], [[280.0, 480.0], [480.0, 560.0], [480.0, 660.0], [280.0, 660.0], [280.0, 480.0]], [[460.0, 660.0], [460.0, 760.0], [280.0, 760.0], [280.0, 660.0], [460.0, 660.0]], [[699.6680720145202, 255.86722880580817], [699.6680720145202, 535.8672288058082], [419.66807201452025, 535.8672288058082], [699.6680720145202, 255.86722880580817]], [[280.0, 480.95238095238085], [280.0, 680.9523809523808], [80.0, 680.9523809523808], [0.0, 480.95238095238085], [280.0, 480.95238095238085]], [[0.0, 407.6190476190476], [80.0, 247.6190476190476], [160.0, 407.6190476190476], [0.0, 407.6190476190476]], [[0.0, 294.2857142857142], [0.0, 14.28571428571422], [240.0, 154.28571428571422], [0.0, 294.2857142857142]]]"
Mon Jul 20 19:29:33 2020,2,0,True,682.7900284131932,0.834810082573529,"[0, 0, 1, 3, 2, 0, 0, 1, 1, 2, 0, 3]","[[[284.89665208874527, 0.0], [484.89665208874527, 0.0], [484.89665208874527, 200.0], [284.89665208874527, 200.0], [284.89665208874527, 0.0]], [[480.0, 560.0], [680.0, 560.0], [680.0, 760.0], [480.0, 760.0], [480.0, 560.0]], [[664.8966520887452, 0.0], [664.8966520887452, 280.0], [484.8966520887452, 280.0], [484.8966520887452, 0.0], [664.8966520887452, 0.0]], [[430.0, 510.0], [430.0, 230.0], [570.0, 370.0], [430.0, 510.0]], [[284.89665208874527, 0.0], [284.89665208874527, 180.0], [4.89665208874527, 0.0], [284.89665208874527, 0.0]], [[150.0, 200.0], [430.0, 200.0], [430.0, 480.0], [150.0, 480.0], [150.0, 200.0]], [[219.09466628594515, 480.0], [419.09466628594515, 560.0], [419.09466628594515, 660.0], [219.09466628594515, 660.0], [219.09466628594515, 480.0]], [[460.0, 660.0], [460.0, 760.0], [280.0, 760.0], [280.0, 660.0], [460.0, 660.0]], [[674.6675132879452, 270.2291388008], [674.6675132879452, 550.2291388008], [394.6675132879452, 550.2291388008], [674.6675132879452, 270.2291388008]], [[219.09466628594515, 760.0], [19.094666285945152, 760.0], [19.094666285945152, 560.0], [219.09466628594515, 480.0], [219.09466628594515, 760.0]], [[0.0, 503.63786651437806], [80.0, 343.63786651437806], [160.0, 503.63786651437806], [0.0, 503.63786651437806]], [[0.0, 287.5], [0.0, 7.5], [240.0, 147.5], [0.0, 287.5]]]"
Mon Jul 20 19:30:10 2020,2,3,True,689.6179286973252,0.8265446362114148,"[0, 0, 0, 2, 2, 0, 1, 0, 0, 3, 0, 0]","[[[0.0, 560.0], [200.0, 560.0], [200.0, 760.0], [0.0, 760.0], [0.0, 560.0]], [[459.0751328520453, 0.0], [659.0751328520453, 0.0], [659.0751328520453, 200.0], [459.0751328520453, 200.0], [459.0751328520453, 0.0]], [[200.0, 580.0], [480.0, 580.0], [480.0, 760.0], [200.0, 760.0], [200.0, 580.0]], [[386.81818181818187, 185.86127077668914], [106.81818181818187, 185.86127077668914], [246.81818181818187, 45.86127077668914], [386.81818181818187, 185.86127077668914]], [[459.0751328520452, 2.3121678698869914], [459.0751328520452, 182.312167869887], [179.07513285204521, 2.3121678698869914], [459.0751328520452, 2.3121678698869914]], [[377.407899642393, 200.0], [657.407899642393, 200.0], [657.407899642393, 480.0], [377.407899642393, 480.0], [377.407899642393, 200.0]], [[180.0, 0.0], [100.0, 200.0], [0.0, 200.0], [0.0, 0.0], [180.0, 0.0]], [[276.9116879901259, 372.27921997531485], [376.9116879901259, 372.27921997531485], [376.9116879901259, 552.2792199753148], [276.9116879901259, 552.2792199753148], [276.9116879901259, 372.27921997531485]], [[380.0, 480.0], [660.0, 480.0], [660.0, 760.0], [380.0, 480.0]], [[0.0, 560.0], [0.0, 360.0], [200.0, 360.0], [280.0, 560.0], [0.0, 560.0]], [[21.45336266107182, 360.0], [101.45336266107182, 200.0], [181.45336266107182, 360.0], [21.45336266107182, 360.0]], [[105.65549168932435, 185.86127077668914], [385.6554916893243, 185.86127077668914], [245.65549168932435, 425.86127077668914], [105.65549168932435, 185.86127077668914]]]"
Mon Jul 20 19:30:10 2020,2,0,True,662.0332115494322,0.8609839960535571,"[0, 0, 0, 2, 2, 0, 1, 0, 0, 3, 0, 0]","[[[0.0, 560.0], [200.0, 560.0], [200.0, 760.0], [0.0, 760.0], [0.0, 560.0]], [[459.0751328520453, 0.0], [659.0751328520453, 0.0], [659.0751328520453, 200.0], [459.0751328520453, 200.0], [459.0751328520453, 0.0]], [[200.0, 580.0], [480.0, 580.0], [480.0, 760.0], [200.0, 760.0], [200.0, 580.0]], [[386.81818181818187, 185.86127077668914], [106.81818181818187, 185.86127077668914], [246.81818181818187, 45.86127077668914], [386.81818181818187, 185.86127077668914]], [[459.0751328520452, 2.3121678698869914], [459.0751328520452, 182.312167869887], [179.07513285204521, 2.3121678698869914], [459.0751328520452, 2.3121678698869914]], [[377.407899642393, 200.0], [657.407899642393, 200.0], [657.407899642393, 480.0], [377.407899642393, 480.0], [377.407899642393, 200.0]], [[180.0, 0.0], [100.0, 200.0], [0.0, 200.0], [0.0, 0.0], [180.0, 0.0]], [[276.9116879901259, 372.27921997531485], [376.9116879901259, 372.27921997531485], [376.9116879901259, 552.2792199753148], [276.9116879901259, 552.2792199753148], [276.9116879901259, 372.27921997531485]], [[380.0, 480.0], [660.0, 480.0], [660.0, 760.0], [380.0, 480.0]], [[0.0, 560.0], [0.0, 360.0], [200.0, 360.0], [280.0, 560.0], [0.0, 560.0]], [[21.45336266107182, 360.0], [101.45336266107182, 200.0], [181.45336266107182, 360.0], [21.45336266107182, 360.0]], [[105.65549168932424, 185.86127077668914], [385.6554916893242, 185.86127077668914], [245.65549168932424, 425.86127077668914], [105.65549168932424, 185.86127077668914]]]"
Mon Jul 20 19:30:40 2020,2,1,True,668.6535436649265,0.8524594020332248,"[0, 0, 0, 0, 2, 0, 0, 1, 1, 0, 1, 1]","[[[200.0, 35.551883087454826], [400.0, 35.551883087454826], [400.0, 235.55188308745483], [200.0, 235.55188308745483], [200.0, 35.551883087454826]], [[0.0, 0.0], [200.0, 0.0], [200.0, 200.0], [0.0, 200.0], [0.0, 0.0]], [[0.0, 580.0], [280.0, 580.0], [280.0, 760.0], [0.0, 760.0], [0.0, 580.0]], [[364.4481169125452, 0.0], [644.4481169125452, 0.0], [504.4481169125452, 140.0], [364.4481169125452, 0.0]], [[668.6535436649265, 560.0], [668.6535436649265, 740.0], [388.6535436649265, 560.0], [668.6535436649265, 560.0]], [[369.5554920255156, 280.0], [649.5554920255156, 280.0], [649.5554920255156, 560.0], [369.5554920255156, 560.0], [369.5554920255156, 280.0]], [[280.0, 563.0518830874548], [480.0, 643.0518830874548], [480.0, 743.0518830874548], [280.0, 743.0518830874548], [280.0, 563.0518830874548]], [[180.0, 479.5318497135254], [180.0, 579.5318497135254], [0.0, 579.5318497135254], [0.0, 479.5318497135254], [180.0, 479.5318497135254]], [[644.4481169125452, 0.0], [644.4481169125452, 280.0], [364.4481169125452, 280.0], [644.4481169125452, 0.0]], [[0.0, 199.53184971352533], [200.0, 199.53184971352533], [200.0, 399.53184971352533], [0.0, 479.53184971352533], [0.0, 199.53184971352533]], [[200.0, 235.6799237432936], [360.0, 315.6799237432936], [200.0, 395.6799237432936], [200.0, 235.6799237432936]], [[369.5554920255156, 310.1058867284095], [369.5554920255156, 590.1058867284095], [129.5554920255156, 450.1058867284095], [369.5554920255156, 310.1058867284095]]]"
Mon Jul 20 19:30:45 2020,2,1,True,675.3400791015757,0.844019209933886,"[0, 0, 0, 0, 2, 0, 0, 1, 1, 0, 1, 1]","[[[200.0, 38.092598081670644], [400.0, 38.092598081670644], [400.0, 238.09259808167064], [200.0, 238.09259808167064], [200.0, 38.092598081670644]], [[0.0, 0.0], [200.0, 0.0], [200.0, 200.0], [0.0, 200.0], [0.0, 0.0]], [[0.0, 580.0], [280.0, 580.0], [280.0, 760.0], [0.0, 760.0], [0.0, 580.0]], [[361.90740191832936, 0.0], [641.9074019183294, 0.0], [501.90740191832936, 140.0], [361.90740191832936, 0.0]], [[651.6234986012673, 560.0], [651.6234986012673, 740.0], [371.62349860126733, 560.0], [651.6234986012673, 560.0]], [[371.62349860126733, 280.0], [651.6234986012673, 280.0], [651.6234986012673, 560.0], [371.62349860126733, 560.0], [371.62349860126733, 280.0]], [[280.0, 564.2169861953134], [480.0, 644.2169861953134], [480.0, 744.2169861953134], [280.0, 744.2169861953134], [280.0, 564.2169861953134]], [[180.0, 479.5318497135254], [180.0, 579.5318497135254], [0.0, 579.5318497135254], [0.0, 479.5318497135254], [180.0, 479.5318497135254]], [[641.9074019183294, 0.0], [641.9074019183294, 280.0], [361.90740191832936, 280.0], [641.9074019183294, 0.0]], [[0.0, 199.53184971352533], [200.0, 199.53184971352533], [200.0, 399.53184971352533], [0.0, 479.53184971352533], [0.0, 199.53184971352533]], [[200.0, 238.09259808167064], [360.0, 318.09259808167064], [200.0, 398.09259808167064], [200.0, 238.09259808167064]], [[371.62349860126733, 311.31222389759796], [371.62349860126733, 591.312223897598], [131.62349860126733, 451.31222389759796], [371.62349860126733, 311.31222389759796]]]"
Mon Jul 20 19:30:45 2020,2,0,True,648.3264759375127,0.8791866770144646,"[0, 0, 0, 0, 2, 0, 0, 1, 1, 0, 1, 1]","[[[200.0, 38.092598081670644], [400.0, 38.092598081670644], [400.0, 238.09259808167064], [200.0, 238.09259808167064], [200.0, 38.092598081670644]], [[0.0, 0.0], [200.0, 0.0], [200.0, 200.0], [0.0, 200.0], [0.0, 0.0]], [[0.0, 580.0], [280.0, 580.0], [280.0, 760.0], [0.0, 760.0], [0.0, 580.0]], [[361.90740191832936, 0.0], [641.9074019183294, 0.0], [501.90740191832936, 140.0], [361.90740191832936, 0.0]], [[648.3264759375127, 560.0], [648.3264759375127, 740.0], [368.32647593751267, 560.0], [648.3264759375127, 560.0]], [[368.32647593751267, 280.0], [648.3264759375127, 280.0], [648.3264759375127, 560.0], [368.32647593751267, 560.0], [368.32647593751267, 280.0]], [[280.0, 564.2169861953134], [480.0, 644.2169861953134], [480.0, 744.2169861953134], [280.0, 744.2169861953134], [280.0, 564.2169861953134]], [[180.0, 479.5318497135254], [180.0, 579.5318497135254], [0.0, 579.5318497135254], [0.0, 479.5318497135254], [180.0, 479.5318497135254]], [[641.9074019183294, 0.0], [641.9074019183294, 280.0], [361.90740191832936, 280.0], [641.9074019183294, 0.0]], [[0.0, 199.53184971352533], [200.0, 199.53184971352533], [200.0, 399.53184971352533], [0.0, 479.53184971352533], [0.0, 199.53184971352533]], [[200.0, 234.24607164062348], [360.0, 314.2460716406235], [200.0, 394.2460716406235], [200.0, 234.24607164062348]], [[368.32647593751267, 309.38896067707446], [368.32647593751267, 589.3889606770745], [128.32647593751267, 449.38896067707446], [368.32647593751267, 309.38896067707446]]]"
Mon Jul 20 19:32:39 2020,2,5,False,654.8097406968878,0.8704818584301629,"[0, 0, 0, 3, 3, 0, 1, 1, 0, 2, 3, 3]","[[[0.0, 0.0], [200.0, 0.0], [200.0, 200.0], [0.0, 200.0], [0.0, 0.0]], [[454.80974069688784, 380.0], [654.8097406968878, 380.0], [654.8097406968878, 580.0], [454.80974069688784, 580.0], [454.80974069688784, 380.0]], [[374.80974069688784, 580.0], [654.8097406968878, 580.0], [654.8097406968878, 760.0], [374.80974069688784, 760.0], [374.80974069688784, 580.0]], [[480.0, 280.0], [480.0, 0.0], [620.0, 140.0], [480.0, 280.0]], [[653.9202351284949, 380.0], [473.92023512849494, 380.0], [653.9202351284949, 100.0], [653.9202351284949, 380.0]], [[0.0, 177.92389627875514], [280.0, 177.92389627875514], [280.0, 457.92389627875514], [0.0, 457.92389627875514], [0.0, 177.92389627875514]], [[180.0, 557.9238962787551], [100.0, 757.9238962787551], [0.0, 757.9238962787551], [0.0, 557.9238962787551], [180.0, 557.9238962787551]], [[180.0, 457.92389627875514], [180.0, 557.9238962787551], [0.0, 557.9238962787551], [0.0, 457.92389627875514], [180.0, 457.92389627875514]], [[200.0, 0.0], [480.0, 0.0], [480.0, 280.0], [200.0, 0.0]], [[374.80974069688784, 760.0], [174.80974069688784, 760.0], [174.80974069688784, 560.0], [374.80974069688784, 480.0], [374.80974069688784, 760.0]], [[454.51560255742794, 519.8529309302701], [294.51560255742794, 439.8529309302701], [454.51560255742794, 359.8529309302701], [454.51560255742794, 519.8529309302701]], [[280.0, 448.32036575543646], [280.0, 168.32036575543646], [520.0, 308.32036575543646], [280.0, 448.32036575543646]]]"
Mon Jul 20 19:32:56 2020,2,1,True,661.3578381038567,0.8618632261684781,"[0, 0, 1, 1, 2, 0, 1, 0, 2, 3, 2, 2]","[[[180.0, 200.0], [380.0, 200.0], [380.0, 400.0], [180.0, 400.0], [180.0, 200.0]], [[380.0, 280.0], [580.0, 280.0], [580.0, 480.0], [380.0, 480.0], [380.0, 280.0]], [[180.0, 200.0], [180.0, 480.0], [0.0, 480.0], [0.0, 200.0], [180.0, 200.0]], [[372.63157894736844, 447.36842105263156], [372.63157894736844, 727.3684210526316], [232.63157894736844, 587.3684210526316], [372.63157894736844, 447.36842105263156]], [[652.6315789473684, 480.0], [652.6315789473684, 660.0], [372.63157894736844, 480.0], [652.6315789473684, 480.0]], [[380.0, 0.0], [660.0, 0.0], [660.0, 280.0], [380.0, 280.0], [380.0, 0.0]], [[180.0, 480.0], [100.0, 680.0], [0.0, 680.0], [0.0, 480.0], [180.0, 480.0]], [[280.0, 20.0], [380.0, 20.0], [380.0, 200.0], [280.0, 200.0], [280.0, 20.0]], [[652.6315789473684, 760.0], [372.63157894736844, 760.0], [372.63157894736844, 480.0], [652.6315789473684, 760.0]], [[0.0, 200.0], [0.0, 0.0], [200.0, 0.0], [280.0, 200.0], [0.0, 200.0]], [[340.0, 400.0], [260.0, 560.0], [180.0, 400.0], [340.0, 400.0]], [[333.3333333333334, 760.0], [53.33333333333343, 760.0], [193.33333333333343, 520.0], [333.3333333333334, 760.0]]]"
Mon Jul 20 19:33:11 2020,2,1,True,667.9714164848953,0.8533299268994833,"[0, 0, 1, 0, 1, 0, 3, 0, 2, 3, 3, 2]","[[[467.97141648489526, 280.0], [667.9714164848953, 280.0], [667.9714164848953, 480.0], [467.97141648489526, 480.0], [467.97141648489526, 280.0]], [[280.0, 480.0], [480.0, 480.0], [480.0, 680.0], [280.0, 680.0], [280.0, 480.0]], [[660.0, 480.0], [660.0, 760.0], [480.0, 760.0], [480.0, 480.0], [660.0, 480.0]], [[0.0, 200.0], [280.0, 200.0], [140.0, 340.0], [0.0, 200.0]], [[329.67614966879574, 3.005525455934844], [509.67614966879574, 3.005525455934844], [329.67614966879574, 283.00552545593484], [329.67614966879574, 3.005525455934844]], [[0.0, 480.0], [280.0, 480.0], [280.0, 760.0], [0.0, 760.0], [0.0, 480.0]], [[279.99999999999994, 480.0], [359.99999999999994, 280.0], [459.99999999999994, 280.0], [459.99999999999994, 480.0], [279.99999999999994, 480.0]], [[567.9714164848953, 0.0], [667.9714164848953, 0.0], [667.9714164848953, 180.0], [567.9714164848953, 180.0], [567.9714164848953, 0.0]], [[280.0, 480.0], [0.0, 480.0], [0.0, 200.0], [280.0, 480.0]], [[0.0, 200.0], [0.0, 0.0], [200.0, 0.0], [280.0, 200.0], [0.0, 200.0]], [[300.0, 420.0], [140.0, 340.0], [300.0, 260.0], [300.0, 420.0]], [[626.255778655474, 280.0], [346.25577865547405, 280.0], [486.25577865547405, 40.0], [626.255778655474, 280.0]]]"
Mon Jul 20 19:33:31 2020,2,1,True,674.6511306497442,0.8448811157420627,"[0, 0, 1, 0, 0, 0, 1, 1, 1, 0, 1, 1]","[[[180.0, 0.0], [380.0, 0.0], [380.0, 200.0], [180.0, 200.0], [180.0, 0.0]], [[441.2525598254995, 0.0], [641.2525598254995, 0.0], [641.2525598254995, 200.0], [441.2525598254995, 200.0], [441.2525598254995, 0.0]], [[180.0, 0.0], [180.0, 280.0], [0.0, 280.0], [0.0, 0.0], [180.0, 0.0]], [[37.325565324872116, 557.3255653248721], [317.3255653248721, 557.3255653248721], [177.32556532487212, 697.3255653248721], [37.325565324872116, 557.3255653248721]], [[394.65113064974423, 760.0], [394.65113064974423, 580.0], [674.6511306497442, 760.0], [394.65113064974423, 760.0]], [[0.0, 280.0], [280.0, 280.0], [280.0, 560.0], [0.0, 560.0], [0.0, 280.0]], [[460.0, 200.0], [380.0, 400.0], [280.0, 400.0], [280.0, 200.0], [460.0, 200.0]], [[640.0, 200.0], [640.0, 300.0], [460.0, 300.0], [460.0, 200.0], [640.0, 200.0]], [[394.65113064974423, 480.0], [394.65113064974423, 760.0], [114.65113064974423, 760.0], [394.65113064974423, 480.0]], [[420.0, 300.0], [620.0, 300.0], [620.0, 500.0], [420.0, 580.0], [420.0, 300.0]], [[0.0, 600.0], [160.0, 680.0], [0.0, 760.0], [0.0, 600.0]], [[674.6511306497442, 468.12017378764926], [674.6511306497442, 748.1201737876493], [434.65113064974423, 608.1201737876493], [674.6511306497442, 468.12017378764926]]]"
Mon Jul 20 19:33:42 2020,2,1,True,681.3976419562417,0.83651595618026,"[0, 0, 0, 1, 2, 0, 3, 0, 2, 1, 3, 3]","[[[420.9063431476741, 380.0], [620.9063431476741, 380.0], [620.9063431476741, 580.0], [420.9063431476741, 580.0], [420.9063431476741, 380.0]], [[0.0, 559.9999999999998], [200.0, 559.9999999999998], [200.0, 759.9999999999998], [0.0, 759.9999999999998], [0.0, 559.9999999999998]], [[379.9999999999999, 580.0], [659.9999999999999, 580.0], [659.9999999999999, 760.0], [379.9999999999999, 760.0], [379.9999999999999, 580.0]], [[420.9063431476741, 300.0], [420.9063431476741, 580.0], [280.9063431476741, 440.0], [420.9063431476741, 300.0]], [[280.0, 0.0], [280.0, 180.0], [0.0, 0.0], [280.0, 0.0]], [[0.0, 280.0], [280.0, 280.0], [280.0, 560.0], [0.0, 560.0], [0.0, 280.0]], [[199.9999999999999, 760.0], [279.9999999999999, 560.0], [379.9999999999999, 560.0], [379.9999999999999, 760.0], [199.9999999999999, 760.0]], [[581.3976419562417, 200.0], [681.3976419562417, 200.0], [681.3976419562417, 380.0], [581.3976419562417, 380.0], [581.3976419562417, 200.0]], [[280.0, 280.0], [0.0, 280.0], [0.0, 0.0], [280.0, 280.0]], [[647.6650854237545, 0.0], [647.6650854237545, 200.0], [447.6650854237545, 200.0], [367.6650854237545, 0.0], [647.6650854237545, 0.0]], [[580.9063431476741, 380.0], [420.9063431476741, 300.0], [580.9063431476741, 220.0], [580.9063431476741, 380.0]], [[280.0, 382.1953668361432], [280.0, 102.1953668361432], [520.0, 242.1953668361432], [280.0, 382.1953668361432]]]"
Mon Jul 20 19:33:53 2020,2,1,True,688.2116183758042,0.8282336199804554,"[0, 0, 1, 2, 1, 0, 3, 1, 1, 2, 0, 0]","[[[460.0, 558.3952782757613], [660.0, 558.3952782757613], [660.0, 758.3952782757613], [460.0, 758.3952782757613], [460.0, 558.3952782757613]], [[0.0, 280.0], [200.0, 280.0], [200.0, 480.0], [0.0, 480.0], [0.0, 280.0]], [[460.0, 476.8346410090094], [460.0, 756.8346410090094], [280.0, 756.8346410090094], [280.0, 476.8346410090094], [460.0, 476.8346410090094]], [[410.0, 160.0], [130.0, 160.0], [270.0, 20.0], [410.0, 160.0]], [[0.0, 0.0], [180.0, 0.0], [0.0, 280.0], [0.0, 0.0]], [[0.0, 480.0], [280.0, 480.0], [280.0, 760.0], [0.0, 760.0], [0.0, 480.0]], [[472.20777075095657, 558.3952782757613], [552.2077707509566, 358.39527827576126], [652.2077707509566, 358.39527827576126], [652.2077707509566, 558.3952782757613], [472.20777075095657, 558.3952782757613]], [[590.0, 0.0], [590.0, 100.0], [410.0, 100.0], [410.0, 0.0], [590.0, 0.0]], [[488.21161837580416, 196.83464100900937], [488.21161837580416, 476.8346410090094], [208.21161837580416, 476.8346410090094], [488.21161837580416, 196.83464100900937]], [[688.2116183758042, 358.39527827576126], [488.21161837580416, 358.39527827576126], [488.21161837580416, 158.39527827576126], [688.2116183758042, 78.39527827576126], [688.2116183758042, 358.39527827576126]], [[29.981282276541833, 280.0], [109.98128227654183, 120.0], [189.98128227654183, 280.0], [29.981282276541833, 280.0]], [[130.0, 160.0], [410.0, 160.0], [270.0, 400.0], [130.0, 160.0]]]"
Mon Jul 20 19:34:02 2020,2,1,True,695.0937345595622,0.8200332871093617,"[0, 0, 1, 0, 1, 0, 0, 1, 2, 0, 0, 1]","[[[0.0, 360.0], [200.0, 360.0], [200.0, 560.0], [0.0, 560.0], [0.0, 360.0]], [[60.68315364077182, 560.0], [260.6831536407718, 560.0], [260.6831536407718, 760.0], [60.68315364077182, 760.0], [60.68315364077182, 560.0]], [[695.0937345595622, 321.7642323675161], [695.0937345595622, 601.7642323675161], [515.0937345595622, 601.7642323675161], [515.0937345595622, 321.7642323675161], [695.0937345595622, 321.7642323675161]], [[280.0, 280.0], [560.0, 280.0], [420.0, 420.0], [280.0, 280.0]], [[0.0, 0.0], [180.0, 0.0], [0.0, 280.0], [0.0, 0.0]], [[375.7142857142858, 0.0], [655.7142857142858, 0.0], [655.7142857142858, 280.0], [375.7142857142858, 280.0], [375.7142857142858, 0.0]], [[460.6831536407718, 580.0], [660.6831536407718, 660.0], [660.6831536407718, 760.0], [460.6831536407718, 760.0], [460.6831536407718, 580.0]], [[192.85714285714286, 260.0], [192.85714285714286, 360.0], [12.857142857142861, 360.0], [12.857142857142861, 260.0], [192.85714285714286, 260.0]], [[480.0, 480.0], [200.0, 480.0], [200.0, 200.0], [480.0, 480.0]], [[260.6831536407718, 480.0], [460.6831536407718, 480.0], [460.6831536407718, 680.0], [260.6831536407718, 760.0], [260.6831536407718, 480.0]], [[35.71428571428572, 260.0], [115.71428571428572, 100.0], [195.71428571428572, 260.0], [35.71428571428572, 260.0]], [[375.7142857142857, 0.0], [375.7142857142857, 280.0], [135.71428571428572, 140.0], [375.7142857142857, 0.0]]]"
Mon Jul 20 19:34:06 2020,2,0,True,667.2899851771797,0.8542013407389186,"[0, 0, 0, 1, 3, 0, 0, 1, 2, 1, 2, 0]","[[[0.0, 360.0], [200.0, 360.0], [200.0, 560.0], [0.0, 560.0], [0.0, 360.0]], [[0.0, 560.0], [200.0, 560.0], [200.0, 760.0], [0.0, 760.0], [0.0, 560.0]], [[200.0, 572.7100148228203], [480.0, 572.7100148228203], [480.0, 752.7100148228203], [200.0, 752.7100148228203], [200.0, 572.7100148228203]], [[336.9783259219232, 149.68834074474353], [336.9783259219232, 429.6883407447435], [196.97832592192321, 289.6883407447435], [336.9783259219232, 149.68834074474353]], [[667.2899851771797, 760.0], [487.2899851771797, 760.0], [667.2899851771797, 480.0], [667.2899851771797, 760.0]], [[387.2899851771797, 200.0], [667.2899851771797, 200.0], [667.2899851771797, 480.0], [387.2899851771797, 480.0], [387.2899851771797, 200.0]], [[0.0, 80.0], [200.0, 160.0], [200.0, 260.0], [0.0, 260.0], [0.0, 80.0]], [[180.0, 260.0], [180.0, 360.0], [0.0, 360.0], [0.0, 260.0], [180.0, 260.0]], [[480.0, 572.7100148228203], [200.0, 572.7100148228203], [200.0, 292.7100148228203], [480.0, 572.7100148228203]], [[666.6666666666666, 0.0], [666.6666666666666, 200.0], [466.66666666666663, 200.0], [386.66666666666663, 0.0], [666.6666666666666, 0.0]], [[613.6449925885898, 480.0], [533.6449925885898, 640.0], [453.64499258858984, 480.0], [613.6449925885898, 480.0]], [[106.66666666666666, 0.0], [386.66666666666663, 0.0], [246.66666666666666, 240.0], [106.66666666666666, 0.0]]]"
Mon Jul 20 19:34:27 2020,2,1,True,673.9628850289515,0.8457439017217014,"[0, 0, 1, 2, 3, 0, 2, 0, 3, 0, 2, 2]","[[[460.0, 520.0], [660.0, 520.0], [660.0, 720.0], [460.0, 720.0], [460.0, 520.0]], [[0.0, 280.0], [200.0, 280.0], [200.0, 480.0], [0.0, 480.0], [0.0, 280.0]], [[180.0, 0.0], [180.0, 280.0], [0.0, 280.0], [0.0, 0.0], [180.0, 0.0]], [[400.0, 760.0], [120.0, 760.0], [260.0, 620.0], [400.0, 760.0]], [[388.34434681707137, 520.0], [208.34434681707137, 520.0], [388.34434681707137, 240.0], [388.34434681707137, 520.0]], [[388.34434681707137, 240.0], [668.3443468170714, 240.0], [668.3443468170714, 520.0], [388.34434681707137, 520.0], [388.34434681707137, 240.0]], [[460.0, 700.0], [260.0, 620.0], [260.0, 520.0], [460.0, 520.0], [460.0, 700.0]], [[565.0, 0.0], [665.0, 0.0], [665.0, 180.0], [565.0, 180.0], [565.0, 0.0]], [[179.99999999999994, 280.0], [179.99999999999994, 0.0], [459.99999999999994, 0.0], [179.99999999999994, 280.0]], [[0.0, 480.0], [200.0, 480.0], [200.0, 680.0], [0.0, 760.0], [0.0, 480.0]], [[353.3333333333333, 266.66666666666663], [273.3333333333333, 426.66666666666663], [193.33333333333331, 266.66666666666663], [353.3333333333333, 266.66666666666663]], [[600.0, 240.0], [320.0, 240.0], [460.0, 0.0], [600.0, 240.0]]]"
Mon Jul 20 19:34:48 2020,2,1,True,680.702513879241,0.8373701997244569,"[0, 0, 0, 1, 1, 0, 0, 1, 0, 0, 1, 1]","[[[0.0, 375.51020408163254], [200.0, 375.51020408163254], [200.0, 575.5102040816325], [0.0, 575.5102040816325], [0.0, 375.51020408163254]], [[280.0, 560.0], [480.0, 560.0], [480.0, 760.0], [280.0, 760.0], [280.0, 560.0]], [[0.0, 575.5102040816325], [280.0, 575.5102040816325], [280.0, 755.5102040816325], [0.0, 755.5102040816325], [0.0, 575.5102040816325]], [[680.702513879241, 29.273942450669438], [680.702513879241, 309.27394245066944], [540.702513879241, 169.27394245066944], [680.702513879241, 29.273942450669438]], [[469.06986081801654, 0.7025138792408256], [649.0698608180165, 0.7025138792408256], [469.06986081801654, 280.7025138792408], [469.06986081801654, 0.7025138792408256]], [[371.42857142857156, 280.0], [651.4285714285716, 280.0], [651.4285714285716, 560.0], [371.42857142857156, 560.0], [371.42857142857156, 280.0]], [[480.0, 560.0], [680.0, 640.0], [680.0, 740.0], [480.0, 740.0], [480.0, 560.0]], [[180.0, 0.0], [180.0, 100.0], [0.0, 100.0], [0.0, 0.0], [180.0, 0.0]], [[189.06986081801654, 0.0], [469.06986081801654, 0.0], [469.06986081801654, 280.0], [189.06986081801654, 0.0]], [[0.0, 95.51020408163254], [200.0, 95.51020408163254], [200.0, 295.51020408163254], [0.0, 375.51020408163254], [0.0, 95.51020408163254]], [[200.0, 90.93013918198346], [360.0, 170.93013918198346], [200.0, 250.93013918198346], [200.0, 90.93013918198346]], [[371.35584605106635, 195.46778094475457], [371.35584605106635, 475.46778094475457], [131.35584605106635, 335.46778094475457], [371.35584605106635, 195.46778094475457]]]"
Mon Jul 20 19:35:00 2020,2,0,True,653.4744133240713,0.8722606247129762,"[0, 0, 1, 3, 3, 0, 0, 0, 0, 2, 1, 1]","[[[453.4744133240713, 560.0], [653.4744133240713, 560.0], [653.4744133240713, 760.0], [453.4744133240713, 760.0], [453.4744133240713, 560.0]], [[253.4744133240713, 560.0], [453.4744133240713, 560.0], [453.4744133240713, 760.0], [253.4744133240713, 760.0], [253.4744133240713, 560.0]], [[200.0, 480.0], [200.0, 760.0], [20.0, 760.0], [20.0, 480.0], [200.0, 480.0]], [[199.4964867146132, 306.0220733905419], [199.4964867146132, 26.02207339054189], [339.4964867146132, 166.0220733905419], [199.4964867146132, 306.0220733905419]], [[199.49648671461316, 306.0220733905419], [19.496486714613155, 306.0220733905419], [199.49648671461316, 26.02207339054189], [199.49648671461316, 306.0220733905419]], [[373.4744133240713, 280.0], [653.4744133240713, 280.0], [653.4744133240713, 560.0], [373.4744133240713, 560.0], [373.4744133240713, 280.0]], [[0.0, 303.3415417626498], [200.0, 383.3415417626498], [200.0, 483.3415417626498], [0.0, 483.3415417626498], [0.0, 303.3415417626498]], [[0.0, 0.7943860577179009], [100.0, 0.7943860577179009], [100.0, 180.7943860577179], [0.0, 180.7943860577179], [0.0, 0.7943860577179009]], [[173.47441332407124, 0.0], [453.47441332407124, 0.0], [453.47441332407124, 280.0], [173.47441332407124, 0.0]], [[653.4744133240713, 280.0], [453.4744133240713, 280.0], [453.4744133240713, 80.0], [653.4744133240713, 0.0], [653.4744133240713, 280.0]], [[200.0, 416.9126235291252], [360.0, 496.9126235291252], [200.0, 576.9126235291252], [200.0, 416.9126235291252]], [[373.4744133240713, 204.53494953502468], [373.4744133240713, 484.5349495350247], [133.4744133240713, 344.5349495350247], [373.4744133240713, 204.53494953502468]]]"
Mon Jul 20 19:35:35 2020,2,1,True,660.009157457312,0.8636243809039368,"[0, 0, 1, 3, 0, 0, 0, 0, 0, 1, 0, 1]","[[[0.0, 0.0], [200.0, 0.0], [200.0, 200.0], [0.0, 200.0], [0.0, 0.0]], [[0.0, 368.811506898163], [200.0, 368.811506898163], [200.0, 568.811506898163], [0.0, 568.811506898163], [0.0, 368.811506898163]], [[660.0, 200.0], [660.0, 480.0], [480.0, 480.0], [480.0, 200.0], [660.0, 200.0]], [[200.0, 580.0], [200.0, 300.0], [340.0, 440.0], [200.0, 580.0]], [[0.0, 748.811506898163], [0.0, 568.811506898163], [280.0, 748.811506898163], [0.0, 748.811506898163]], [[380.00915745731197, 480.0], [660.009157457312, 480.0], [660.009157457312, 760.0], [380.00915745731197, 760.0], [380.00915745731197, 480.0]], [[200.0, 0.0], [400.0, 80.0], [400.0, 180.0], [200.0, 180.0], [200.0, 0.0]], [[380.0, 212.85125592029942], [480.0, 212.85125592029942], [480.0, 392.8512559202994], [380.0, 392.8512559202994], [380.0, 212.85125592029942]], [[100.0, 200.0], [380.0, 200.0], [380.0, 480.0], [100.0, 200.0]], [[660.009157457312, 0.0], [660.009157457312, 200.0], [460.00915745731197, 200.0], [380.00915745731197, 0.0], [660.009157457312, 0.0]], [[0.0, 360.0], [80.0, 200.0], [160.0, 360.0], [0.0, 360.0]], [[376.8421052631579, 476.8421052631579], [376.8421052631579, 756.8421052631579], [136.84210526315792, 616.8421052631579], [376.8421052631579, 476.8421052631579]]]"
Mon Jul 20 19:36:47 2020,2,5,False,666.609249031885,0.8550736444593435,"[0, 0, 0, 1, 2, 0, 3, 0, 3, 3, 1, 0]","[[[0.0, 560.0], [200.0, 560.0], [200.0, 760.0], [0.0, 760.0], [0.0, 560.0]], [[466.60924903188504, 0.0], [666.609249031885, 0.0], [666.609249031885, 200.0], [466.60924903188504, 200.0], [466.60924903188504, 0.0]], [[200.0, 580.0], [480.0, 580.0], [480.0, 760.0], [200.0, 760.0], [200.0, 580.0]], [[666.609249031885, 380.0], [666.609249031885, 660.0], [526.609249031885, 520.0], [666.609249031885, 380.0]], [[666.609249031885, 199.99999999999994], [666.609249031885, 379.99999999999994], [386.60924903188504, 199.99999999999994], [666.609249031885, 199.99999999999994]], [[220.0, 300.0], [500.0, 300.0], [500.0, 580.0], [220.0, 580.0], [220.0, 300.0]], [[40.0, 560.0], [120.0, 360.0], [220.0, 360.0], [220.0, 560.0], [40.0, 560.0]], [[480.0, 580.0], [580.0, 580.0], [580.0, 760.0], [480.0, 760.0], [480.0, 580.0]], [[0.0, 480.0], [0.0, 200.0], [280.0, 200.0], [0.0, 480.0]], [[0.0, 200.0], [0.0, 0.0], [200.0, 0.0], [280.0, 200.0], [0.0, 200.0]], [[500.0, 295.751197050931], [660.0, 375.751197050931], [500.0, 455.751197050931], [500.0, 295.751197050931]], [[200.0, 0.0], [480.0, 0.0], [340.0, 240.0], [200.0, 0.0]]]"
Mon Jul 20 19:37:02 2020,2,1,True,673.2753415222039,0.8466075687716271,"[0, 0, 1, 1, 3, 0, 0, 0, 3, 2, 3, 0]","[[[0.0, 560.0], [200.0, 560.0], [200.0, 760.0], [0.0, 760.0], [0.0, 560.0]], [[459.94487907060966, 280.0], [659.9448790706097, 280.0], [659.9448790706097, 480.0], [459.94487907060966, 480.0], [459.94487907060966, 280.0]], [[639.9448790706097, 480.0], [639.9448790706097, 760.0], [459.94487907060966, 760.0], [459.94487907060966, 480.0], [639.9448790706097, 480.0]], [[179.94487907060966, 280.0], [179.94487907060966, 560.0], [39.94487907060966, 420.0], [179.94487907060966, 280.0]], [[473.2753415222039, 280.0], [293.2753415222039, 280.0], [473.2753415222039, 0.0], [473.2753415222039, 280.0]], [[179.94487907060966, 280.0], [459.94487907060966, 280.0], [459.94487907060966, 560.0], [179.94487907060966, 560.0], [179.94487907060966, 280.0]], [[0.0, 0.0], [200.0, 80.0], [200.0, 180.0], [0.0, 180.0], [0.0, 0.0]], [[199.94487907060966, 560.0], [299.94487907060966, 560.0], [299.94487907060966, 740.0], [199.94487907060966, 740.0], [199.94487907060966, 560.0]], [[0.0, 460.0], [0.0, 180.0], [280.0, 180.0], [0.0, 460.0]], [[673.2753415222039, 280.0], [473.2753415222039, 280.0], [473.2753415222039, 80.0], [673.2753415222039, 0.0], [673.2753415222039, 280.0]], [[459.94487907060966, 730.0], [299.94487907060966, 650.0], [459.94487907060966, 570.0], [459.94487907060966, 730.0]], [[175.0, 0.0], [455.0, 0.0], [315.0, 240.0], [175.0, 0.0]]]"
Mon Jul 20 19:37:23 2020,2,1,True,680.008094937426,0.8382253156154723,"[0, 0, 1, 0, 0, 0, 3, 0, 2, 0, 2, 1]","[[[480.0, 278.5766324597739], [680.0, 278.5766324597739], [680.0, 478.5766324597739], [480.0, 478.5766324597739], [480.0, 278.5766324597739]], [[0.0, 560.0], [200.0, 560.0], [200.0, 760.0], [0.0, 760.0], [0.0, 560.0]], [[680.008094937426, 480.0], [680.008094937426, 760.0], [500.008094937426, 760.0], [500.008094937426, 480.0], [680.008094937426, 480.0]], [[113.01099452798235, 0.0], [393.01099452798235, 0.0], [253.01099452798235, 140.0], [113.01099452798235, 0.0]], [[200.0, 760.0], [200.0, 580.0], [480.0, 760.0], [200.0, 760.0]], [[200.0, 280.0], [480.0, 280.0], [480.0, 560.0], [200.0, 560.0], [200.0, 280.0]], [[500.008094937426, 278.5766324597739], [580.008094937426, 78.57663245977392], [680.008094937426, 78.57663245977392], [680.008094937426, 278.5766324597739], [500.008094937426, 278.5766324597739]], [[13.010994527982348, 0.0], [113.01099452798235, 0.0], [113.01099452798235, 180.0], [13.010994527982348, 180.0], [13.010994527982348, 0.0]], [[393.01099452798235, 280.0], [113.01099452798235, 280.0], [113.01099452798235, 0.0], [393.01099452798235, 280.0]], [[0.0, 280.0], [200.0, 280.0], [200.0, 480.0], [0.0, 560.0], [0.0, 280.0]], [[497.77777777777777, 560.0], [417.77777777777777, 720.0], [337.77777777777777, 560.0], [497.77777777777777, 560.0]], [[493.01099452798235, 0.0], [493.01099452798235, 280.0], [253.01099452798235, 140.0], [493.01099452798235, 0.0]]]"
Mon Jul 20 19:37:54 2020,2,1,True,686.8081758868003,0.8299260550648241,"[0, 0, 0, 0, 1, 0, 0, 0, 1, 1, 0, 3]","[[[452.80777113992895, 180.0], [652.807771139929, 180.0], [652.807771139929, 380.0], [452.80777113992895, 380.0], [452.80777113992895, 180.0]], [[452.80777113992895, 380.0], [652.807771139929, 380.0], [652.807771139929, 580.0], [452.80777113992895, 580.0], [452.80777113992895, 380.0]], [[386.9070480809128, 580.0], [666.9070480809128, 580.0], [666.9070480809128, 760.0], [386.9070480809128, 760.0], [386.9070480809128, 580.0]], [[107.09716860035167, 479.8098794805612], [387.09716860035167, 479.8098794805612], [247.09716860035167, 619.8098794805612], [107.09716860035167, 479.8098794805612]], [[0.0, 17.980572150177636], [180.0, 17.980572150177636], [0.0, 297.98057215017764], [0.0, 17.980572150177636]], [[172.80777113992895, 199.80987948056122], [452.80777113992895, 199.80987948056122], [452.80777113992895, 479.8098794805612], [172.80777113992895, 479.8098794805612], [172.80777113992895, 199.80987948056122]], [[452.80777113992895, 0.0], [652.807771139929, 80.0], [652.807771139929, 180.0], [452.80777113992895, 180.0], [452.80777113992895, 0.0]], [[63.10973100189625, 199.80987948056122], [163.10973100189625, 199.80987948056122], [163.10973100189625, 379.8098794805612], [63.10973100189625, 379.8098794805612], [63.10973100189625, 199.80987948056122]], [[386.9070480809128, 480.0], [386.9070480809128, 760.0], [106.90704808091277, 760.0], [386.9070480809128, 480.0]], [[452.80777113992895, 0.0], [452.80777113992895, 200.0], [252.80777113992895, 200.0], [172.80777113992895, 0.0], [452.80777113992895, 0.0]], [[90.09506025971939, 199.80987948056122], [170.0950602597194, 39.80987948056122], [250.0950602597194, 199.80987948056122], [90.09506025971939, 199.80987948056122]], [[0.0, 752.7127108802096], [0.0, 472.71271088020956], [240.0, 612.7127108802096], [0.0, 752.7127108802096]]]"
Mon Jul 20 19:37:55 2020,2,0,True,659.3358488513283,0.8645063073591918,"[0, 0, 0, 0, 1, 0, 0, 0, 1, 1, 0, 3]","[[[452.80777113992895, 180.0], [652.807771139929, 180.0], [652.807771139929, 380.0], [452.80777113992895, 380.0], [452.80777113992895, 180.0]], [[452.80777113992895, 380.0], [652.807771139929, 380.0], [652.807771139929, 580.0], [452.80777113992895, 580.0], [452.80777113992895, 380.0]], [[379.33584885132825, 580.0], [659.3358488513283, 580.0], [659.3358488513283, 760.0], [379.33584885132825, 760.0], [379.33584885132825, 580.0]], [[103.21650872583996, 475.9292196060495], [383.21650872583996, 475.9292196060495], [243.21650872583996, 615.9292196060495], [103.21650872583996, 475.9292196060495]], [[0.0, 17.980572150177636], [180.0, 17.980572150177636], [0.0, 297.98057215017764], [0.0, 17.980572150177636]], [[172.80777113992895, 199.80987948056122], [452.80777113992895, 199.80987948056122], [452.80777113992895, 479.8098794805612], [172.80777113992895, 479.8098794805612], [172.80777113992895, 199.80987948056122]], [[452.80777113992895, 0.0], [652.807771139929, 80.0], [652.807771139929, 180.0], [452.80777113992895, 180.0], [452.80777113992895, 0.0]], [[63.10973100189625, 199.80987948056122], [163.10973100189625, 199.80987948056122], [163.10973100189625, 379.8098794805612], [63.10973100189625, 379.8098794805612], [63.10973100189625, 199.80987948056122]], [[379.33584885132825, 479.8098794805612], [379.33584885132825, 759.8098794805612], [99.33584885132825, 759.8098794805612], [379.33584885132825, 479.8098794805612]], [[452.80777113992895, 0.0], [452.80777113992895, 200.0], [252.80777113992895, 200.0], [172.80777113992895, 0.0], [452.80777113992895, 0.0]], [[90.09506025971939, 199.80987948056122], [170.0950602597194, 39.80987948056122], [250.0950602597194, 199.80987948056122], [90.09506025971939, 199.80987948056122]], [[0.0, 752.7127108802096], [0.0, 472.71271088020956], [240.0, 612.7127108802096], [0.0, 752.7127108802096]]]"
Mon Jul 20 19:38:24 2020,2,1,True,665.9292073398416,0.8559468389694967,"[0, 0, 0, 0, 1, 0, 1, 0, 1, 1, 0, 2]","[[[0.0, 280.0], [200.0, 280.0], [200.0, 480.0], [0.0, 480.0], [0.0, 280.0]], [[0.0, 80.0], [200.0, 80.0], [200.0, 280.0], [0.0, 280.0], [0.0, 80.0]], [[380.0, 580.0], [660.0, 580.0], [660.0, 760.0], [380.0, 760.0], [380.0, 580.0]], [[199.9571502325898, 480.0], [479.9571502325898, 480.0], [339.9571502325898, 620.0], [199.9571502325898, 480.0]], [[0.0, 480.0], [180.0, 480.0], [0.0, 760.0], [0.0, 480.0]], [[200.0, 200.0], [480.0, 200.0], [480.0, 480.0], [200.0, 480.0], [200.0, 200.0]], [[380.0, 0.0], [300.0, 200.0], [200.0, 200.0], [200.0, 0.0], [380.0, 0.0]], [[480.0, 200.0], [580.0, 200.0], [580.0, 380.0], [480.0, 380.0], [480.0, 200.0]], [[665.9292073398416, 300.0], [665.9292073398416, 580.0], [385.9292073398416, 580.0], [665.9292073398416, 300.0]], [[665.9292073398416, 0.0], [665.9292073398416, 200.0], [465.9292073398416, 200.0], [385.9292073398416, 0.0], [665.9292073398416, 0.0]], [[300.0, 200.0], [380.0, 40.0], [460.0, 200.0], [300.0, 200.0]], [[379.9571502325898, 760.0], [99.95715023258981, 760.0], [239.9571502325898, 520.0], [379.9571502325898, 760.0]]]"


90.51%
Mon Jul 20 19:39:12 2020,2,开始运行[全局邻域-检验重叠] 初始利用率,0.7746751124110888
Mon Jul 20 19:39:13 2020,2,0,True,706.3606294216704,0.8069532420948842,"[0, 0, 1, 2, 1, 0, 0, 0, 1, 2, 0, 0]","[[[0.0, 0.0], [200.0, 0.0], [200.0, 200.0], [0.0, 200.0]], [[0.0, 200.0], [200.0, 200.0], [200.0, 400.0], [0.0, 400.0]], [[446.3606294216704, 460.0], [446.3606294216704, 740.0], [266.3606294216704, 740.0], [266.3606294216704, 460.0], [446.3606294216704, 460.0]], [[280.0, 753.6393705783296], [0.0, 753.6393705783296], [140.0, 613.6393705783296], [280.0, 753.6393705783296]], [[442.3606294216704, 464.0], [622.3606294216704, 464.0], [442.3606294216704, 744.0], [442.3606294216704, 464.0]], [[210.0, 180.0], [490.0, 180.0], [490.0, 460.0], [210.0, 460.0], [210.0, 180.0]], [[200.0, 0.0], [400.0, 80.0], [400.0, 180.0], [200.0, 180.0], [200.0, 0.0]], [[0.0, 400.0], [100.0, 400.0], [100.0, 580.0], [0.0, 580.0], [0.0, 400.0]], [[706.3606294216704, 480.0], [706.3606294216704, 760.0], [426.3606294216704, 760.0], [706.3606294216704, 480.0]], [[706.3606294216704, 463.99999999999994], [506.3606294216704, 463.99999999999994], [506.3606294216704, 263.99999999999994], [706.3606294216704, 183.99999999999994], [706.3606294216704, 463.99999999999994]], [[100.0, 560.0], [180.0, 400.0], [260.0, 560.0], [100.0, 560.0]], [[426.3606294216704, 0.0], [706.3606294216704, 0.0], [566.3606294216704, 240.0]]]"
Mon Jul 20 19:39:20 2020,2,0,True,678.1062042448036,0.8405762938488377,"[0, 0, 1, 3, 1, 0, 0, 0, 1, 2, 0, 0]","[[[0.0, 0.0], [200.0, 0.0], [200.0, 200.0], [0.0, 200.0]], [[0.0, 200.0], [200.0, 200.0], [200.0, 400.0], [0.0, 400.0], [0.0, 200.0]], [[418.1062042448036, 460.0], [418.1062042448036, 740.0], [238.10620424480362, 740.0], [238.10620424480362, 460.0], [418.1062042448036, 460.0]], [[0.0, 760.0], [0.0, 480.0], [140.0, 620.0], [0.0, 760.0]], [[418.1062042448036, 460.0], [598.1062042448036, 460.0], [418.1062042448036, 740.0], [418.1062042448036, 460.0]], [[200.0, 180.0], [480.0, 180.0], [480.0, 460.0], [200.0, 460.0], [200.0, 180.0]], [[200.0, 0.0], [400.0, 80.0], [400.0, 180.0], [200.0, 180.0], [200.0, 0.0]], [[100.0, 400.0], [200.0, 400.0], [200.0, 580.0], [100.0, 580.0], [100.0, 400.0]], [[678.1062042448036, 480.0], [678.1062042448036, 760.0], [398.1062042448036, 760.0], [678.1062042448036, 480.0]], [[678.1062042448036, 454.75751830207855], [478.1062042448036, 454.75751830207855], [478.1062042448036, 254.75751830207855], [678.1062042448036, 174.75751830207855], [678.1062042448036, 454.75751830207855]], [[70.0, 760.0], [150.0, 600.0], [230.0, 760.0], [70.0, 760.0]], [[375.0, 0.0], [655.0, 0.0], [515.0, 240.0], [375.0, 0.0]]]"
Mon Jul 20 19:39:50 2020,2,1,True,684.8872662872517,0.8322537562859779,"[0, 0, 1, 0, 0, 0, 3, 0, 1, 0, 3, 3]","[[[366.15819209039546, 560.0], [566.1581920903955, 560.0], [566.1581920903955, 760.0], [366.15819209039546, 760.0], [366.15819209039546, 560.0]], [[480.0, 0.0], [680.0, 0.0], [680.0, 200.0], [480.0, 200.0], [480.0, 0.0]], [[683.7288135593221, 200.0], [683.7288135593221, 480.0], [503.72881355932213, 480.0], [503.72881355932213, 200.0], [683.7288135593221, 200.0]], [[46.66666666666666, 0.0], [326.66666666666663, 0.0], [186.66666666666666, 140.0], [46.66666666666666, 0.0]], [[0.0, 200.0], [0.0, 20.0], [280.0, 200.0], [0.0, 200.0]], [[223.72881355932208, 200.0], [503.7288135593221, 200.0], [503.7288135593221, 480.0], [223.72881355932208, 480.0], [223.72881355932208, 200.0]], [[280.0, 200.0], [360.0, 0.0], [460.0, 0.0], [460.0, 200.0], [280.0, 200.0]], [[566.1581920903955, 480.0], [666.1581920903955, 480.0], [666.1581920903955, 660.0], [566.1581920903955, 660.0], [566.1581920903955, 480.0]], [[366.15819209039546, 480.0], [366.15819209039546, 760.0], [86.15819209039546, 760.0], [366.15819209039546, 480.0]], [[23.728813559322077, 200.0], [223.72881355932208, 200.0], [223.72881355932208, 400.0], [23.728813559322077, 480.0], [23.728813559322077, 200.0]], [[210.00917394024322, 565.4878558476315], [50.009173940243215, 485.4878558476315], [210.00917394024322, 405.4878558476315], [210.00917394024322, 565.4878558476315]], [[0.0, 746.1581920903955], [0.0, 466.15819209039546], [240.0, 606.1581920903955], [0.0, 746.1581920903955]]]"
Mon Jul 20 19:39:57 2020,2,1,True,691.7361389501242,0.8240136200851266,"[0, 0, 1, 0, 0, 0, 3, 0, 1, 0, 3, 3]","[[[357.49177563576166, 480.0], [557.4917756357617, 480.0], [557.4917756357617, 680.0], [357.49177563576166, 680.0], [357.49177563576166, 480.0]], [[457.49177563576166, 0.0], [657.4917756357617, 0.0], [657.4917756357617, 200.0], [457.49177563576166, 200.0], [457.49177563576166, 0.0]], [[660.0, 200.0], [660.0, 480.0], [480.0, 480.0], [480.0, 200.0], [660.0, 200.0]], [[77.77777777777777, 0.0], [357.77777777777777, 0.0], [217.77777777777777, 140.0], [77.77777777777777, 0.0]], [[0.0, 180.0], [0.0, 0.0], [280.0, 180.0], [0.0, 180.0]], [[200.0, 200.0], [480.0, 200.0], [480.0, 480.0], [200.0, 480.0], [200.0, 200.0]], [[277.49177563576166, 200.0], [357.49177563576166, 0.0], [457.49177563576166, 0.0], [457.49177563576166, 200.0], [277.49177563576166, 200.0]], [[557.4917756357617, 480.0], [657.4917756357617, 480.0], [657.4917756357617, 660.0], [557.4917756357617, 660.0], [557.4917756357617, 480.0]], [[360.0, 480.0], [360.0, 760.0], [80.0, 760.0], [360.0, 480.0]], [[0.0, 180.0], [200.0, 180.0], [200.0, 380.0], [0.0, 460.0], [0.0, 180.0]], [[185.08449130979713, 552.1243955664766], [25.08449130979713, 472.12439556647655], [185.08449130979713, 392.12439556647655], [185.08449130979713, 552.1243955664766]], [[0.0, 740.0], [0.0, 460.0], [240.0, 600.0], [0.0, 740.0]]]"
Mon Jul 20 19:39:58 2020,2,0,True,664.0666933921192,0.858347520922007,"[0, 0, 1, 0, 0, 0, 3, 0, 1, 0, 3, 3]","[[[357.49177563576166, 480.0], [557.4917756357617, 480.0], [557.4917756357617, 680.0], [357.49177563576166, 680.0], [357.49177563576166, 480.0]], [[457.49177563576166, 0.0], [657.4917756357617, 0.0], [657.4917756357617, 200.0], [457.49177563576166, 200.0], [457.49177563576166, 0.0]], [[660.0, 200.0], [660.0, 480.0], [480.0, 480.0], [480.0, 200.0], [660.0, 200.0]], [[77.77777777777777, 0.0], [357.77777777777777, 0.0], [217.77777777777777, 140.0], [77.77777777777777, 0.0]], [[0.0, 180.0], [0.0, 0.0], [280.0, 180.0], [0.0, 180.0]], [[200.0, 200.0], [480.0, 200.0], [480.0, 480.0], [200.0, 480.0], [200.0, 200.0]], [[277.49177563576166, 200.0], [357.49177563576166, 0.0], [457.49177563576166, 0.0], [457.49177563576166, 200.0], [277.49177563576166, 200.0]], [[557.4917756357617, 480.0], [657.4917756357617, 480.0], [657.4917756357617, 660.0], [557.4917756357617, 660.0], [557.4917756357617, 480.0]], [[357.49177563576166, 480.0], [357.49177563576166, 760.0], [77.49177563576166, 760.0], [357.49177563576166, 480.0]], [[0.0, 180.0], [200.0, 180.0], [200.0, 380.0], [0.0, 460.0], [0.0, 180.0]], [[185.08449130979713, 552.1243955664766], [25.08449130979713, 472.12439556647655], [185.08449130979713, 392.12439556647655], [185.08449130979713, 552.1243955664766]], [[0.0, 740.0], [0.0, 460.0], [240.0, 600.0], [0.0, 740.0]]]"
Mon Jul 20 19:40:41 2020,2,1,True,670.7073603260404,0.8498490306158484,"[0, 0, 1, 2, 3, 0, 1, 0, 0, 0, 0, 0]","[[[470.7073603260403, 280.0], [670.7073603260403, 280.0], [670.7073603260403, 480.0], [470.7073603260403, 480.0], [470.7073603260403, 280.0]], [[0.0, 558.7873822982165], [200.0, 558.7873822982165], [200.0, 758.7873822982165], [0.0, 758.7873822982165], [0.0, 558.7873822982165]], [[180.0, 278.78738229821647], [180.0, 558.7873822982165], [0.0, 558.7873822982165], [0.0, 278.78738229821647], [180.0, 278.78738229821647]], [[480.00000000000006, 200.0], [200.00000000000006, 200.0], [340.00000000000006, 60.0], [480.00000000000006, 200.0]], [[670.7073603260403, 760.0], [490.7073603260403, 760.0], [670.7073603260403, 480.0], [670.7073603260403, 760.0]], [[180.0, 200.0], [460.0, 200.0], [460.0, 480.0], [180.0, 480.0], [180.0, 200.0]], [[622.1359317546118, 480.0], [542.1359317546118, 680.0], [442.13593175461176, 680.0], [442.13593175461176, 480.0], [622.1359317546118, 480.0]], [[570.7073603260404, 100.0], [670.7073603260404, 100.0], [670.7073603260404, 280.0], [570.7073603260404, 280.0], [570.7073603260404, 100.0]], [[290.70736032604043, 0.0], [570.7073603260404, 0.0], [570.7073603260404, 280.0], [290.70736032604043, 0.0]], [[242.13593175461176, 480.0], [442.13593175461176, 480.0], [442.13593175461176, 680.0], [242.13593175461176, 760.0], [242.13593175461176, 480.0]], [[0.0, 278.78738229821647], [80.0, 118.78738229821647], [160.0, 278.78738229821647], [0.0, 278.78738229821647]], [[10.707360326040401, 0.0], [290.70736032604043, 0.0], [150.7073603260404, 240.0], [10.707360326040401, 0.0]]]"
Mon Jul 20 19:40:59 2020,2,1,True,677.4144339293008,0.8414346837780677,"[0, 0, 0, 1, 1, 0, 1, 1, 2, 0, 0, 0]","[[[0.0, 0.0], [200.0, 0.0], [200.0, 200.0], [0.0, 200.0], [0.0, 0.0]], [[453.33333333333326, 560.0], [653.3333333333333, 560.0], [653.3333333333333, 760.0], [453.33333333333326, 760.0], [453.33333333333326, 560.0]], [[200.0, 0.0], [480.0, 0.0], [480.0, 180.0], [200.0, 180.0], [200.0, 0.0]], [[140.0, 339.9999999999998], [140.0, 619.9999999999998], [0.0, 479.9999999999998], [140.0, 339.9999999999998]], [[0.0, 199.99999999999977], [180.0, 199.99999999999977], [0.0, 479.9999999999998], [0.0, 199.99999999999977]], [[154.28571428571422, 240.0], [434.2857142857142, 240.0], [434.2857142857142, 520.0], [154.28571428571422, 520.0], [154.28571428571422, 240.0]], [[660.0, 0.0], [580.0, 200.0], [480.0, 200.0], [480.0, 0.0], [660.0, 0.0]], [[664.2857142857144, 460.0], [664.2857142857144, 560.0], [484.28571428571445, 560.0], [484.28571428571445, 460.0], [664.2857142857144, 460.0]], [[280.0, 759.9999999999999], [0.0, 759.9999999999999], [0.0, 479.9999999999999], [280.0, 759.9999999999999]], [[434.2857142857142, 200.0], [634.2857142857142, 200.0], [634.2857142857142, 400.0], [434.2857142857142, 480.0], [434.2857142857142, 200.0]], [[293.33333333333326, 760.0], [373.33333333333326, 600.0], [453.33333333333326, 760.0], [293.33333333333326, 760.0]], [[140.0, 520.0], [420.0, 520.0], [280.0, 760.0], [140.0, 520.0]]]"
Mon Jul 20 19:41:33 2020,2,3,True,684.1885782685938,0.8331036473050176,"[0, 0, 0, 0, 1, 0, 3, 0, 1, 1, 0, 2]","[[[0.0, 560.0], [200.0, 560.0], [200.0, 760.0], [0.0, 760.0], [0.0, 560.0]], [[454.87378640776706, 0.0], [654.873786407767, 0.0], [654.873786407767, 200.0], [454.87378640776706, 200.0], [454.87378640776706, 0.0]], [[296.8888888888889, 207.97411003236243], [576.8888888888889, 207.97411003236243], [576.8888888888889, 387.97411003236243], [296.8888888888889, 387.97411003236243], [296.8888888888889, 207.97411003236243]], [[267.97411003236243, 587.9741100323624], [547.9741100323624, 587.9741100323624], [407.97411003236243, 727.9741100323624], [267.97411003236243, 587.9741100323624]], [[0.0, 0.0], [180.0, 0.0], [0.0, 280.0], [0.0, 0.0]], [[0.0, 279.9999999999999], [280.0, 279.9999999999999], [280.0, 559.9999999999999], [0.0, 559.9999999999999], [0.0, 279.9999999999999]], [[282.34374653976624, 587.9741100323624], [362.34374653976624, 387.97411003236243], [462.34374653976624, 387.97411003236243], [462.34374653976624, 587.9741100323624], [282.34374653976624, 587.9741100323624]], [[462.34374653976624, 387.97411003236243], [562.3437465397662, 387.97411003236243], [562.3437465397662, 567.9741100323624], [462.34374653976624, 567.9741100323624], [462.34374653976624, 387.97411003236243]], [[655.9482200647249, 480.0], [655.9482200647249, 760.0], [375.94822006472486, 760.0], [655.9482200647249, 480.0]], [[454.873786407767, 7.974110032362432], [454.873786407767, 207.97411003236243], [254.873786407767, 207.97411003236243], [174.873786407767, 7.974110032362432], [454.873786407767, 7.974110032362432]], [[200.0, 760.0], [280.0, 600.0], [360.0, 760.0], [200.0, 760.0]], [[296.88888888888886, 279.9999999999999], [16.888888888888857, 279.9999999999999], [156.88888888888886, 39.999999999999886], [296.88888888888886, 279.9999999999999]]]"
Mon Jul 20 19:41:33 2020,2,0,True,656.82103513785,0.8678162992760601,"[0, 0, 0, 0, 1, 0, 3, 0, 1, 1, 0, 2]","[[[0.0, 560.0], [200.0, 560.0], [200.0, 760.0], [0.0, 760.0], [0.0, 560.0]], [[454.87378640776706, 0.0], [654.873786407767, 0.0], [654.873786407767, 200.0], [454.87378640776706, 200.0], [454.87378640776706, 0.0]], [[296.8888888888889, 207.97411003236243], [576.8888888888889, 207.97411003236243], [576.8888888888889, 387.97411003236243], [296.8888888888889, 387.97411003236243], [296.8888888888889, 207.97411003236243]], [[267.97411003236243, 587.9741100323624], [547.9741100323624, 587.9741100323624], [407.97411003236243, 727.9741100323624], [267.97411003236243, 587.9741100323624]], [[0.0, 0.0], [180.0, 0.0], [0.0, 280.0], [0.0, 0.0]], [[0.0, 279.9999999999999], [280.0, 279.9999999999999], [280.0, 559.9999999999999], [0.0, 559.9999999999999], [0.0, 279.9999999999999]], [[282.34374653976624, 587.9741100323624], [362.34374653976624, 387.97411003236243], [462.34374653976624, 387.97411003236243], [462.34374653976624, 587.9741100323624], [282.34374653976624, 587.9741100323624]], [[462.34374653976624, 387.97411003236243], [562.3437465397662, 387.97411003236243], [562.3437465397662, 567.9741100323624], [462.34374653976624, 567.9741100323624], [462.34374653976624, 387.97411003236243]], [[655.9482200647249, 480.0], [655.9482200647249, 760.0], [375.94822006472486, 760.0], [655.9482200647249, 480.0]], [[454.873786407767, 7.974110032362432], [454.873786407767, 207.97411003236243], [254.873786407767, 207.97411003236243], [174.873786407767, 7.974110032362432], [454.873786407767, 7.974110032362432]], [[200.0, 760.0], [280.0, 600.0], [360.0, 760.0], [200.0, 760.0]], [[296.88888888888886, 279.9999999999999], [16.888888888888857, 279.9999999999999], [156.88888888888886, 39.999999999999886], [296.88888888888886, 279.9999999999999]]]"
Mon Jul 20 19:41:51 2020,2,1,True,663.3892454892285,0.8592240586891684,"[0, 0, 0, 0, 0, 0, 2, 0, 3, 3, 3, 1]","[[[0.0, 560.0], [200.0, 560.0], [200.0, 760.0], [0.0, 760.0], [0.0, 560.0]], [[443.1578947368421, 0.0], [643.1578947368421, 0.0], [643.1578947368421, 200.0], [443.1578947368421, 200.0], [443.1578947368421, 0.0]], [[343.1578947368421, 200.0], [623.1578947368421, 200.0], [623.1578947368421, 380.0], [343.1578947368421, 380.0], [343.1578947368421, 200.0]], [[351.08386823384274, 380.0], [631.0838682338427, 380.0], [491.08386823384274, 520.0], [351.08386823384274, 380.0]], [[280.0, 559.9999999999999], [280.0, 379.9999999999999], [560.0, 559.9999999999999], [280.0, 559.9999999999999]], [[0.0, 280.0], [280.0, 280.0], [280.0, 560.0], [0.0, 560.0], [0.0, 280.0]], [[648.0, 759.9999999999999], [448.0, 679.9999999999999], [448.0, 579.9999999999999], [648.0, 579.9999999999999], [648.0, 759.9999999999999]], [[343.1578947368421, 0.0], [443.1578947368421, 0.0], [443.1578947368421, 180.0], [343.1578947368421, 180.0], [343.1578947368421, 0.0]], [[0.0, 280.0], [0.0, 0.0], [280.0, 0.0], [0.0, 280.0]], [[200.0, 759.9999999999999], [200.0, 559.9999999999999], [400.0, 559.9999999999999], [480.0, 759.9999999999999], [200.0, 759.9999999999999]], [[663.3892454892285, 587.6946227446142], [503.38924548922853, 507.6946227446142], [663.3892454892285, 427.6946227446142], [663.3892454892285, 587.6946227446142]], [[343.1578947368421, 36.84210526315792], [343.1578947368421, 316.8421052631579], [103.15789473684208, 176.84210526315792], [343.1578947368421, 36.84210526315792]]]"
Mon Jul 20 19:42:31 2020,2,1,True,670.0231379441208,0.8507168897912558,"[0, 0, 1, 2, 0, 0, 1, 0, 3, 0, 3, 1]","[[[0.0, 0.0], [200.0, 0.0], [200.0, 200.0], [0.0, 200.0], [0.0, 0.0]], [[420.0, 180.0], [620.0, 180.0], [620.0, 380.0], [420.0, 380.0], [420.0, 180.0]], [[180.0, 200.0], [180.0, 480.0], [0.0, 480.0], [0.0, 200.0], [180.0, 200.0]], [[670.0231379441208, 760.0], [390.0231379441208, 760.0], [530.0231379441208, 620.0], [670.0231379441208, 760.0]], [[180.0, 470.02313794412066], [180.0, 290.02313794412066], [460.0, 470.02313794412066], [180.0, 470.02313794412066]], [[0.0, 480.0], [280.0, 480.0], [280.0, 760.0], [0.0, 760.0], [0.0, 480.0]], [[660.0, 380.0], [580.0, 580.0], [480.0, 580.0], [480.0, 380.0], [660.0, 380.0]], [[554.1119290086333, 0.0], [654.1119290086333, 0.0], [654.1119290086333, 180.0], [554.1119290086333, 180.0], [554.1119290086333, 0.0]], [[200.0, 280.0], [200.0, 0.0], [480.0, 0.0], [200.0, 280.0]], [[280.0, 470.02313794412066], [480.0, 470.02313794412066], [480.0, 670.0231379441207], [280.0, 750.0231379441207], [280.0, 470.02313794412066]], [[554.1119290086333, 165.8880709913667], [394.1119290086333, 85.8880709913667], [554.1119290086333, 5.888070991366703], [554.1119290086333, 165.8880709913667]], [[420.0, 151.66666666666674], [420.0, 431.66666666666674], [180.0, 291.66666666666674], [420.0, 151.66666666666674]]]"
Mon Jul 20 19:42:43 2020,2,1,True,676.723369323562,0.8422939502883722,"[0, 0, 1, 2, 0, 0, 2, 1, 3, 0, 3, 1]","[[[0.0, 0.0], [200.0, 0.0], [200.0, 200.0], [0.0, 200.0], [0.0, 0.0]], [[431.61812012418136, 139.1751442132753], [631.6181201241814, 139.1751442132753], [631.6181201241814, 339.1751442132753], [431.61812012418136, 339.1751442132753], [431.61812012418136, 139.1751442132753]], [[180.0, 200.0], [180.0, 480.0], [0.0, 480.0], [0.0, 200.0], [180.0, 200.0]], [[654.6524940580484, 760.0], [374.65249405804843, 760.0], [514.6524940580484, 620.0], [654.6524940580484, 760.0]], [[180.0, 457.42063841915865], [180.0, 277.42063841915865], [460.0, 457.42063841915865], [180.0, 457.42063841915865]], [[0.0, 480.0], [280.0, 480.0], [280.0, 760.0], [0.0, 760.0], [0.0, 480.0]], [[631.6181201241814, 519.1751442132753], [431.61812012418136, 439.1751442132753], [431.61812012418136, 339.1751442132753], [631.6181201241814, 339.1751442132753], [631.6181201241814, 519.1751442132753]], [[657.2318556388899, 519.1751442132753], [657.2318556388899, 619.1751442132753], [477.2318556388899, 619.1751442132753], [477.2318556388899, 519.1751442132753], [657.2318556388899, 519.1751442132753]], [[200.0, 280.0], [200.0, 0.0], [480.0, 0.0], [200.0, 280.0]], [[277.2318556388899, 457.42063841915865], [477.2318556388899, 457.42063841915865], [477.2318556388899, 657.4206384191586], [277.2318556388899, 737.4206384191586], [277.2318556388899, 457.42063841915865]], [[673.2678316976308, 160.0], [513.2678316976308, 80.0], [673.2678316976308, 0.0], [673.2678316976308, 160.0]], [[431.6181201241813, 144.8894299275609], [431.6181201241813, 424.8894299275609], [191.6181201241813, 284.8894299275609], [431.6181201241813, 144.8894299275609]]]"
Mon Jul 20 19:42:59 2020,2,1,True,683.4906030167976,0.833954406226111,"[0, 0, 1, 2, 1, 0, 0, 0, 1, 1, 3, 0]","[[[0.0, 0.0], [200.0, 0.0], [200.0, 200.0], [0.0, 200.0], [0.0, 0.0]], [[442.9908006422029, 280.0], [642.9908006422029, 280.0], [642.9908006422029, 480.0], [442.9908006422029, 480.0], [442.9908006422029, 280.0]], [[649.6544345506195, 480.0], [649.6544345506195, 760.0], [469.6544345506195, 760.0], [469.6544345506195, 480.0], [649.6544345506195, 480.0]], [[280.0, 510.30806392670706], [0.0, 510.30806392670706], [140.0, 370.30806392670706], [280.0, 510.30806392670706]], [[0.0, 200.0], [180.0, 200.0], [0.0, 480.0], [0.0, 200.0]], [[200.0, 0.0], [480.0, 0.0], [480.0, 280.0], [200.0, 280.0], [200.0, 0.0]], [[480.0, 100.0], [680.0, 180.0], [680.0, 280.0], [480.0, 280.0], [480.0, 100.0]], [[0.0, 580.0], [100.0, 580.0], [100.0, 760.0], [0.0, 760.0], [0.0, 580.0]], [[469.6544345506195, 480.0], [469.6544345506195, 760.0], [189.6544345506195, 760.0], [469.6544345506195, 480.0]], [[442.9908006422029, 280.0], [442.9908006422029, 480.0], [242.99080064220288, 480.0], [162.99080064220288, 280.0], [442.9908006422029, 280.0]], [[640.0, 160.0], [480.0, 80.0], [640.0, 0.0], [640.0, 160.0]], [[59.346370623912435, 510.30806392670706], [339.34637062391243, 510.30806392670706], [199.34637062391243, 750.3080639267071], [59.346370623912435, 510.30806392670706]]]"
Mon Jul 20 19:43:24 2020,2,1,True,690.3255090469656,0.8256974319070405,"[0, 0, 1, 3, 3, 0, 0, 1, 0, 3, 2, 0]","[[[0.0, 0.0], [200.0, 0.0], [200.0, 200.0], [0.0, 200.0], [0.0, 0.0]], [[390.0, 0.0], [590.0, 0.0], [590.0, 200.0], [390.0, 200.0], [390.0, 0.0]], [[690.3255090469656, 479.8372454765172], [690.3255090469656, 759.8372454765172], [510.32550904696564, 759.8372454765172], [510.32550904696564, 479.8372454765172], [690.3255090469656, 479.8372454765172]], [[0.0, 760.0], [0.0, 480.0], [140.0, 620.0], [0.0, 760.0]], [[230.00000000000003, 760.0], [50.00000000000003, 760.0], [230.00000000000003, 480.0], [230.00000000000003, 760.0]], [[230.32550904696564, 469.51173642955155], [510.32550904696564, 469.51173642955155], [510.32550904696564, 749.5117364295515], [230.32550904696564, 749.5117364295515], [230.32550904696564, 469.51173642955155]], [[0.0, 200.0], [200.0, 280.0], [200.0, 380.0], [0.0, 380.0], [0.0, 200.0]], [[380.0, 0.0], [380.0, 100.0], [200.0, 100.0], [200.0, 0.0], [380.0, 0.0]], [[410.32550904696564, 199.83724547651718], [690.3255090469656, 199.83724547651718], [690.3255090469656, 479.8372454765172], [410.32550904696564, 199.83724547651718]], [[280.0, 469.51173642955155], [280.0, 269.51173642955155], [480.0, 269.51173642955155], [560.0, 469.51173642955155], [280.0, 469.51173642955155]], [[390.0, 100.0], [310.0, 260.0], [230.0, 100.0], [390.0, 100.0]], [[0.0, 380.0], [280.0, 380.0], [140.0, 620.0], [0.0, 380.0]]]"
Mon Jul 20 19:43:43 2020,2,1,True,697.2287641374353,0.8175222098089511,"[0, 0, 1, 3, 3, 0, 1, 0, 0, 2, 1, 0]","[[[0.0, 0.0], [200.0, 0.0], [200.0, 200.0], [0.0, 200.0], [0.0, 0.0]], [[160.0, 279.8372454765172], [360.0, 279.8372454765172], [360.0, 479.8372454765172], [160.0, 479.8372454765172], [160.0, 279.8372454765172]], [[380.0, 0.0], [380.0, 280.0], [200.0, 280.0], [200.0, 0.0], [380.0, 0.0]], [[481.3562443425435, 661.3562443425435], [481.3562443425435, 381.3562443425435], [621.3562443425435, 521.3562443425435], [481.3562443425435, 661.3562443425435]], [[697.2287641374353, 280.0], [517.2287641374353, 280.0], [697.2287641374353, 0.0], [697.2287641374353, 280.0]], [[200.0, 480.0], [480.0, 480.0], [480.0, 760.0], [200.0, 760.0], [200.0, 480.0]], [[180.0, 200.0], [100.0, 400.0], [0.0, 400.0], [0.0, 200.0], [180.0, 200.0]], [[562.712488685087, 580.0], [662.712488685087, 580.0], [662.712488685087, 760.0], [562.712488685087, 760.0], [562.712488685087, 580.0]], [[380.0, 280.0], [660.0, 280.0], [660.0, 560.0], [380.0, 280.0]], [[200.0, 759.8372454765172], [0.0, 759.8372454765172], [0.0, 559.8372454765172], [200.0, 479.8372454765172], [200.0, 759.8372454765172]], [[0.0, 399.8372454765172], [160.0, 479.8372454765172], [0.0, 559.8372454765172], [0.0, 399.8372454765172]], [[380.0, 40.0], [660.0, 40.0], [520.0, 280.0], [380.0, 40.0]]]"
Mon Jul 20 19:43:43 2020,2,0,True,669.3396135719379,0.8515856352176573,"[0, 0, 1, 3, 3, 0, 1, 0, 0, 2, 1, 0]","[[[0.0, 0.0], [200.0, 0.0], [200.0, 200.0], [0.0, 200.0], [0.0, 0.0]], [[160.0, 279.8372454765172], [360.0, 279.8372454765172], [360.0, 479.8372454765172], [160.0, 479.8372454765172], [160.0, 279.8372454765172]], [[380.0, 0.0], [380.0, 280.0], [200.0, 280.0], [200.0, 0.0], [380.0, 0.0]], [[481.3562443425435, 661.3562443425435], [481.3562443425435, 381.3562443425435], [621.3562443425435, 521.3562443425435], [481.3562443425435, 661.3562443425435]], [[669.3396135719379, 280.0], [489.3396135719379, 280.0], [669.3396135719379, 0.0], [669.3396135719379, 280.0]], [[200.0, 480.0], [480.0, 480.0], [480.0, 760.0], [200.0, 760.0], [200.0, 480.0]], [[180.0, 200.0], [100.0, 400.0], [0.0, 400.0], [0.0, 200.0], [180.0, 200.0]], [[562.712488685087, 580.0], [662.712488685087, 580.0], [662.712488685087, 760.0], [562.712488685087, 760.0], [562.712488685087, 580.0]], [[380.0, 280.0], [660.0, 280.0], [660.0, 560.0], [380.0, 280.0]], [[200.0, 759.8372454765172], [0.0, 759.8372454765172], [0.0, 559.8372454765172], [200.0, 479.8372454765172], [200.0, 759.8372454765172]], [[0.0, 399.8372454765172], [160.0, 479.8372454765172], [0.0, 559.8372454765172], [0.0, 399.8372454765172]], [[375.05389928622367, 0.0], [655.0538992862237, 0.0], [515.0538992862237, 240.0], [375.05389928622367, 0.0]]]"
Mon Jul 20 19:44:02 2020,2,1,True,676.0330097076572,0.8431540942749082,"[0, 0, 1, 3, 1, 0, 0, 0, 0, 1, 2, 2]","[[[199.7897826832243, 279.6270281597415], [399.7897826832243, 279.6270281597415], [399.7897826832243, 479.6270281597415], [199.7897826832243, 479.6270281597415], [199.7897826832243, 279.6270281597415]], [[0.0, 279.8372454765172], [200.0, 279.8372454765172], [200.0, 479.8372454765172], [0.0, 479.8372454765172], [0.0, 279.8372454765172]], [[395.6096578063325, 479.6270281597415], [395.6096578063325, 759.6270281597415], [215.6096578063325, 759.6270281597415], [215.6096578063325, 479.6270281597415], [395.6096578063325, 479.6270281597415]], [[280.0, 280.0], [280.0, 0.0], [420.0, 140.0], [280.0, 280.0]], [[0.0, 479.8372454765172], [180.0, 479.8372454765172], [0.0, 759.8372454765172], [0.0, 479.8372454765172]], [[0.0, 0.0], [280.0, 0.0], [280.0, 280.0], [0.0, 280.0], [0.0, 0.0]], [[399.7897826832243, 379.6270281597415], [599.7897826832243, 459.6270281597415], [599.7897826832243, 559.6270281597415], [399.7897826832243, 559.6270281597415], [399.7897826832243, 379.6270281597415]], [[115.60965780633254, 580.0], [215.60965780633254, 580.0], [215.60965780633254, 760.0], [115.60965780633254, 760.0], [115.60965780633254, 580.0]], [[381.36439177627153, 241.20163725278871], [661.3643917762715, 241.20163725278871], [661.3643917762715, 521.2016372527887], [381.36439177627153, 241.20163725278871]], [[675.6096578063325, 559.6270281597415], [675.6096578063325, 759.6270281597415], [475.6096578063325, 759.6270281597415], [395.6096578063325, 559.6270281597415], [675.6096578063325, 559.6270281597415]], [[673.5980898717465, 0.0], [593.5980898717465, 160.0], [513.5980898717465, 0.0], [673.5980898717465, 0.0]], [[640.96571160254, 241.20163725278871], [360.96571160253995, 241.20163725278871], [500.96571160253995, 1.2016372527887142], [640.96571160254, 241.20163725278871]]]"
Mon Jul 20 19:44:32 2020,2,1,True,682.7933398047338,0.8348060339355527,"[0, 0, 1, 2, 0, 0, 2, 0, 0, 0, 1, 1]","[[[480.0, 552.4298252443609], [680.0, 552.4298252443609], [680.0, 752.4298252443609], [480.0, 752.4298252443609], [480.0, 552.4298252443609]], [[0.0, 560.0], [200.0, 560.0], [200.0, 760.0], [0.0, 760.0], [0.0, 560.0]], [[480.0, 480.0], [480.0, 760.0], [300.0, 760.0], [300.0, 480.0], [480.0, 480.0]], [[560.0, 191.00831068064906], [280.0, 191.00831068064906], [420.0, 51.00831068064906], [560.0, 191.00831068064906]], [[234.10085005034503, 480.0], [234.10085005034503, 300.0], [514.100850050345, 480.0], [234.10085005034503, 480.0]], [[0.0, 0.0], [280.0, 0.0], [280.0, 280.0], [0.0, 280.0], [0.0, 0.0]], [[480.0, 371.00831068064906], [280.0, 291.00831068064906], [280.0, 191.00831068064906], [480.0, 191.00831068064906], [480.0, 371.00831068064906]], [[200.0, 480.0], [300.0, 480.0], [300.0, 660.0], [200.0, 660.0], [200.0, 480.0]], [[376.56186407499, 0.0], [656.56186407499, 0.0], [656.56186407499, 280.0], [376.56186407499, 0.0]], [[0.0, 280.0], [200.0, 280.0], [200.0, 480.0], [0.0, 560.0], [0.0, 280.0]], [[480.0, 191.00831068064906], [640.0, 271.00831068064906], [480.0, 351.00831068064906], [480.0, 191.00831068064906]], [[648.9916893193509, 272.4298252443609], [648.9916893193509, 552.4298252443609], [408.99168931935094, 412.4298252443609], [648.9916893193509, 272.4298252443609]]]"
Mon Jul 20 19:44:45 2020,2,1,True,689.6212732027811,0.8265406276589631,"[0, 0, 1, 3, 3, 0, 3, 1, 0, 2, 1, 0]","[[[461.42857142857144, 558.5238897080642], [661.4285714285714, 558.5238897080642], [661.4285714285714, 758.5238897080642], [461.42857142857144, 758.5238897080642], [461.42857142857144, 558.5238897080642]], [[0.0, 560.0], [200.0, 560.0], [200.0, 760.0], [0.0, 760.0], [0.0, 560.0]], [[180.0, 280.0], [180.0, 560.0], [0.0, 560.0], [0.0, 280.0], [180.0, 280.0]], [[480.0, 384.5183937874556], [480.0, 104.51839378745558], [620.0, 244.51839378745558], [480.0, 384.5183937874556]], [[461.42857142857144, 760.0], [281.42857142857144, 760.0], [461.42857142857144, 480.0], [461.42857142857144, 760.0]], [[0.0, 0.0], [280.0, 0.0], [280.0, 280.0], [0.0, 280.0], [0.0, 0.0]], [[475.4816062125444, 558.5238897080642], [555.4816062125444, 358.5238897080642], [655.4816062125444, 358.5238897080642], [655.4816062125444, 558.5238897080642], [475.4816062125444, 558.5238897080642]], [[480.0, 360.0], [480.0, 460.0], [300.0, 460.0], [300.0, 360.0], [480.0, 360.0]], [[400.0, 0.0], [680.0, 0.0], [680.0, 280.0], [400.0, 0.0]], [[480.0, 360.0], [280.0, 360.0], [280.0, 160.0], [480.0, 80.0], [480.0, 360.0]], [[280.0, 0.0], [440.0, 80.0], [280.0, 160.0], [280.0, 0.0]], [[180.0, 460.0], [460.0, 460.0], [320.0, 700.0], [180.0, 460.0]]]"
Mon Jul 20 19:44:47 2020,2,0,True,662.0364222746699,0.8609798204780865,"[0, 0, 1, 3, 3, 0, 3, 0, 0, 2, 1, 0]","[[[461.42857142857144, 558.5238897080642], [661.4285714285714, 558.5238897080642], [661.4285714285714, 758.5238897080642], [461.42857142857144, 758.5238897080642], [461.42857142857144, 558.5238897080642]], [[0.0, 560.0], [200.0, 560.0], [200.0, 760.0], [0.0, 760.0], [0.0, 560.0]], [[180.0, 280.0], [180.0, 560.0], [0.0, 560.0], [0.0, 280.0], [180.0, 280.0]], [[480.0, 384.5183937874556], [480.0, 104.51839378745558], [620.0, 244.51839378745558], [480.0, 384.5183937874556]], [[464.72800407199946, 760.0], [284.72800407199946, 760.0], [464.72800407199946, 480.0], [464.72800407199946, 760.0]], [[0.0, 0.0], [280.0, 0.0], [280.0, 280.0], [0.0, 280.0], [0.0, 0.0]], [[475.4816062125444, 558.5238897080642], [555.4816062125444, 358.5238897080642], [655.4816062125444, 358.5238897080642], [655.4816062125444, 558.5238897080642], [475.4816062125444, 558.5238897080642]], [[180.0, 280.0], [280.0, 280.0], [280.0, 460.0], [180.0, 460.0], [180.0, 280.0]], [[382.0364222746699, 0.0], [662.0364222746699, 0.0], [662.0364222746699, 280.0], [382.0364222746699, 0.0]], [[480.0, 377.9635777253301], [280.0, 377.9635777253301], [280.0, 177.96357772533008], [480.0, 97.96357772533008], [480.0, 377.9635777253301]], [[280.0, 0.0], [440.0, 80.0], [280.0, 160.0], [280.0, 0.0]], [[180.0, 465.13245077866577], [460.0, 465.13245077866577], [320.0, 705.1324507786658], [180.0, 465.13245077866577]]]"
Mon Jul 20 19:45:07 2020,2,1,True,668.6567864974166,0.8524552678000856,"[0, 0, 1, 2, 1, 0, 1, 0, 0, 1, 3, 3]","[[[455.71428571428567, 560.0], [655.7142857142857, 560.0], [655.7142857142857, 760.0], [455.71428571428567, 760.0], [455.71428571428567, 560.0]], [[0.0, 560.0], [200.0, 560.0], [200.0, 760.0], [0.0, 760.0], [0.0, 560.0]], [[668.5714285714286, 279.9146420740119], [668.5714285714286, 559.9146420740119], [488.57142857142856, 559.9146420740119], [488.57142857142856, 279.9146420740119], [668.5714285714286, 279.9146420740119]], [[651.3432135025834, 280.0], [371.34321350258335, 280.0], [511.34321350258335, 140.0], [651.3432135025834, 280.0]], [[0.0, 280.0], [180.0, 280.0], [0.0, 560.0], [0.0, 280.0]], [[0.0, 0.0], [280.0, 0.0], [280.0, 280.0], [0.0, 280.0], [0.0, 0.0]], [[460.0, 71.34321350258335], [380.0, 271.34321350258335], [280.0, 271.34321350258335], [280.0, 71.34321350258335], [460.0, 71.34321350258335]], [[115.7142857142857, 380.0], [215.7142857142857, 380.0], [215.7142857142857, 560.0], [115.7142857142857, 560.0], [115.7142857142857, 380.0]], [[388.65678649741665, 0.0], [668.6567864974166, 0.0], [668.6567864974166, 280.0], [388.65678649741665, 0.0]], [[488.57142857142856, 280.0], [488.57142857142856, 480.0], [288.57142857142856, 480.0], [208.57142857142856, 280.0], [488.57142857142856, 280.0]], [[440.0, 760.0], [280.0, 680.0], [440.0, 600.0], [440.0, 760.0]], [[215.71428571428567, 717.5], [215.71428571428567, 437.5], [455.71428571428567, 577.5], [215.71428571428567, 717.5]]]"
Mon Jul 20 19:45:47 2020,2,3,True,675.3433543623909,0.8440151166337482,"[0, 0, 1, 3, 2, 0, 2, 1, 2, 0, 1, 2]","[[[275.34335436239087, 560.0], [475.34335436239087, 560.0], [475.34335436239087, 760.0], [275.34335436239087, 760.0], [275.34335436239087, 560.0]], [[475.34335436239087, 560.0], [675.3433543623909, 560.0], [675.3433543623909, 760.0], [475.34335436239087, 760.0], [475.34335436239087, 560.0]], [[660.0, 0.0], [660.0, 280.0], [480.0, 280.0], [480.0, 0.0], [660.0, 0.0]], [[0.0, 660.0], [0.0, 380.0], [140.0, 520.0], [0.0, 660.0]], [[280.0, 0.0], [280.0, 180.0], [0.0, 0.0], [280.0, 0.0]], [[380.0, 280.0], [660.0, 280.0], [660.0, 560.0], [380.0, 560.0], [380.0, 280.0]], [[480.0, 180.0], [280.0, 100.0], [280.0, 0.0], [480.0, 0.0], [480.0, 180.0]], [[180.0, 280.0], [180.0, 380.0], [0.0, 380.0], [0.0, 280.0], [180.0, 280.0]], [[280.0, 280.0], [0.0, 280.0], [0.0, 0.0], [280.0, 280.0]], [[180.0, 280.0], [380.0, 280.0], [380.0, 480.0], [180.0, 560.0], [180.0, 280.0]], [[280.0, 100.0], [440.0, 180.0], [280.0, 260.0], [280.0, 100.0]], [[280.0, 760.0], [0.0, 760.0], [140.0, 520.0], [280.0, 760.0]]]"
Mon Jul 20 19:47:20 2020,2,5,True,682.0967879060148,0.8356585313205427,"[0, 0, 0, 1, 3, 0, 1, 0, 3, 2, 1, 0]","[[[268.0602544094852, 11.939745590514804], [468.0602544094852, 11.939745590514804], [468.0602544094852, 211.9397455905148], [268.0602544094852, 211.9397455905148], [268.0602544094852, 11.939745590514804]], [[468.0602544094852, 0.0], [668.0602544094852, 0.0], [668.0602544094852, 200.0], [468.0602544094852, 200.0], [468.0602544094852, 0.0]], [[100.0, 568.8255357279132], [380.0, 568.8255357279132], [380.0, 748.8255357279132], [100.0, 748.8255357279132], [100.0, 568.8255357279132]], [[268.0602544094852, 8.060254409485196], [268.0602544094852, 288.0602544094852], [128.0602544094852, 148.0602544094852], [268.0602544094852, 8.060254409485196]], [[682.0967879060148, 480.0], [502.0967879060148, 480.0], [682.0967879060148, 200.0], [682.0967879060148, 480.0]], [[380.0, 480.0], [660.0, 480.0], [660.0, 760.0], [380.0, 760.0], [380.0, 480.0]], [[220.0, 240.0], [140.0, 440.0], [40.0, 440.0], [40.0, 240.0], [220.0, 240.0]], [[0.0, 580.0], [100.0, 580.0], [100.0, 760.0], [0.0, 760.0], [0.0, 580.0]], [[0.0, 280.0], [0.0, 0.0], [280.0, 0.0], [0.0, 280.0]], [[368.4697857088347, 568.8255357279132], [168.4697857088347, 568.8255357279132], [168.4697857088347, 368.82553572791323], [368.4697857088347, 288.82553572791323], [368.4697857088347, 568.8255357279132]], [[0.0, 420.0], [160.0, 500.0], [0.0, 580.0], [0.0, 420.0]], [[367.4515437410904, 231.67037981210478], [647.4515437410904, 231.67037981210478], [507.4515437410904, 471.6703798121048], [367.4515437410904, 231.67037981210478]]]"
Mon Jul 20 19:47:24 2020,2,0,True,654.8129163897742,0.870477636792232,"[0, 0, 1, 2, 3, 0, 1, 0, 3, 3, 3, 0]","[[[254.81291638977416, 25.18708361022584], [454.81291638977416, 25.18708361022584], [454.81291638977416, 225.18708361022584], [254.81291638977416, 225.18708361022584], [254.81291638977416, 25.18708361022584]], [[454.81291638977416, 0.0], [654.8129163897742, 0.0], [654.8129163897742, 200.0], [454.81291638977416, 200.0], [454.81291638977416, 0.0]], [[348.4697857088347, 480.0], [348.4697857088347, 760.0], [168.4697857088347, 760.0], [168.4697857088347, 480.0], [348.4697857088347, 480.0]], [[294.81291638977416, 265.18708361022584], [14.81291638977416, 265.18708361022584], [154.81291638977416, 125.18708361022584], [294.81291638977416, 265.18708361022584]], [[654.8129163897742, 480.0], [474.81291638977416, 480.0], [654.8129163897742, 200.0], [654.8129163897742, 480.0]], [[374.81291638977416, 480.0], [654.8129163897742, 480.0], [654.8129163897742, 760.0], [374.81291638977416, 760.0], [374.81291638977416, 480.0]], [[180.0, 280.0], [100.0, 480.0], [0.0, 480.0], [0.0, 280.0], [180.0, 280.0]], [[0.0, 580.0], [100.0, 580.0], [100.0, 760.0], [0.0, 760.0], [0.0, 580.0]], [[0.0, 280.0], [0.0, 0.0], [280.0, 0.0], [0.0, 280.0]], [[176.30970672485438, 480.0], [176.30970672485438, 280.0], [376.3097067248544, 280.0], [456.3097067248544, 480.0], [176.30970672485438, 480.0]], [[160.0, 610.0], [0.0, 530.0], [160.0, 450.0], [160.0, 610.0]], [[344.3355054974861, 225.18708361022584], [624.3355054974861, 225.18708361022584], [484.3355054974861, 465.18708361022584], [344.3355054974861, 225.18708361022584]]]"
Mon Jul 20 19:48:44 2020,2,3,True,661.3610455536719,0.8618590463289425,"[0, 0, 1, 2, 1, 0, 3, 0, 1, 1, 1, 0]","[[[0.0, 0.0], [200.0, 0.0], [200.0, 200.0], [0.0, 200.0], [0.0, 0.0]], [[459.77081194082643, 560.0], [659.7708119408264, 560.0], [659.7708119408264, 760.0], [459.77081194082643, 760.0], [459.77081194082643, 560.0]], [[180.0, 200.0], [180.0, 480.0], [0.0, 480.0], [0.0, 200.0], [180.0, 200.0]], [[460.0, 406.10717953001233], [180.0, 406.10717953001233], [320.0, 266.10717953001233], [460.0, 406.10717953001233]], [[279.8798065568878, 406.10717953001233], [459.8798065568878, 406.10717953001233], [279.8798065568878, 686.1071795300123], [279.8798065568878, 406.10717953001233]], [[0.0, 480.0], [280.0, 480.0], [280.0, 760.0], [0.0, 760.0], [0.0, 480.0]], [[279.7708119408264, 760.0], [359.7708119408264, 560.0], [459.7708119408264, 560.0], [459.7708119408264, 760.0], [279.7708119408264, 760.0]], [[528.6203997341831, 20.0], [628.6203997341831, 20.0], [628.6203997341831, 200.0], [528.6203997341831, 200.0], [528.6203997341831, 20.0]], [[640.9487076833243, 280.0], [640.9487076833243, 560.0], [360.9487076833243, 560.0], [640.9487076833243, 280.0]], [[480.0, 0.0], [480.0, 200.0], [280.0, 200.0], [200.0, 0.0], [480.0, 0.0]], [[200.0, 160.0], [360.0, 240.0], [200.0, 320.0], [200.0, 160.0]], [[340.9487076833243, 200.0], [620.9487076833243, 200.0], [480.9487076833243, 440.0], [340.9487076833243, 200.0]]]"
Mon Jul 20 19:50:31 2020,2,5,True,667.9746560092086,0.8533257884444976,"[0, 0, 1, 2, 2, 0, 0, 1, 1, 1, 1, 3]","[[[208.6956521739129, 280.0], [408.6956521739129, 280.0], [408.6956521739129, 480.0], [208.6956521739129, 480.0], [208.6956521739129, 280.0]], [[8.69565217391289, 285.0724637681158], [208.6956521739129, 285.0724637681158], [208.6956521739129, 485.0724637681158], [8.69565217391289, 485.0724637681158], [8.69565217391289, 285.0724637681158]], [[180.0, 0.0], [180.0, 280.0], [0.0, 280.0], [0.0, 0.0], [180.0, 0.0]], [[414.927536231884, 760.0], [134.927536231884, 760.0], [274.927536231884, 620.0], [414.927536231884, 760.0]], [[345.040257648953, 485.07246376811577], [345.040257648953, 665.0724637681158], [65.040257648953, 485.07246376811577], [345.040257648953, 485.07246376811577]], [[180.0, 0.0], [460.0, 0.0], [460.0, 280.0], [180.0, 280.0], [180.0, 0.0]], [[460.0, 0.0], [660.0, 80.0], [660.0, 180.0], [460.0, 180.0], [460.0, 0.0]], [[640.0, 180.0], [640.0, 280.0], [460.0, 280.0], [460.0, 180.0], [640.0, 180.0]], [[648.695652173913, 280.0], [648.695652173913, 560.0], [368.695652173913, 560.0], [648.695652173913, 280.0]], [[634.906603731525, 560.0], [634.906603731525, 760.0], [434.906603731525, 760.0], [354.906603731525, 560.0], [634.906603731525, 560.0]], [[408.6956521739129, 280.0], [568.6956521739129, 360.0], [408.6956521739129, 440.0], [408.6956521739129, 280.0]], [[0.0, 760.0], [0.0, 480.0], [240.0, 620.0], [0.0, 760.0]]]"
Mon Jul 20 19:51:40 2020,2,3,True,674.6544025693007,0.8448770182618788,"[0, 0, 1, 1, 1, 0, 1, 0, 2, 2, 2, 1]","[[[374.6544025693007, 523.8875437322738], [574.6544025693007, 523.8875437322738], [574.6544025693007, 723.8875437322738], [374.6544025693007, 723.8875437322738], [374.6544025693007, 523.8875437322738]], [[174.65440256930071, 560.0], [374.6544025693007, 560.0], [374.6544025693007, 760.0], [174.65440256930071, 760.0], [174.65440256930071, 560.0]], [[180.0, 0.0], [180.0, 280.0], [0.0, 280.0], [0.0, 0.0], [180.0, 0.0]], [[343.21515045782405, 103.88754373227368], [343.21515045782405, 383.8875437322737], [203.21515045782405, 243.88754373227368], [343.21515045782405, 103.88754373227368]], [[180.0, 0.0], [360.0, 0.0], [180.0, 280.0], [180.0, 0.0]], [[389.71982390138055, 0.0], [669.7198239013806, 0.0], [669.7198239013806, 280.0], [389.71982390138055, 280.0], [389.71982390138055, 0.0]], [[180.0, 546.6360064232517], [100.0, 746.6360064232517], [0.0, 746.6360064232517], [0.0, 546.6360064232517], [180.0, 546.6360064232517]], [[574.6544025693007, 557.1214957770467], [674.6544025693007, 557.1214957770467], [674.6544025693007, 737.1214957770467], [574.6544025693007, 737.1214957770467], [574.6544025693007, 557.1214957770467]], [[483.2151504578241, 523.8875437322738], [203.2151504578241, 523.8875437322738], [203.2151504578241, 243.8875437322738], [483.2151504578241, 523.8875437322738]], [[203.2151504578241, 550.7139398168704], [3.215150457824109, 550.7139398168704], [3.215150457824109, 350.7139398168704], [203.2151504578241, 270.7139398168704], [203.2151504578241, 550.7139398168704]], [[503.21515045782405, 280.0], [423.21515045782405, 440.0], [343.21515045782405, 280.0], [503.21515045782405, 280.0]], [[674.6544025693006, 277.1214957770467], [674.6544025693006, 557.1214957770467], [434.6544025693006, 417.1214957770467], [674.6544025693006, 277.1214957770467]]]"
Mon Jul 20 19:52:11 2020,2,1,True,681.4009465949937,0.8365118992691869,"[0, 0, 1, 1, 0, 0, 2, 0, 2, 0, 1, 1]","[[[480.0, 542.6491183368926], [680.0, 542.6491183368926], [680.0, 742.6491183368926], [480.0, 742.6491183368926], [480.0, 542.6491183368926]], [[280.0, 560.0], [480.0, 560.0], [480.0, 760.0], [280.0, 760.0], [280.0, 560.0]], [[180.0, 0.0], [180.0, 280.0], [0.0, 280.0], [0.0, 0.0], [180.0, 0.0]], [[280.0, 480.0], [280.0, 760.0], [140.0, 620.0], [280.0, 480.0]], [[320.67796610169495, 542.6491183368926], [320.67796610169495, 362.64911833689257], [600.6779661016949, 542.6491183368926], [320.67796610169495, 542.6491183368926]], [[380.0, 0.0], [660.0, 0.0], [660.0, 280.0], [380.0, 280.0], [380.0, 0.0]], [[547.6682264665286, 460.0], [347.6682264665286, 380.0], [347.6682264665286, 280.0], [547.6682264665286, 280.0], [547.6682264665286, 460.0]], [[547.6682264665286, 280.0], [647.6682264665286, 280.0], [647.6682264665286, 460.0], [547.6682264665286, 460.0], [547.6682264665286, 280.0]], [[280.0, 760.0], [0.0, 760.0], [0.0, 480.0], [280.0, 760.0]], [[180.0, 0.0], [380.0, 0.0], [380.0, 200.0], [180.0, 280.0], [180.0, 0.0]], [[89.65714285714294, 409.65714285714296], [249.65714285714296, 489.65714285714296], [89.65714285714294, 569.657142857143], [89.65714285714294, 409.65714285714296]], [[320.67796610169495, 223.72881355932202], [320.67796610169495, 503.728813559322], [80.67796610169495, 363.728813559322], [320.67796610169495, 223.72881355932202]]]"
Mon Jul 20 19:52:34 2020,2,1,True,688.2149560609437,0.8282296032368187,"[0, 0, 0, 0, 0, 0, 0, 1, 1, 0, 2, 1]","[[[460.0, 0.0], [660.0, 0.0], [660.0, 200.0], [460.0, 200.0], [460.0, 0.0]], [[0.0, 280.0], [200.0, 280.0], [200.0, 480.0], [0.0, 480.0], [0.0, 280.0]], [[200.0, 280.0], [480.0, 280.0], [480.0, 460.0], [200.0, 460.0], [200.0, 280.0]], [[180.0, 0.0], [460.0, 0.0], [320.0, 140.0], [180.0, 0.0]], [[0.0, 180.0], [0.0, 0.0], [280.0, 180.0], [0.0, 180.0]], [[0.0, 480.0], [280.0, 480.0], [280.0, 760.0], [0.0, 760.0], [0.0, 480.0]], [[407.8584835504586, 580.0], [607.8584835504586, 660.0], [607.8584835504586, 760.0], [407.8584835504586, 760.0], [407.8584835504586, 580.0]], [[180.0, 180.0], [180.0, 280.0], [0.0, 280.0], [0.0, 180.0], [180.0, 180.0]], [[460.0, 0.0], [460.0, 280.0], [180.0, 280.0], [460.0, 0.0]], [[488.2149560609437, 200.0], [688.2149560609437, 200.0], [688.2149560609437, 400.0], [488.2149560609437, 480.0], [488.2149560609437, 200.0]], [[440.0, 515.7169671009171], [360.0, 675.7169671009171], [280.0, 515.7169671009171], [440.0, 515.7169671009171]], [[688.2149560609437, 426.87460896444964], [688.2149560609437, 706.8746089644496], [448.2149560609437, 566.8746089644496], [688.2149560609437, 426.87460896444964]]]"
Mon Jul 20 19:52:39 2020,2,0,True,660.6863578185059,0.8627391700383529,"[0, 0, 1, 0, 3, 0, 1, 1, 2, 1, 0, 0]","[[[460.0, 360.0], [660.0, 360.0], [660.0, 560.0], [460.0, 560.0], [460.0, 360.0]], [[0.0, 280.0], [200.0, 280.0], [200.0, 480.0], [0.0, 480.0], [0.0, 280.0]], [[460.0, 280.0], [460.0, 560.0], [280.0, 560.0], [280.0, 280.0], [460.0, 280.0]], [[179.9999999999999, 0.0], [459.9999999999999, 0.0], [319.9999999999999, 140.0], [179.9999999999999, 0.0]], [[660.6863578185059, 360.0], [480.68635781850594, 360.0], [660.6863578185059, 80.0], [660.6863578185059, 360.0]], [[0.0, 480.0], [280.0, 480.0], [280.0, 760.0], [0.0, 760.0], [0.0, 480.0]], [[180.0, 0.0], [100.0, 200.0], [0.0, 200.0], [0.0, 0.0], [180.0, 0.0]], [[636.8421052631579, 3.1578947368419676], [636.8421052631579, 103.15789473684197], [456.8421052631579, 103.15789473684197], [456.8421052631579, 3.1578947368419676], [636.8421052631579, 3.1578947368419676]], [[459.9999999999999, 280.0], [179.9999999999999, 280.0], [179.9999999999999, 0.0], [459.9999999999999, 280.0]], [[660.6863578185059, 560.0], [660.6863578185059, 760.0], [460.68635781850594, 760.0], [380.68635781850594, 560.0], [660.6863578185059, 560.0]], [[290.0, 760.0], [370.0, 600.0], [450.0, 760.0], [290.0, 760.0]], [[356.8421052631578, 103.15789473684197], [636.8421052631578, 103.15789473684197], [496.8421052631578, 343.15789473684197], [356.8421052631578, 103.15789473684197]]]"
Mon Jul 20 19:53:00 2020,2,1,True,667.293221396691,0.854197198057775,"[0, 0, 1, 1, 1, 0, 3, 0, 1, 2, 2, 3]","[[[240.0, 0.0], [440.0, 0.0], [440.0, 200.0], [240.0, 200.0], [240.0, 0.0]], [[467.293221396691, 0.0], [667.293221396691, 0.0], [667.293221396691, 200.0], [467.293221396691, 200.0], [467.293221396691, 0.0]], [[380.0, 200.0], [380.0, 480.0], [200.0, 480.0], [200.0, 200.0], [380.0, 200.0]], [[420.0, 440.0], [420.0, 720.0], [280.0, 580.0], [420.0, 440.0]], [[379.99999999999994, 200.00000000000006], [560.0, 200.00000000000006], [379.99999999999994, 480.00000000000006], [379.99999999999994, 200.00000000000006]], [[0.0, 480.0], [280.0, 480.0], [280.0, 760.0], [0.0, 760.0], [0.0, 480.0]], [[479.9999999999999, 400.0], [559.9999999999999, 200.0], [659.9999999999999, 200.0], [659.9999999999999, 400.0], [479.9999999999999, 400.0]], [[420.0, 425.41355720661795], [520.0, 425.41355720661795], [520.0, 605.413557206618], [420.0, 605.413557206618], [420.0, 425.41355720661795]], [[667.293221396691, 480.0], [667.293221396691, 760.0], [387.293221396691, 760.0], [667.293221396691, 480.0]], [[200.0, 480.0], [0.0, 480.0], [0.0, 280.0], [200.0, 200.0], [200.0, 480.0]], [[667.293221396691, 400.0], [587.293221396691, 560.0], [507.293221396691, 400.0], [667.293221396691, 400.0]], [[0.0, 280.0], [0.0, 0.0], [240.0, 140.0], [0.0, 280.0]]]"
Mon Jul 20 19:53:18 2020,2,1,True,673.9661536106579,0.8457398000572031,"[0, 0, 1, 3, 1, 0, 3, 0, 1, 0, 3, 0]","[[[0.0, 280.0], [200.0, 280.0], [200.0, 480.0], [0.0, 480.0], [0.0, 280.0]], [[429.64912935118616, 220.60149254082353], [629.6491293511862, 220.60149254082353], [629.6491293511862, 420.60149254082353], [429.64912935118616, 420.60149254082353], [429.64912935118616, 220.60149254082353]], [[180.0, 0.0], [180.0, 280.0], [0.0, 280.0], [0.0, 0.0], [180.0, 0.0]], [[280.0, 760.0], [280.0, 480.0], [420.0, 620.0], [280.0, 760.0]], [[420.0, 420.60149254082353], [600.0, 420.60149254082353], [420.0, 700.6014925408235], [420.0, 420.60149254082353]], [[0.0, 480.0], [280.0, 480.0], [280.0, 760.0], [0.0, 760.0], [0.0, 480.0]], [[466.31579601785285, 220.60149254082353], [546.3157960178528, 20.60149254082353], [646.3157960178528, 20.60149254082353], [646.3157960178528, 220.60149254082353], [466.31579601785285, 220.60149254082353]], [[180.0, 2.8571428571430033], [280.0, 2.8571428571430033], [280.0, 182.857142857143], [180.0, 182.857142857143], [180.0, 2.8571428571430033]], [[640.6014925408234, 480.0], [640.6014925408234, 760.0], [360.6014925408234, 760.0], [640.6014925408234, 480.0]], [[200.0, 200.0], [400.0, 200.0], [400.0, 400.0], [200.0, 480.0], [200.0, 200.0]], [[420.0, 550.0], [260.0, 470.0], [420.0, 390.0], [420.0, 550.0]], [[278.3333333333332, 0.0], [558.3333333333333, 0.0], [418.3333333333332, 240.0], [278.3333333333332, 0.0]]]"
Mon Jul 20 19:53:18 2020,2,0,True,647.0075074662316,0.8809789583929198,"[0, 0, 1, 3, 1, 0, 3, 0, 1, 0, 3, 0]","[[[0.0, 280.0], [200.0, 280.0], [200.0, 480.0], [0.0, 480.0], [0.0, 280.0]], [[429.64912935118616, 220.60149254082353], [629.6491293511862, 220.60149254082353], [629.6491293511862, 420.60149254082353], [429.64912935118616, 420.60149254082353], [429.64912935118616, 220.60149254082353]], [[180.0, 0.0], [180.0, 280.0], [0.0, 280.0], [0.0, 0.0], [180.0, 0.0]], [[280.0, 760.0], [280.0, 480.0], [420.0, 620.0], [280.0, 760.0]], [[420.0, 420.60149254082353], [600.0, 420.60149254082353], [420.0, 700.6014925408235], [420.0, 420.60149254082353]], [[0.0, 480.0], [280.0, 480.0], [280.0, 760.0], [0.0, 760.0], [0.0, 480.0]], [[466.31579601785285, 220.60149254082353], [546.3157960178528, 20.60149254082353], [646.3157960178528, 20.60149254082353], [646.3157960178528, 220.60149254082353], [466.31579601785285, 220.60149254082353]], [[180.0, 2.8571428571430033], [280.0, 2.8571428571430033], [280.0, 182.857142857143], [180.0, 182.857142857143], [180.0, 2.8571428571430033]], [[640.6014925408234, 480.0], [640.6014925408234, 760.0], [360.6014925408234, 760.0], [640.6014925408234, 480.0]], [[200.0, 200.0], [400.0, 200.0], [400.0, 400.0], [200.0, 480.0], [200.0, 200.0]], [[420.0, 550.0], [260.0, 470.0], [420.0, 390.0], [420.0, 550.0]], [[278.3333333333332, 0.0], [558.3333333333333, 0.0], [418.3333333333332, 240.0], [278.3333333333332, 0.0]]]"
Mon Jul 20 19:56:03 2020,2,5,False,653.4775825408939,0.8722563944484355,"[0, 0, 1, 3, 3, 0, 1, 0, 0, 1, 2, 2]","[[[453.4775825408939, 360.0], [653.4775825408939, 360.0], [653.4775825408939, 560.0], [453.4775825408939, 560.0], [453.4775825408939, 360.0]], [[429.27615370229046, 560.0], [629.2761537022905, 560.0], [629.2761537022905, 760.0], [429.27615370229046, 760.0], [429.27615370229046, 560.0]], [[460.0, 0.0], [460.0, 280.0], [280.0, 280.0], [280.0, 0.0], [460.0, 0.0]], [[460.0, 326.5224174591061], [460.0, 46.52241745910612], [600.0, 186.52241745910612], [460.0, 326.5224174591061]], [[653.4775825408939, 383.33506683993767], [473.4775825408939, 383.33506683993767], [653.4775825408939, 103.33506683993767], [653.4775825408939, 383.33506683993767]], [[0.0, 0.0], [280.0, 0.0], [280.0, 280.0], [0.0, 280.0], [0.0, 0.0]], [[180.0, 293.04483491821225], [100.0, 493.04483491821225], [0.0, 493.04483491821225], [0.0, 293.04483491821225], [180.0, 293.04483491821225]], [[0.0, 493.04483491821225], [100.0, 493.04483491821225], [100.0, 673.0448349182122], [0.0, 673.0448349182122], [0.0, 493.04483491821225]], [[149.27615370229046, 480.0], [429.27615370229046, 480.0], [429.27615370229046, 760.0], [149.27615370229046, 480.0]], [[454.7820660327151, 280.0], [454.7820660327151, 480.0], [254.78206603271508, 480.0], [174.78206603271508, 280.0], [454.7820660327151, 280.0]], [[653.4775825408939, 0.0], [573.4775825408939, 160.0], [493.4775825408939, 0.0], [653.4775825408939, 0.0]], [[329.27615370229046, 760.0], [49.27615370229046, 760.0], [189.27615370229046, 520.0], [329.27615370229046, 760.0]]]"
Mon Jul 20 19:57:05 2020,2,3,True,660.0123583663028,0.8636201925232034,"[0, 0, 0, 1, 1, 0, 1, 0, 3, 1, 0, 2]","[[[200.0, 560.0], [400.0, 560.0], [400.0, 760.0], [200.0, 760.0], [200.0, 560.0]], [[0.0, 560.0], [200.0, 560.0], [200.0, 760.0], [0.0, 760.0], [0.0, 560.0]], [[380.0, 200.0], [660.0, 200.0], [660.0, 380.0], [380.0, 380.0], [380.0, 200.0]], [[380.0, 180.0], [380.0, 460.0], [240.0, 320.0], [380.0, 180.0]], [[280.0, 0.0], [460.0, 0.0], [280.0, 280.0], [280.0, 0.0]], [[0.0, 0.0], [280.0, 0.0], [280.0, 280.0], [0.0, 280.0], [0.0, 0.0]], [[658.8355685099797, 0.0], [578.8355685099797, 200.0], [478.8355685099797, 200.0], [478.8355685099797, 0.0], [658.8355685099797, 0.0]], [[560.0, 580.0], [660.0, 580.0], [660.0, 760.0], [560.0, 760.0], [560.0, 580.0]], [[0.0, 560.0], [0.0, 280.0], [280.0, 280.0], [0.0, 560.0]], [[660.0, 380.0], [660.0, 580.0], [460.0, 580.0], [380.0, 380.0], [660.0, 380.0]], [[400.0, 740.0], [480.0, 580.0], [560.0, 740.0], [400.0, 740.0]], [[380.0, 560.0], [100.0, 560.0], [240.0, 320.0], [380.0, 560.0]]]"
Mon Jul 20 19:57:24 2020,2,1,True,666.6124819499659,0.8550694975477262,"[0, 0, 0, 2, 1, 0, 3, 1, 0, 1, 1, 3]","[[[0.0, 200.0], [200.0, 200.0], [200.0, 400.0], [0.0, 400.0], [0.0, 200.0]], [[0.0, 0.0], [200.0, 0.0], [200.0, 200.0], [0.0, 200.0], [0.0, 0.0]], [[386.61248194996585, 580.0], [666.6124819499659, 580.0], [666.6124819499659, 760.0], [386.61248194996585, 760.0], [386.61248194996585, 580.0]], [[296.33776783203547, 760.0], [16.337767832035468, 760.0], [156.33776783203547, 620.0], [296.33776783203547, 760.0]], [[199.99999999999997, 0.0], [380.0, 0.0], [199.99999999999997, 280.0], [199.99999999999997, 0.0]], [[386.61248194996585, 300.0], [666.6124819499659, 300.0], [666.6124819499659, 580.0], [386.61248194996585, 580.0], [386.61248194996585, 300.0]], [[242.43235188696528, 289.54967484249846], [322.4323518869653, 89.54967484249846], [422.4323518869653, 89.54967484249846], [422.4323518869653, 289.54967484249846], [242.43235188696528, 289.54967484249846]], [[666.6124819499659, 200.0], [666.6124819499659, 300.0], [486.61248194996585, 300.0], [486.61248194996585, 200.0], [666.6124819499659, 200.0]], [[106.61248194996585, 437.8095131853198], [386.61248194996585, 437.8095131853198], [386.61248194996585, 717.8095131853198], [106.61248194996585, 437.8095131853198]], [[666.6124819499659, 0.0], [666.6124819499659, 200.0], [466.61248194996585, 200.0], [386.61248194996585, 0.0], [666.6124819499659, 0.0]], [[201.40817009515155, 277.8095131853198], [361.40817009515155, 357.8095131853198], [201.40817009515155, 437.8095131853198], [201.40817009515155, 277.8095131853198]], [[0.0, 711.197031235354], [0.0, 431.19703123535396], [240.0, 571.197031235354], [0.0, 711.197031235354]]]"
Mon Jul 20 19:57:46 2020,2,1,True,673.2786067694656,0.8466034629185407,"[0, 0, 1, 1, 2, 0, 1, 0, 1, 1, 0, 3]","[[[180.0, 200.0], [380.0, 200.0], [380.0, 400.0], [180.0, 400.0], [180.0, 200.0]], [[0.0, 0.0], [200.0, 0.0], [200.0, 200.0], [0.0, 200.0], [0.0, 0.0]], [[180.0, 200.0], [180.0, 480.0], [0.0, 480.0], [0.0, 200.0], [180.0, 200.0]], [[673.2786067694656, 480.0], [673.2786067694656, 760.0], [533.2786067694656, 620.0], [673.2786067694656, 480.0]], [[293.27860676946557, 480.0], [293.27860676946557, 660.0], [13.278606769465569, 480.0], [293.27860676946557, 480.0]], [[393.27860676946557, 200.0], [673.2786067694656, 200.0], [673.2786067694656, 480.0], [393.27860676946557, 480.0], [393.27860676946557, 200.0]], [[380.0, 0.0], [300.0, 200.0], [200.0, 200.0], [200.0, 0.0], [380.0, 0.0]], [[293.27860676946557, 400.0], [393.27860676946557, 400.0], [393.27860676946557, 580.0], [293.27860676946557, 580.0], [293.27860676946557, 400.0]], [[502.2222222222222, 480.0], [502.2222222222222, 760.0], [222.22222222222217, 760.0], [502.2222222222222, 480.0]], [[660.0, 0.0], [660.0, 200.0], [460.0, 200.0], [380.0, 0.0], [660.0, 0.0]], [[300.0, 200.0], [380.0, 40.0], [460.0, 200.0], [300.0, 200.0]], [[0.0, 760.0], [0.0, 480.0], [240.0, 620.0], [0.0, 760.0]]]"
Mon Jul 20 19:57:59 2020,2,1,True,680.0113928371602,0.8382212504143968,"[0, 0, 1, 2, 2, 0, 0, 0, 0, 0, 0, 3]","[[[0.0, 0.0], [200.0, 0.0], [200.0, 200.0], [0.0, 200.0], [0.0, 0.0]], [[240.0, 560.0], [440.0, 560.0], [440.0, 760.0], [240.0, 760.0], [240.0, 560.0]], [[180.0, 200.0], [180.0, 480.0], [0.0, 480.0], [0.0, 200.0], [180.0, 200.0]], [[470.0, 560.0], [190.0, 560.0], [330.0, 420.0], [470.0, 560.0]], [[555.5555555555555, 0.0], [555.5555555555555, 180.0], [275.55555555555554, 0.0], [555.5555555555555, 0.0]], [[380.0, 180.0], [660.0, 180.0], [660.0, 460.0], [380.0, 460.0], [380.0, 180.0]], [[200.0, 0.0], [400.0, 80.0], [400.0, 180.0], [200.0, 180.0], [200.0, 0.0]], [[555.5555555555555, 0.0], [655.5555555555555, 0.0], [655.5555555555555, 180.0], [555.5555555555555, 180.0], [555.5555555555555, 0.0]], [[400.0113928371602, 460.0], [680.0113928371602, 460.0], [680.0113928371602, 740.0], [400.0113928371602, 460.0]], [[180.0, 200.0], [380.0, 200.0], [380.0, 400.0], [180.0, 480.0], [180.0, 200.0]], [[460.0113928371602, 760.0], [540.0113928371602, 600.0], [620.0113928371602, 760.0], [460.0113928371602, 760.0]], [[0.0, 760.0], [0.0, 480.0], [240.0, 620.0], [0.0, 760.0]]]"
Mon Jul 20 19:58:07 2020,2,1,True,686.8115067655318,0.8299220301132642,"[0, 0, 1, 2, 2, 0, 0, 0, 0, 0, 0, 3]","[[[0.0, 0.0], [200.0, 0.0], [200.0, 200.0], [0.0, 200.0], [0.0, 0.0]], [[239.99999999999994, 559.1968751075218], [439.99999999999994, 559.1968751075218], [439.99999999999994, 759.1968751075218], [239.99999999999994, 759.1968751075218], [239.99999999999994, 559.1968751075218]], [[180.0, 200.0], [180.0, 480.0], [0.0, 480.0], [0.0, 200.0], [180.0, 200.0]], [[472.0078122311955, 559.1968751075218], [192.0078122311955, 559.1968751075218], [332.0078122311955, 419.1968751075218], [472.0078122311955, 559.1968751075218]], [[552.8109371236737, 0.0], [552.8109371236737, 180.0], [272.81093712367374, 0.0], [552.8109371236737, 0.0]], [[380.0, 180.0], [660.0, 180.0], [660.0, 460.0], [380.0, 460.0], [380.0, 180.0]], [[200.0, 0.0], [400.0, 80.0], [400.0, 180.0], [200.0, 180.0], [200.0, 0.0]], [[552.8109371236737, 0.0], [652.8109371236737, 0.0], [652.8109371236737, 180.0], [552.8109371236737, 180.0], [552.8109371236737, 0.0]], [[379.59843755376085, 460.0], [659.5984375537608, 460.0], [659.5984375537608, 740.0], [379.59843755376085, 460.0]], [[180.0, 200.0], [380.0, 200.0], [380.0, 400.0], [180.0, 480.0], [180.0, 200.0]], [[439.59843755376085, 760.0], [519.5984375537608, 600.0], [599.5984375537608, 760.0], [439.59843755376085, 760.0]], [[0.0, 760.0], [0.0, 480.0], [240.0, 620.0], [0.0, 760.0]]]"
Mon Jul 20 19:58:07 2020,2,0,True,659.3390464949106,0.8645021147013167,"[0, 0, 1, 2, 2, 0, 0, 0, 0, 0, 0, 3]","[[[0.0, 0.0], [200.0, 0.0], [200.0, 200.0], [0.0, 200.0], [0.0, 0.0]], [[239.99999999999994, 559.1968751075218], [439.99999999999994, 559.1968751075218], [439.99999999999994, 759.1968751075218], [239.99999999999994, 759.1968751075218], [239.99999999999994, 559.1968751075218]], [[180.0, 200.0], [180.0, 480.0], [0.0, 480.0], [0.0, 200.0], [180.0, 200.0]], [[472.0078122311955, 559.1968751075218], [192.0078122311955, 559.1968751075218], [332.0078122311955, 419.1968751075218], [472.0078122311955, 559.1968751075218]], [[552.8109371236737, 0.0], [552.8109371236737, 180.0], [272.81093712367374, 0.0], [552.8109371236737, 0.0]], [[379.3390464949106, 180.0], [659.3390464949106, 180.0], [659.3390464949106, 460.0], [379.3390464949106, 460.0], [379.3390464949106, 180.0]], [[200.0, 0.0], [400.0, 80.0], [400.0, 180.0], [200.0, 180.0], [200.0, 0.0]], [[552.8109371236737, 0.0], [652.8109371236737, 0.0], [652.8109371236737, 180.0], [552.8109371236737, 180.0], [552.8109371236737, 0.0]], [[379.3390464949106, 460.0], [659.3390464949106, 460.0], [659.3390464949106, 740.0], [379.3390464949106, 460.0]], [[180.0, 200.0], [380.0, 200.0], [380.0, 400.0], [180.0, 480.0], [180.0, 200.0]], [[439.59843755376085, 760.0], [519.5984375537608, 600.0], [599.5984375537608, 760.0], [439.59843755376085, 760.0]], [[0.0, 760.0], [0.0, 480.0], [240.0, 620.0], [0.0, 760.0]]]"
Mon Jul 20 19:59:31 2020,2,5,False,665.9324369598597,0.8559426878230858,"[0, 0, 1, 0, 0, 0, 3, 1, 0, 0, 0, 3]","[[[0.0, 200.0], [200.0, 200.0], [200.0, 400.0], [0.0, 400.0], [0.0, 200.0]], [[465.93243695985973, 560.0], [665.9324369598597, 560.0], [665.9324369598597, 760.0], [465.93243695985973, 760.0], [465.93243695985973, 560.0]], [[425.93243695985973, 200.0], [425.93243695985973, 480.0], [245.93243695985973, 480.0], [245.93243695985973, 200.0], [425.93243695985973, 200.0]], [[46.66666666666666, 0.0], [326.66666666666663, 0.0], [186.66666666666666, 140.0], [46.66666666666666, 0.0]], [[0.0, 200.0], [0.0, 20.0], [280.0, 200.0], [0.0, 200.0]], [[205.93243695985973, 480.0], [485.93243695985973, 480.0], [485.93243695985973, 760.0], [205.93243695985973, 760.0], [205.93243695985973, 480.0]], [[485.93243695985973, 560.0], [565.9324369598597, 360.0], [665.9324369598597, 360.0], [665.9324369598597, 560.0], [485.93243695985973, 560.0]], [[205.93243695985973, 660.0], [205.93243695985973, 760.0], [25.93243695985973, 760.0], [25.93243695985973, 660.0], [205.93243695985973, 660.0]], [[360.0, 0.0], [640.0, 0.0], [640.0, 280.0], [360.0, 0.0]], [[0.0, 400.0], [200.0, 400.0], [200.0, 600.0], [0.0, 680.0], [0.0, 400.0]], [[235.3623188405797, 171.30434782608694], [315.3623188405797, 11.30434782608694], [395.3623188405797, 171.30434782608694], [235.3623188405797, 171.30434782608694]], [[425.93243695985973, 441.66666666666674], [425.93243695985973, 161.66666666666674], [665.9324369598597, 301.66666666666674], [425.93243695985973, 441.66666666666674]]]"
Mon Jul 20 19:59:58 2020,2,1,True,672.5917613294583,0.8474680077456295,"[0, 0, 1, 0, 0, 0, 3, 0, 0, 0, 1, 1]","[[[100.0, 0.0], [300.0, 0.0], [300.0, 200.0], [100.0, 200.0], [100.0, 0.0]], [[200.0, 280.0], [400.0, 280.0], [400.0, 480.0], [200.0, 480.0], [200.0, 280.0]], [[180.0, 480.0], [180.0, 760.0], [0.0, 760.0], [0.0, 480.0], [180.0, 480.0]], [[340.75312850684014, 228.1613671773818], [620.7531285068401, 228.1613671773818], [480.75312850684014, 368.1613671773818], [340.75312850684014, 228.1613671773818]], [[307.4565066588472, 228.1613671773818], [307.4565066588472, 48.161367177381806], [587.4565066588473, 228.1613671773818], [307.4565066588472, 228.1613671773818]], [[180.0, 480.0], [460.0, 480.0], [460.0, 760.0], [180.0, 760.0], [180.0, 480.0]], [[466.1458388160813, 760.0], [546.1458388160813, 560.0], [646.1458388160813, 560.0], [646.1458388160813, 760.0], [466.1458388160813, 760.0]], [[0.0, 20.0], [100.0, 20.0], [100.0, 200.0], [0.0, 200.0], [0.0, 20.0]], [[392.59176132945834, 0.0], [672.5917613294583, 0.0], [672.5917613294583, 280.0], [392.59176132945834, 0.0]], [[0.0, 200.0], [200.0, 200.0], [200.0, 400.0], [0.0, 480.0], [0.0, 200.0]], [[460.0, 443.07291940804066], [620.0, 523.0729194080407], [460.0, 603.0729194080407], [460.0, 443.07291940804066]], [[657.5952337699981, 265.00347244053955], [657.5952337699981, 545.0034724405396], [417.5952337699981, 405.00347244053955], [657.5952337699981, 265.00347244053955]]]"
Mon Jul 20 20:00:10 2020,2,1,True,679.3176789427529,0.8390772353917125,"[0, 0, 0, 3, 3, 0, 3, 1, 1, 2, 2, 0]","[[[180.0, 0.0], [380.0, 0.0], [380.0, 200.0], [180.0, 200.0], [180.0, 0.0]], [[261.4023765905656, 560.0], [461.4023765905656, 560.0], [461.4023765905656, 760.0], [261.4023765905656, 760.0], [261.4023765905656, 560.0]], [[399.3176789427529, 280.0], [679.3176789427529, 280.0], [679.3176789427529, 460.0], [399.3176789427529, 460.0], [399.3176789427529, 280.0]], [[0.0, 580.0], [0.0, 300.0], [140.0, 440.0], [0.0, 580.0]], [[645.68809087628, 760.0], [465.68809087627994, 760.0], [645.68809087628, 480.0], [645.68809087628, 760.0]], [[399.3176789427529, 0.0], [679.3176789427529, 0.0], [679.3176789427529, 280.0], [399.3176789427529, 280.0], [399.3176789427529, 0.0]], [[0.0, 200.0], [80.0, 0.0], [180.0, 0.0], [180.0, 200.0], [0.0, 200.0]], [[400.0, 460.0], [400.0, 560.0], [220.0, 560.0], [220.0, 460.0], [400.0, 460.0]], [[400.0, 180.0], [400.0, 460.0], [120.0, 460.0], [400.0, 180.0]], [[220.0, 760.0], [20.0, 760.0], [20.0, 560.0], [220.0, 480.0], [220.0, 760.0]], [[599.5273765905657, 516.2500000000002], [519.5273765905657, 676.2500000000002], [439.5273765905657, 516.2500000000002], [599.5273765905657, 516.2500000000002]], [[0.0, 200.0], [280.0, 200.0], [140.0, 440.0], [0.0, 200.0]]]"
Mon Jul 20 20:00:36 2020,2,0,True,652.1449717850427,0.8740387868663673,"[0, 0, 1, 1, 3, 0, 0, 1, 3, 1, 0, 0]","[[[452.1449717850427, 480.0], [652.1449717850427, 480.0], [652.1449717850427, 680.0], [452.1449717850427, 680.0], [452.1449717850427, 480.0]], [[0.0, 265.63280599273503], [200.0, 265.63280599273503], [200.0, 465.63280599273503], [0.0, 465.63280599273503], [0.0, 265.63280599273503]], [[452.1449717850427, 480.0], [452.1449717850427, 760.0], [272.1449717850427, 760.0], [272.1449717850427, 480.0], [452.1449717850427, 480.0]], [[372.1449717850427, 84.97581380433462], [372.1449717850427, 364.9758138043346], [232.14497178504269, 224.97581380433462], [372.1449717850427, 84.97581380433462]], [[272.1449717850427, 760.0], [92.14497178504269, 760.0], [272.1449717850427, 480.0], [272.1449717850427, 760.0]], [[372.1449717850427, 0.0], [652.1449717850427, 0.0], [652.1449717850427, 280.0], [372.1449717850427, 280.0], [372.1449717850427, 0.0]], [[200.0, 292.1449717850427], [400.0, 372.1449717850427], [400.0, 472.1449717850427], [200.0, 472.1449717850427], [200.0, 292.1449717850427]], [[180.0, 165.63280599273503], [180.0, 265.63280599273503], [0.0, 265.63280599273503], [0.0, 165.63280599273503], [180.0, 165.63280599273503]], [[0.0, 752.1449717850427], [0.0, 472.1449717850427], [280.0, 472.1449717850427], [0.0, 752.1449717850427]], [[652.1449717850427, 280.0], [652.1449717850427, 480.0], [452.1449717850427, 480.0], [372.1449717850427, 280.0], [652.1449717850427, 280.0]], [[0.0, 165.63280599273503], [80.0, 5.63280599273503], [160.0, 165.63280599273503], [0.0, 165.63280599273503]], [[83.38086317090458, 0.0], [363.3808631709046, 0.0], [223.38086317090458, 240.0], [83.38086317090458, 0.0]]]"
Mon Jul 20 20:02:28 2020,2,5,True,658.6664215028932,0.8653849374914526,"[0, 0, 1, 2, 0, 0, 1, 0, 2, 0, 3, 1]","[[[0.0, 283.33394624276707], [200.0, 283.33394624276707], [200.0, 483.33394624276707], [0.0, 483.33394624276707], [0.0, 283.33394624276707]], [[408.78887268064193, 287.4552941835351], [608.7888726806419, 287.4552941835351], [608.7888726806419, 487.4552941835351], [408.78887268064193, 487.4552941835351], [408.78887268064193, 287.4552941835351]], [[180.0, 3.3339462427670696], [180.0, 283.33394624276707], [0.0, 283.33394624276707], [0.0, 3.3339462427670696], [180.0, 3.3339462427670696]], [[303.33394624276707, 760.0], [23.33394624276707, 760.0], [163.33394624276707, 620.0], [303.33394624276707, 760.0]], [[378.6664215028932, 760.0], [378.6664215028932, 580.0], [658.6664215028932, 760.0], [378.6664215028932, 760.0]], [[378.6664215028932, 0.0], [658.6664215028932, 0.0], [658.6664215028932, 280.0], [378.6664215028932, 280.0], [378.6664215028932, 0.0]], [[180.0, 483.33394624276707], [100.0, 683.3339462427671], [0.0, 683.3339462427671], [0.0, 483.33394624276707], [180.0, 483.33394624276707]], [[278.6664215028932, 555.3324752601261], [378.6664215028932, 555.3324752601261], [378.6664215028932, 735.3324752601261], [278.6664215028932, 735.3324752601261], [278.6664215028932, 555.3324752601261]], [[480.0, 558.6664215028932], [200.0, 558.6664215028932], [200.0, 278.6664215028932], [480.0, 558.6664215028932]], [[178.66642150289317, 3.3339462427670696], [378.6664215028932, 3.3339462427670696], [378.6664215028932, 203.33394624276707], [178.66642150289317, 283.33394624276707], [178.66642150289317, 3.3339462427670696]], [[372.7621499256783, 371.42857142857144], [212.76214992567827, 291.42857142857144], [372.7621499256783, 211.42857142857144], [372.7621499256783, 371.42857142857144]], [[652.6687983876179, 461.8586708544659], [652.6687983876179, 741.8586708544659], [412.6687983876179, 601.8586708544659], [652.6687983876179, 461.8586708544659]]]"
Mon Jul 20 20:03:07 2020,2,1,True,665.2530857179221,0.8568167697935174,"[0, 0, 1, 1, 0, 0, 1, 1, 3, 0, 3, 2]","[[[465.2530857179221, 280.0], [665.2530857179221, 280.0], [665.2530857179221, 480.0], [465.2530857179221, 480.0], [465.2530857179221, 280.0]], [[185.2530857179221, 0.0], [385.2530857179221, 0.0], [385.2530857179221, 200.0], [185.2530857179221, 200.0], [185.2530857179221, 0.0]], [[180.0, 156.66666666666674], [180.0, 436.66666666666674], [0.0, 436.66666666666674], [0.0, 156.66666666666674], [180.0, 156.66666666666674]], [[460.0, 380.0], [460.0, 660.0], [320.0, 520.0], [460.0, 380.0]], [[180.0, 376.623016324193], [180.0, 196.62301632419297], [460.0, 376.623016324193], [180.0, 376.623016324193]], [[385.2530857179221, 0.0], [665.2530857179221, 0.0], [665.2530857179221, 280.0], [385.2530857179221, 280.0], [385.2530857179221, 0.0]], [[180.0, 436.66666666666674], [100.0, 636.6666666666667], [0.0, 636.6666666666667], [0.0, 436.66666666666674], [180.0, 436.66666666666674]], [[180.0, 636.6666666666667], [180.0, 736.6666666666667], [0.0, 736.6666666666667], [0.0, 636.6666666666667], [180.0, 636.6666666666667]], [[180.0, 656.623016324193], [180.0, 376.62301632419303], [460.0, 376.62301632419303], [180.0, 656.623016324193]], [[460.0, 480.0], [660.0, 480.0], [660.0, 680.0], [460.0, 760.0], [460.0, 480.0]], [[185.2530857179221, 160.0], [25.25308571792209, 80.0], [185.2530857179221, 0.0], [185.2530857179221, 160.0]], [[460.0, 760.0], [180.0, 760.0], [320.0, 520.0], [460.0, 760.0]]]"
Mon Jul 20 20:04:39 2020,2,5,True,671.9056165751014,0.8483334354391261,"[0, 0, 1, 1, 1, 0, 1, 0, 2, 1, 0, 0]","[[[0.0, 0.0], [200.0, 0.0], [200.0, 200.0], [0.0, 200.0], [0.0, 0.0]], [[200.0, 20.23595856224665], [400.0, 20.23595856224665], [400.0, 220.23595856224665], [200.0, 220.23595856224665], [200.0, 20.23595856224665]], [[623.6318164902532, 200.0], [623.6318164902532, 480.0], [443.6318164902532, 480.0], [443.6318164902532, 200.0], [623.6318164902532, 200.0]], [[140.0, 339.9999999999999], [140.0, 619.9999999999999], [0.0, 479.9999999999999], [140.0, 339.9999999999999]], [[0.0, 200.0], [180.0, 200.0], [0.0, 480.0], [0.0, 200.0]], [[163.6318164902532, 225.4616187929396], [443.6318164902532, 225.4616187929396], [443.6318164902532, 505.4616187929396], [163.6318164902532, 505.4616187929396], [163.6318164902532, 225.4616187929396]], [[601.7209690579255, 505.4616187929396], [521.7209690579255, 705.4616187929396], [421.72096905792546, 705.4616187929396], [421.72096905792546, 505.4616187929396], [601.7209690579255, 505.4616187929396]], [[571.9056165751014, 580.0], [671.9056165751014, 580.0], [671.9056165751014, 760.0], [571.9056165751014, 760.0], [571.9056165751014, 580.0]], [[280.0, 760.0], [0.0, 760.0], [0.0, 480.0], [280.0, 760.0]], [[671.9056165751014, 0.0], [671.9056165751014, 200.0], [471.90561657510136, 200.0], [391.90561657510136, 0.0], [671.9056165751014, 0.0]], [[288.9901596614557, 760.0], [368.9901596614557, 600.0], [448.9901596614557, 760.0], [288.9901596614557, 760.0]], [[140.0, 505.4616187929396], [420.0, 505.4616187929396], [280.0, 745.4616187929396], [140.0, 505.4616187929396]]]"
Mon Jul 20 20:05:26 2020,2,3,True,678.6246727408524,0.8399340944941843,"[0, 0, 1, 0, 3, 0, 3, 1, 2, 3, 0, 0]","[[[478.62467274085236, 20.0], [678.6246727408524, 20.0], [678.6246727408524, 220.0], [478.62467274085236, 220.0], [478.62467274085236, 20.0]], [[0.0, 0.0], [200.0, 0.0], [200.0, 200.0], [0.0, 200.0], [0.0, 0.0]], [[180.0, 200.0], [180.0, 480.0], [0.0, 480.0], [0.0, 200.0], [180.0, 200.0]], [[380.0, 480.0], [660.0, 480.0], [520.0, 620.0], [380.0, 480.0]], [[660.0, 760.0], [480.0, 760.0], [660.0, 480.0], [660.0, 760.0]], [[200.0, 0.0], [480.0, 0.0], [480.0, 280.0], [200.0, 280.0], [200.0, 0.0]], [[280.0, 760.0], [360.0, 560.0], [460.0, 560.0], [460.0, 760.0], [280.0, 760.0]], [[640.0, 380.0], [640.0, 480.0], [460.0, 480.0], [460.0, 380.0], [640.0, 380.0]], [[280.0, 760.0], [0.0, 760.0], [0.0, 480.0], [280.0, 760.0]], [[180.0, 480.0], [180.0, 280.0], [380.0, 280.0], [460.0, 480.0], [180.0, 480.0]], [[430.0, 380.0], [510.0, 220.0], [590.0, 380.0], [430.0, 380.0]], [[99.99999999999994, 480.0], [379.99999999999994, 480.0], [239.99999999999994, 720.0], [99.99999999999994, 480.0]]]"
Mon Jul 20 20:05:34 2020,2,1,True,685.4109194682609,0.8316179153407766,"[0, 0, 0, 1, 1, 0, 3, 0, 2, 2, 1, 0]","[[[420.0, 292.59187433248735], [620.0, 292.59187433248735], [620.0, 492.59187433248735], [420.0, 492.59187433248735], [420.0, 292.59187433248735]], [[0.0, 0.0], [200.0, 0.0], [200.0, 200.0], [0.0, 200.0], [0.0, 0.0]], [[140.0, 280.0], [420.0, 280.0], [420.0, 460.0], [140.0, 460.0], [140.0, 280.0]], [[140.0, 339.9999999999999], [140.0, 619.9999999999999], [0.0, 479.9999999999999], [140.0, 339.9999999999999]], [[0.0, 200.0], [180.0, 200.0], [0.0, 480.0], [0.0, 200.0]], [[200.0, 0.0], [480.0, 0.0], [480.0, 280.0], [200.0, 280.0], [200.0, 0.0]], [[281.6666666666666, 760.0], [361.6666666666666, 560.0], [461.6666666666666, 560.0], [461.6666666666666, 760.0], [281.6666666666666, 760.0]], [[574.8162513350253, 112.59187433248735], [674.8162513350253, 112.59187433248735], [674.8162513350253, 292.59187433248735], [574.8162513350253, 292.59187433248735], [574.8162513350253, 112.59187433248735]], [[280.0, 760.0], [0.0, 760.0], [0.0, 480.0], [280.0, 760.0]], [[661.6666666666665, 755.9252076658207], [461.6666666666665, 755.9252076658207], [461.6666666666665, 555.9252076658207], [661.6666666666665, 475.9252076658207], [661.6666666666665, 755.9252076658207]], [[480.0, 0.0], [640.0, 80.0], [480.0, 160.0], [480.0, 0.0]], [[140.0, 460.0], [420.0, 460.0], [280.0, 700.0], [140.0, 460.0]]]"
Mon Jul 20 20:05:43 2020,2,1,True,692.2650286629435,0.8233840745948283,"[0, 0, 0, 1, 1, 0, 3, 0, 2, 2, 1, 0]","[[[420.0, 295.1977930758121], [620.0, 295.1977930758121], [620.0, 495.1977930758121], [420.0, 495.1977930758121], [420.0, 295.1977930758121]], [[0.0, 0.0], [200.0, 0.0], [200.0, 200.0], [0.0, 200.0], [0.0, 0.0]], [[140.0, 277.14285714285666], [420.0, 277.14285714285666], [420.0, 457.14285714285666], [140.0, 457.14285714285666], [140.0, 277.14285714285666]], [[140.0, 339.9999999999999], [140.0, 619.9999999999999], [0.0, 479.9999999999999], [140.0, 339.9999999999999]], [[0.0, 200.0], [180.0, 200.0], [0.0, 480.0], [0.0, 200.0]], [[200.0, 0.0], [480.0, 0.0], [480.0, 280.0], [200.0, 280.0], [200.0, 0.0]], [[280.0, 759.9999999999999], [360.0, 559.9999999999999], [460.0, 559.9999999999999], [460.0, 759.9999999999999], [280.0, 759.9999999999999]], [[569.6044138483758, 115.19779307581211], [669.6044138483758, 115.19779307581211], [669.6044138483758, 295.1977930758121], [569.6044138483758, 295.1977930758121], [569.6044138483758, 115.19779307581211]], [[280.0, 759.9999999999999], [0.0, 759.9999999999999], [0.0, 479.9999999999999], [280.0, 759.9999999999999]], [[659.9999999999998, 759.1977930758121], [459.9999999999998, 759.1977930758121], [459.9999999999998, 559.1977930758121], [659.9999999999998, 479.1977930758121], [659.9999999999998, 759.1977930758121]], [[480.0, 0.0], [640.0, 80.0], [480.0, 160.0], [480.0, 0.0]], [[140.0, 457.14285714285666], [420.0, 457.14285714285666], [280.0, 697.1428571428567], [140.0, 457.14285714285666]]]"
Mon Jul 20 20:05:43 2020,2,0,True,664.5744275164257,0.8576917443696129,"[0, 0, 0, 1, 1, 0, 3, 1, 2, 2, 1, 0]","[[[420.0, 295.1977930758121], [620.0, 295.1977930758121], [620.0, 495.1977930758121], [420.0, 495.1977930758121], [420.0, 295.1977930758121]], [[0.0, 0.0], [200.0, 0.0], [200.0, 200.0], [0.0, 200.0], [0.0, 0.0]], [[140.0, 277.14285714285666], [420.0, 277.14285714285666], [420.0, 457.14285714285666], [140.0, 457.14285714285666], [140.0, 277.14285714285666]], [[140.0, 339.9999999999999], [140.0, 619.9999999999999], [0.0, 479.9999999999999], [140.0, 339.9999999999999]], [[0.0, 200.0], [180.0, 200.0], [0.0, 480.0], [0.0, 200.0]], [[200.0, 0.0], [480.0, 0.0], [480.0, 280.0], [200.0, 280.0], [200.0, 0.0]], [[280.0, 759.9999999999999], [360.0, 559.9999999999999], [460.0, 559.9999999999999], [460.0, 759.9999999999999], [280.0, 759.9999999999999]], [[660.0, 160.0], [660.0, 260.0], [480.0, 260.0], [480.0, 160.0], [660.0, 160.0]], [[280.0, 759.9999999999999], [0.0, 759.9999999999999], [0.0, 479.9999999999999], [280.0, 759.9999999999999]], [[659.9999999999998, 759.1977930758121], [459.9999999999998, 759.1977930758121], [459.9999999999998, 559.1977930758121], [659.9999999999998, 479.1977930758121], [659.9999999999998, 759.1977930758121]], [[480.0, 0.0], [640.0, 80.0], [480.0, 160.0], [480.0, 0.0]], [[140.0, 457.14285714285666], [420.0, 457.14285714285666], [280.0, 697.1428571428567], [140.0, 457.14285714285666]]]"
Mon Jul 20 20:05:58 2020,2,1,True,671.2201717915899,0.8491997469006068,"[0, 0, 1, 1, 1, 0, 0, 0, 3, 0, 0, 2]","[[[437.99145041576855, 280.0], [637.9914504157686, 280.0], [637.9914504157686, 480.0], [437.99145041576855, 480.0], [437.99145041576855, 280.0]], [[237.99145041576855, 280.0], [437.99145041576855, 280.0], [437.99145041576855, 480.0], [237.99145041576855, 480.0], [237.99145041576855, 280.0]], [[660.0, 0.0], [660.0, 280.0], [480.0, 280.0], [480.0, 0.0], [660.0, 0.0]], [[671.2201717915899, 449.58343647234165], [671.2201717915899, 729.5834364723416], [531.2201717915899, 589.5834364723416], [671.2201717915899, 449.58343647234165]], [[421.66666666666663, 480.0], [601.6666666666666, 480.0], [421.66666666666663, 760.0], [421.66666666666663, 480.0]], [[200.0, 0.0], [480.0, 0.0], [480.0, 280.0], [200.0, 280.0], [200.0, 0.0]], [[0.0, 297.99145041576855], [200.0, 377.99145041576855], [200.0, 477.99145041576855], [0.0, 477.99145041576855], [0.0, 297.99145041576855]], [[321.66666666666663, 480.0], [421.66666666666663, 480.0], [421.66666666666663, 660.0], [321.66666666666663, 660.0], [321.66666666666663, 480.0]], [[0.0, 760.0], [0.0, 480.0], [280.0, 480.0], [0.0, 760.0]], [[0.0, 0.0], [200.0, 0.0], [200.0, 200.0], [0.0, 280.0], [0.0, 0.0]], [[444.5238095238094, 760.0], [524.5238095238094, 600.0], [604.5238095238094, 760.0], [444.5238095238094, 760.0]], [[380.0, 760.0], [100.0, 760.0], [240.0, 520.0], [380.0, 760.0]]]"
Mon Jul 20 20:06:11 2020,2,1,True,677.9323735095059,0.8407918286144622,"[0, 0, 0, 1, 3, 0, 1, 0, 2, 2, 2, 3]","[[[277.93237350950585, 559.8132551420065], [477.93237350950585, 559.8132551420065], [477.93237350950585, 759.8132551420065], [277.93237350950585, 759.8132551420065], [277.93237350950585, 559.8132551420065]], [[477.93237350950585, 559.8132551420065], [677.9323735095059, 559.8132551420065], [677.9323735095059, 759.8132551420065], [477.93237350950585, 759.8132551420065], [477.93237350950585, 559.8132551420065]], [[397.93237350950585, 379.8132551420065], [677.9323735095059, 379.8132551420065], [677.9323735095059, 559.8132551420065], [397.93237350950585, 559.8132551420065], [397.93237350950585, 379.8132551420065]], [[197.93237350950585, 397.93237350950585], [197.93237350950585, 677.9323735095059], [57.93237350950585, 537.9323735095059], [197.93237350950585, 397.93237350950585]], [[677.9323735095059, 379.8132551420065], [497.93237350950585, 379.8132551420065], [677.9323735095059, 99.81325514200648], [677.9323735095059, 379.8132551420065]], [[150.66946610079572, 0.0], [430.6694661007957, 0.0], [430.6694661007957, 280.0], [150.66946610079572, 280.0], [150.66946610079572, 0.0]], [[624.3713649199262, 0.0], [544.3713649199262, 200.0], [444.37136491992624, 200.0], [444.37136491992624, 0.0], [624.3713649199262, 0.0]], [[0.0, 15.273806355884915], [100.0, 15.273806355884915], [100.0, 195.27380635588491], [0.0, 195.27380635588491], [0.0, 15.273806355884915]], [[280.0, 760.0], [0.0, 760.0], [0.0, 480.0], [280.0, 760.0]], [[397.93237350950585, 559.8132551420065], [197.93237350950585, 559.8132551420065], [197.93237350950585, 359.8132551420065], [397.93237350950585, 279.8132551420065], [397.93237350950585, 559.8132551420065]], [[590.6694661007957, 200.0], [510.6694661007957, 360.0], [430.6694661007957, 200.0], [590.6694661007957, 200.0]], [[0.0, 475.2738063558849], [0.0, 195.27380635588491], [240.0, 335.2738063558849], [0.0, 475.2738063558849]]]"
Mon Jul 20 20:06:35 2020,2,1,True,684.7116972446009,0.8324671570440219,"[0, 0, 1, 1, 3, 0, 1, 1, 1, 1, 0, 0]","[[[0.0, 0.0], [200.0, 0.0], [200.0, 200.0], [0.0, 200.0], [0.0, 0.0]], [[414.5649838882921, 560.0], [614.5649838882921, 560.0], [614.5649838882921, 760.0], [414.5649838882921, 760.0], [414.5649838882921, 560.0]], [[180.0, 380.0], [180.0, 660.0], [0.0, 660.0], [0.0, 380.0], [180.0, 380.0]], [[404.18055821603593, 215.69047162965262], [404.18055821603593, 495.6904716296526], [264.18055821603593, 355.6904716296526], [404.18055821603593, 215.69047162965262]], [[388.4900865863833, 760.0], [208.4900865863833, 760.0], [388.4900865863833, 480.0], [388.4900865863833, 760.0]], [[404.18055821603593, 280.0], [684.1805582160359, 280.0], [684.1805582160359, 560.0], [404.18055821603593, 560.0], [404.18055821603593, 280.0]], [[358.924869195079, 450.43478260869574], [278.924869195079, 650.4347826086957], [178.924869195079, 650.4347826086957], [178.924869195079, 450.43478260869574], [358.924869195079, 450.43478260869574]], [[180.0, 660.0], [180.0, 760.0], [0.0, 760.0], [0.0, 660.0], [180.0, 660.0]], [[684.1805582160359, 0.0], [684.1805582160359, 280.0], [404.18055821603593, 280.0], [684.1805582160359, 0.0]], [[480.0, 0.0], [480.0, 200.0], [280.0, 200.0], [200.0, 0.0], [480.0, 0.0]], [[0.0, 380.0], [80.0, 220.0], [160.0, 380.0], [0.0, 380.0]], [[75.0, 200.0], [355.0, 200.0], [215.0, 440.0], [75.0, 200.0]]]"
Mon Jul 20 20:07:04 2020,2,1,True,691.5588142170469,0.8242249079643781,"[0, 0, 1, 1, 2, 0, 1, 0, 2, 3, 0, 0]","[[[311.5588142170469, 0.0], [511.5588142170469, 0.0], [511.5588142170469, 200.0], [311.5588142170469, 200.0], [311.5588142170469, 0.0]], [[0.0, 0.0], [200.0, 0.0], [200.0, 200.0], [0.0, 200.0], [0.0, 0.0]], [[691.5588142170469, 0.0], [691.5588142170469, 280.0], [511.5588142170469, 280.0], [511.5588142170469, 0.0], [691.5588142170469, 0.0]], [[296.80260617760615, 450.53289897039895], [296.80260617760615, 730.532898970399], [156.80260617760615, 590.532898970399], [296.80260617760615, 450.53289897039895]], [[676.8026061776061, 580.0], [676.8026061776061, 760.0], [396.8026061776061, 580.0], [676.8026061776061, 580.0]], [[411.5588142170469, 300.0], [691.5588142170469, 300.0], [691.5588142170469, 580.0], [411.5588142170469, 580.0], [411.5588142170469, 300.0]], [[199.18153612796465, 484.5855740945027], [119.18153612796465, 684.5855740945027], [19.181536127964648, 684.5855740945027], [19.181536127964648, 484.5855740945027], [199.18153612796465, 484.5855740945027]], [[200.0, 0.0], [300.0, 0.0], [300.0, 180.0], [200.0, 180.0], [200.0, 0.0]], [[576.8026061776061, 760.0], [296.8026061776061, 760.0], [296.8026061776061, 480.0], [576.8026061776061, 760.0]], [[0.0, 467.3355051480051], [0.0, 267.3355051480051], [200.0, 267.3355051480051], [280.0, 467.3355051480051], [0.0, 467.3355051480051]], [[86.26970720720715, 760.0], [166.26970720720715, 600.0], [246.26970720720715, 760.0], [86.26970720720715, 760.0]], [[160.72095533033036, 200.0], [440.72095533033036, 200.0], [300.72095533033036, 440.0], [160.72095533033036, 200.0]]]"
Mon Jul 20 20:07:10 2020,2,0,True,663.8964616483651,0.8585676124628939,"[0, 0, 0, 2, 1, 0, 1, 0, 2, 1, 0, 1]","[[[200.0, 0.0], [400.0, 0.0], [400.0, 200.0], [200.0, 200.0], [200.0, 0.0]], [[0.0, 0.0], [200.0, 0.0], [200.0, 200.0], [0.0, 200.0], [0.0, 0.0]], [[381.8918918918919, 580.0], [661.8918918918919, 580.0], [661.8918918918919, 760.0], [381.8918918918919, 760.0], [381.8918918918919, 580.0]], [[660.0, 300.0], [380.0, 300.0], [520.0, 160.0], [660.0, 300.0]], [[400.0, 0.0], [580.0, 0.0], [400.0, 280.0], [400.0, 0.0]], [[383.89646164836506, 300.0], [663.8964616483651, 300.0], [663.8964616483651, 580.0], [383.89646164836506, 580.0], [383.89646164836506, 300.0]], [[180.0, 500.0], [100.0, 700.0], [0.0, 700.0], [0.0, 500.0], [180.0, 500.0]], [[563.8964616483651, 25.049948546987707], [663.8964616483651, 25.049948546987707], [663.8964616483651, 205.0499485469877], [563.8964616483651, 205.0499485469877], [563.8964616483651, 25.049948546987707]], [[280.0, 500.0], [0.0, 500.0], [0.0, 220.0], [280.0, 500.0]], [[380.0, 200.0], [380.0, 400.0], [180.0, 400.0], [100.0, 200.0], [380.0, 200.0]], [[70.0, 760.0], [150.0, 600.0], [230.0, 760.0], [70.0, 760.0]], [[381.8918918918919, 455.2702702702703], [381.8918918918919, 735.2702702702703], [141.89189189189187, 595.2702702702703], [381.8918918918919, 455.2702702702703]]]"
Mon Jul 20 20:07:28 2020,2,1,True,670.5354262648488,0.8500669430325682,"[0, 0, 1, 1, 3, 0, 1, 0, 2, 0, 3, 0]","[[[140.0, 560.0], [340.0, 560.0], [340.0, 760.0], [140.0, 760.0], [140.0, 560.0]], [[148.0, 360.0], [348.0, 360.0], [348.0, 560.0], [148.0, 560.0], [148.0, 360.0]], [[460.0, 0.0], [460.0, 280.0], [280.0, 280.0], [280.0, 0.0], [460.0, 0.0]], [[140.0, 461.2760870533982], [140.0, 741.2760870533982], [0.0, 601.2760870533982], [140.0, 461.2760870533982]], [[670.5354262648488, 457.7777777777778], [490.53542626484875, 457.7777777777778], [670.5354262648488, 177.77777777777783], [670.5354262648488, 457.7777777777778]], [[0.0, 0.0], [280.0, 0.0], [280.0, 280.0], [0.0, 280.0], [0.0, 0.0]], [[180.0, 280.0], [100.0, 480.0], [0.0, 480.0], [0.0, 280.0], [180.0, 280.0]], [[565.7777777777778, 457.7777777777778], [665.7777777777778, 457.7777777777778], [665.7777777777778, 637.7777777777778], [565.7777777777778, 637.7777777777778], [565.7777777777778, 457.7777777777778]], [[628.0, 760.0], [348.0, 760.0], [348.0, 480.0], [628.0, 760.0]], [[456.24971197913453, 0.0], [656.2497119791345, 0.0], [656.2497119791345, 200.0], [456.24971197913453, 280.0], [456.24971197913453, 0.0]], [[565.7777777777778, 617.7777777777778], [405.7777777777778, 537.7777777777778], [565.7777777777778, 457.7777777777778], [565.7777777777778, 617.7777777777778]], [[301.33333333333337, 280.0], [581.3333333333334, 280.0], [441.33333333333337, 520.0], [301.33333333333337, 280.0]]]"
Mon Jul 20 20:07:47 2020,2,1,True,677.2407805274972,0.8416504386461071,"[0, 0, 1, 1, 0, 0, 1, 0, 3, 1, 3, 3]","[[[0.0, 0.0], [200.0, 0.0], [200.0, 200.0], [0.0, 200.0], [0.0, 0.0]], [[341.23446378294796, 483.65072671760936], [541.234463782948, 483.65072671760936], [541.234463782948, 683.6507267176094], [341.23446378294796, 683.6507267176094], [341.23446378294796, 483.65072671760936]], [[180.0, 480.0], [180.0, 760.0], [0.0, 760.0], [0.0, 480.0], [180.0, 480.0]], [[374.9836907921368, 125.01630920786317], [374.9836907921368, 405.0163092078632], [234.98369079213683, 265.0163092078632], [374.9836907921368, 125.01630920786317]], [[180.0, 760.0], [180.0, 580.0], [460.0, 760.0], [180.0, 760.0]], [[380.0, 0.0], [660.0, 0.0], [660.0, 280.0], [380.0, 280.0], [380.0, 0.0]], [[380.0, 0.0], [300.0, 200.0], [200.0, 200.0], [200.0, 0.0], [380.0, 0.0]], [[541.234463782948, 480.0], [641.234463782948, 480.0], [641.234463782948, 660.0], [541.234463782948, 660.0], [541.234463782948, 480.0]], [[0.0, 480.0], [0.0, 200.0], [280.0, 200.0], [0.0, 480.0]], [[654.9836907921368, 280.0], [654.9836907921368, 480.0], [454.9836907921368, 480.0], [374.9836907921368, 280.0], [654.9836907921368, 280.0]], [[340.0, 657.2449967091948], [180.0, 577.2449967091948], [340.0, 497.24499670919477], [340.0, 657.2449967091948]], [[185.51000658161038, 574.4899934183896], [185.51000658161038, 294.48999341838964], [425.51000658161036, 434.48999341838964], [185.51000658161038, 574.4899934183896]]]"
Mon Jul 20 20:08:01 2020,2,1,True,684.0131883327722,0.8333172659862447,"[0, 0, 1, 2, 2, 0, 1, 1, 1, 1, 0, 0]","[[[484.0131883327722, 460.0], [684.0131883327722, 460.0], [684.0131883327722, 660.0], [484.0131883327722, 660.0], [484.0131883327722, 460.0]], [[0.0, 360.0], [200.0, 360.0], [200.0, 560.0], [0.0, 560.0], [0.0, 360.0]], [[484.0131883327722, 480.0], [484.0131883327722, 760.0], [304.0131883327722, 760.0], [304.0131883327722, 480.0], [484.0131883327722, 480.0]], [[604.0, 460.0], [324.0, 460.0], [464.0, 320.0], [604.0, 460.0]], [[681.7777777777778, 280.0], [681.7777777777778, 460.0], [401.7777777777778, 280.0], [681.7777777777778, 280.0]], [[401.7777777777778, 0.0], [681.7777777777778, 0.0], [681.7777777777778, 280.0], [401.7777777777778, 280.0], [401.7777777777778, 0.0]], [[380.0, 290.03297083193047], [300.0, 490.03297083193047], [200.0, 490.03297083193047], [200.0, 290.03297083193047], [380.0, 290.03297083193047]], [[676.0, 660.0], [676.0, 760.0], [496.0, 760.0], [496.0, 660.0], [676.0, 660.0]], [[401.7777777777778, 10.03297083193047], [401.7777777777778, 290.03297083193047], [121.77777777777783, 290.03297083193047], [401.7777777777778, 10.03297083193047]], [[280.0, 560.0], [280.0, 760.0], [80.0, 760.0], [0.0, 560.0], [280.0, 560.0]], [[0.0, 242.61014524050006], [80.0, 82.61014524050006], [160.0, 242.61014524050006], [0.0, 242.61014524050006]], [[31.8107486097083, 0.0], [311.8107486097083, 0.0], [171.8107486097083, 240.0], [31.8107486097083, 0.0]]]"
Mon Jul 20 20:08:18 2020,2,1,True,690.8533202160999,0.825066599986381,"[0, 0, 1, 3, 0, 0, 3, 0, 1, 0, 2, 1]","[[[0.0, 280.0], [200.0, 280.0], [200.0, 480.0], [0.0, 480.0], [0.0, 280.0]], [[490.85332021609986, 0.0], [690.8533202160999, 0.0], [690.8533202160999, 200.0], [490.85332021609986, 200.0], [490.85332021609986, 0.0]], [[460.0, 0.0], [460.0, 280.0], [280.0, 280.0], [280.0, 0.0], [460.0, 0.0]], [[514.0112149529418, 656.8421052631579], [514.0112149529418, 376.8421052631579], [654.0112149529418, 516.8421052631579], [514.0112149529418, 656.8421052631579]], [[0.0, 760.0], [0.0, 580.0], [280.0, 760.0], [0.0, 760.0]], [[0.0, 0.0], [280.0, 0.0], [280.0, 280.0], [0.0, 280.0], [0.0, 0.0]], [[127.27272727272728, 661.8181818181818], [207.27272727272728, 461.81818181818176], [307.27272727272725, 461.81818181818176], [307.27272727272725, 661.8181818181818], [127.27272727272728, 661.8181818181818]], [[200.0, 279.9999999999999], [300.0, 279.9999999999999], [300.0, 459.9999999999999], [200.0, 459.9999999999999], [200.0, 279.9999999999999]], [[690.8533202160997, 480.0], [690.8533202160997, 760.0], [410.85332021609975, 760.0], [690.8533202160997, 480.0]], [[314.0112149529418, 376.8421052631578], [514.0112149529418, 376.8421052631578], [514.0112149529418, 576.8421052631578], [314.0112149529418, 656.8421052631578], [314.0112149529418, 376.8421052631578]], [[166.6066066066066, 475.6756756756756], [86.60660660660658, 635.6756756756756], [6.606606606606576, 475.6756756756756], [166.6066066066066, 475.6756756756756]], [[690.8533202160999, 200.0], [690.8533202160999, 480.0], [450.85332021609986, 340.0], [690.8533202160999, 200.0]]]"
Mon Jul 20 20:08:19 2020,2,0,True,663.2191874074558,0.8594443749858135,"[0, 0, 1, 3, 0, 0, 2, 0, 1, 0, 0, 1]","[[[0.0, 280.0], [200.0, 280.0], [200.0, 480.0], [0.0, 480.0], [0.0, 280.0]], [[463.2191874074558, 0.0], [663.2191874074558, 0.0], [663.2191874074558, 200.0], [463.2191874074558, 200.0], [463.2191874074558, 0.0]], [[460.0, 0.0], [460.0, 280.0], [280.0, 280.0], [280.0, 0.0], [460.0, 0.0]], [[486.3770821442979, 656.8421052631579], [486.3770821442979, 376.8421052631579], [626.3770821442979, 516.8421052631579], [486.3770821442979, 656.8421052631579]], [[0.0, 760.0], [0.0, 580.0], [280.0, 760.0], [0.0, 760.0]], [[0.0, 0.0], [280.0, 0.0], [280.0, 280.0], [0.0, 280.0], [0.0, 0.0]], [[200.0, 660.0], [0.0, 580.0], [0.0, 480.0], [200.0, 480.0], [200.0, 660.0]], [[200.0, 279.9999999999999], [300.0, 279.9999999999999], [300.0, 459.9999999999999], [200.0, 459.9999999999999], [200.0, 279.9999999999999]], [[663.2191874074558, 480.0], [663.2191874074558, 760.0], [383.2191874074558, 760.0], [663.2191874074558, 480.0]], [[283.21918740745593, 459.9999999999999], [483.21918740745593, 459.9999999999999], [483.21918740745593, 659.9999999999999], [283.21918740745593, 739.9999999999999], [283.21918740745593, 459.9999999999999]], [[300.0, 440.0], [380.0, 280.0], [460.0, 440.0], [300.0, 440.0]], [[663.2191874074558, 200.0], [663.2191874074558, 480.0], [423.2191874074558, 340.0], [663.2191874074558, 200.0]]]"
Mon Jul 20 20:08:30 2020,2,1,True,669.8513792815304,0.8509350247384292,"[0, 0, 1, 3, 3, 0, 1, 1, 1, 2, 1, 1]","[[[0.0, 560.0], [200.0, 560.0], [200.0, 760.0], [0.0, 760.0], [0.0, 560.0]], [[200.0, 280.0], [400.0, 280.0], [400.0, 480.0], [200.0, 480.0], [200.0, 280.0]], [[460.0, 0.0], [460.0, 280.0], [280.0, 280.0], [280.0, 0.0], [460.0, 0.0]], [[481.9811244560994, 650.2443052484568], [481.9811244560994, 370.24430524845684], [621.9811244560995, 510.24430524845684], [481.9811244560994, 650.2443052484568]], [[481.98112445609945, 650.2443052484568], [301.98112445609945, 650.2443052484568], [481.98112445609945, 370.24430524845684], [481.98112445609945, 650.2443052484568]], [[0.0, 0.0], [280.0, 0.0], [280.0, 280.0], [0.0, 280.0], [0.0, 0.0]], [[640.0, 0.0], [560.0, 200.0], [460.0, 200.0], [460.0, 0.0], [640.0, 0.0]], [[380.0, 655.1971163887057], [380.0, 755.1971163887057], [200.0, 755.1971163887057], [200.0, 655.1971163887057], [380.0, 655.1971163887057]], [[655.1971163887057, 480.0], [655.1971163887057, 760.0], [375.1971163887057, 760.0], [655.1971163887057, 480.0]], [[200.0, 560.0], [0.0, 560.0], [0.0, 360.0], [200.0, 280.0], [200.0, 560.0]], [[199.99645889845965, 479.9982294492298], [359.99645889845965, 559.9982294492298], [199.99645889845965, 639.9982294492298], [199.99645889845965, 479.9982294492298]], [[640.0, 182.4219826490655], [640.0, 462.4219826490655], [400.0, 322.4219826490655], [640.0, 182.4219826490655]]]"
Mon Jul 20 20:08:30 2020,2,0,True,643.0573241102692,0.8863906507691971,"[0, 0, 1, 3, 3, 0, 1, 1, 1, 2, 2, 1]","[[[0.0, 560.0], [200.0, 560.0], [200.0, 760.0], [0.0, 760.0], [0.0, 560.0]], [[200.0, 280.0], [400.0, 280.0], [400.0, 480.0], [200.0, 480.0], [200.0, 280.0]], [[460.0, 0.0], [460.0, 280.0], [280.0, 280.0], [280.0, 0.0], [460.0, 0.0]], [[476.1907419754971, 646.8665821347722], [476.1907419754971, 366.8665821347722], [616.1907419754971, 506.8665821347722], [476.1907419754971, 646.8665821347722]], [[476.3701355439245, 646.6871885663447], [296.3701355439245, 646.6871885663447], [476.3701355439245, 366.68718856634473], [476.3701355439245, 646.6871885663447]], [[0.0, 0.0], [280.0, 0.0], [280.0, 280.0], [0.0, 280.0], [0.0, 0.0]], [[640.0, 0.0], [560.0, 200.0], [460.0, 200.0], [460.0, 0.0], [640.0, 0.0]], [[376.37013554392456, 646.6871885663447], [376.37013554392456, 746.6871885663447], [196.37013554392456, 746.6871885663447], [196.37013554392456, 646.6871885663447], [376.37013554392456, 646.6871885663447]], [[643.0573241102692, 480.0], [643.0573241102692, 760.0], [363.0573241102692, 760.0], [643.0573241102692, 480.0]], [[200.0, 560.0], [0.0, 560.0], [0.0, 360.0], [200.0, 280.0], [200.0, 560.0]], [[360.0, 480.0], [280.0, 640.0], [200.0, 480.0], [360.0, 480.0]], [[640.0, 182.4219826490655], [640.0, 462.4219826490655], [400.0, 322.4219826490655], [640.0, 182.4219826490655]]]"
Mon Jul 20 20:10:32 2020,2,5,True,649.4878973513719,0.8776145057120763,"[0, 0, 1, 0, 2, 0, 1, 1, 2, 2, 3, 3]","[[[36.57033712051964, 316.57033712051964], [236.57033712051964, 316.57033712051964], [236.57033712051964, 516.5703371205196], [36.57033712051964, 516.5703371205196], [36.57033712051964, 316.57033712051964]], [[0.0, 109.42747997766247], [200.0, 109.42747997766247], [200.0, 309.4274799776625], [0.0, 309.4274799776625], [0.0, 109.42747997766247]], [[617.3350311458584, 200.0], [617.3350311458584, 480.0], [437.33503114585835, 480.0], [437.33503114585835, 200.0], [617.3350311458584, 200.0]], [[36.57033712051964, 516.5703371205196], [316.57033712051964, 516.5703371205196], [176.57033712051964, 656.5703371205196], [36.57033712051964, 516.5703371205196]], [[468.34413840468414, 0.0], [468.34413840468414, 180.0], [188.34413840468414, 0.0], [468.34413840468414, 0.0]], [[337.33503114585835, 480.0], [617.3350311458584, 480.0], [617.3350311458584, 760.0], [337.33503114585835, 760.0], [337.33503114585835, 480.0]], [[648.3441384046841, 0.0], [568.3441384046841, 200.0], [468.34413840468414, 200.0], [468.34413840468414, 0.0], [648.3441384046841, 0.0]], [[180.0, 9.427479977662472], [180.0, 109.42747997766247], [0.0, 109.42747997766247], [0.0, 9.427479977662472], [180.0, 9.427479977662472]], [[280.0, 760.0], [0.0, 760.0], [0.0, 480.0], [280.0, 760.0]], [[436.57033712051964, 480.0], [236.57033712051964, 480.0], [236.57033712051964, 280.0], [436.57033712051964, 200.0], [436.57033712051964, 480.0]], [[336.57033712051964, 736.5703371205196], [176.57033712051964, 656.5703371205196], [336.57033712051964, 576.5703371205196], [336.57033712051964, 736.5703371205196]], [[200.0, 301.77876816841734], [200.0, 21.778768168417344], [440.0, 161.77876816841734], [200.0, 301.77876816841734]]]"
Mon Jul 20 20:10:37 2020,2,1,True,655.9827763248857,0.8689252531802735,"[0, 0, 1, 0, 2, 0, 3, 1, 2, 2, 3, 3]","[[[36.57033712051964, 316.57033712051964], [236.57033712051964, 316.57033712051964], [236.57033712051964, 516.5703371205196], [36.57033712051964, 516.5703371205196], [36.57033712051964, 316.57033712051964]], [[0.0, 109.42747997766247], [200.0, 109.42747997766247], [200.0, 309.4274799776625], [0.0, 309.4274799776625], [0.0, 109.42747997766247]], [[642.6920064923195, 200.0], [642.6920064923195, 480.0], [462.6920064923195, 480.0], [462.6920064923195, 200.0], [642.6920064923195, 200.0]], [[36.57033712051964, 516.5703371205196], [316.57033712051964, 516.5703371205196], [176.57033712051964, 656.5703371205196], [36.57033712051964, 516.5703371205196]], [[445.33503114585835, 0.0], [445.33503114585835, 180.0], [165.33503114585835, 0.0], [445.33503114585835, 0.0]], [[337.33503114585835, 480.0], [617.3350311458584, 480.0], [617.3350311458584, 760.0], [337.33503114585835, 760.0], [337.33503114585835, 480.0]], [[443.508381457317, 200.0], [523.508381457317, 0.0], [623.508381457317, 0.0], [623.508381457317, 200.0], [443.508381457317, 200.0]], [[180.0, 9.427479977662472], [180.0, 109.42747997766247], [0.0, 109.42747997766247], [0.0, 9.427479977662472], [180.0, 9.427479977662472]], [[280.0, 760.0], [0.0, 760.0], [0.0, 480.0], [280.0, 760.0]], [[462.6920064923194, 480.0], [262.6920064923194, 480.0], [262.6920064923194, 280.0], [462.6920064923194, 200.0], [462.6920064923194, 480.0]], [[336.57033712051964, 736.5703371205196], [176.57033712051964, 656.5703371205196], [336.57033712051964, 576.5703371205196], [336.57033712051964, 736.5703371205196]], [[200.0, 316.57033712051964], [200.0, 36.57033712051964], [440.0, 176.57033712051964], [200.0, 316.57033712051964]]]"
Mon Jul 20 20:10:37 2020,2,0,True,629.7434652718902,0.9051304720627851,"[0, 0, 1, 0, 2, 0, 3, 1, 2, 2, 3, 3]","[[[36.57033712051964, 316.57033712051964], [236.57033712051964, 316.57033712051964], [236.57033712051964, 516.5703371205196], [36.57033712051964, 516.5703371205196], [36.57033712051964, 316.57033712051964]], [[0.0, 109.42747997766247], [200.0, 109.42747997766247], [200.0, 309.4274799776625], [0.0, 309.4274799776625], [0.0, 109.42747997766247]], [[629.7434652718902, 200.0], [629.7434652718902, 480.0], [449.74346527189016, 480.0], [449.74346527189016, 200.0], [629.7434652718902, 200.0]], [[36.57033712051964, 516.5703371205196], [316.57033712051964, 516.5703371205196], [176.57033712051964, 656.5703371205196], [36.57033712051964, 516.5703371205196]], [[457.084633364396, 0.0], [457.084633364396, 180.0], [177.08463336439598, 0.0], [457.084633364396, 0.0]], [[337.33503114585835, 480.0], [617.3350311458584, 480.0], [617.3350311458584, 760.0], [337.33503114585835, 760.0], [337.33503114585835, 480.0]], [[449.084633364396, 200.0], [529.084633364396, 0.0], [629.084633364396, 0.0], [629.084633364396, 200.0], [449.084633364396, 200.0]], [[180.0, 9.427479977662472], [180.0, 109.42747997766247], [0.0, 109.42747997766247], [0.0, 9.427479977662472], [180.0, 9.427479977662472]], [[280.0, 760.0], [0.0, 760.0], [0.0, 480.0], [280.0, 760.0]], [[449.74346527189016, 480.0], [249.74346527189016, 480.0], [249.74346527189016, 280.0], [449.74346527189016, 200.0], [449.74346527189016, 480.0]], [[336.57033712051964, 736.5703371205196], [176.57033712051964, 656.5703371205196], [336.57033712051964, 576.5703371205196], [336.57033712051964, 736.5703371205196]], [[200.0, 309.0170214086026], [200.0, 29.017021408602602], [440.0, 169.0170214086026], [200.0, 309.0170214086026]]]"
Mon Jul 20 20:12:39 2020,2,5,False,636.0408999246091,0.8961687842205792,"[0, 0, 0, 1, 3, 0, 2, 1, 3, 0, 0, 0]","[[[436.0408999246091, 280.0], [636.0408999246091, 280.0], [636.0408999246091, 480.0], [436.0408999246091, 480.0], [436.0408999246091, 280.0]], [[236.0408999246091, 280.0], [436.0408999246091, 280.0], [436.0408999246091, 480.0], [236.0408999246091, 480.0], [236.0408999246091, 280.0]], [[240.0, 480.0], [520.0, 480.0], [520.0, 660.0], [240.0, 660.0], [240.0, 480.0]], [[356.0408999246091, 0.0], [356.0408999246091, 280.0], [216.0408999246091, 140.0], [356.0408999246091, 0.0]], [[635.7142857142856, 760.0], [455.71428571428555, 760.0], [635.7142857142856, 480.0], [635.7142857142856, 760.0]], [[356.0408999246091, 0.0], [636.0408999246091, 0.0], [636.0408999246091, 280.0], [356.0408999246091, 280.0], [356.0408999246091, 0.0]], [[240.0, 740.0], [40.0, 660.0], [40.0, 560.0], [240.0, 560.0], [240.0, 740.0]], [[460.0, 660.0], [460.0, 760.0], [280.0, 760.0], [280.0, 660.0], [460.0, 660.0]], [[0.0, 516.0408999246091], [0.0, 236.0408999246091], [280.0, 236.0408999246091], [0.0, 516.0408999246091]], [[356.0408999246091, 0.0], [556.0408999246091, 0.0], [556.0408999246091, 200.0], [356.0408999246091, 280.0], [356.0408999246091, 0.0]], [[36.04089992460911, 560.0], [116.0408999246091, 400.0], [196.0408999246091, 560.0], [36.04089992460911, 560.0]], [[0.0, 0.0], [280.0, 0.0], [140.0, 240.0], [0.0, 0.0]]]"




Wed Jul 22 19:35:40 2020,2,开始运行[全局邻域-检验重叠] 初始利用率,0.7746751124110888
Wed Jul 22 19:35:41 2020,2,0,True,706.3606294216704,0.8069532420948842,"[0, 0, 1, 2, 1, 0, 0, 0, 1, 2, 0, 0]","[[[0.0, 0.0], [200.0, 0.0], [200.0, 200.0], [0.0, 200.0]], [[0.0, 200.0], [200.0, 200.0], [200.0, 400.0], [0.0, 400.0]], [[446.3606294216704, 460.0], [446.3606294216704, 740.0], [266.3606294216704, 740.0], [266.3606294216704, 460.0], [446.3606294216704, 460.0]], [[280.0, 753.6393705783296], [0.0, 753.6393705783296], [140.0, 613.6393705783296], [280.0, 753.6393705783296]], [[442.3606294216704, 464.0], [622.3606294216704, 464.0], [442.3606294216704, 744.0], [442.3606294216704, 464.0]], [[210.0, 180.0], [490.0, 180.0], [490.0, 460.0], [210.0, 460.0], [210.0, 180.0]], [[200.0, 0.0], [400.0, 80.0], [400.0, 180.0], [200.0, 180.0], [200.0, 0.0]], [[0.0, 400.0], [100.0, 400.0], [100.0, 580.0], [0.0, 580.0], [0.0, 400.0]], [[706.3606294216704, 480.0], [706.3606294216704, 760.0], [426.3606294216704, 760.0], [706.3606294216704, 480.0]], [[706.3606294216704, 463.99999999999994], [506.3606294216704, 463.99999999999994], [506.3606294216704, 263.99999999999994], [706.3606294216704, 183.99999999999994], [706.3606294216704, 463.99999999999994]], [[100.0, 560.0], [180.0, 400.0], [260.0, 560.0], [100.0, 560.0]], [[426.3606294216704, 0.0], [706.3606294216704, 0.0], [566.3606294216704, 240.0]]]"
Wed Jul 22 19:35:52 2020,2,1,True,713.4242357158871,0.7989636060345389,"[0, 0, 1, 3, 0, 0, 2, 0, 1, 0, 0, 0]","[[[0.0, 0.0], [200.0, 0.0], [200.0, 200.0], [0.0, 200.0]], [[480.0, 271.272738772765], [680.0, 271.272738772765], [680.0, 471.272738772765], [480.0, 471.272738772765], [480.0, 271.272738772765]], [[414.1062042448036, 440.0], [414.1062042448036, 720.0], [234.10620424480362, 720.0], [234.10620424480362, 440.0], [414.1062042448036, 440.0]], [[414.1062042448036, 720.0], [414.1062042448036, 440.0], [554.1062042448036, 580.0], [414.1062042448036, 720.0]], [[0.0, 759.9999999999999], [0.0, 579.9999999999999], [280.0, 759.9999999999999], [0.0, 759.9999999999999]], [[200.0, 160.0], [480.0, 160.0], [480.0, 440.0], [200.0, 440.0], [200.0, 160.0]], [[200.0, 659.9999999999999], [0.0, 579.9999999999999], [0.0, 479.9999999999999], [200.0, 479.9999999999999], [200.0, 659.9999999999999]], [[613.4242357158871, 91.27273877276502], [713.4242357158871, 91.27273877276502], [713.4242357158871, 271.272738772765], [613.4242357158871, 271.272738772765], [613.4242357158871, 91.27273877276502]], [[685.8937957551964, 480.0], [685.8937957551964, 760.0], [405.8937957551964, 760.0], [685.8937957551964, 480.0]], [[0.0, 200.0], [200.0, 200.0], [200.0, 400.0], [0.0, 480.0], [0.0, 200.0]], [[200.0, 160.0], [280.0, 0.0], [360.0, 160.0], [200.0, 160.0]], [[386.66666666666663, 0.0], [666.6666666666666, 0.0], [526.6666666666666, 240.0], [386.66666666666663, 0.0]]]"
Wed Jul 22 19:36:01 2020,2,0,True,684.8872662872516,0.832253756285978,"[0, 0, 1, 3, 0, 0, 0, 0, 1, 2, 3, 0]","[[[284.8872662872516, 464.80272677205915], [484.8872662872516, 464.80272677205915], [484.8872662872516, 664.8027267720591], [284.8872662872516, 664.8027267720591], [284.8872662872516, 464.80272677205915]], [[484.8872662872516, 280.0], [684.8872662872516, 280.0], [684.8872662872516, 480.0], [484.8872662872516, 480.0], [484.8872662872516, 280.0]], [[684.8872662872516, 0.0], [684.8872662872516, 280.0], [504.8872662872516, 280.0], [504.8872662872516, 0.0], [684.8872662872516, 0.0]], [[0.0, 332.3401303707981], [0.0, 52.34013037079808], [140.0, 192.34013037079808], [0.0, 332.3401303707981]], [[100.0, 733.8975403282249], [100.0, 553.8975403282249], [380.0, 733.8975403282249], [100.0, 733.8975403282249]], [[200.0, 184.80272677205915], [480.0, 184.80272677205915], [480.0, 464.80272677205915], [200.0, 464.80272677205915], [200.0, 184.80272677205915]], [[304.8872662872516, 4.995984565342155], [504.8872662872516, 84.99598456534216], [504.8872662872516, 184.99598456534216], [304.8872662872516, 184.99598456534216], [304.8872662872516, 4.995984565342155]], [[0.0, 532.3401303707981], [100.0, 532.3401303707981], [100.0, 712.3401303707981], [0.0, 712.3401303707981], [0.0, 532.3401303707981]], [[684.8872662872516, 480.0], [684.8872662872516, 760.0], [404.8872662872516, 760.0], [684.8872662872516, 480.0]], [[200.0, 532.3401303707981], [0.0, 532.3401303707981], [0.0, 332.3401303707981], [200.0, 252.34013037079808], [200.0, 532.3401303707981]], [[284.8872662872516, 649.8964972271723], [124.88726628725158, 569.8964972271723], [284.8872662872516, 489.8964972271723], [284.8872662872516, 649.8964972271723]], [[27.801590617034464, 0.0], [307.80159061703444, 0.0], [167.80159061703446, 240.0], [27.801590617034464, 0.0]]]"
Wed Jul 22 19:36:13 2020,2,0,True,657.4917756357615,0.866930996131227,"[0, 0, 1, 1, 2, 0, 2, 0, 2, 2, 1, 3]","[[[457.49177563576154, 0.0], [657.4917756357615, 0.0], [657.4917756357615, 200.0], [457.49177563576154, 200.0], [457.49177563576154, 0.0]], [[456.685560661542, 200.0], [656.685560661542, 200.0], [656.685560661542, 400.0], [456.685560661542, 400.0], [456.685560661542, 200.0]], [[377.49177563576154, 471.2191372331481], [377.49177563576154, 751.2191372331481], [197.49177563576154, 751.2191372331481], [197.49177563576154, 471.2191372331481], [377.49177563576154, 471.2191372331481]], [[176.685560661542, 203.62384301879536], [176.685560661542, 483.62384301879536], [36.68556066154201, 343.62384301879536], [176.685560661542, 203.62384301879536]], [[280.0, 0.0], [280.0, 180.0], [0.0, 0.0], [280.0, 0.0]], [[176.685560661542, 191.21913723314805], [456.685560661542, 191.21913723314805], [456.685560661542, 471.21913723314805], [176.685560661542, 471.21913723314805], [176.685560661542, 191.21913723314805]], [[656.685560661542, 580.0], [456.685560661542, 500.0], [456.685560661542, 400.0], [656.685560661542, 400.0], [656.685560661542, 580.0]], [[280.0, 0.0], [380.0, 0.0], [380.0, 180.0], [280.0, 180.0], [280.0, 0.0]], [[657.4917756357615, 760.0], [377.49177563576154, 760.0], [377.49177563576154, 480.0], [657.4917756357615, 760.0]], [[200.0, 760.0], [0.0, 760.0], [0.0, 560.0], [200.0, 480.0], [200.0, 760.0]], [[0.0, 386.93828235725334], [160.0, 466.93828235725334], [0.0, 546.9382823572533], [0.0, 386.93828235725334]], [[0.0, 294.2857142857143], [0.0, 14.285714285714278], [240.0, 154.28571428571428], [0.0, 294.2857142857143]]]"
Wed Jul 22 19:37:39 2020,2,5,True,664.0666933921192,0.858347520922007,"[0, 0, 1, 2, 3, 0, 1, 1, 3, 0, 3, 3]","[[[0.0, 0.0], [200.0, 0.0], [200.0, 200.0], [0.0, 200.0], [0.0, 0.0]], [[464.0666933921192, 380.9333066078807], [664.0666933921192, 380.9333066078807], [664.0666933921192, 580.9333066078807], [464.0666933921192, 580.9333066078807], [464.0666933921192, 380.9333066078807]], [[180.0, 200.0], [180.0, 480.0], [0.0, 480.0], [0.0, 200.0], [180.0, 200.0]], [[657.0952190056291, 760.0], [377.09521900562913, 760.0], [517.0952190056291, 620.0], [657.0952190056291, 760.0]], [[280.0, 760.0], [100.0, 760.0], [280.0, 480.0], [280.0, 760.0]], [[380.0, 100.0], [660.0, 100.0], [660.0, 380.0], [380.0, 380.0], [380.0, 100.0]], [[380.0, 0.0], [300.0, 200.0], [200.0, 200.0], [200.0, 0.0], [380.0, 0.0]], [[644.0666933921192, 0.0], [644.0666933921192, 100.0], [464.0666933921192, 100.0], [464.0666933921192, 0.0], [644.0666933921192, 0.0]], [[0.0, 760.0], [0.0, 480.0], [280.0, 480.0], [0.0, 760.0]], [[180.0, 199.99999999999994], [380.0, 199.99999999999994], [380.0, 399.99999999999994], [180.0, 479.99999999999994], [180.0, 199.99999999999994]], [[464.0666933921192, 567.5999732745474], [304.0666933921192, 487.59997327454744], [464.0666933921192, 407.59997327454744], [464.0666933921192, 567.5999732745474]], [[284.0666933921192, 755.9333066078807], [284.0666933921192, 475.9333066078807], [524.0666933921192, 615.9333066078807], [284.0666933921192, 755.9333066078807]]]"
Wed Jul 22 19:37:58 2020,2,1,True,670.7073603260404,0.8498490306158484,"[0, 0, 0, 2, 1, 0, 1, 0, 3, 0, 1, 1]","[[[0.0, 0.0], [200.0, 0.0], [200.0, 200.0], [0.0, 200.0], [0.0, 0.0]], [[470.70736032604043, 359.75613459195074], [670.7073603260404, 359.75613459195074], [670.7073603260404, 559.7561345919507], [470.70736032604043, 559.7561345919507], [470.70736032604043, 359.75613459195074]], [[390.70736032604043, 580.0], [670.7073603260404, 580.0], [670.7073603260404, 760.0], [390.70736032604043, 760.0], [390.70736032604043, 580.0]], [[484.94486452369256, 275.05513547630744], [204.94486452369256, 275.05513547630744], [344.94486452369256, 135.05513547630744], [484.94486452369256, 275.05513547630744]], [[280.0, 475.05513547630744], [460.0, 475.05513547630744], [280.0, 755.0551354763074], [280.0, 475.05513547630744]], [[0.0, 480.0], [280.0, 480.0], [280.0, 760.0], [0.0, 760.0], [0.0, 480.0]], [[480.0, 275.05513547630744], [400.0, 475.05513547630744], [300.0, 475.05513547630744], [300.0, 275.05513547630744], [480.0, 275.05513547630744]], [[200.0, 280.0], [300.0, 280.0], [300.0, 460.0], [200.0, 460.0], [200.0, 280.0]], [[200.0, 280.0], [200.0, 0.0], [480.0, 0.0], [200.0, 280.0]], [[0.0, 200.0], [200.0, 200.0], [200.0, 400.0], [0.0, 480.0], [0.0, 200.0]], [[480.0, 0.0], [640.0, 80.0], [480.0, 160.0], [480.0, 0.0]], [[658.8777236088748, 68.9879945614897], [658.8777236088748, 348.9879945614897], [418.8777236088748, 208.9879945614897], [658.8777236088748, 68.9879945614897]]]"
Wed Jul 22 19:38:11 2020,2,1,True,677.4144339293008,0.8414346837780677,"[0, 0, 1, 1, 3, 0, 2, 0, 3, 0, 1, 1]","[[[180.0, 280.0], [380.0, 280.0], [380.0, 480.0], [180.0, 480.0], [180.0, 280.0]], [[460.0, 560.0], [660.0, 560.0], [660.0, 760.0], [460.0, 760.0], [460.0, 560.0]], [[460.0, 480.0], [460.0, 760.0], [280.0, 760.0], [280.0, 480.0], [460.0, 480.0]], [[467.95968863766626, 12.040311362333682], [467.95968863766626, 292.0403113623337], [327.95968863766626, 152.04031136233368], [467.95968863766626, 12.040311362333682]], [[180.0, 480.0], [0.0, 480.0], [180.0, 200.0], [180.0, 480.0]], [[0.0, 480.0], [280.0, 480.0], [280.0, 760.0], [0.0, 760.0], [0.0, 480.0]], [[200.0, 184.44444444444446], [0.0, 104.44444444444446], [0.0, 4.444444444444457], [200.0, 4.444444444444457], [200.0, 184.44444444444446]], [[0.0, 144.44444444444446], [100.0, 144.44444444444446], [100.0, 324.44444444444446], [0.0, 324.44444444444446], [0.0, 144.44444444444446]], [[200.0, 280.0], [200.0, 0.0], [480.0, 0.0], [200.0, 280.0]], [[467.95968863766626, 12.040311362333739], [667.9596886376662, 12.040311362333739], [667.9596886376662, 212.04031136233374], [467.95968863766626, 292.04031136233374], [467.95968863766626, 12.040311362333739]], [[391.5713736053064, 253.8461538461538], [551.5713736053065, 333.8461538461538], [391.5713736053064, 413.8461538461538], [391.5713736053064, 253.8461538461538]], [[643.8790659129987, 280.0], [643.8790659129987, 560.0], [403.8790659129987, 420.0], [643.8790659129987, 280.0]]]"
Wed Jul 22 19:38:21 2020,2,1,True,684.1885782685938,0.8331036473050176,"[0, 0, 1, 2, 0, 0, 2, 0, 0, 0, 1, 1]","[[[0.0, 560.0], [200.0, 560.0], [200.0, 760.0], [0.0, 760.0], [0.0, 560.0]], [[468.05201718006174, 460.0], [668.0520171800617, 460.0], [668.0520171800617, 660.0], [468.05201718006174, 660.0], [468.05201718006174, 460.0]], [[684.1885782685938, 0.0], [684.1885782685938, 280.0], [504.1885782685938, 280.0], [504.1885782685938, 0.0], [684.1885782685938, 0.0]], [[416.31730181559294, 248.12714262885152], [136.31730181559294, 248.12714262885152], [276.31730181559294, 108.12714262885152], [416.31730181559294, 248.12714262885152]], [[200.0, 760.0], [200.0, 580.0], [480.0, 760.0], [200.0, 760.0]], [[0.0, 280.0], [280.0, 280.0], [280.0, 560.0], [0.0, 560.0], [0.0, 280.0]], [[200.0, 184.44444444444446], [0.0, 104.44444444444446], [0.0, 4.444444444444457], [200.0, 4.444444444444457], [200.0, 184.44444444444446]], [[480.0, 280.0], [580.0, 280.0], [580.0, 460.0], [480.0, 460.0], [480.0, 280.0]], [[224.1885782685938, 0.0], [504.1885782685938, 0.0], [504.1885782685938, 280.0], [224.1885782685938, 0.0]], [[279.57813224329897, 255.3895539747051], [479.57813224329897, 255.3895539747051], [479.57813224329897, 455.3895539747051], [279.57813224329897, 535.3895539747051], [279.57813224329897, 255.3895539747051]], [[0.0, 104.44444444444446], [160.0, 184.44444444444446], [0.0, 264.44444444444446], [0.0, 104.44444444444446]], [[468.05201718006174, 458.033439615754], [468.05201718006174, 738.033439615754], [228.05201718006174, 598.033439615754], [468.05201718006174, 458.033439615754]]]"
Wed Jul 22 19:38:28 2020,2,0,True,656.82103513785,0.8678162992760601,"[0, 0, 1, 1, 0, 0, 2, 1, 3, 0, 2, 2]","[[[0.0, 560.0], [200.0, 560.0], [200.0, 760.0], [0.0, 760.0], [0.0, 560.0]], [[456.82103513785, 545.0992368743322], [656.82103513785, 545.0992368743322], [656.82103513785, 745.0992368743322], [456.82103513785, 745.0992368743322], [456.82103513785, 545.0992368743322]], [[656.82103513785, 265.0992368743322], [656.82103513785, 545.0992368743322], [476.82103513785, 545.0992368743322], [476.82103513785, 265.0992368743322], [656.82103513785, 265.0992368743322]], [[443.12240500086364, 456.29297464341244], [443.12240500086364, 736.2929746434124], [303.12240500086364, 596.2929746434124], [443.12240500086364, 456.29297464341244]], [[200.0, 760.0], [200.0, 580.0], [480.0, 760.0], [200.0, 760.0]], [[0.0, 280.0], [280.0, 280.0], [280.0, 560.0], [0.0, 560.0], [0.0, 280.0]], [[200.0, 184.44444444444446], [0.0, 104.44444444444446], [0.0, 4.444444444444457], [200.0, 4.444444444444457], [200.0, 184.44444444444446]], [[180.0, 176.44444444444446], [180.0, 276.44444444444446], [0.0, 276.44444444444446], [0.0, 176.44444444444446], [180.0, 176.44444444444446]], [[200.0, 280.0], [200.0, 0.0], [480.0, 0.0], [200.0, 280.0]], [[280.0, 241.54193664375782], [480.0, 241.54193664375782], [480.0, 441.5419366437578], [280.0, 521.5419366437578], [280.0, 241.54193664375782]], [[650.8919336473834, 0.0], [570.8919336473834, 160.0], [490.89193364738344, 0.0], [650.8919336473834, 0.0]], [[618.4580633562422, 241.54193664375782], [338.4580633562422, 241.54193664375782], [478.4580633562422, 1.541936643757822], [618.4580633562422, 241.54193664375782]]]"
Wed Jul 22 19:38:47 2020,2,1,True,663.3892454892285,0.8592240586891684,"[0, 0, 1, 1, 3, 0, 3, 0, 3, 3, 2, 3]","[[[460.0, 0.0], [660.0, 0.0], [660.0, 200.0], [460.0, 200.0], [460.0, 0.0]], [[460.0, 200.0], [660.0, 200.0], [660.0, 400.0], [460.0, 400.0], [460.0, 200.0]], [[180.0, 200.0], [180.0, 480.0], [0.0, 480.0], [0.0, 200.0], [180.0, 200.0]], [[280.0, 380.0], [280.0, 660.0], [140.0, 520.0], [280.0, 380.0]], [[460.0, 480.0], [280.0, 480.0], [460.0, 200.0], [460.0, 480.0]], [[383.38924548922853, 480.0], [663.3892454892285, 480.0], [663.3892454892285, 760.0], [383.38924548922853, 760.0], [383.38924548922853, 480.0]], [[280.0, 200.0], [360.0, 0.0], [460.0, 0.0], [460.0, 200.0], [280.0, 200.0]], [[280.0, 480.0], [380.0, 480.0], [380.0, 660.0], [280.0, 660.0], [280.0, 480.0]], [[180.0, 480.0], [180.0, 200.0], [460.0, 200.0], [180.0, 480.0]], [[0.0, 200.0], [0.0, 0.0], [200.0, 0.0], [280.0, 200.0], [0.0, 200.0]], [[360.0, 0.0], [280.0, 160.0], [200.0, 0.0], [360.0, 0.0]], [[0.0, 760.0], [0.0, 480.0], [240.0, 620.0], [0.0, 760.0]]]"
Wed Jul 22 19:39:24 2020,2,1,True,670.0231379441208,0.8507168897912558,"[0, 0, 1, 0, 2, 0, 1, 1, 3, 2, 3, 3]","[[[470.0231379441208, 349.9768620558792], [670.0231379441208, 349.9768620558792], [670.0231379441208, 549.9768620558792], [470.0231379441208, 549.9768620558792], [470.0231379441208, 349.9768620558792]], [[280.0, 135.81737698414247], [480.0, 135.81737698414247], [480.0, 335.81737698414247], [280.0, 335.81737698414247], [280.0, 135.81737698414247]], [[670.0231379441208, 69.97686205587922], [670.0231379441208, 349.9768620558792], [490.0231379441208, 349.9768620558792], [490.0231379441208, 69.97686205587922], [670.0231379441208, 69.97686205587922]], [[280.0, 0.0], [560.0, 0.0], [420.0, 140.0], [280.0, 0.0]], [[670.0231379441208, 549.9768620558792], [670.0231379441208, 729.9768620558792], [390.0231379441208, 549.9768620558792], [670.0231379441208, 549.9768620558792]], [[0.0, 0.0], [280.0, 0.0], [280.0, 280.0], [0.0, 280.0], [0.0, 0.0]], [[475.6869319728155, 335.81737698414247], [395.6869319728155, 535.8173769841425], [295.6869319728155, 535.8173769841425], [295.6869319728155, 335.81737698414247], [475.6869319728155, 335.81737698414247]], [[559.642857142857, 660.0], [559.642857142857, 760.0], [379.642857142857, 760.0], [379.642857142857, 660.0], [559.642857142857, 660.0]], [[0.0, 560.0], [0.0, 280.0], [280.0, 280.0], [0.0, 560.0]], [[200.0, 760.0], [0.0, 760.0], [0.0, 560.0], [200.0, 480.0], [200.0, 760.0]], [[280.0, 520.0], [120.0, 440.0], [280.0, 360.0], [280.0, 520.0]], [[200.0, 760.0], [200.0, 480.0], [440.0, 620.0], [200.0, 760.0]]]"
Wed Jul 22 19:39:49 2020,2,1,True,676.723369323562,0.8422939502883722,"[0, 0, 1, 1, 1, 0, 1, 1, 1, 0, 1, 2]","[[[460.0, 100.0], [660.0, 100.0], [660.0, 300.0], [460.0, 300.0], [460.0, 100.0]], [[220.0, 280.0], [420.0, 280.0], [420.0, 480.0], [220.0, 480.0], [220.0, 280.0]], [[460.0, 0.0], [460.0, 280.0], [280.0, 280.0], [280.0, 0.0], [460.0, 0.0]], [[211.5527950310559, 308.6956521739131], [211.5527950310559, 588.6956521739131], [71.5527950310559, 448.6956521739131], [211.5527950310559, 308.6956521739131]], [[0.0, 280.0], [180.0, 280.0], [0.0, 560.0], [0.0, 280.0]], [[0.0, 0.0], [280.0, 0.0], [280.0, 280.0], [0.0, 280.0], [0.0, 0.0]], [[180.0, 560.0], [100.0, 760.0], [0.0, 760.0], [0.0, 560.0], [180.0, 560.0]], [[640.0, 0.0], [640.0, 100.0], [460.0, 100.0], [460.0, 0.0], [640.0, 0.0]], [[676.723369323562, 480.0], [676.723369323562, 760.0], [396.723369323562, 760.0], [676.723369323562, 480.0]], [[459.9999999999998, 300.0], [659.9999999999998, 300.0], [659.9999999999998, 500.0], [459.9999999999998, 580.0], [459.9999999999998, 300.0]], [[347.0003653635368, 523.5001826817685], [507.0003653635368, 603.5001826817685], [347.0003653635368, 683.5001826817685], [347.0003653635368, 523.5001826817685]], [[391.62525879917183, 760.0], [111.62525879917183, 760.0], [251.62525879917183, 520.0], [391.62525879917183, 760.0]]]"
Wed Jul 22 19:40:10 2020,2,1,True,683.4906030167976,0.833954406226111,"[0, 0, 1, 1, 1, 0, 3, 1, 2, 0, 3, 3]","[[[240.0, 280.0], [440.0, 280.0], [440.0, 480.0], [240.0, 480.0], [240.0, 280.0]], [[0.0, 560.0], [200.0, 560.0], [200.0, 760.0], [0.0, 760.0], [0.0, 560.0]], [[460.0, 0.0], [460.0, 280.0], [280.0, 280.0], [280.0, 0.0], [460.0, 0.0]], [[459.82721727530975, 460.17278272469025], [459.82721727530975, 740.1727827246903], [319.82721727530975, 600.1727827246903], [459.82721727530975, 460.17278272469025]], [[460.0, 0.0], [640.0, 0.0], [460.0, 280.0], [460.0, 0.0]], [[0.0, 0.0], [280.0, 0.0], [280.0, 280.0], [0.0, 280.0], [0.0, 0.0]], [[503.49060301679765, 287.9035064183147], [583.4906030167976, 87.90350641831469], [683.4906030167976, 87.90350641831469], [683.4906030167976, 287.9035064183147], [503.49060301679765, 287.9035064183147]], [[639.8272172753097, 635.0863913623451], [639.8272172753097, 735.0863913623451], [459.82721727530975, 735.0863913623451], [459.82721727530975, 635.0863913623451], [639.8272172753097, 635.0863913623451]], [[479.6544345506195, 760.0], [199.6544345506195, 760.0], [199.6544345506195, 480.0], [479.6544345506195, 760.0]], [[459.82721727530975, 287.9035064183147], [659.8272172753097, 287.9035064183147], [659.8272172753097, 487.9035064183147], [459.82721727530975, 567.9035064183147], [459.82721727530975, 287.9035064183147]], [[662.6443323312793, 646.4949488903299], [502.6443323312793, 566.4949488903299], [662.6443323312793, 486.49494889032985], [662.6443323312793, 646.4949488903299]], [[0.0, 560.0], [0.0, 280.0], [240.0, 420.0], [0.0, 560.0]]]"
Wed Jul 22 19:40:30 2020,2,1,True,690.3255090469656,0.8256974319070405,"[0, 0, 0, 0, 3, 0, 3, 1, 2, 0, 3, 3]","[[[280.0, 180.0], [480.0, 180.0], [480.0, 380.0], [280.0, 380.0], [280.0, 180.0]], [[290.32550904696564, 380.0], [490.32550904696564, 380.0], [490.32550904696564, 580.0], [290.32550904696564, 580.0], [290.32550904696564, 380.0]], [[280.0, 0.0], [560.0, 0.0], [560.0, 180.0], [280.0, 180.0], [280.0, 0.0]], [[300.0, 580.0], [580.0, 580.0], [440.0, 720.0], [300.0, 580.0]], [[190.32550904696564, 760.0], [10.325509046965635, 760.0], [190.32550904696564, 480.0], [190.32550904696564, 760.0]], [[0.0, 0.0], [280.0, 0.0], [280.0, 280.0], [0.0, 280.0], [0.0, 0.0]], [[510.32550904696564, 760.0], [590.3255090469656, 560.0], [690.3255090469656, 560.0], [690.3255090469656, 760.0], [510.32550904696564, 760.0]], [[660.0, 200.0], [660.0, 300.0], [480.0, 300.0], [480.0, 200.0], [660.0, 200.0]], [[470.32550904696564, 760.0], [190.32550904696564, 760.0], [190.32550904696564, 480.0], [470.32550904696564, 760.0]], [[490.32550904696564, 300.0], [690.3255090469656, 300.0], [690.3255090469656, 500.0], [490.32550904696564, 580.0], [490.32550904696564, 300.0]], [[243.9602052387487, 440.0], [83.9602052387487, 360.0], [243.9602052387487, 280.0], [243.9602052387487, 440.0]], [[0.0, 591.02321361073], [0.0, 311.02321361072995], [240.0, 451.02321361072995], [0.0, 591.02321361073]]]"
Wed Jul 22 19:40:48 2020,2,1,True,697.2287641374353,0.8175222098089511,"[0, 0, 0, 0, 1, 0, 3, 0, 1, 0, 0, 3]","[[[497.2287641374353, 280.0], [697.2287641374353, 280.0], [697.2287641374353, 480.0], [497.2287641374353, 480.0], [497.2287641374353, 280.0]], [[0.0, 280.0], [200.0, 280.0], [200.0, 480.0], [0.0, 480.0], [0.0, 280.0]], [[217.2287641374353, 280.0], [497.2287641374353, 280.0], [497.2287641374353, 460.0], [217.2287641374353, 460.0], [217.2287641374353, 280.0]], [[400.0, 0.0], [680.0, 0.0], [540.0, 140.0], [400.0, 0.0]], [[100.0, 0.0], [280.0, 0.0], [100.0, 280.0], [100.0, 0.0]], [[200.0, 460.0], [480.0, 460.0], [480.0, 740.0], [200.0, 740.0], [200.0, 460.0]], [[517.2287641374353, 760.0], [597.2287641374353, 560.0], [697.2287641374353, 560.0], [697.2287641374353, 760.0], [517.2287641374353, 760.0]], [[0.0, 0.0], [100.0, 0.0], [100.0, 180.0], [0.0, 180.0], [0.0, 0.0]], [[680.0, 0.0], [680.0, 280.0], [400.0, 280.0], [680.0, 0.0]], [[0.0, 480.0], [200.0, 480.0], [200.0, 680.0], [0.0, 760.0], [0.0, 480.0]], [[140.0, 280.0], [220.0, 120.0], [300.0, 280.0], [140.0, 280.0]], [[300.0, 280.0], [300.0, 0.0], [540.0, 140.0], [300.0, 280.0]]]"
Wed Jul 22 19:40:52 2020,2,1,True,704.2010517788096,0.8094279305039119,"[0, 0, 1, 0, 2, 0, 3, 0, 2, 0, 1, 1]","[[[469.3396135719379, 160.0], [669.3396135719379, 160.0], [669.3396135719379, 360.0], [469.3396135719379, 360.0], [469.3396135719379, 160.0]], [[480.0, 360.0], [680.0, 360.0], [680.0, 560.0], [480.0, 560.0], [480.0, 360.0]], [[469.3396135719379, 200.0], [469.3396135719379, 480.0], [289.3396135719379, 480.0], [289.3396135719379, 200.0], [469.3396135719379, 200.0]], [[389.3396135719379, 0.0], [669.3396135719379, 0.0], [529.3396135719379, 140.0], [389.3396135719379, 0.0]], [[389.3396135719379, 0.0], [389.3396135719379, 180.0], [109.33961357193789, 0.0], [389.3396135719379, 0.0]], [[200.0, 480.0], [480.0, 480.0], [480.0, 760.0], [200.0, 760.0], [200.0, 480.0]], [[489.3396135719379, 760.0], [569.3396135719379, 560.0], [669.3396135719379, 560.0], [669.3396135719379, 760.0], [489.3396135719379, 760.0]], [[0.0, 0.0], [100.0, 0.0], [100.0, 180.0], [0.0, 180.0], [0.0, 0.0]], [[280.0, 480.0], [0.0, 480.0], [0.0, 200.0], [280.0, 480.0]], [[0.0, 480.0], [200.0, 480.0], [200.0, 680.0], [0.0, 760.0], [0.0, 480.0]], [[100.0, 16.853105560897063], [260.0, 96.85310556089706], [100.0, 176.85310556089706], [100.0, 16.853105560897063]], [[289.3396135719379, 115.71428571428567], [289.3396135719379, 395.71428571428567], [49.33961357193789, 255.71428571428567], [289.3396135719379, 115.71428571428567]]]"
Wed Jul 22 19:40:55 2020,2,0,True,676.0330097076572,0.8431540942749082,"[0, 0, 1, 0, 2, 0, 3, 0, 2, 0, 1, 1]","[[[475.1405825262169, 140.0], [675.1405825262169, 140.0], [675.1405825262169, 340.0], [475.1405825262169, 340.0], [475.1405825262169, 140.0]], [[476.03300970765724, 360.0], [676.0330097076572, 360.0], [676.0330097076572, 560.0], [476.03300970765724, 560.0], [476.03300970765724, 360.0]], [[475.1405825262169, 180.0], [475.1405825262169, 460.0], [295.1405825262169, 460.0], [295.1405825262169, 180.0], [475.1405825262169, 180.0]], [[396.03300970765724, 0.0], [676.0330097076572, 0.0], [536.0330097076572, 140.0], [396.03300970765724, 0.0]], [[396.03300970765724, 0.0], [396.03300970765724, 180.0], [116.03300970765724, 0.0], [396.03300970765724, 0.0]], [[200.0, 480.0], [480.0, 480.0], [480.0, 760.0], [200.0, 760.0], [200.0, 480.0]], [[489.3396135719379, 760.0], [569.3396135719379, 560.0], [669.3396135719379, 560.0], [669.3396135719379, 760.0], [489.3396135719379, 760.0]], [[0.0, 0.0], [100.0, 0.0], [100.0, 180.0], [0.0, 180.0], [0.0, 0.0]], [[280.0, 480.0], [0.0, 480.0], [0.0, 200.0], [280.0, 480.0]], [[0.0, 480.0], [200.0, 480.0], [200.0, 680.0], [0.0, 760.0], [0.0, 480.0]], [[100.0, 16.853105560897063], [260.0, 96.85310556089706], [100.0, 176.85310556089706], [100.0, 16.853105560897063]], [[295.1405825262169, 115.14058252621692], [295.1405825262169, 395.1405825262169], [55.14058252621692, 255.14058252621692], [295.1405825262169, 115.14058252621692]]]"
Wed Jul 22 19:41:10 2020,2,1,True,682.7933398047338,0.8348060339355527,"[0, 0, 1, 0, 2, 0, 0, 0, 2, 2, 1, 1]","[[[0.0, 480.0], [200.0, 480.0], [200.0, 680.0], [0.0, 680.0], [0.0, 480.0]], [[446.6332497911445, 280.0], [646.6332497911445, 280.0], [646.6332497911445, 480.0], [446.6332497911445, 480.0], [446.6332497911445, 280.0]], [[660.0, 480.0], [660.0, 760.0], [480.0, 760.0], [480.0, 480.0], [660.0, 480.0]], [[6.633249791144522, 206.63324979114452], [286.6332497911445, 206.63324979114452], [146.63324979114452, 346.6332497911445], [6.633249791144522, 206.63324979114452]], [[406.6332497911445, 0.0], [406.6332497911445, 180.0], [126.63324979114452, 0.0], [406.6332497911445, 0.0]], [[200.0, 480.0], [480.0, 480.0], [480.0, 760.0], [200.0, 760.0], [200.0, 480.0]], [[100.0, 26.63324979114452], [300.0, 106.63324979114452], [300.0, 206.63324979114452], [100.0, 206.63324979114452], [100.0, 26.63324979114452]], [[0.0, 0.0], [100.0, 0.0], [100.0, 180.0], [0.0, 180.0], [0.0, 0.0]], [[280.0, 480.0], [0.0, 480.0], [0.0, 200.0], [280.0, 480.0]], [[446.6332497911445, 446.6332497911445], [246.63324979114452, 446.6332497911445], [246.63324979114452, 246.63324979114452], [446.6332497911445, 166.63324979114452], [446.6332497911445, 446.6332497911445]], [[406.6332497911445, 0.0], [566.6332497911445, 80.0], [406.6332497911445, 160.0], [406.6332497911445, 0.0]], [[675.2046783625731, 16.666666666666686], [675.2046783625731, 296.6666666666667], [435.2046783625731, 156.66666666666669], [675.2046783625731, 16.666666666666686]]]"
Wed Jul 22 19:41:19 2020,2,1,True,689.6212732027811,0.8265406276589631,"[0, 0, 1, 0, 0, 0, 3, 0, 2, 2, 2, 1]","[[[460.0, 289.99999999999994], [660.0, 289.99999999999994], [660.0, 489.99999999999994], [460.0, 489.99999999999994], [460.0, 289.99999999999994]], [[100.0, 0.0], [300.0, 0.0], [300.0, 200.0], [100.0, 200.0], [100.0, 0.0]], [[180.0, 480.0], [180.0, 760.0], [0.0, 760.0], [0.0, 480.0], [180.0, 480.0]], [[0.0, 200.0], [280.0, 200.0], [140.0, 340.0], [0.0, 200.0]], [[300.0, 268.9761102919357], [300.0, 88.9761102919357], [580.0, 268.9761102919357], [300.0, 268.9761102919357]], [[180.0, 480.0], [460.0, 480.0], [460.0, 760.0], [180.0, 760.0], [180.0, 480.0]], [[280.0, 480.0], [360.0, 280.0], [460.0, 280.0], [460.0, 480.0], [280.0, 480.0]], [[0.0, 2.904681720507142], [100.0, 2.904681720507142], [100.0, 182.90468172050714], [0.0, 182.90468172050714], [0.0, 2.904681720507142]], [[280.0, 480.0], [0.0, 480.0], [0.0, 200.0], [280.0, 480.0]], [[685.0, 760.0], [485.0, 760.0], [485.0, 560.0], [685.0, 480.0], [685.0, 760.0]], [[490.4816062125444, 0.0], [410.4816062125444, 160.0], [330.4816062125444, 0.0], [490.4816062125444, 0.0]], [[655.4816062125444, 9.999999999999943], [655.4816062125444, 289.99999999999994], [415.4816062125444, 149.99999999999994], [655.4816062125444, 9.999999999999943]]]"
Wed Jul 22 19:41:19 2020,2,0,True,662.0364222746699,0.8609798204780865,"[0, 0, 1, 0, 0, 0, 3, 0, 2, 2, 2, 1]","[[[460.0, 280.0], [660.0, 280.0], [660.0, 480.0], [460.0, 480.0], [460.0, 280.0]], [[100.0, 0.0], [300.0, 0.0], [300.0, 200.0], [100.0, 200.0], [100.0, 0.0]], [[180.0, 480.0], [180.0, 760.0], [0.0, 760.0], [0.0, 480.0], [180.0, 480.0]], [[0.0, 200.0], [280.0, 200.0], [140.0, 340.0], [0.0, 200.0]], [[300.0, 268.9761102919357], [300.0, 88.9761102919357], [580.0, 268.9761102919357], [300.0, 268.9761102919357]], [[180.0, 480.0], [460.0, 480.0], [460.0, 760.0], [180.0, 760.0], [180.0, 480.0]], [[280.0, 480.0], [360.0, 280.0], [460.0, 280.0], [460.0, 480.0], [280.0, 480.0]], [[0.0, 2.904681720507142], [100.0, 2.904681720507142], [100.0, 182.90468172050714], [0.0, 182.90468172050714], [0.0, 2.904681720507142]], [[280.0, 480.0], [0.0, 480.0], [0.0, 200.0], [280.0, 480.0]], [[662.0364222746699, 760.0], [462.0364222746699, 760.0], [462.0364222746699, 560.0], [662.0364222746699, 480.0], [662.0364222746699, 760.0]], [[348.57142857142856, 308.57142857142867], [268.57142857142856, 468.57142857142867], [188.57142857142856, 308.57142857142867], [348.57142857142856, 308.57142857142867]], [[619.3704951014333, 0.0], [619.3704951014333, 280.0], [379.37049510143333, 140.0], [619.3704951014333, 0.0]]]"
Wed Jul 22 19:41:39 2020,2,1,True,668.6567864974166,0.8524552678000856,"[0, 0, 1, 3, 3, 0, 1, 0, 0, 0, 3, 2]","[[[0.0, 0.0], [200.0, 0.0], [200.0, 200.0], [0.0, 200.0], [0.0, 0.0]], [[468.65678649741665, 0.0], [668.6567864974166, 0.0], [668.6567864974166, 200.0], [468.65678649741665, 200.0], [468.65678649741665, 0.0]], [[668.6567864974166, 200.0], [668.6567864974166, 480.0], [488.65678649741665, 480.0], [488.65678649741665, 200.0], [668.6567864974166, 200.0]], [[0.0, 651.3432135025834], [0.0, 371.34321350258335], [140.0, 511.34321350258335], [0.0, 651.3432135025834]], [[180.0, 760.0], [0.0, 760.0], [180.0, 480.0], [180.0, 760.0]], [[380.0, 480.0], [660.0, 480.0], [660.0, 760.0], [380.0, 760.0], [380.0, 480.0]], [[225.62037918355736, 216.96359268614071], [145.62037918355736, 416.9635926861407], [45.62037918355736, 416.9635926861407], [45.62037918355736, 216.96359268614071], [225.62037918355736, 216.96359268614071]], [[200.0, 0.0], [300.0, 0.0], [300.0, 180.0], [200.0, 180.0], [200.0, 0.0]], [[208.65678649741665, 200.0], [488.65678649741665, 200.0], [488.65678649741665, 480.0], [208.65678649741665, 200.0]], [[180.0, 480.0], [380.0, 480.0], [380.0, 680.0], [180.0, 760.0], [180.0, 480.0]], [[468.65678649741665, 160.0], [308.65678649741665, 80.0], [468.65678649741665, 0.0], [468.65678649741665, 160.0]], [[388.65678649741665, 480.0], [108.65678649741665, 480.0], [248.65678649741665, 240.0], [388.65678649741665, 480.0]]]"
Wed Jul 22 19:42:31 2020,2,3,True,675.3433543623909,0.8440151166337482,"[0, 0, 0, 2, 2, 0, 1, 1, 0, 1, 1, 2]","[[[280.0, 273.4353330610214], [480.0, 273.4353330610214], [480.0, 473.4353330610214], [280.0, 473.4353330610214], [280.0, 273.4353330610214]], [[0.0, 460.0], [200.0, 460.0], [200.0, 660.0], [0.0, 660.0], [0.0, 460.0]], [[0.0, 0.0], [280.0, 0.0], [280.0, 180.0], [0.0, 180.0], [0.0, 0.0]], [[611.2213125765878, 188.7786874234123], [331.2213125765878, 188.7786874234123], [471.2213125765878, 48.77868742341229], [611.2213125765878, 188.7786874234123]], [[675.3433543623909, 0.0], [675.3433543623909, 180.0], [395.34335436239087, 0.0], [675.3433543623909, 0.0]], [[0.0, 180.0], [280.0, 180.0], [280.0, 460.0], [0.0, 460.0], [0.0, 180.0]], [[380.0, 473.4353330610214], [300.0, 673.4353330610214], [200.0, 673.4353330610214], [200.0, 473.4353330610214], [380.0, 473.4353330610214]], [[180.0, 660.0], [180.0, 760.0], [0.0, 760.0], [0.0, 660.0], [180.0, 660.0]], [[395.34335436239087, 188.7786874234123], [675.3433543623909, 188.7786874234123], [675.3433543623909, 468.7786874234123], [395.34335436239087, 188.7786874234123]], [[675.3433543623909, 473.4353330610214], [675.3433543623909, 673.4353330610214], [475.34335436239087, 673.4353330610214], [395.34335436239087, 473.4353330610214], [675.3433543623909, 473.4353330610214]], [[280.0, 0.0], [440.0, 80.0], [280.0, 160.0], [280.0, 0.0]], [[529.5039442855959, 759.9999999999999], [249.50394428559594, 759.9999999999999], [389.50394428559594, 519.9999999999999], [529.5039442855959, 759.9999999999999]]]"
Wed Jul 22 19:42:41 2020,2,0,True,648.3296201878952,0.8791824131601543,"[0, 0, 0, 3, 3, 0, 0, 0, 3, 3, 2, 1]","[[[230.0, 560.0], [430.0, 560.0], [430.0, 760.0], [230.0, 760.0], [230.0, 560.0]], [[448.3296201878952, 560.0], [648.3296201878952, 560.0], [648.3296201878952, 760.0], [448.3296201878952, 760.0], [448.3296201878952, 560.0]], [[0.0, 0.0], [280.0, 0.0], [280.0, 180.0], [0.0, 180.0], [0.0, 0.0]], [[0.0, 760.0], [0.0, 480.0], [140.0, 620.0], [0.0, 760.0]], [[230.00000000000003, 760.0], [50.00000000000003, 760.0], [230.00000000000003, 480.0], [230.00000000000003, 760.0]], [[0.0, 180.0], [280.0, 180.0], [280.0, 460.0], [0.0, 460.0], [0.0, 180.0]], [[394.03754051000135, 380.0], [594.0375405100013, 460.0], [594.0375405100013, 560.0], [394.03754051000135, 560.0], [394.03754051000135, 380.0]], [[548.3296201878952, 0.0], [648.3296201878952, 0.0], [648.3296201878952, 180.0], [548.3296201878952, 180.0], [548.3296201878952, 0.0]], [[280.0, 480.0], [280.0, 200.0], [560.0, 200.0], [280.0, 480.0]], [[280.0, 200.0], [280.0, 0.0], [480.0, 0.0], [560.0, 200.0], [280.0, 200.0]], [[220.0, 460.0], [140.0, 620.0], [60.0, 460.0], [220.0, 460.0]], [[648.3296201878952, 211.67037981210478], [648.3296201878952, 491.6703798121048], [408.3296201878952, 351.6703798121048], [648.3296201878952, 211.67037981210478]]]"
Wed Jul 22 19:44:28 2020,2,5,True,654.8129163897742,0.870477636792232,"[0, 0, 1, 3, 1, 0, 0, 0, 0, 1, 0, 2]","[[[0.0, 237.60356461962067], [200.0, 237.60356461962067], [200.0, 437.60356461962067], [0.0, 437.60356461962067], [0.0, 237.60356461962067]], [[422.39643538037933, 280.0], [622.3964353803793, 280.0], [622.3964353803793, 480.0], [422.39643538037933, 480.0], [422.39643538037933, 280.0]], [[633.8708253895575, 480.0], [633.8708253895575, 760.0], [453.87082538955747, 760.0], [453.87082538955747, 480.0], [633.8708253895575, 480.0]], [[200.0, 417.60356461962067], [200.0, 137.60356461962067], [340.0, 277.60356461962067], [200.0, 417.60356461962067]], [[0.0, 437.60356461962067], [180.0, 437.60356461962067], [0.0, 717.6035646196207], [0.0, 437.60356461962067]], [[342.39643538037933, 0.0], [622.3964353803793, 0.0], [622.3964353803793, 280.0], [342.39643538037933, 280.0], [342.39643538037933, 0.0]], [[0.0, 57.60356461962067], [200.0, 137.60356461962067], [200.0, 237.60356461962067], [0.0, 237.60356461962067], [0.0, 57.60356461962067]], [[322.39643538037933, 295.20712923924134], [422.39643538037933, 295.20712923924134], [422.39643538037933, 475.20712923924134], [322.39643538037933, 475.20712923924134], [322.39643538037933, 295.20712923924134]], [[62.39643538037933, 0.0], [342.39643538037933, 0.0], [342.39643538037933, 280.0], [62.39643538037933, 0.0]], [[453.8708253895574, 515.2071292392413], [453.8708253895574, 715.2071292392413], [253.8708253895574, 715.2071292392413], [173.8708253895574, 515.2071292392413], [453.8708253895574, 515.2071292392413]], [[182.39643538037933, 515.2071292392413], [262.39643538037933, 355.20712923924134], [342.39643538037933, 515.2071292392413], [182.39643538037933, 515.2071292392413]], [[280.0, 760.0], [0.0, 760.0], [140.0, 520.0], [280.0, 760.0]]]"

Wed Jul 22 19:44:28 2020,2,0,True,628.6203997341831,0.9067475383252417,"[0, 0, 1, 3, 1, 0, 0, 0, 0, 1, 0, 2]","[[[0.0, 237.60356461962067], [200.0, 237.60356461962067], [200.0, 437.60356461962067], [0.0, 437.60356461962067], [0.0, 237.60356461962067]], [[422.39643538037933, 280.0], [622.3964353803793, 280.0], [622.3964353803793, 480.0], [422.39643538037933, 480.0], [422.39643538037933, 280.0]], [[628.6203997341831, 480.0], [628.6203997341831, 760.0], [448.62039973418314, 760.0], [448.62039973418314, 480.0], [628.6203997341831, 480.0]], [[200.0, 417.60356461962067], [200.0, 137.60356461962067], [340.0, 277.60356461962067], [200.0, 417.60356461962067]], [[0.0, 437.60356461962067], [180.0, 437.60356461962067], [0.0, 717.6035646196207], [0.0, 437.60356461962067]], [[342.39643538037933, 0.0], [622.3964353803793, 0.0], [622.3964353803793, 280.0], [342.39643538037933, 280.0], [342.39643538037933, 0.0]], [[0.0, 57.60356461962067], [200.0, 137.60356461962067], [200.0, 237.60356461962067], [0.0, 237.60356461962067], [0.0, 57.60356461962067]], [[322.39643538037933, 295.20712923924134], [422.39643538037933, 295.20712923924134], [422.39643538037933, 475.20712923924134], [322.39643538037933, 475.20712923924134], [322.39643538037933, 295.20712923924134]], [[62.39643538037933, 0.0], [342.39643538037933, 0.0], [342.39643538037933, 280.0], [62.39643538037933, 0.0]], [[448.62039973418314, 515.2071292392413], [448.62039973418314, 715.2071292392413], [248.62039973418314, 715.2071292392413], [168.62039973418314, 515.2071292392413], [448.62039973418314, 515.2071292392413]], [[182.39643538037933, 515.2071292392413], [262.39643538037933, 355.20712923924134], [342.39643538037933, 515.2071292392413], [182.39643538037933, 515.2071292392413]], [[280.0, 760.0], [0.0, 760.0], [140.0, 520.0], [280.0, 760.0]]]"

Wed Jul 22 19:47:01 2020,2,5,False,634.906603731525,0.8977698399259818,"[0, 0, 1, 2, 3, 0, 0, 0, 3, 0, 2, 1]","[[[434.906603731525, 525.093396268475], [634.906603731525, 525.093396268475], [634.906603731525, 725.093396268475], [434.906603731525, 725.093396268475], [434.906603731525, 525.093396268475]], [[434.906603731525, 280.0], [634.906603731525, 280.0], [634.906603731525, 480.0], [434.906603731525, 480.0], [434.906603731525, 280.0]], [[620.0, 0.0], [620.0, 280.0], [440.0, 280.0], [440.0, 0.0], [620.0, 0.0]], [[479.99999999999994, 760.0], [199.99999999999994, 760.0], [339.99999999999994, 620.0], [479.99999999999994, 760.0]], [[199.99999999999994, 760.0], [19.999999999999943, 760.0], [199.99999999999994, 480.0], [199.99999999999994, 760.0]], [[0.0, 0.0], [280.0, 0.0], [280.0, 280.0], [0.0, 280.0], [0.0, 0.0]], [[91.42857142857139, 300.0], [291.4285714285714, 380.0], [291.4285714285714, 480.0], [91.42857142857139, 480.0], [91.42857142857139, 300.0]], [[340.0, 0.0], [440.0, 0.0], [440.0, 180.0], [340.0, 180.0], [340.0, 0.0]], [[200.0, 760.0], [200.0, 480.0], [480.0, 480.0], [200.0, 760.0]], [[0.0, 280.0], [200.0, 280.0], [200.0, 480.0], [0.0, 560.0], [0.0, 280.0]], [[160.0, 506.6666666666665], [80.0, 666.6666666666665], [0.0, 506.6666666666665], [160.0, 506.6666666666665]], [[440.0, 186.66666666666669], [440.0, 466.6666666666667], [200.0, 326.6666666666667], [440.0, 186.66666666666669]]]"
Wed Jul 22 19:50:11 2020,2,5,False,641.2556697688403,0.888881029629685,"[0, 0, 0, 2, 3, 0, 3, 0, 3, 0, 0, 0]","[[[241.25566976884033, 480.0], [441.25566976884033, 480.0], [441.25566976884033, 680.0], [241.25566976884033, 680.0], [241.25566976884033, 480.0]], [[441.25566976884033, 180.0], [641.2556697688403, 180.0], [641.2556697688403, 380.0], [441.25566976884033, 380.0], [441.25566976884033, 180.0]], [[361.25566976884033, 0.0], [641.2556697688403, 0.0], [641.2556697688403, 180.0], [361.25566976884033, 180.0], [361.25566976884033, 0.0]], [[641.2556697688403, 760.0], [361.25566976884033, 760.0], [501.25566976884033, 620.0], [641.2556697688403, 760.0]], [[241.25566976884033, 760.0], [61.255669768840335, 760.0], [241.25566976884033, 480.0], [241.25566976884033, 760.0]], [[161.25566976884033, 200.0], [441.25566976884033, 200.0], [441.25566976884033, 480.0], [161.25566976884033, 480.0], [161.25566976884033, 200.0]], [[181.25566976884033, 232.13313753913093], [261.25566976884033, 32.13313753913093], [361.25566976884033, 32.13313753913093], [361.25566976884033, 232.13313753913093], [181.25566976884033, 232.13313753913093]], [[0.0, 297.14285714285717], [100.0, 297.14285714285717], [100.0, 477.14285714285717], [0.0, 477.14285714285717], [0.0, 297.14285714285717]], [[0.0, 721.2556697688403], [0.0, 441.25566976884033], [280.0, 441.25566976884033], [0.0, 721.2556697688403]], [[441.25566976884033, 380.0], [641.2556697688403, 380.0], [641.2556697688403, 580.0], [441.25566976884033, 660.0], [441.25566976884033, 380.0]], [[0.0, 297.14285714285717], [80.0, 137.14285714285717], [160.0, 297.14285714285717], [0.0, 297.14285714285717]], [[0.0, 2.842170943040401e-14], [280.0, 2.842170943040401e-14], [140.0, 240.00000000000003], [0.0, 2.842170943040401e-14]]]"
Wed Jul 22 19:52:08 2020,2,5,True,647.6682264665287,0.8800802273561237,"[0, 0, 0, 1, 3, 0, 0, 0, 2, 1, 2, 0]","[[[447.6682264665286, 380.0], [647.6682264665286, 380.0], [647.6682264665286, 580.0], [447.6682264665286, 580.0], [447.6682264665286, 380.0]], [[440.0, 0.0], [640.0, 0.0], [640.0, 200.0], [440.0, 200.0], [440.0, 0.0]], [[367.6682264665287, 580.0], [647.6682264665287, 580.0], [647.6682264665287, 760.0], [367.6682264665287, 760.0], [367.6682264665287, 580.0]], [[160.0, 80.0], [160.0, 360.0], [20.0, 220.0], [160.0, 80.0]], [[367.6682264665287, 760.0], [187.66822646652872, 760.0], [367.6682264665287, 480.0], [367.6682264665287, 760.0]], [[160.0, 0.0], [440.0, 0.0], [440.0, 280.0], [160.0, 280.0], [160.0, 0.0]], [[447.6682264665286, 200.0], [647.6682264665286, 280.0], [647.6682264665286, 380.0], [447.6682264665286, 380.0], [447.6682264665286, 200.0]], [[0.0, 580.0], [100.0, 580.0], [100.0, 760.0], [0.0, 760.0], [0.0, 580.0]], [[280.0, 505.86534973969333], [0.0, 505.86534973969333], [0.0, 225.86534973969333], [280.0, 505.86534973969333]], [[447.6682264665286, 280.0], [447.6682264665286, 480.0], [247.6682264665286, 480.0], [167.6682264665286, 280.0], [447.6682264665286, 280.0]], [[160.0, 0.0], [80.0, 160.0], [0.0, 0.0], [160.0, 0.0]], [[56.75478734815442, 505.86534973969333], [336.7547873481544, 505.86534973969333], [196.75478734815442, 745.8653497396933], [56.75478734815442, 505.86534973969333]]]"
Wed Jul 22 19:54:26 2020,2,5,False,654.144908731194,0.8713665617387363,"[0, 0, 1, 3, 3, 0, 1, 0, 2, 3, 0, 0]","[[[174.14490873119405, 0.0], [374.14490873119405, 0.0], [374.14490873119405, 200.0], [174.14490873119405, 200.0], [174.14490873119405, 0.0]], [[0.0, 360.0], [200.0, 360.0], [200.0, 560.0], [0.0, 560.0], [0.0, 360.0]], [[180.0, 80.0], [180.0, 360.0], [0.0, 360.0], [0.0, 80.0], [180.0, 80.0]], [[425.5734801597655, 760.0], [425.5734801597655, 480.0], [565.5734801597655, 620.0], [425.5734801597655, 760.0]], [[460.0, 760.0], [280.0, 760.0], [460.0, 480.0], [460.0, 760.0]], [[374.14490873119405, 0.0], [654.144908731194, 0.0], [654.144908731194, 280.0], [374.14490873119405, 280.0], [374.14490873119405, 0.0]], [[411.4285714285715, 480.0], [331.4285714285715, 680.0], [231.4285714285715, 680.0], [231.4285714285715, 480.0], [411.4285714285715, 480.0]], [[554.144908731194, 560.0], [654.144908731194, 560.0], [654.144908731194, 740.0], [554.144908731194, 740.0], [554.144908731194, 560.0]], [[480.0, 480.0], [200.0, 480.0], [200.0, 200.0], [480.0, 480.0]], [[0.0, 760.0], [0.0, 560.0], [200.0, 560.0], [280.0, 760.0], [0.0, 760.0]], [[494.14490873119405, 548.5714285714286], [574.144908731194, 388.57142857142856], [654.144908731194, 548.5714285714286], [494.14490873119405, 548.5714285714286]], [[363.3333333333333, 280.0], [643.3333333333333, 280.0], [503.3333333333333, 520.0], [363.3333333333333, 280.0]]]"
Wed Jul 22 19:54:59 2020,2,1,True,660.686357818506,0.8627391700383527,"[0, 0, 1, 1, 3, 0, 0, 0, 3, 3, 2, 2]","[[[460.68635781850605, 0.0], [660.686357818506, 0.0], [660.686357818506, 200.0], [460.68635781850605, 200.0], [460.68635781850605, 0.0]], [[208.0, 0.0], [408.0, 0.0], [408.0, 200.0], [208.0, 200.0], [208.0, 0.0]], [[660.0, 200.0], [660.0, 480.0], [480.0, 480.0], [480.0, 200.0], [660.0, 200.0]], [[280.0, 380.0], [280.0, 660.0], [140.0, 520.0], [280.0, 380.0]], [[479.99999999999994, 480.0], [299.99999999999994, 480.0], [479.99999999999994, 200.0], [479.99999999999994, 480.0]], [[380.68635781850605, 480.0], [660.686357818506, 480.0], [660.686357818506, 760.0], [380.68635781850605, 760.0], [380.68635781850605, 480.0]], [[0.0, 0.0], [200.0, 80.0], [200.0, 180.0], [0.0, 180.0], [0.0, 0.0]], [[280.68635781850605, 480.0], [380.68635781850605, 480.0], [380.68635781850605, 660.0], [280.68635781850605, 660.0], [280.68635781850605, 480.0]], [[0.0, 660.0], [0.0, 380.0], [280.0, 380.0], [0.0, 660.0]], [[0.0, 380.0], [0.0, 180.0], [200.0, 180.0], [280.0, 380.0], [0.0, 380.0]], [[440.0, 200.0], [360.0, 360.0], [280.0, 200.0], [440.0, 200.0]], [[280.0, 760.0], [0.0, 760.0], [140.0, 520.0], [280.0, 760.0]]]"
Wed Jul 22 19:55:17 2020,2,1,True,667.2932213966911,0.8541971980577748,"[0, 0, 1, 1, 1, 0, 0, 0, 3, 1, 2, 2]","[[[367.29322139669114, 560.0], [567.2932213966911, 560.0], [567.2932213966911, 760.0], [367.29322139669114, 760.0], [367.29322139669114, 560.0]], [[167.53954094215806, 391.0158163768632], [367.53954094215806, 391.0158163768632], [367.53954094215806, 591.0158163768632], [167.53954094215806, 591.0158163768632], [167.53954094215806, 391.0158163768632]], [[667.2932213966911, 0.0], [667.2932213966911, 280.0], [487.29322139669114, 280.0], [487.29322139669114, 0.0], [667.2932213966911, 0.0]], [[140.0, 418.55535731902125], [140.0, 698.5553573190213], [0.0, 558.5553573190213], [140.0, 418.55535731902125]], [[0.0, 0.0], [180.0, 0.0], [0.0, 280.0], [0.0, 0.0]], [[387.29322139669114, 280.0], [667.2932213966911, 280.0], [667.2932213966911, 560.0], [387.29322139669114, 560.0], [387.29322139669114, 280.0]], [[140.0, 580.0], [340.0, 660.0], [340.0, 760.0], [140.0, 760.0], [140.0, 580.0]], [[567.2932213966911, 560.0], [667.2932213966911, 560.0], [667.2932213966911, 740.0], [567.2932213966911, 740.0], [567.2932213966911, 560.0]], [[0.0, 558.5553573190213], [0.0, 278.55535731902125], [280.0, 278.55535731902125], [0.0, 558.5553573190213]], [[454.4377141229316, 8.652444697661963], [454.4377141229316, 208.65244469766196], [254.4377141229316, 208.65244469766196], [174.4377141229316, 8.652444697661963], [454.4377141229316, 8.652444697661963]], [[421.6149779446191, 211.35648690414405], [341.6149779446191, 371.35648690414405], [261.6149779446191, 211.35648690414405], [421.6149779446191, 211.35648690414405]], [[295.2144131520578, 278.5553573190213], [15.214413152057773, 278.5553573190213], [155.21441315205777, 38.55535731902131], [295.2144131520578, 278.5553573190213]]]"
Wed Jul 22 19:55:39 2020,2,1,True,673.966153610658,0.8457398000572028,"[0, 0, 1, 1, 2, 0, 1, 0, 3, 1, 0, 3]","[[[0.0, 280.0], [200.0, 280.0], [200.0, 480.0], [0.0, 480.0], [0.0, 280.0]], [[180.0, 0.0], [380.0, 0.0], [380.0, 200.0], [180.0, 200.0], [180.0, 0.0]], [[180.0, 0.0], [180.0, 280.0], [0.0, 280.0], [0.0, 0.0], [180.0, 0.0]], [[306.50362104625236, 473.0072420925046], [306.50362104625236, 753.0072420925046], [166.50362104625236, 613.0072420925046], [306.50362104625236, 473.0072420925046]], [[673.966153610658, 0.0], [673.966153610658, 180.0], [393.966153610658, 0.0], [673.966153610658, 0.0]], [[393.966153610658, 277.1605497393123], [673.966153610658, 277.1605497393123], [673.966153610658, 557.1605497393123], [393.966153610658, 557.1605497393123], [393.966153610658, 277.1605497393123]], [[380.0, 279.51086313875714], [300.0, 479.51086313875714], [200.0, 479.51086313875714], [200.0, 279.51086313875714], [380.0, 279.51086313875714]], [[303.10193371493307, 580.0], [403.10193371493307, 580.0], [403.10193371493307, 760.0], [303.10193371493307, 760.0], [303.10193371493307, 580.0]], [[0.0, 759.5108631387571], [0.0, 479.51086313875714], [280.0, 479.51086313875714], [0.0, 759.5108631387571]], [[673.966153610658, 557.1605497393123], [673.966153610658, 757.1605497393123], [473.966153610658, 757.1605497393123], [393.966153610658, 557.1605497393123], [673.966153610658, 557.1605497393123]], [[80.0, 760.0], [160.0, 600.0], [240.0, 760.0], [80.0, 760.0]], [[380.0, 285.3074726788627], [380.0, 5.307472678862723], [620.0, 145.30747267886272], [380.0, 285.3074726788627]]]"
Wed Jul 22 19:56:21 2020,2,3,True,680.7058151467646,0.8373661386704979,"[0, 0, 1, 3, 1, 0, 1, 0, 1, 0, 0, 2]","[[[480.0, 0.0], [680.0, 0.0], [680.0, 200.0], [480.0, 200.0], [480.0, 0.0]], [[447.0075074662317, 560.0], [647.0075074662317, 560.0], [647.0075074662317, 760.0], [447.0075074662317, 760.0], [447.0075074662317, 560.0]], [[180.0, 280.0], [180.0, 560.0], [0.0, 560.0], [0.0, 280.0], [180.0, 280.0]], [[480.0, 480.0], [480.0, 200.0], [620.0, 340.0], [480.0, 480.0]], [[180.0, 280.0], [360.0, 280.0], [180.0, 560.0], [180.0, 280.0]], [[200.0, 0.0], [480.0, 0.0], [480.0, 280.0], [200.0, 280.0], [200.0, 0.0]], [[247.0075074662317, 560.0], [167.0075074662317, 760.0], [67.00750746623169, 760.0], [67.00750746623169, 560.0], [247.0075074662317, 560.0]], [[359.1964285714286, 281.25], [459.1964285714286, 281.25], [459.1964285714286, 461.25], [359.1964285714286, 461.25], [359.1964285714286, 281.25]], [[680.0, 280.0], [680.0, 560.0], [400.0, 560.0], [680.0, 280.0]], [[0.0, 0.0], [200.0, 0.0], [200.0, 200.0], [0.0, 280.0], [0.0, 0.0]], [[228.57142857142856, 520.0], [308.57142857142856, 360.0], [388.57142857142856, 520.0], [228.57142857142856, 520.0]], [[447.0075074662317, 760.0], [167.0075074662317, 760.0], [307.0075074662317, 520.0], [447.0075074662317, 760.0]]]"
Wed Jul 22 19:56:49 2020,2,1,True,687.5128732982323,0.829075384822275,"[0, 0, 1, 3, 2, 0, 0, 1, 0, 2, 0, 3]","[[[460.0, 200.0], [660.0, 200.0], [660.0, 400.0], [460.0, 400.0], [460.0, 200.0]], [[460.0, 0.0], [660.0, 0.0], [660.0, 200.0], [460.0, 200.0], [460.0, 0.0]], [[460.0, 0.0], [460.0, 280.0], [280.0, 280.0], [280.0, 0.0], [460.0, 0.0]], [[200.0, 577.0501255094252], [200.0, 297.05012550942524], [340.0, 437.05012550942524], [200.0, 577.0501255094252]], [[453.477582540894, 280.0], [453.477582540894, 460.0], [173.477582540894, 280.0], [453.477582540894, 280.0]], [[380.0, 460.0], [660.0, 460.0], [660.0, 740.0], [380.0, 740.0], [380.0, 460.0]], [[0.0, 580.0], [200.0, 660.0], [200.0, 760.0], [0.0, 760.0], [0.0, 580.0]], [[380.0, 654.2857142857142], [380.0, 754.2857142857142], [200.0, 754.2857142857142], [200.0, 654.2857142857142], [380.0, 654.2857142857142]], [[0.0, 0.0], [280.0, 0.0], [280.0, 280.0], [0.0, 0.0]], [[200.0, 580.0], [0.0, 580.0], [0.0, 380.0], [200.0, 300.0], [200.0, 580.0]], [[202.76441122371102, 654.2857142857142], [282.764411223711, 494.2857142857142], [362.764411223711, 654.2857142857142], [202.76441122371102, 654.2857142857142]], [[0.0, 380.0], [0.0, 100.0], [240.0, 240.0], [0.0, 380.0]]]"
Wed Jul 22 19:56:49 2020,2,0,True,660.012358366303,0.8636201925232031,"[0, 0, 1, 3, 2, 0, 0, 1, 0, 2, 0, 3]","[[[460.0, 200.0], [660.0, 200.0], [660.0, 400.0], [460.0, 400.0], [460.0, 200.0]], [[460.0, 0.0], [660.0, 0.0], [660.0, 200.0], [460.0, 200.0], [460.0, 0.0]], [[460.0, 0.0], [460.0, 280.0], [280.0, 280.0], [280.0, 0.0], [460.0, 0.0]], [[200.0, 577.0501255094252], [200.0, 297.05012550942524], [340.0, 437.05012550942524], [200.0, 577.0501255094252]], [[453.477582540894, 280.0], [453.477582540894, 460.0], [173.477582540894, 280.0], [453.477582540894, 280.0]], [[380.0, 460.0], [660.0, 460.0], [660.0, 740.0], [380.0, 740.0], [380.0, 460.0]], [[0.0, 580.0], [200.0, 660.0], [200.0, 760.0], [0.0, 760.0], [0.0, 580.0]], [[380.0, 654.2857142857142], [380.0, 754.2857142857142], [200.0, 754.2857142857142], [200.0, 654.2857142857142], [380.0, 654.2857142857142]], [[0.0, 0.0], [280.0, 0.0], [280.0, 280.0], [0.0, 0.0]], [[200.0, 580.0], [0.0, 580.0], [0.0, 380.0], [200.0, 300.0], [200.0, 580.0]], [[202.76441122371102, 654.2857142857142], [282.764411223711, 494.2857142857142], [362.764411223711, 654.2857142857142], [202.76441122371102, 654.2857142857142]], [[0.0, 380.0], [0.0, 100.0], [240.0, 240.0], [0.0, 380.0]]]"
Wed Jul 22 19:57:12 2020,2,1,True,666.6124819499661,0.8550694975477259,"[0, 0, 1, 0, 2, 0, 0, 1, 2, 2, 3, 3]","[[[433.61186403165084, 280.0], [633.6118640316508, 280.0], [633.6118640316508, 480.0], [433.61186403165084, 480.0], [433.61186403165084, 280.0]], [[233.61186403165084, 280.0], [433.61186403165084, 280.0], [433.61186403165084, 480.0], [233.61186403165084, 480.0], [233.61186403165084, 280.0]], [[460.1963690569478, 0.0], [460.1963690569478, 280.0], [280.1963690569478, 280.0], [280.1963690569478, 0.0], [460.1963690569478, 0.0]], [[33.61186403165084, 513.6118640316508], [313.61186403165084, 513.6118640316508], [173.61186403165084, 653.6118640316508], [33.61186403165084, 513.6118640316508]], [[280.1963690569478, 2.842170943040401e-14], [280.1963690569478, 180.00000000000003], [0.1963690569477876, 2.842170943040401e-14], [280.1963690569478, 2.842170943040401e-14]], [[353.61186403165084, 480.0], [633.6118640316508, 480.0], [633.6118640316508, 760.0], [353.61186403165084, 760.0], [353.61186403165084, 480.0]], [[460.1963690569478, 100.0], [660.1963690569478, 180.0], [660.1963690569478, 280.0], [460.1963690569478, 280.0], [460.1963690569478, 100.0]], [[640.1963690569478, 0.0], [640.1963690569478, 100.0], [460.1963690569478, 100.0], [460.1963690569478, 0.0], [640.1963690569478, 0.0]], [[280.0, 760.0], [0.0, 760.0], [0.0, 480.0], [280.0, 760.0]], [[208.9428276009385, 488.9428276009385], [8.9428276009385, 488.9428276009385], [8.9428276009385, 288.9428276009385], [208.9428276009385, 208.94282760093847], [208.9428276009385, 488.9428276009385]], [[333.61186403165084, 733.6118640316508], [173.61186403165084, 653.6118640316508], [333.61186403165084, 573.6118640316508], [333.61186403165084, 733.6118640316508]], [[0.0, 294.1594770348193], [0.0, 14.159477034819304], [240.0, 154.1594770348193], [0.0, 294.1594770348193]]]"
Wed Jul 22 19:57:20 2020,2,1,True,673.2786067694658,0.8466034629185405,"[0, 0, 1, 1, 2, 0, 0, 1, 3, 2, 0, 3]","[[[408.9428276009385, 280.0], [608.9428276009385, 280.0], [608.9428276009385, 480.0], [408.9428276009385, 480.0], [408.9428276009385, 280.0]], [[208.94282760093847, 280.0], [408.9428276009385, 280.0], [408.9428276009385, 480.0], [208.94282760093847, 480.0], [208.94282760093847, 280.0]], [[380.0, 480.0], [380.0, 760.0], [200.0, 760.0], [200.0, 480.0], [380.0, 480.0]], [[639.9479826719675, 31.00515507102898], [639.9479826719675, 311.005155071029], [499.94798267196745, 171.00515507102898], [639.9479826719675, 31.00515507102898]], [[382.2761609342718, 0.0], [382.2761609342718, 180.0], [102.27616093427179, 0.0], [382.2761609342718, 0.0]], [[380.0, 480.0], [660.0, 480.0], [660.0, 760.0], [380.0, 760.0], [380.0, 480.0]], [[0.0, 574.7833505661192], [200.0, 654.7833505661192], [200.0, 754.7833505661192], [0.0, 754.7833505661192], [0.0, 574.7833505661192]], [[180.0, 474.7833505661192], [180.0, 574.7833505661192], [0.0, 574.7833505661192], [0.0, 474.7833505661192], [180.0, 474.7833505661192]], [[382.2761609342718, 280.0], [382.2761609342718, 0.0], [662.2761609342717, 0.0], [382.2761609342718, 280.0]], [[208.94282760093847, 474.7833505661193], [8.942827600938472, 474.7833505661193], [8.942827600938472, 274.7833505661193], [208.94282760093847, 194.78335056611928], [208.94282760093847, 474.7833505661193]], [[208.94282760093847, 280.0], [288.9428276009385, 120.0], [368.9428276009385, 280.0], [208.94282760093847, 280.0]], [[0.0, 280.0], [0.0, 0.0], [240.0, 140.0], [0.0, 280.0]]]"
Wed Jul 22 19:57:38 2020,2,1,True,680.0113928371604,0.8382212504143964,"[0, 0, 0, 3, 3, 0, 0, 1, 1, 2, 1, 3]","[[[220.01139283716043, 0.0], [420.01139283716043, 0.0], [420.01139283716043, 200.0], [220.01139283716043, 200.0], [220.01139283716043, 0.0]], [[200.0, 234.9933541783231], [400.0, 234.9933541783231], [400.0, 434.9933541783231], [200.0, 434.9933541783231], [200.0, 234.9933541783231]], [[400.0, 300.0], [680.0, 300.0], [680.0, 480.0], [400.0, 480.0], [400.0, 300.0]], [[420.01139283716043, 280.0], [420.01139283716043, 0.0], [560.0113928371604, 140.0], [420.01139283716043, 280.0]], [[400.0, 760.0], [220.0, 760.0], [400.0, 480.0], [400.0, 760.0]], [[400.0, 480.0], [680.0, 480.0], [680.0, 760.0], [400.0, 760.0], [400.0, 480.0]], [[3.6934484919416377, 580.0], [203.69344849194164, 660.0], [203.69344849194164, 760.0], [3.6934484919416377, 760.0], [3.6934484919416377, 580.0]], [[220.01139283716043, 0.0], [220.01139283716043, 100.0], [40.01139283716043, 100.0], [40.01139283716043, 0.0], [220.01139283716043, 0.0]], [[680.0113928371604, 20.0], [680.0113928371604, 300.0], [400.01139283716043, 300.0], [680.0113928371604, 20.0]], [[200.0, 551.6600208449897], [0.0, 551.6600208449897], [0.0, 351.66002084498973], [200.0, 271.66002084498973], [200.0, 551.6600208449897]], [[200.0, 434.9933541783231], [360.0, 514.9933541783231], [200.0, 594.9933541783231], [200.0, 434.9933541783231]], [[0.0, 351.66002084498973], [0.0, 71.66002084498973], [240.0, 211.66002084498973], [0.0, 351.66002084498973]]]"
Wed Jul 22 19:57:47 2020,2,0,True,652.810937123674,0.8731471358483297,"[0, 0, 1, 1, 1, 0, 0, 1, 0, 3, 1, 2]","[[[0.0, 360.0], [200.0, 360.0], [200.0, 560.0], [0.0, 560.0], [0.0, 360.0]], [[452.8050756076443, 0.0], [652.8050756076443, 0.0], [652.8050756076443, 200.0], [452.8050756076443, 200.0], [452.8050756076443, 0.0]], [[652.810937123674, 200.0], [652.810937123674, 480.0], [472.81093712367397, 480.0], [472.81093712367397, 200.0], [652.810937123674, 200.0]], [[372.81093712367397, 480.0], [372.81093712367397, 760.0], [232.81093712367397, 620.0], [372.81093712367397, 480.0]], [[0.0, 0.0], [180.0, 0.0], [0.0, 280.0], [0.0, 0.0]], [[372.81093712367397, 480.0], [652.810937123674, 480.0], [652.810937123674, 760.0], [372.81093712367397, 760.0], [372.81093712367397, 480.0]], [[272.81093712367397, 250.85364085618], [472.81093712367397, 330.85364085618], [472.81093712367397, 430.85364085618], [272.81093712367397, 430.85364085618], [272.81093712367397, 250.85364085618]], [[192.85714285714286, 260.0], [192.85714285714286, 360.0], [12.857142857142861, 360.0], [12.857142857142861, 260.0], [192.85714285714286, 260.0]], [[172.80507560764437, 11.192104610330944], [452.80507560764437, 11.192104610330944], [452.80507560764437, 291.19210461033094], [172.80507560764437, 11.192104610330944]], [[0.0, 760.0], [0.0, 560.0], [200.0, 560.0], [280.0, 760.0], [0.0, 760.0]], [[200.0, 394.44817229434295], [360.0, 474.44817229434295], [200.0, 554.448172294343], [200.0, 394.44817229434295]], [[313.0226594495986, 250.85364085618], [33.02265944959862, 250.85364085618], [173.02265944959862, 10.853640856179993], [313.0226594495986, 250.85364085618]]]"
Wed Jul 22 19:58:07 2020,2,1,True,659.3390464949107,0.8645021147013167,"[0, 0, 1, 1, 1, 0, 2, 1, 0, 3, 1, 2]","[[[0.0, 360.0], [200.0, 360.0], [200.0, 560.0], [0.0, 560.0], [0.0, 360.0]], [[447.62349620282976, 0.0], [647.6234962028298, 0.0], [647.6234962028298, 200.0], [447.62349620282976, 200.0], [447.62349620282976, 0.0]], [[646.6666666666666, 200.0], [646.6666666666666, 480.0], [466.66666666666663, 480.0], [466.66666666666663, 200.0], [646.6666666666666, 200.0]], [[353.0370949972466, 452.5927374931165], [353.0370949972466, 732.5927374931165], [213.03709499724658, 592.5927374931165], [353.0370949972466, 452.5927374931165]], [[0.0, 33.301500361272986], [180.0, 33.301500361272986], [0.0, 313.301500361273], [0.0, 33.301500361272986]], [[353.03709499724664, 480.0], [633.0370949972466, 480.0], [633.0370949972466, 760.0], [353.03709499724664, 760.0], [353.03709499724664, 480.0]], [[466.66666666666663, 476.7303326107873], [266.66666666666663, 396.7303326107873], [266.66666666666663, 296.7303326107873], [466.66666666666663, 296.7303326107873], [466.66666666666663, 476.7303326107873]], [[214.26525023224696, 260.0], [214.26525023224696, 360.0], [34.265250232246956, 360.0], [34.265250232246956, 260.0], [214.26525023224696, 260.0]], [[167.6234962028298, 0.0], [447.6234962028298, 0.0], [447.6234962028298, 280.0], [167.6234962028298, 0.0]], [[0.0, 760.0], [0.0, 560.0], [200.0, 560.0], [280.0, 760.0], [0.0, 760.0]], [[205.71428571428572, 366.2541421345968], [365.7142857142857, 446.2541421345968], [205.71428571428572, 526.2541421345968], [205.71428571428572, 366.2541421345968]], [[327.7092092604589, 260.0857130576291], [47.70920926045892, 260.0857130576291], [187.70920926045892, 20.085713057629107], [327.7092092604589, 260.0857130576291]]]"
Wed Jul 22 19:58:28 2020,2,1,True,665.9324369598598,0.8559426878230857,"[0, 0, 1, 1, 0, 0, 1, 1, 3, 1, 3, 3]","[[[243.33333333333337, 0.0], [443.33333333333337, 0.0], [443.33333333333337, 200.0], [243.33333333333337, 200.0], [243.33333333333337, 0.0]], [[443.33333333333337, 0.0], [643.3333333333334, 0.0], [643.3333333333334, 200.0], [443.33333333333337, 200.0], [443.33333333333337, 0.0]], [[665.9324369598598, 200.0], [665.9324369598598, 480.0], [485.93243695985984, 480.0], [485.93243695985984, 200.0], [665.9324369598598, 200.0]], [[385.93243695985984, 480.0], [385.93243695985984, 760.0], [245.93243695985984, 620.0], [385.93243695985984, 480.0]], [[0.0, 757.027027027027], [0.0, 577.027027027027], [280.0, 757.027027027027], [0.0, 757.027027027027]], [[385.93243695985984, 480.0], [665.9324369598598, 480.0], [665.9324369598598, 760.0], [385.93243695985984, 760.0], [385.93243695985984, 480.0]], [[192.16569018238243, 384.8478278585585], [112.16569018238242, 584.8478278585585], [12.16569018238242, 584.8478278585585], [12.16569018238242, 384.8478278585585], [192.16569018238243, 384.8478278585585]], [[239.9864910139139, 284.8478278585585], [239.9864910139139, 384.8478278585585], [59.986491013913906, 384.8478278585585], [59.986491013913906, 284.8478278585585], [239.9864910139139, 284.8478278585585]], [[186.21974423643644, 679.7126927234234], [186.21974423643644, 399.7126927234234], [466.21974423643644, 399.7126927234234], [186.21974423643644, 679.7126927234234]], [[485.93243695985984, 199.7126927234234], [485.93243695985984, 399.7126927234234], [285.93243695985984, 399.7126927234234], [205.93243695985984, 199.7126927234234], [485.93243695985984, 199.7126927234234]], [[228.84580408570005, 160.0], [68.84580408570005, 80.0], [228.84580408570005, 0.0], [228.84580408570005, 160.0]], [[0.0, 319.839947616675], [0.0, 39.839947616674976], [240.0, 179.83994761667498], [0.0, 319.839947616675]]]"
Wed Jul 22 19:58:45 2020,2,1,True,672.5917613294584,0.8474680077456294,"[0, 0, 1, 3, 0, 0, 2, 0, 0, 0, 1, 1]","[[[239.2951394814654, 0.0], [439.2951394814654, 0.0], [439.2951394814654, 200.0], [239.2951394814654, 200.0], [239.2951394814654, 0.0]], [[439.2951394814654, 0.0], [639.2951394814654, 0.0], [639.2951394814654, 200.0], [439.2951394814654, 200.0], [439.2951394814654, 0.0]], [[180.0, 156.28194420741386], [180.0, 436.28194420741386], [0.0, 436.28194420741386], [0.0, 156.28194420741386], [180.0, 156.28194420741386]], [[380.0, 480.0], [380.0, 200.0], [520.0, 340.0], [380.0, 480.0]], [[0.0, 760.0], [0.0, 580.0], [280.0, 760.0], [0.0, 760.0]], [[376.2012551748553, 480.0], [656.2012551748553, 480.0], [656.2012551748553, 760.0], [376.2012551748553, 760.0], [376.2012551748553, 480.0]], [[239.2951394814654, 180.0], [39.29513948146541, 100.0], [39.29513948146541, 0.0], [239.2951394814654, 0.0], [239.2951394814654, 180.0]], [[276.20125517485525, 441.5194979300579], [376.20125517485525, 441.5194979300579], [376.20125517485525, 621.5194979300579], [276.20125517485525, 621.5194979300579], [276.20125517485525, 441.5194979300579]], [[380.0, 200.0], [660.0, 200.0], [660.0, 480.0], [380.0, 200.0]], [[180.0, 200.0], [380.0, 200.0], [380.0, 400.0], [180.0, 480.0], [180.0, 200.0]], [[25.32746876708822, 436.28194420741386], [185.32746876708822, 516.2819442074139], [25.32746876708822, 596.2819442074139], [25.32746876708822, 436.28194420741386]], [[276.20125517485525, 463.27223546954974], [276.20125517485525, 743.2722354695497], [36.20125517485525, 603.2722354695497], [276.20125517485525, 463.27223546954974]]]"
Wed Jul 22 19:59:24 2020,2,3,True,679.317678942753,0.8390772353917123,"[0, 0, 1, 1, 2, 0, 1, 1, 2, 1, 0, 3]","[[[0.0, 0.0], [200.0, 0.0], [200.0, 200.0], [0.0, 200.0], [0.0, 0.0]], [[0.0, 360.0], [200.0, 360.0], [200.0, 560.0], [0.0, 560.0], [0.0, 360.0]], [[380.0, 280.0], [380.0, 560.0], [200.0, 560.0], [200.0, 280.0], [380.0, 280.0]], [[661.3200488801252, 182.00236993737224], [661.3200488801252, 462.00236993737224], [521.3200488801252, 322.00236993737224], [661.3200488801252, 182.00236993737224]], [[502.22222222222223, 0.0], [502.22222222222223, 180.0], [222.22222222222223, 0.0], [502.22222222222223, 0.0]], [[399.317678942753, 480.0], [679.317678942753, 480.0], [679.317678942753, 760.0], [399.317678942753, 760.0], [399.317678942753, 480.0]], [[679.317678942753, 44.00473987474447], [599.317678942753, 244.00473987474447], [499.317678942753, 244.00473987474447], [499.317678942753, 44.00473987474447], [679.317678942753, 44.00473987474447]], [[180.0, 200.0], [180.0, 300.0], [0.0, 300.0], [0.0, 200.0], [180.0, 200.0]], [[679.317678942753, 480.0], [399.317678942753, 480.0], [399.317678942753, 200.0], [679.317678942753, 480.0]], [[399.317678942753, 560.0], [399.317678942753, 760.0], [199.317678942753, 760.0], [119.31767894275299, 560.0], [399.317678942753, 560.0]], [[0.0, 720.0], [80.0, 560.0], [160.0, 720.0], [0.0, 720.0]], [[200.0, 280.0], [200.0, 0.0], [440.0, 140.0], [200.0, 280.0]]]"
Wed Jul 22 19:59:34 2020,2,1,True,686.1108557321805,0.8307695399917944,"[0, 0, 0, 0, 1, 0, 1, 1, 1, 0, 2, 2]","[[[200.0, 560.0], [400.0, 560.0], [400.0, 760.0], [200.0, 760.0], [200.0, 560.0]], [[428.81163845170954, 0.0], [628.8116384517095, 0.0], [628.8116384517095, 200.0], [428.81163845170954, 200.0], [428.81163845170954, 0.0]], [[0.0, 300.0], [280.0, 300.0], [280.0, 480.0], [0.0, 480.0], [0.0, 300.0]], [[376.0724858925214, 196.0724858925214], [656.0724858925214, 196.0724858925214], [516.0724858925214, 336.0724858925214], [376.0724858925214, 196.0724858925214]], [[280.0, 280.0], [460.0, 280.0], [280.0, 560.0], [280.0, 280.0]], [[400.0, 480.0], [680.0, 480.0], [680.0, 760.0], [400.0, 760.0], [400.0, 480.0]], [[180.0, 100.0], [100.0, 300.0], [0.0, 300.0], [0.0, 100.0], [180.0, 100.0]], [[243.81163845170957, 0.0], [243.81163845170957, 100.0], [63.81163845170957, 100.0], [63.81163845170957, 0.0], [243.81163845170957, 0.0]], [[652.1449717850427, 200.0], [652.1449717850427, 480.0], [372.1449717850427, 480.0], [652.1449717850427, 200.0]], [[0.0, 480.0], [200.0, 480.0], [200.0, 680.0], [0.0, 760.0], [0.0, 480.0]], [[428.8116384517096, 5.684341886080802e-14], [348.8116384517096, 160.00000000000006], [268.8116384517096, 5.684341886080802e-14], [428.8116384517096, 5.684341886080802e-14]], [[418.81163845170954, 280.0], [138.81163845170954, 280.0], [278.81163845170954, 40.0], [418.81163845170954, 280.0]]]"
Wed Jul 22 20:00:02 2020,2,1,True,692.9719642895024,0.8225440990017765,"[0, 0, 1, 3, 1, 0, 3, 1, 0, 0, 2, 2]","[[[281.3335784971067, 0.0], [481.3335784971067, 0.0], [481.3335784971067, 200.0], [281.3335784971067, 200.0], [281.3335784971067, 0.0]], [[281.3335784971067, 200.0], [481.3335784971067, 200.0], [481.3335784971067, 400.0], [281.3335784971067, 400.0], [281.3335784971067, 200.0]], [[692.9719642895024, 399.3805102105755], [692.9719642895024, 679.3805102105755], [512.9719642895024, 679.3805102105755], [512.9719642895024, 399.3805102105755], [692.9719642895024, 399.3805102105755]], [[1.3335784971067142, 280.0], [1.3335784971067142, 0.0], [141.3335784971067, 140.0], [1.3335784971067142, 280.0]], [[280.0, 400.0], [460.0, 400.0], [280.0, 680.0], [280.0, 400.0]], [[0.0, 480.0], [280.0, 480.0], [280.0, 760.0], [0.0, 760.0], [0.0, 480.0]], [[89.14243686210284, 480.0], [169.14243686210284, 280.0], [269.14243686210284, 280.0], [269.14243686210284, 480.0], [89.14243686210284, 480.0]], [[661.3335784971067, 280.0], [661.3335784971067, 380.0], [481.3335784971067, 380.0], [481.3335784971067, 280.0], [661.3335784971067, 280.0]], [[1.3335784971067142, 0.0], [281.3335784971067, 0.0], [281.3335784971067, 280.0], [1.3335784971067142, 0.0]], [[481.3335784971067, 0.0], [681.3335784971067, 0.0], [681.3335784971067, 200.0], [481.3335784971067, 280.0], [481.3335784971067, 0.0]], [[160.0, 280.0], [80.0, 440.0], [0.0, 280.0], [160.0, 280.0]], [[560.0, 760.0], [280.0, 760.0], [420.0, 520.0], [560.0, 760.0]]]"
Wed Jul 22 20:00:25 2020,2,2,True,665.2530857179222,0.8568167697935173,"[0, 0, 1, 1, 1, 0, 2, 1, 2, 1, 0, 0]","[[[280.0, 0.0], [480.0, 0.0], [480.0, 200.0], [280.0, 200.0], [280.0, 0.0]], [[465.2530857179222, 560.0], [665.2530857179222, 560.0], [665.2530857179222, 760.0], [465.2530857179222, 760.0], [465.2530857179222, 560.0]], [[460.0, 200.0], [460.0, 480.0], [280.0, 480.0], [280.0, 200.0], [460.0, 200.0]], [[665.2530857179222, 69.60631110545432], [665.2530857179222, 349.6063111054543], [525.2530857179222, 209.60631110545432], [665.2530857179222, 69.60631110545432]], [[479.9999999999999, 0.0], [659.9999999999999, 0.0], [479.9999999999999, 280.0], [479.9999999999999, 0.0]], [[0.0, 0.0], [280.0, 0.0], [280.0, 280.0], [0.0, 280.0], [0.0, 0.0]], [[665.2530857179222, 560.0], [465.2530857179222, 480.0], [465.2530857179222, 380.0], [665.2530857179222, 380.0], [665.2530857179222, 560.0]], [[180.0, 280.0], [180.0, 380.0], [0.0, 380.0], [0.0, 280.0], [180.0, 280.0]], [[280.0, 760.0], [0.0, 760.0], [0.0, 480.0], [280.0, 760.0]], [[464.2105263157895, 544.2105263157895], [464.2105263157895, 744.2105263157895], [264.2105263157895, 744.2105263157895], [184.21052631578948, 544.2105263157895], [464.2105263157895, 544.2105263157895]], [[460.0, 384.3532253875321], [540.0, 224.35322538753212], [620.0, 384.3532253875321], [460.0, 384.3532253875321]], [[0.0, 380.0], [280.0, 380.0], [140.0, 620.0], [0.0, 380.0]]]"
Wed Jul 22 20:01:21 2020,2,3,True,671.9056165751015,0.848333435439126,"[0, 0, 1, 1, 2, 0, 0, 1, 2, 1, 3, 3]","[[[0.0, 183.73587362947376], [200.0, 183.73587362947376], [200.0, 383.73587362947376], [0.0, 383.73587362947376], [0.0, 183.73587362947376]], [[280.0, 546.7779413387639], [480.0, 546.7779413387639], [480.0, 746.7779413387639], [280.0, 746.7779413387639], [280.0, 546.7779413387639]], [[660.0, 480.0], [660.0, 760.0], [480.0, 760.0], [480.0, 480.0], [660.0, 480.0]], [[371.48312761880516, 158.26106895756902], [371.48312761880516, 438.261068957569], [231.48312761880516, 298.261068957569], [371.48312761880516, 158.26106895756902]], [[349.7441965763742, 0.0], [349.7441965763742, 180.0], [69.74419657637418, 0.0], [349.7441965763742, 0.0]], [[371.48312761880516, 0.0], [651.4831276188052, 0.0], [651.4831276188052, 280.0], [371.48312761880516, 280.0], [371.48312761880516, 0.0]], [[0.0, 3.73587362947373], [200.0, 83.73587362947373], [200.0, 183.73587362947373], [0.0, 183.73587362947373], [0.0, 3.73587362947373]], [[283.54721193624084, 660.0], [283.54721193624084, 760.0], [103.54721193624084, 760.0], [103.54721193624084, 660.0], [283.54721193624084, 660.0]], [[479.99999999999994, 546.7779413387639], [199.99999999999994, 546.7779413387639], [199.99999999999994, 266.77794133876387], [479.99999999999994, 546.7779413387639]], [[651.4831276188052, 280.0], [651.4831276188052, 480.0], [451.48312761880516, 480.0], [371.48312761880516, 280.0], [651.4831276188052, 280.0]], [[199.99999999999994, 543.7358736294738], [39.99999999999994, 463.73587362947376], [199.99999999999994, 383.73587362947376], [199.99999999999994, 543.7358736294738]], [[0.0, 720.4025402961405], [0.0, 440.4025402961405], [240.0, 580.4025402961405], [0.0, 720.4025402961405]]]"
Wed Jul 22 20:01:39 2020,2,1,True,678.6246727408525,0.8399340944941842,"[0, 0, 1, 3, 3, 0, 1, 0, 2, 1, 0, 0]","[[[0.0, 0.0], [200.0, 0.0], [200.0, 200.0], [0.0, 200.0], [0.0, 0.0]], [[200.0, 0.0], [400.0, 0.0], [400.0, 200.0], [200.0, 200.0], [200.0, 0.0]], [[180.0, 200.0], [180.0, 480.0], [0.0, 480.0], [0.0, 200.0], [180.0, 200.0]], [[303.31373872526837, 621.7156531868288], [303.31373872526837, 341.71565318682883], [443.31373872526837, 481.71565318682883], [303.31373872526837, 621.7156531868288]], [[645.0293919120974, 560.0], [465.02939191209737, 560.0], [645.0293919120974, 280.0], [645.0293919120974, 560.0]], [[398.6246727408525, 0.0], [678.6246727408525, 0.0], [678.6246727408525, 280.0], [398.6246727408525, 280.0], [398.6246727408525, 0.0]], [[360.0, 200.0], [280.0, 400.0], [180.0, 400.0], [180.0, 200.0], [360.0, 200.0]], [[200.0, 480.0], [300.0, 480.0], [300.0, 660.0], [200.0, 660.0], [200.0, 480.0]], [[280.0, 760.0], [0.0, 760.0], [0.0, 480.0], [280.0, 760.0]], [[645.0293919120974, 560.0], [645.0293919120974, 760.0], [445.02939191209737, 760.0], [365.02939191209737, 560.0], [645.0293919120974, 560.0]], [[262.5146959560487, 742.5146959560486], [342.5146959560487, 582.5146959560486], [422.5146959560487, 742.5146959560486], [262.5146959560487, 742.5146959560486]], [[327.0425522845904, 282.3936192885237], [607.0425522845903, 282.3936192885237], [467.0425522845904, 522.3936192885237], [327.0425522845904, 282.3936192885237]]]"
Wed Jul 22 20:01:58 2020,2,1,True,685.410919468261,0.8316179153407764,"[0, 0, 1, 2, 3, 0, 0, 1, 3, 0, 3, 3]","[[[0.0, 480.0], [200.0, 480.0], [200.0, 680.0], [0.0, 680.0], [0.0, 480.0]], [[200.0, 0.0], [400.0, 0.0], [400.0, 200.0], [200.0, 200.0], [200.0, 0.0]], [[180.0, 180.0], [180.0, 460.0], [0.0, 460.0], [0.0, 180.0], [180.0, 180.0]], [[566.2857142857146, 760.0], [286.28571428571456, 760.0], [426.28571428571456, 620.0], [566.2857142857146, 760.0]], [[624.2966099725439, 599.1252051825464], [444.29660997254393, 599.1252051825464], [624.2966099725439, 319.12520518254644], [624.2966099725439, 599.1252051825464]], [[400.0, 0.0], [680.0, 0.0], [680.0, 280.0], [400.0, 280.0], [400.0, 0.0]], [[0.0, 0.0], [200.0, 80.0], [200.0, 180.0], [0.0, 180.0], [0.0, 0.0]], [[685.410919468261, 599.1252051825464], [685.410919468261, 699.1252051825464], [505.410919468261, 699.1252051825464], [505.410919468261, 599.1252051825464], [685.410919468261, 599.1252051825464]], [[383.4218151550905, 560.0], [383.4218151550905, 280.0], [663.4218151550905, 280.0], [383.4218151550905, 560.0]], [[180.0, 200.0], [380.0, 200.0], [380.0, 400.0], [180.0, 480.0], [180.0, 200.0]], [[383.4218151550905, 558.2890924224548], [223.42181515509048, 478.2890924224548], [383.4218151550905, 398.2890924224548], [383.4218151550905, 558.2890924224548]], [[200.0, 752.0], [200.0, 472.0], [440.0, 612.0], [200.0, 752.0]]]"
Wed Jul 22 20:02:08 2020,2,0,True,657.9944826895305,0.8662686618133089,"[0, 0, 1, 1, 3, 0, 3, 0, 3, 0, 1, 2]","[[[351.24219942774903, 560.0], [551.242199427749, 560.0], [551.242199427749, 760.0], [351.24219942774903, 760.0], [351.24219942774903, 560.0]], [[177.9944826895305, 0.0], [377.9944826895305, 0.0], [377.9944826895305, 200.0], [177.9944826895305, 200.0], [177.9944826895305, 0.0]], [[180.0, 199.99999999999994], [180.0, 479.99999999999994], [0.0, 479.99999999999994], [0.0, 199.99999999999994], [180.0, 199.99999999999994]], [[351.2421994277491, 410.70091330471257], [351.2421994277491, 690.7009133047126], [211.24219942774909, 550.7009133047126], [351.2421994277491, 410.70091330471257]], [[657.9944826895305, 560.0], [477.9944826895305, 560.0], [657.9944826895305, 280.0], [657.9944826895305, 560.0]], [[377.9944826895305, 0.0], [657.9944826895305, 0.0], [657.9944826895305, 280.0], [377.9944826895305, 280.0], [377.9944826895305, 0.0]], [[0.0, 200.0], [80.0, 0.0], [180.0, 0.0], [180.0, 200.0], [0.0, 200.0]], [[551.242199427749, 560.0], [651.242199427749, 560.0], [651.242199427749, 740.0], [551.242199427749, 740.0], [551.242199427749, 560.0]], [[377.9944826895305, 560.0], [377.9944826895305, 280.0], [657.9944826895305, 280.0], [377.9944826895305, 560.0]], [[177.9944826895305, 200.0], [377.9944826895305, 200.0], [377.9944826895305, 400.0], [177.9944826895305, 480.0], [177.9944826895305, 200.0]], [[0.0, 480.0], [160.0, 560.0], [0.0, 640.0], [0.0, 480.0]], [[333.3333333333334, 760.0], [53.33333333333343, 760.0], [193.33333333333343, 520.0], [333.3333333333334, 760.0]]]"
Wed Jul 22 20:02:29 2020,2,1,True,664.5744275164258,0.8576917443696128,"[0, 0, 0, 1, 2, 0, 0, 1, 0, 2, 1, 3]","[[[0.0, 195.83735169097463], [200.0, 195.83735169097463], [200.0, 395.83735169097463], [0.0, 395.83735169097463], [0.0, 195.83735169097463]], [[200.0, 380.0], [400.0, 380.0], [400.0, 580.0], [200.0, 580.0], [200.0, 380.0]], [[151.67470338194926, 580.0], [431.67470338194926, 580.0], [431.67470338194926, 760.0], [151.67470338194926, 760.0], [151.67470338194926, 580.0]], [[151.67470338194926, 480.0], [151.67470338194926, 760.0], [11.674703381949257, 620.0], [151.67470338194926, 480.0]], [[664.1626483090254, 275.533131055802], [664.1626483090254, 455.533131055802], [384.16264830902537, 275.533131055802], [664.1626483090254, 275.533131055802]], [[384.16264830902537, 0.0], [664.1626483090254, 0.0], [664.1626483090254, 280.0], [384.16264830902537, 280.0], [384.16264830902537, 0.0]], [[0.0, 15.837351690974629], [200.0, 95.83735169097463], [200.0, 195.83735169097463], [0.0, 195.83735169097463], [0.0, 15.837351690974629]], [[380.0, 280.0], [380.0, 380.0], [200.0, 380.0], [200.0, 280.0], [380.0, 280.0]], [[104.16264830902537, 0.0], [384.16264830902537, 0.0], [384.16264830902537, 280.0], [104.16264830902537, 0.0]], [[634.2857142857142, 760.0], [434.2857142857142, 760.0], [434.2857142857142, 560.0], [634.2857142857142, 480.0], [634.2857142857142, 760.0]], [[0.0, 395.83735169097463], [160.0, 475.83735169097463], [0.0, 555.8373516909746], [0.0, 395.83735169097463]], [[400.0, 580.0], [400.0, 300.0], [640.0, 440.0], [400.0, 580.0]]]"
Wed Jul 22 20:02:42 2020,2,1,True,671.22017179159,0.8491997469006067,"[0, 0, 0, 2, 2, 0, 1, 1, 0, 2, 1, 3]","[[[0.0, 180.0], [200.0, 180.0], [200.0, 380.0], [0.0, 380.0], [0.0, 180.0]], [[180.0, 379.9999999999999], [380.0, 379.9999999999999], [380.0, 579.9999999999999], [180.0, 579.9999999999999], [180.0, 379.9999999999999]], [[164.0, 579.9999999999999], [444.0, 579.9999999999999], [444.0, 759.9999999999999], [164.0, 759.9999999999999], [164.0, 579.9999999999999]], [[280.0, 180.0], [0.0, 180.0], [140.0, 40.0], [280.0, 180.0]], [[660.0, 279.9999999999999], [660.0, 459.9999999999999], [380.0, 279.9999999999999], [660.0, 279.9999999999999]], [[380.0, 0.0], [660.0, 0.0], [660.0, 280.0], [380.0, 280.0], [380.0, 0.0]], [[180.0, 540.0], [100.0, 740.0], [0.0, 740.0], [0.0, 540.0], [180.0, 540.0]], [[380.0, 279.9999999999999], [380.0, 379.9999999999999], [200.0, 379.9999999999999], [200.0, 279.9999999999999], [380.0, 279.9999999999999]], [[100.0, 0.0], [380.0, 0.0], [380.0, 280.0], [100.0, 0.0]], [[644.0, 742.6666666666665], [444.0, 742.6666666666665], [444.0, 542.6666666666665], [644.0, 462.6666666666665], [644.0, 742.6666666666665]], [[0.0, 380.0], [160.0, 460.0], [0.0, 540.0], [0.0, 380.0]], [[380.0, 579.9999999999999], [380.0, 299.9999999999999], [620.0, 439.9999999999999], [380.0, 579.9999999999999]]]"
Wed Jul 22 20:03:02 2020,2,1,True,677.932373509506,0.840791828614462,"[0, 0, 0, 3, 0, 0, 1, 1, 0, 3, 1, 1]","[[[280.0, 560.0], [480.0, 560.0], [480.0, 760.0], [280.0, 760.0], [280.0, 560.0]], [[0.0, 282.06762649049404], [200.0, 282.06762649049404], [200.0, 482.06762649049404], [0.0, 482.06762649049404], [0.0, 282.06762649049404]], [[0.0, 580.0], [280.0, 580.0], [280.0, 760.0], [0.0, 760.0], [0.0, 580.0]], [[200.0, 575.6286350800736], [200.0, 295.62863508007365], [340.0, 435.62863508007365], [200.0, 575.6286350800736]], [[340.0, 560.0], [340.0, 380.0], [620.0, 560.0], [340.0, 560.0]], [[397.93237350950596, 0.0], [677.932373509506, 0.0], [677.932373509506, 280.0], [397.93237350950596, 280.0], [397.93237350950596, 0.0]], [[660.0, 560.0], [580.0, 760.0], [480.0, 760.0], [480.0, 560.0], [660.0, 560.0]], [[180.0, 482.06762649049404], [180.0, 582.067626490494], [0.0, 582.067626490494], [0.0, 482.06762649049404], [180.0, 482.06762649049404]], [[117.93237350950596, 0.0], [397.93237350950596, 0.0], [397.93237350950596, 280.0], [117.93237350950596, 0.0]], [[0.0, 282.06762649049404], [0.0, 82.06762649049404], [200.0, 82.06762649049404], [280.0, 282.06762649049404], [0.0, 282.06762649049404]], [[290.81035633034674, 226.43899141042039], [450.81035633034674, 306.4389914104204], [290.81035633034674, 386.4389914104204], [290.81035633034674, 226.43899141042039]], [[642.2222222222222, 280.0], [642.2222222222222, 560.0], [402.2222222222222, 420.0], [642.2222222222222, 280.0]]]"
Wed Jul 22 20:03:19 2020,2,1,True,684.711697244601,0.8324671570440217,"[0, 0, 0, 2, 3, 0, 1, 1, 0, 0, 3, 3]","[[[284.7307578138988, 560.0], [484.7307578138988, 560.0], [484.7307578138988, 760.0], [284.7307578138988, 760.0], [284.7307578138988, 560.0]], [[0.0, 380.0], [200.0, 380.0], [200.0, 580.0], [0.0, 580.0], [0.0, 380.0]], [[4.7307578138987765, 580.0], [284.7307578138988, 580.0], [284.7307578138988, 760.0], [4.7307578138987765, 760.0], [4.7307578138987765, 580.0]], [[380.0, 289.1849214308743], [100.0, 289.1849214308743], [240.0, 149.18492143087428], [380.0, 289.1849214308743]], [[434.47602091984777, 560.0], [254.47602091984777, 560.0], [434.47602091984777, 280.0], [434.47602091984777, 560.0]], [[370.8150785691257, 0.0], [650.8150785691257, 0.0], [650.8150785691257, 280.0], [370.8150785691257, 280.0], [370.8150785691257, 0.0]], [[380.0, 289.1849214308743], [300.0, 489.1849214308743], [200.0, 489.1849214308743], [200.0, 289.1849214308743], [380.0, 289.1849214308743]], [[664.7307578138988, 636.9371673095039], [664.7307578138988, 736.9371673095039], [484.7307578138988, 736.9371673095039], [484.7307578138988, 636.9371673095039], [664.7307578138988, 636.9371673095039]], [[90.81507856912572, 0.0], [370.8150785691257, 0.0], [370.8150785691257, 280.0], [90.81507856912572, 0.0]], [[444.68941318813347, 280.0], [644.6894131881335, 280.0], [644.6894131881335, 480.0], [444.68941318813347, 560.0], [444.68941318813347, 280.0]], [[650.8150785691257, 636.9371673095039], [490.8150785691257, 556.9371673095039], [650.8150785691257, 476.93716730950393], [650.8150785691257, 636.9371673095039]], [[0.0, 289.1849214308743], [0.0, 9.184921430874283], [240.0, 149.18492143087428], [0.0, 289.1849214308743]]]"
Wed Jul 22 20:03:22 2020,2,0,True,657.323229354817,0.8671532885875226,"[0, 0, 0, 2, 3, 0, 1, 1, 0, 0, 3, 3]","[[[284.7307578138988, 560.0], [484.7307578138988, 560.0], [484.7307578138988, 760.0], [284.7307578138988, 760.0], [284.7307578138988, 560.0]], [[0.0, 380.0], [200.0, 380.0], [200.0, 580.0], [0.0, 580.0], [0.0, 380.0]], [[4.7307578138987765, 580.0], [284.7307578138988, 580.0], [284.7307578138988, 760.0], [4.7307578138987765, 760.0], [4.7307578138987765, 580.0]], [[378.78774666848324, 283.38391842190106], [98.78774666848324, 283.38391842190106], [238.78774666848324, 143.38391842190106], [378.78774666848324, 283.38391842190106]], [[434.47602091984777, 560.0], [254.47602091984777, 560.0], [434.47602091984777, 280.0], [434.47602091984777, 560.0]], [[377.32322935481704, 0.0], [657.323229354817, 0.0], [657.323229354817, 280.0], [377.32322935481704, 280.0], [377.32322935481704, 0.0]], [[380.0, 289.1849214308743], [300.0, 489.1849214308743], [200.0, 489.1849214308743], [200.0, 289.1849214308743], [380.0, 289.1849214308743]], [[180.0, 283.38391842190106], [180.0, 383.38391842190106], [0.0, 383.38391842190106], [0.0, 283.38391842190106], [180.0, 283.38391842190106]], [[97.32322935481704, 0.0], [377.32322935481704, 0.0], [377.32322935481704, 280.0], [97.32322935481704, 0.0]], [[434.47602091984777, 280.0], [634.4760209198478, 280.0], [634.4760209198478, 480.0], [434.47602091984777, 560.0], [434.47602091984777, 280.0]], [[657.323229354817, 628.5763957825154], [497.32322935481704, 548.5763957825154], [657.323229354817, 468.5763957825154], [657.323229354817, 628.5763957825154]], [[0.0, 282.67677064518296], [0.0, 2.6767706451829554], [240.0, 142.67677064518296], [0.0, 282.67677064518296]]]"
Wed Jul 22 20:04:19 2020,2,3,True,663.8964616483652,0.8585676124628937,"[0, 0, 1, 3, 3, 0, 3, 0, 2, 1, 0, 0]","[[[180.0, 500.0], [380.0, 500.0], [380.0, 700.0], [180.0, 700.0], [180.0, 500.0]], [[0.0, 279.9999999999998], [200.0, 279.9999999999998], [200.0, 479.9999999999998], [0.0, 479.9999999999998], [0.0, 279.9999999999998]], [[180.0, 479.9999999999998], [180.0, 759.9999999999998], [0.0, 759.9999999999998], [0.0, 479.9999999999998], [180.0, 479.9999999999998]], [[380.0, 760.0], [380.0, 480.0], [520.0, 620.0], [380.0, 760.0]], [[663.8964616483652, 560.0], [483.8964616483652, 560.0], [663.8964616483652, 280.0], [663.8964616483652, 560.0]], [[380.0, 0.0], [660.0, 0.0], [660.0, 280.0], [380.0, 280.0], [380.0, 0.0]], [[464.0, 760.0], [544.0, 560.0], [644.0, 560.0], [644.0, 760.0], [464.0, 760.0]], [[0.0, 0.0], [100.0, 0.0], [100.0, 180.0], [0.0, 180.0], [0.0, 0.0]], [[490.0, 480.0], [210.0, 480.0], [210.0, 200.0], [490.0, 480.0]], [[380.0, 0.0], [380.0, 200.0], [180.0, 200.0], [100.0, 0.0], [380.0, 0.0]], [[50.0, 279.9999999999998], [130.0, 119.99999999999977], [210.0, 279.9999999999998], [50.0, 279.9999999999998]], [[373.33333333333337, 280.0], [653.3333333333334, 280.0], [513.3333333333334, 520.0], [373.33333333333337, 280.0]]]"
Wed Jul 22 20:04:48 2020,2,1,True,670.5354262648489,0.850066943032568,"[0, 0, 1, 0, 0, 0, 0, 0, 3, 0, 3, 1]","[[[270.53542626484887, 299.9449593480299], [470.53542626484887, 299.9449593480299], [470.53542626484887, 499.9449593480299], [270.53542626484887, 499.9449593480299], [270.53542626484887, 299.9449593480299]], [[470.53542626484887, 280.0], [670.5354262648489, 280.0], [670.5354262648489, 480.0], [470.53542626484887, 480.0], [470.53542626484887, 280.0]], [[670.5354262648489, 0.0], [670.5354262648489, 280.0], [490.53542626484887, 280.0], [490.53542626484887, 0.0], [670.5354262648489, 0.0]], [[266.2490203947207, 499.9449593480299], [546.2490203947207, 499.9449593480299], [406.2490203947207, 639.9449593480299], [266.2490203947207, 499.9449593480299]], [[285.7142857142858, 754.9006305420048], [285.7142857142858, 574.9006305420048], [565.7142857142858, 754.9006305420048], [285.7142857142858, 754.9006305420048]], [[210.53542626484887, 0.0], [490.53542626484887, 0.0], [490.53542626484887, 280.0], [210.53542626484887, 280.0], [210.53542626484887, 0.0]], [[0.0, 579.9999999999999], [200.0, 659.9999999999999], [200.0, 759.9999999999999], [0.0, 759.9999999999999], [0.0, 579.9999999999999]], [[555.362019842248, 565.3884596242663], [655.362019842248, 565.3884596242663], [655.362019842248, 745.3884596242663], [555.362019842248, 745.3884596242663], [555.362019842248, 565.3884596242663]], [[0.0, 570.4803856128788], [0.0, 290.48038561287876], [280.0, 290.48038561287876], [0.0, 570.4803856128788]], [[0.0, 10.480385612878763], [200.0, 10.480385612878763], [200.0, 210.48038561287876], [0.0, 290.48038561287876], [0.0, 10.480385612878763]], [[555.362019842248, 725.3884596242663], [395.36201984224795, 645.3884596242663], [555.362019842248, 565.3884596242663], [555.362019842248, 725.3884596242663]], [[266.2490203947207, 418.64526189692026], [266.2490203947207, 698.6452618969203], [26.249020394720674, 558.6452618969203], [266.2490203947207, 418.64526189692026]]]"
Wed Jul 22 20:05:36 2020,2,3,True,677.2407805274973,0.841650438646107,"[0, 0, 0, 1, 1, 0, 0, 0, 3, 0, 0, 1]","[[[280.0, 560.0], [480.0, 560.0], [480.0, 760.0], [280.0, 760.0], [280.0, 560.0]], [[180.0, 0.0], [380.0, 0.0], [380.0, 200.0], [180.0, 200.0], [180.0, 0.0]], [[380.0, 0.0], [660.0, 0.0], [660.0, 180.0], [380.0, 180.0], [380.0, 0.0]], [[155.6521739130435, 115.6521739130435], [155.6521739130435, 395.6521739130435], [15.652173913043498, 255.6521739130435], [155.6521739130435, 115.6521739130435]], [[0.0, 0.0], [180.0, 0.0], [0.0, 280.0], [0.0, 0.0]], [[161.77836065189058, 200.0], [441.7783606518906, 200.0], [441.7783606518906, 480.0], [161.77836065189058, 480.0], [161.77836065189058, 200.0]], [[477.24078052749735, 580.0], [677.2407805274973, 660.0], [677.2407805274973, 760.0], [477.24078052749735, 760.0], [477.24078052749735, 580.0]], [[180.0, 580.0], [280.0, 580.0], [280.0, 760.0], [180.0, 760.0], [180.0, 580.0]], [[0.0, 760.0], [0.0, 480.0], [280.0, 480.0], [0.0, 760.0]], [[441.7783606518906, 180.0], [641.7783606518906, 180.0], [641.7783606518906, 380.0], [441.7783606518906, 460.0], [441.7783606518906, 180.0]], [[0.0, 480.0], [80.0, 320.0], [160.0, 480.0], [0.0, 480.0]], [[656.2037517877305, 371.58518850409325], [656.2037517877305, 651.5851885040933], [416.20375178773054, 511.58518850409325], [656.2037517877305, 371.58518850409325]]]"
Wed Jul 22 20:05:57 2020,2,1,True,684.0131883327723,0.8333172659862446,"[0, 0, 1, 1, 1, 0, 3, 1, 3, 1, 3, 3]","[[[0.0, 352.5004115757574], [200.0, 352.5004115757574], [200.0, 552.5004115757574], [0.0, 552.5004115757574], [0.0, 352.5004115757574]], [[0.0, 560.0], [200.0, 560.0], [200.0, 760.0], [0.0, 760.0], [0.0, 560.0]], [[684.0131883327723, 100.0], [684.0131883327723, 380.0], [504.0131883327723, 380.0], [504.0131883327723, 100.0], [684.0131883327723, 100.0]], [[224.0131883327723, 55.9868116672277], [224.0131883327723, 335.9868116672277], [84.0131883327723, 195.9868116672277], [224.0131883327723, 55.9868116672277]], [[494.1885187051373, 380.0], [674.1885187051373, 380.0], [494.1885187051373, 660.0], [494.1885187051373, 380.0]], [[224.0131883327723, 55.9868116672277], [504.0131883327723, 55.9868116672277], [504.0131883327723, 335.9868116672277], [224.0131883327723, 335.9868116672277], [224.0131883327723, 55.9868116672277]], [[504.0131883327723, 720.2727361347902], [584.0131883327723, 520.2727361347902], [684.0131883327723, 520.2727361347902], [684.0131883327723, 720.2727361347902], [504.0131883327723, 720.2727361347902]], [[684.0131883327723, 0.0], [684.0131883327723, 100.0], [504.0131883327723, 100.0], [504.0131883327723, 0.0], [684.0131883327723, 0.0]], [[0.0, 280.0], [0.0, 0.0], [280.0, 0.0], [0.0, 280.0]], [[494.1885187051373, 335.9868116672277], [494.1885187051373, 535.9868116672277], [294.1885187051373, 535.9868116672277], [214.1885187051373, 335.9868116672277], [494.1885187051373, 335.9868116672277]], [[494.1885187051373, 760.0], [334.1885187051373, 680.0], [494.1885187051373, 600.0], [494.1885187051373, 760.0]], [[200.0, 760.0], [200.0, 480.0], [440.0, 620.0], [200.0, 760.0]]]"
Wed Jul 22 20:06:07 2020,2,0,True,656.6526607994614,0.8680388187356715,"[0, 0, 1, 3, 1, 0, 3, 1, 0, 2, 3, 3]","[[[456.6526607994614, 560.0], [656.6526607994614, 560.0], [656.6526607994614, 760.0], [456.6526607994614, 760.0], [456.6526607994614, 560.0]], [[180.0, 100.0], [380.0, 100.0], [380.0, 300.0], [180.0, 300.0], [180.0, 100.0]], [[180.0, 0.0], [180.0, 280.0], [0.0, 280.0], [0.0, 0.0], [180.0, 0.0]], [[0.0, 560.0], [0.0, 280.0], [140.0, 420.0], [0.0, 560.0]], [[410.9383750851755, 280.0], [590.9383750851755, 280.0], [410.9383750851755, 560.0], [410.9383750851755, 280.0]], [[376.6526607994614, 0.0], [656.6526607994614, 0.0], [656.6526607994614, 280.0], [376.6526607994614, 280.0], [376.6526607994614, 0.0]], [[459.50980365660405, 560.0], [539.509803656604, 360.0], [639.509803656604, 360.0], [639.509803656604, 560.0], [459.50980365660405, 560.0]], [[360.0, 0.0], [360.0, 100.0], [180.0, 100.0], [180.0, 0.0], [360.0, 0.0]], [[130.9383750851755, 300.0], [410.9383750851755, 300.0], [410.9383750851755, 580.0], [130.9383750851755, 300.0]], [[200.0, 760.0], [0.0, 760.0], [0.0, 560.0], [200.0, 480.0], [200.0, 760.0]], [[456.6526607994614, 760.0], [296.6526607994614, 680.0], [456.6526607994614, 600.0], [456.6526607994614, 760.0]], [[199.5098036566042, 736.6666666666667], [199.5098036566042, 456.66666666666674], [439.50980365660416, 596.6666666666667], [199.5098036566042, 736.6666666666667]]]"
Wed Jul 22 20:06:21 2020,2,1,True,663.219187407456,0.8594443749858133,"[0, 0, 0, 3, 3, 0, 0, 1, 0, 2, 0, 0]","[[[0.0, 560.0], [200.0, 560.0], [200.0, 760.0], [0.0, 760.0], [0.0, 560.0]], [[200.0, 559.9999999999999], [400.0, 559.9999999999999], [400.0, 759.9999999999999], [200.0, 759.9999999999999], [200.0, 559.9999999999999]], [[380.0, 0.0], [660.0, 0.0], [660.0, 180.0], [380.0, 180.0], [380.0, 0.0]], [[202.0, 560.0], [202.0, 280.0], [342.0, 420.0], [202.0, 560.0]], [[623.0952380952382, 760.0], [443.0952380952382, 760.0], [623.0952380952382, 480.0], [623.0952380952382, 760.0]], [[382.0, 180.0], [662.0, 180.0], [662.0, 460.0], [382.0, 460.0], [382.0, 180.0]], [[180.0, 0.0], [380.0, 80.0], [380.0, 180.0], [180.0, 180.0], [180.0, 0.0]], [[180.0, 0.0], [180.0, 100.0], [0.0, 100.0], [0.0, 0.0], [180.0, 0.0]], [[102.0, 180.0], [382.0, 180.0], [382.0, 460.0], [102.0, 180.0]], [[202.0, 560.0], [2.0, 560.0], [2.0, 360.0], [202.0, 280.0], [202.0, 560.0]], [[0.0, 296.0], [80.0, 136.0], [160.0, 296.0], [0.0, 296.0]], [[341.6666666666667, 459.9999999999999], [621.6666666666667, 459.9999999999999], [481.6666666666667, 699.9999999999999], [341.6666666666667, 459.9999999999999]]]"
Wed Jul 22 20:07:09 2020,2,3,True,669.8513792815306,0.8509350247384289,"[0, 0, 1, 0, 0, 0, 2, 0, 1, 0, 1, 2]","[[[236.25934680486574, 0.0], [436.25934680486574, 0.0], [436.25934680486574, 200.0], [236.25934680486574, 200.0], [236.25934680486574, 0.0]], [[356.69041991115773, 560.0], [556.6904199111577, 560.0], [556.6904199111577, 760.0], [356.69041991115773, 760.0], [356.69041991115773, 560.0]], [[180.0, 256.69041991115773], [180.0, 536.6904199111577], [0.0, 536.6904199111577], [0.0, 256.69041991115773], [180.0, 256.69041991115773]], [[19.999999999999886, 536.6904199111577], [299.9999999999999, 536.6904199111577], [159.9999999999999, 676.6904199111577], [19.999999999999886, 536.6904199111577]], [[0.0, 256.69041991115773], [0.0, 76.69041991115773], [280.0, 256.69041991115773], [0.0, 256.69041991115773]], [[380.0, 280.0], [660.0, 280.0], [660.0, 560.0], [380.0, 560.0], [380.0, 280.0]], [[236.25934680486574, 180.0], [36.25934680486574, 100.0], [36.25934680486574, 0.0], [236.25934680486574, 0.0], [236.25934680486574, 180.0]], [[556.6904199111577, 560.0], [656.6904199111577, 560.0], [656.6904199111577, 740.0], [556.6904199111577, 740.0], [556.6904199111577, 560.0]], [[356.6904199111576, 480.0], [356.6904199111576, 760.0], [76.69041991115762, 760.0], [356.6904199111576, 480.0]], [[179.9999999999999, 256.69041991115773], [379.9999999999999, 256.69041991115773], [379.9999999999999, 456.69041991115773], [179.9999999999999, 536.6904199111577], [179.9999999999999, 256.69041991115773]], [[0.0, 596.6904199111577], [160.0, 676.6904199111577], [0.0, 756.6904199111577], [0.0, 596.6904199111577]], [[669.5926801381991, 280.0], [389.59268013819906, 280.0], [529.5926801381991, 40.0], [669.5926801381991, 280.0]]]"
Wed Jul 22 20:07:33 2020,2,1,True,676.549893074346,0.8425099254835929,"[0, 0, 1, 3, 3, 0, 0, 1, 3, 1, 2, 2]","[[[200.0, 0.0], [400.0, 0.0], [400.0, 200.0], [200.0, 200.0], [200.0, 0.0]], [[0.0, 0.0], [200.0, 0.0], [200.0, 200.0], [0.0, 200.0], [0.0, 0.0]], [[380.0, 200.0], [380.0, 480.0], [200.0, 480.0], [200.0, 200.0], [380.0, 200.0]], [[280.0, 760.0], [280.0, 480.0], [420.0, 620.0], [280.0, 760.0]], [[280.0, 760.0], [100.0, 760.0], [280.0, 480.0], [280.0, 760.0]], [[380.0, 280.0], [660.0, 280.0], [660.0, 560.0], [380.0, 560.0], [380.0, 280.0]], [[0.0, 200.0], [200.0, 280.0], [200.0, 380.0], [0.0, 380.0], [0.0, 200.0]], [[180.0, 380.0], [180.0, 480.0], [0.0, 480.0], [0.0, 380.0], [180.0, 380.0]], [[0.0, 760.0], [0.0, 480.0], [280.0, 480.0], [0.0, 760.0]], [[676.0, 560.0], [676.0, 760.0], [476.0, 760.0], [396.0, 560.0], [676.0, 560.0]], [[670.0, 0.0], [590.0, 160.0], [510.0, 0.0], [670.0, 0.0]], [[660.0, 280.0], [380.0, 280.0], [520.0, 40.0], [660.0, 280.0]]]"
Wed Jul 22 20:08:26 2020,2,3,True,683.3153920050894,0.8341682430530624,"[0, 0, 0, 3, 2, 0, 1, 0, 0, 3, 1, 2]","[[[449.4878973513721, 0.0], [649.4878973513721, 0.0], [649.4878973513721, 200.0], [449.4878973513721, 200.0], [449.4878973513721, 0.0]], [[465.4338874161581, 200.0], [665.4338874161581, 200.0], [665.4338874161581, 400.0], [465.4338874161581, 400.0], [465.4338874161581, 200.0]], [[380.0, 580.0], [660.0, 580.0], [660.0, 760.0], [380.0, 760.0], [380.0, 580.0]], [[325.4338874161581, 435.945990064786], [325.4338874161581, 155.94599006478597], [465.4338874161581, 295.945990064786], [325.4338874161581, 435.945990064786]], [[664.4444444444445, 400.0], [664.4444444444445, 580.0], [384.44444444444446, 400.0], [664.4444444444445, 400.0]], [[99.99999999999994, 480.0], [379.99999999999994, 480.0], [379.99999999999994, 760.0], [99.99999999999994, 760.0], [99.99999999999994, 480.0]], [[180.0, 230.5121026486279], [100.0, 430.5121026486279], [0.0, 430.5121026486279], [0.0, 230.5121026486279], [180.0, 230.5121026486279]], [[0.0, 480.0], [100.0, 480.0], [100.0, 660.0], [0.0, 660.0], [0.0, 480.0]], [[169.4878973513721, 0.0], [449.4878973513721, 0.0], [449.4878973513721, 280.0], [169.4878973513721, 0.0]], [[0.0, 230.5121026486279], [0.0, 30.512102648627888], [200.0, 30.512102648627888], [280.0, 230.5121026486279], [0.0, 230.5121026486279]], [[379.99999999999994, 420.0], [540.0, 500.0], [379.99999999999994, 580.0], [379.99999999999994, 420.0]], [[351.13205987836625, 480.0], [71.13205987836625, 480.0], [211.13205987836625, 240.0], [351.13205987836625, 480.0]]]"
Wed Jul 22 20:08:35 2020,2,0,True,655.9827763248858,0.8689252531802734,"[0, 0, 0, 3, 2, 0, 1, 0, 0, 3, 0, 2]","[[[455.9827763248858, 0.0], [655.9827763248858, 0.0], [655.9827763248858, 200.0], [455.9827763248858, 200.0], [455.9827763248858, 0.0]], [[455.9827763248858, 200.0], [655.9827763248858, 200.0], [655.9827763248858, 400.0], [455.9827763248858, 400.0], [455.9827763248858, 200.0]], [[375.9827763248858, 580.0], [655.9827763248858, 580.0], [655.9827763248858, 760.0], [375.9827763248858, 760.0], [375.9827763248858, 580.0]], [[315.9827763248858, 419.7440853368906], [315.9827763248858, 139.74408533689058], [455.9827763248858, 279.7440853368906], [315.9827763248858, 419.7440853368906]], [[655.9827763248858, 400.0], [655.9827763248858, 580.0], [375.9827763248858, 400.0], [655.9827763248858, 400.0]], [[0.0, 480.0], [280.0, 480.0], [280.0, 760.0], [0.0, 760.0], [0.0, 480.0]], [[180.0, 230.5121026486279], [100.0, 430.5121026486279], [0.0, 430.5121026486279], [0.0, 230.5121026486279], [180.0, 230.5121026486279]], [[280.0, 580.0], [380.0, 580.0], [380.0, 760.0], [280.0, 760.0], [280.0, 580.0]], [[175.98277632488578, 0.0], [455.9827763248858, 0.0], [455.9827763248858, 280.0], [175.98277632488578, 0.0]], [[0.0, 224.01722367511422], [0.0, 24.017223675114224], [200.0, 24.017223675114224], [280.0, 224.01722367511422], [0.0, 224.01722367511422]], [[301.13205987836625, 580.0], [381.13205987836625, 420.0], [461.13205987836625, 580.0], [301.13205987836625, 580.0]], [[351.13205987836625, 480.0], [71.13205987836625, 480.0], [211.13205987836625, 240.0], [351.13205987836625, 480.0]]]"
Wed Jul 22 20:09:08 2020,2,1,True,662.5426040881347,0.8603220328517557,"[0, 0, 1, 2, 1, 0, 1, 0, 0, 2, 2, 2]","[[[0.0, 560.0], [200.0, 560.0], [200.0, 760.0], [0.0, 760.0], [0.0, 560.0]], [[362.5426040881347, 0.0], [562.5426040881347, 0.0], [562.5426040881347, 200.0], [362.5426040881347, 200.0], [362.5426040881347, 0.0]], [[660.0, 480.0], [660.0, 760.0], [480.0, 760.0], [480.0, 480.0], [660.0, 480.0]], [[662.5426040881347, 480.0], [382.5426040881347, 480.0], [522.5426040881347, 340.0], [662.5426040881347, 480.0]], [[0.0, 0.0], [180.0, 0.0], [0.0, 280.0], [0.0, 0.0]], [[0.0, 280.0], [280.0, 280.0], [280.0, 560.0], [0.0, 560.0], [0.0, 280.0]], [[460.0, 286.35651022033676], [380.0, 486.35651022033676], [280.0, 486.35651022033676], [280.0, 286.35651022033676], [460.0, 286.35651022033676]], [[562.5426040881347, 20.0], [662.5426040881347, 20.0], [662.5426040881347, 200.0], [562.5426040881347, 200.0], [562.5426040881347, 20.0]], [[382.5426040881347, 200.0], [662.5426040881347, 200.0], [662.5426040881347, 480.0], [382.5426040881347, 200.0]], [[480.0, 760.0], [280.0, 760.0], [280.0, 560.0], [480.0, 480.0], [480.0, 760.0]], [[326.0194174757282, 21.747572815533943], [246.01941747572818, 181.74757281553394], [166.01941747572818, 21.747572815533943], [326.0194174757282, 21.747572815533943]], [[294.28571428571433, 279.99999999999994], [14.285714285714334, 279.99999999999994], [154.28571428571433, 39.99999999999994], [294.28571428571433, 279.99999999999994]]]"
Wed Jul 22 20:09:24 2020,2,1,True,669.1680301290161,0.8518039929225304,"[0, 0, 1, 2, 1, 0, 3, 0, 3, 0, 0, 1]","[[[469.1680301290161, 249.8169357562473], [669.1680301290161, 249.8169357562473], [669.1680301290161, 449.8169357562473], [469.1680301290161, 449.8169357562473], [469.1680301290161, 249.8169357562473]], [[0.0, 280.0], [200.0, 280.0], [200.0, 480.0], [0.0, 480.0], [0.0, 280.0]], [[180.0, 480.0], [180.0, 760.0], [0.0, 760.0], [0.0, 480.0], [180.0, 480.0]], [[280.0, 280.0], [0.0, 280.0], [140.0, 140.0], [280.0, 280.0]], [[460.0, 449.8169357562473], [640.0, 449.8169357562473], [460.0, 729.8169357562473], [460.0, 449.8169357562473]], [[180.0, 480.0], [460.0, 480.0], [460.0, 760.0], [180.0, 760.0], [180.0, 480.0]], [[489.1680301290161, 760.0], [569.1680301290161, 560.0], [669.1680301290161, 560.0], [669.1680301290161, 760.0], [489.1680301290161, 760.0]], [[350.0, 280.0], [450.0, 280.0], [450.0, 460.0], [350.0, 460.0], [350.0, 280.0]], [[0.0, 280.0], [0.0, 0.0], [280.0, 0.0], [0.0, 280.0]], [[380.0, 0.0], [580.0, 0.0], [580.0, 200.0], [380.0, 280.0], [380.0, 0.0]], [[200.0, 480.0], [280.0, 320.0], [360.0, 480.0], [200.0, 480.0]], [[380.0, 0.0], [380.0, 280.0], [140.0, 140.0], [380.0, 0.0]]]"
Wed Jul 22 20:09:37 2020,2,1,True,675.8597104303062,0.8433702900223073,"[0, 0, 1, 0, 0, 0, 1, 0, 2, 0, 3, 1]","[[[452.0, 280.0], [652.0, 280.0], [652.0, 480.0], [452.0, 480.0], [452.0, 280.0]], [[375.8597104303062, 0.0], [575.8597104303062, 0.0], [575.8597104303062, 200.0], [375.8597104303062, 200.0], [375.8597104303062, 0.0]], [[675.8597104303062, 480.0], [675.8597104303062, 760.0], [495.8597104303062, 760.0], [495.8597104303062, 480.0], [675.8597104303062, 480.0]], [[0.0, 0.0], [280.0, 0.0], [140.0, 140.0], [0.0, 0.0]], [[172.0, 480.0], [172.0, 300.0], [452.0, 480.0], [172.0, 480.0]], [[215.85971043030622, 480.0], [495.8597104303062, 480.0], [495.8597104303062, 760.0], [215.85971043030622, 760.0], [215.85971043030622, 480.0]], [[180.0, 280.0], [100.0, 480.0], [0.0, 480.0], [0.0, 280.0], [180.0, 280.0]], [[575.8597104303062, 100.0], [675.8597104303062, 100.0], [675.8597104303062, 280.0], [575.8597104303062, 280.0], [575.8597104303062, 100.0]], [[280.0, 280.0], [0.0, 280.0], [0.0, 0.0], [280.0, 280.0]], [[15.859710430306222, 480.0], [215.85971043030622, 480.0], [215.85971043030622, 680.0], [15.859710430306222, 760.0], [15.859710430306222, 480.0]], [[442.40130892385537, 416.4963537878957], [282.40130892385537, 336.4963537878957], [442.40130892385537, 256.4963537878957], [442.40130892385537, 416.4963537878957]], [[380.0, 0.0], [380.0, 280.0], [140.0, 140.0], [380.0, 0.0]]]"
Wed Jul 22 20:09:46 2020,2,0,True,648.8253220130939,0.8785107187732368,"[0, 0, 1, 2, 1, 0, 3, 1, 3, 3, 0, 1]","[[[448.8253220130939, 166.66666666666674], [648.8253220130939, 166.66666666666674], [648.8253220130939, 366.66666666666674], [448.8253220130939, 366.66666666666674], [448.8253220130939, 166.66666666666674]], [[2.256627526541081, 280.00000000000006], [202.25662752654108, 280.00000000000006], [202.25662752654108, 480.00000000000006], [2.256627526541081, 480.00000000000006], [2.256627526541081, 280.00000000000006]], [[180.0, 480.0], [180.0, 760.0], [0.0, 760.0], [0.0, 480.0], [180.0, 480.0]], [[280.0, 280.0], [0.0, 280.0], [140.0, 140.0], [280.0, 280.0]], [[375.9681791559511, 0.0], [555.968179155951, 0.0], [375.9681791559511, 280.0], [375.9681791559511, 0.0]], [[180.0, 480.0], [460.0, 480.0], [460.0, 760.0], [180.0, 760.0], [180.0, 480.0]], [[460.0, 566.6666666666667], [540.0, 366.66666666666674], [640.0, 366.66666666666674], [640.0, 566.6666666666667], [460.0, 566.6666666666667]], [[640.0, 660.0], [640.0, 760.0], [460.0, 760.0], [460.0, 660.0], [640.0, 660.0]], [[0.0, 280.0], [0.0, 0.0], [280.0, 0.0], [0.0, 280.0]], [[202.25662752654108, 480.0], [202.25662752654108, 280.0], [402.2566275265411, 280.0], [482.2566275265411, 480.0], [202.25662752654108, 480.0]], [[477.97091324082675, 166.66666666666674], [557.9709132408268, 6.6666666666667425], [637.9709132408268, 166.66666666666674], [477.97091324082675, 166.66666666666674]], [[380.0, 0.0], [380.0, 280.0], [140.0, 140.0], [380.0, 0.0]]]"
Wed Jul 22 20:10:49 2020,2,3,True,655.3135752332248,0.8698125928447891,"[0, 0, 1, 1, 1, 0, 0, 1, 0, 2, 3, 3]","[[[455.3135752332246, 279.9999999999999], [655.3135752332246, 279.9999999999999], [655.3135752332246, 479.9999999999999], [455.3135752332246, 479.9999999999999], [455.3135752332246, 279.9999999999999]], [[0.0, 180.0], [200.0, 180.0], [200.0, 380.0], [0.0, 380.0], [0.0, 180.0]], [[180.0, 380.0], [180.0, 660.0], [0.0, 660.0], [0.0, 380.0], [180.0, 380.0]], [[361.58413020721264, 480.0], [361.58413020721264, 760.0], [221.58413020721264, 620.0], [361.58413020721264, 480.0]], [[180.0, 404.6864247667752], [360.0, 404.6864247667752], [180.0, 684.6864247667752], [180.0, 404.6864247667752]], [[375.3135752332248, 479.9999999999993], [655.3135752332248, 479.9999999999993], [655.3135752332248, 759.9999999999993], [375.3135752332248, 759.9999999999993], [375.3135752332248, 479.9999999999993]], [[0.0, 0.0], [200.0, 80.0], [200.0, 180.0], [0.0, 180.0], [0.0, 0.0]], [[180.0, 660.0], [180.0, 760.0], [0.0, 760.0], [0.0, 660.0], [180.0, 660.0]], [[175.3135752332248, 0.0], [455.3135752332248, 0.0], [455.3135752332248, 280.0], [175.3135752332248, 0.0]], [[655.3135752332248, 280.0], [455.3135752332248, 280.0], [455.3135752332248, 80.0], [655.3135752332248, 0.0], [655.3135752332248, 280.0]], [[433.8461538461538, 441.6095016898521], [273.8461538461538, 361.6095016898521], [433.8461538461538, 281.6095016898521], [433.8461538461538, 441.6095016898521]], [[200.0, 404.6864247667752], [200.0, 124.68642476677519], [440.0, 264.6864247667752], [200.0, 404.6864247667752]]]"
Wed Jul 22 20:11:13 2020,2,1,True,661.8667109855571,0.8612005869750387,"[0, 0, 1, 0, 2, 0, 1, 1, 1, 2, 1, 3]","[[[261.8667109855571, 0.0], [461.8667109855571, 0.0], [461.8667109855571, 200.0], [261.8667109855571, 200.0], [261.8667109855571, 0.0]], [[461.8667109855571, 0.0], [661.8667109855571, 0.0], [661.8667109855571, 200.0], [461.8667109855571, 200.0], [461.8667109855571, 0.0]], [[180.0, 270.8801139505483], [180.0, 550.8801139505483], [0.0, 550.8801139505483], [0.0, 270.8801139505483], [180.0, 270.8801139505483]], [[371.9606209827316, 200.0], [651.9606209827316, 200.0], [511.9606209827316, 340.0], [371.9606209827316, 200.0]], [[388.5604899555199, 216.59986897278833], [388.5604899555199, 396.59986897278833], [108.56048995551993, 216.59986897278833], [388.5604899555199, 216.59986897278833]], [[371.9606209827316, 480.0], [651.9606209827316, 480.0], [651.9606209827316, 760.0], [371.9606209827316, 760.0], [371.9606209827316, 480.0]], [[180.0, 550.8801139505483], [100.0, 750.8801139505483], [0.0, 750.8801139505483], [0.0, 550.8801139505483], [180.0, 550.8801139505483]], [[249.1010322238958, 0.0], [249.1010322238958, 100.0], [69.1010322238958, 100.0], [69.1010322238958, 0.0], [249.1010322238958, 0.0]], [[651.9606209827316, 200.0], [651.9606209827316, 480.0], [371.9606209827316, 480.0], [651.9606209827316, 200.0]], [[371.9606209827316, 760.0], [171.9606209827316, 760.0], [171.9606209827316, 560.0], [371.9606209827316, 480.0], [371.9606209827316, 760.0]], [[0.0, 110.88011395054832], [160.0, 190.88011395054832], [0.0, 270.8801139505483], [0.0, 110.88011395054832]], [[180.0, 554.9395831654017], [180.0, 274.9395831654017], [420.0, 414.9395831654017], [180.0, 554.9395831654017]]]"
Wed Jul 22 20:11:35 2020,2,1,True,668.4853780954127,0.8526738484901373,"[0, 0, 1, 0, 3, 0, 3, 1, 2, 3, 2, 1]","[[[0.0, 280.0], [200.0, 280.0], [200.0, 480.0], [0.0, 480.0], [0.0, 280.0]], [[0.0, 480.0], [200.0, 480.0], [200.0, 680.0], [0.0, 680.0], [0.0, 480.0]], [[640.0, 0.0], [640.0, 280.0], [460.0, 280.0], [460.0, 0.0], [640.0, 0.0]], [[220.0, 300.0], [500.0, 300.0], [360.0, 440.0], [220.0, 300.0]], [[664.2857142857142, 760.0], [484.2857142857142, 760.0], [664.2857142857142, 480.0], [664.2857142857142, 760.0]], [[0.0, 0.0], [280.0, 0.0], [280.0, 280.0], [0.0, 280.0], [0.0, 0.0]], [[272.0, 300.0], [352.0, 100.0], [452.0, 100.0], [452.0, 300.0], [272.0, 300.0]], [[460.0, 0.0], [460.0, 100.0], [280.0, 100.0], [280.0, 0.0], [460.0, 0.0]], [[480.0, 560.0], [200.0, 560.0], [200.0, 280.0], [480.0, 560.0]], [[200.0, 760.0], [200.0, 560.0], [400.0, 560.0], [480.0, 760.0], [200.0, 760.0]], [[560.0, 560.0], [480.0, 720.0], [400.0, 560.0], [560.0, 560.0]], [[600.0, 300.0], [600.0, 580.0], [360.0, 440.0], [600.0, 300.0]]]"
Wed Jul 22 20:11:52 2020,2,1,True,675.1702318763668,0.8442315331585518,"[0, 0, 1, 1, 0, 0, 1, 0, 3, 0, 1, 1]","[[[0.0, 280.0], [200.0, 280.0], [200.0, 480.0], [0.0, 480.0], [0.0, 280.0]], [[475.17023187636676, 276.89514906337865], [675.1702318763668, 276.89514906337865], [675.1702318763668, 476.89514906337865], [475.17023187636676, 476.89514906337865], [475.17023187636676, 276.89514906337865]], [[280.0, 480.0], [280.0, 760.0], [100.0, 760.0], [100.0, 480.0], [280.0, 480.0]], [[406.9565217391305, 153.04347826086956], [406.9565217391305, 433.04347826086956], [266.9565217391305, 293.04347826086956], [406.9565217391305, 153.04347826086956]], [[200.0, 480.0], [200.0, 300.0], [480.0, 480.0], [200.0, 480.0]], [[0.0, 0.0], [280.0, 0.0], [280.0, 280.0], [0.0, 280.0], [0.0, 0.0]], [[660.0, 484.5918809468311], [580.0, 684.5918809468311], [480.0, 684.5918809468311], [480.0, 484.5918809468311], [660.0, 484.5918809468311]], [[0.0, 580.0], [100.0, 580.0], [100.0, 760.0], [0.0, 760.0], [0.0, 580.0]], [[280.0, 280.0], [280.0, 0.0], [560.0, 0.0], [280.0, 280.0]], [[280.0, 480.0], [480.0, 480.0], [480.0, 680.0], [280.0, 760.0], [280.0, 480.0]], [[411.03946999687605, 148.96053000312395], [571.039469996876, 228.96053000312395], [411.03946999687605, 308.96053000312395], [411.03946999687605, 148.96053000312395]], [[675.1702318763668, 0.0], [675.1702318763668, 280.0], [435.17023187636676, 140.0], [675.1702318763668, 0.0]]]"
Wed Jul 22 20:12:08 2020,2,1,True,681.9219341951305,0.835872805107477,"[0, 0, 0, 1, 2, 0, 0, 0, 2, 1, 0, 0]","[[[0.0, 560.0], [200.0, 560.0], [200.0, 760.0], [0.0, 760.0], [0.0, 560.0]], [[0.0, 360.0], [200.0, 360.0], [200.0, 560.0], [0.0, 560.0], [0.0, 360.0]], [[280.0, 101.62161373170181], [560.0, 101.62161373170181], [560.0, 281.6216137317018], [280.0, 281.6216137317018], [280.0, 101.62161373170181]], [[681.9219341951305, 441.92193419513046], [681.9219341951305, 721.9219341951305], [541.9219341951305, 581.9219341951305], [681.9219341951305, 441.92193419513046]], [[681.9219341951305, 0.0], [681.9219341951305, 180.0], [401.92193419513046, 0.0], [681.9219341951305, 0.0]], [[0.0, 0.0], [280.0, 0.0], [280.0, 280.0], [0.0, 280.0], [0.0, 0.0]], [[444.2403859806035, 299.60348240965743], [644.2403859806035, 379.60348240965743], [644.2403859806035, 479.60348240965743], [444.2403859806035, 479.60348240965743], [444.2403859806035, 299.60348240965743]], [[560.0, 165.90732801741615], [660.0, 165.90732801741615], [660.0, 345.90732801741615], [560.0, 345.90732801741615], [560.0, 165.90732801741615]], [[480.0, 760.0], [200.0, 760.0], [200.0, 480.0], [480.0, 760.0]], [[448.64864549268077, 281.6216137317019], [448.64864549268077, 481.6216137317019], [248.64864549268077, 481.6216137317019], [168.64864549268077, 281.6216137317019], [448.64864549268077, 281.6216137317019]], [[468.38394469170936, 748.3839446917093], [548.3839446917093, 588.3839446917093], [628.3839446917093, 748.3839446917093], [468.38394469170936, 748.3839446917093]], [[313.50088156355145, 493.5008815635516], [593.5008815635515, 493.5008815635516], [453.50088156355145, 733.5008815635516], [313.50088156355145, 493.5008815635516]]]"
Wed Jul 22 20:12:27 2020,2,1,True,688.7411535370818,0.8275968367400762,"[0, 0, 1, 1, 3, 0, 0, 0, 2, 1, 0, 0]","[[[180.0, 560.0], [380.0, 560.0], [380.0, 760.0], [180.0, 760.0], [180.0, 560.0]], [[280.0, 0.0], [480.0, 0.0], [480.0, 200.0], [280.0, 200.0], [280.0, 0.0]], [[180.0, 480.0], [180.0, 760.0], [0.0, 760.0], [0.0, 480.0], [180.0, 480.0]], [[333.3333333333333, 226.66666666666669], [333.3333333333333, 506.6666666666667], [193.33333333333331, 366.6666666666667], [333.3333333333333, 226.66666666666669]], [[676.6666666666667, 760.0], [496.66666666666674, 760.0], [676.6666666666667, 480.0], [676.6666666666667, 760.0]], [[0.0, 0.0], [280.0, 0.0], [280.0, 280.0], [0.0, 280.0], [0.0, 0.0]], [[488.7411535370818, 0.0], [688.7411535370818, 80.0], [688.7411535370818, 180.0], [488.7411535370818, 180.0], [488.7411535370818, 0.0]], [[0.0, 280.0], [100.0, 280.0], [100.0, 460.0], [0.0, 460.0], [0.0, 280.0]], [[613.3333333333333, 520.0], [333.33333333333326, 520.0], [333.33333333333326, 240.0], [613.3333333333333, 520.0]], [[688.7411535370818, 200.0], [688.7411535370818, 400.0], [488.7411535370818, 400.0], [408.7411535370818, 200.0], [688.7411535370818, 200.0]], [[90.0, 480.0], [170.0, 320.0], [250.0, 480.0], [90.0, 480.0]], [[356.6666666666667, 520.0], [636.6666666666667, 520.0], [496.6666666666667, 760.0], [356.6666666666667, 520.0]]]"
Wed Jul 22 20:12:36 2020,2,1,True,695.6285650724526,0.8194028086535406,"[0, 0, 1, 0, 3, 0, 1, 0, 2, 0, 0, 2]","[[[280.0, 560.0], [480.0, 560.0], [480.0, 760.0], [280.0, 760.0], [280.0, 560.0]], [[380.0, 0.0], [580.0, 0.0], [580.0, 200.0], [380.0, 200.0], [380.0, 0.0]], [[180.0, 16.0], [180.0, 296.0], [0.0, 296.0], [0.0, 16.0], [180.0, 16.0]], [[400.0, 200.0], [680.0, 200.0], [540.0, 340.0], [400.0, 200.0]], [[680.0, 480.0], [500.0, 480.0], [680.0, 200.0], [680.0, 480.0]], [[200.0, 280.0], [480.0, 280.0], [480.0, 560.0], [200.0, 560.0], [200.0, 280.0]], [[660.0, 480.0], [580.0, 680.0], [480.0, 680.0], [480.0, 480.0], [660.0, 480.0]], [[580.0, 0.0], [680.0, 0.0], [680.0, 180.0], [580.0, 180.0], [580.0, 0.0]], [[460.0, 280.0], [180.0, 280.0], [180.0, 0.0], [460.0, 280.0]], [[0.0, 296.0], [200.0, 296.0], [200.0, 496.0], [0.0, 576.0], [0.0, 296.0]], [[535.6285650724526, 760.0], [615.6285650724526, 600.0], [695.6285650724526, 760.0], [535.6285650724526, 760.0]], [[280.0, 760.0], [0.0, 760.0], [140.0, 520.0], [280.0, 760.0]]]"
Wed Jul 22 20:12:41 2020,2,0,True,667.8034224695544,0.8535445923474384,"[0, 0, 1, 1, 2, 0, 1, 1, 2, 1, 2, 2]","[[[460.0, 0.0], [660.0, 0.0], [660.0, 200.0], [460.0, 200.0], [460.0, 0.0]], [[0.0, 280.0], [200.0, 280.0], [200.0, 480.0], [0.0, 480.0], [0.0, 280.0]], [[180.0, 0.0], [180.0, 280.0], [0.0, 280.0], [0.0, 0.0], [180.0, 0.0]], [[667.8034224695544, 452.19657753044555], [667.8034224695544, 732.1965775304456], [527.8034224695544, 592.1965775304456], [667.8034224695544, 452.19657753044555]], [[460.0, 0.0], [460.0, 180.0], [180.0, 0.0], [460.0, 0.0]], [[200.0, 280.0], [480.0, 280.0], [480.0, 560.0], [200.0, 560.0], [200.0, 280.0]], [[660.0, 340.0], [580.0, 540.0], [480.0, 540.0], [480.0, 340.0], [660.0, 340.0]], [[660.0, 200.0], [660.0, 300.0], [480.0, 300.0], [480.0, 200.0], [660.0, 200.0]], [[460.0, 280.0], [180.0, 280.0], [180.0, 0.0], [460.0, 280.0]], [[516.6666666666665, 560.0], [516.6666666666665, 760.0], [316.6666666666665, 760.0], [236.66666666666652, 560.0], [516.6666666666665, 560.0]], [[160.0, 480.0], [80.0, 640.0], [0.0, 480.0], [160.0, 480.0]], [[290.0, 760.0], [10.0, 760.0], [150.0, 520.0], [290.0, 760.0]]]"
Wed Jul 22 20:13:00 2020,2,1,True,674.48145669425,0.8450936557895429,"[0, 0, 1, 0, 1, 0, 3, 1, 3, 0, 3, 2]","[[[470.5456427853861, 560.0], [670.5456427853861, 560.0], [670.5456427853861, 760.0], [470.5456427853861, 760.0], [470.5456427853861, 560.0]], [[474.48145669425, 5.518543305749972], [674.48145669425, 5.518543305749972], [674.48145669425, 205.51854330574997], [474.48145669425, 205.51854330574997], [474.48145669425, 5.518543305749972]], [[650.5456427853861, 280.0], [650.5456427853861, 560.0], [470.5456427853861, 560.0], [470.5456427853861, 280.0], [650.5456427853861, 280.0]], [[187.5425644999259, 601.50153914273], [467.5425644999259, 601.50153914273], [327.5425644999259, 741.50153914273], [187.5425644999259, 601.50153914273]], [[0.0, 457.7777777777778], [180.0, 457.7777777777778], [0.0, 737.7777777777778], [0.0, 457.7777777777778]], [[187.54256449992585, 321.50153914273005], [467.54256449992585, 321.50153914273005], [467.54256449992585, 601.50153914273], [187.54256449992585, 601.50153914273], [187.54256449992585, 321.50153914273005]], [[0.0, 448.0], [80.0, 248.0], [180.0, 248.0], [180.0, 448.0], [0.0, 448.0]], [[438.49846085726995, 221.50153914273005], [438.49846085726995, 321.50153914273005], [258.49846085726995, 321.50153914273005], [258.49846085726995, 221.50153914273005], [438.49846085726995, 221.50153914273005]], [[200.0, 280.0], [200.0, 0.0], [480.0, 0.0], [200.0, 280.0]], [[0.0, 0.0], [200.0, 0.0], [200.0, 200.0], [0.0, 280.0], [0.0, 0.0]], [[478.49846085726995, 241.50153914273005], [318.49846085726995, 161.50153914273005], [478.49846085726995, 81.50153914273005], [478.49846085726995, 241.50153914273005]], [[280.0, 760.0], [0.0, 760.0], [140.0, 520.0], [280.0, 760.0]]]"
Wed Jul 22 20:13:23 2020,2,1,True,681.2262712611926,0.8367263918708345,"[0, 0, 1, 1, 1, 0, 2, 1, 0, 2, 1, 3]","[[[200.0, 560.0], [400.0, 560.0], [400.0, 760.0], [200.0, 760.0], [200.0, 560.0]], [[200.0, 280.0], [400.0, 280.0], [400.0, 480.0], [200.0, 480.0], [200.0, 280.0]], [[180.0, 0.0], [180.0, 280.0], [0.0, 280.0], [0.0, 0.0], [180.0, 0.0]], [[681.2262712611926, 67.02820664592491], [681.2262712611926, 347.0282066459249], [541.2262712611926, 207.0282066459249], [681.2262712611926, 67.02820664592491]], [[460.0, 0.0], [640.0, 0.0], [460.0, 280.0], [460.0, 0.0]], [[180.0, 0.0], [460.0, 0.0], [460.0, 280.0], [180.0, 280.0], [180.0, 0.0]], [[200.0, 460.0], [0.0, 380.0], [0.0, 280.0], [200.0, 280.0], [200.0, 460.0]], [[580.0, 280.0], [580.0, 380.0], [400.0, 380.0], [400.0, 280.0], [580.0, 280.0]], [[400.0, 380.0], [680.0, 380.0], [680.0, 660.0], [400.0, 380.0]], [[200.0, 760.0], [0.0, 760.0], [0.0, 560.0], [200.0, 480.0], [200.0, 760.0]], [[0.0, 396.9426758897306], [160.0, 476.9426758897306], [0.0, 556.9426758897306], [0.0, 396.9426758897306]], [[400.0, 760.0], [400.0, 480.0], [640.0, 620.0], [400.0, 760.0]]]"
Wed Jul 22 20:13:31 2020,2,1,True,688.0385339738045,0.828441972149341,"[0, 0, 1, 3, 1, 0, 1, 0, 0, 0, 0, 2]","[[[180.0, 480.0], [380.0, 480.0], [380.0, 680.0], [180.0, 680.0], [180.0, 480.0]], [[180.0, 280.0], [380.0, 280.0], [380.0, 480.0], [180.0, 480.0], [180.0, 280.0]], [[180.0, 480.0], [180.0, 760.0], [0.0, 760.0], [0.0, 480.0], [180.0, 480.0]], [[380.0, 666.0227795892552], [380.0, 386.02277958925515], [520.0, 526.0227795892552], [380.0, 666.0227795892552]], [[480.0, 0.0], [660.0, 0.0], [480.0, 280.0], [480.0, 0.0]], [[200.0, 0.0], [480.0, 0.0], [480.0, 280.0], [200.0, 280.0], [200.0, 0.0]], [[180.0, 280.0], [100.0, 480.0], [0.0, 480.0], [0.0, 280.0], [180.0, 280.0]], [[562.495804245182, 151.67319339638357], [662.495804245182, 151.67319339638357], [662.495804245182, 331.67319339638357], [562.495804245182, 331.67319339638357], [562.495804245182, 151.67319339638357]], [[393.93648149011574, 390.42319339638357], [673.9364814901157, 390.42319339638357], [673.9364814901157, 670.4231933963836], [393.93648149011574, 390.42319339638357]], [[0.0, 0.0], [200.0, 0.0], [200.0, 200.0], [0.0, 280.0], [0.0, 0.0]], [[431.87080424518194, 390.42319339638357], [511.87080424518194, 230.42319339638357], [591.870804245182, 390.42319339638357], [431.87080424518194, 390.42319339638357]], [[663.5132880937322, 760.0], [383.51328809373217, 760.0], [523.5132880937322, 520.0], [663.5132880937322, 760.0]]]"
Wed Jul 22 20:13:39 2020,2,1,True,694.9189193135426,0.8202395763854862,"[0, 0, 1, 3, 1, 0, 1, 0, 0, 0, 0, 2]","[[[180.0, 480.0], [380.0, 480.0], [380.0, 680.0], [180.0, 680.0], [180.0, 480.0]], [[180.0, 280.0], [380.0, 280.0], [380.0, 480.0], [180.0, 480.0], [180.0, 280.0]], [[180.0, 480.0], [180.0, 760.0], [0.0, 760.0], [0.0, 480.0], [180.0, 480.0]], [[380.0, 672.9843522064882], [380.0, 392.9843522064882], [520.0, 532.9843522064882], [380.0, 672.9843522064882]], [[480.0, 0.0], [660.0, 0.0], [480.0, 280.0], [480.0, 0.0]], [[200.0, 0.0], [480.0, 0.0], [480.0, 280.0], [200.0, 280.0], [200.0, 0.0]], [[180.0, 280.0], [100.0, 480.0], [0.0, 480.0], [0.0, 280.0], [180.0, 280.0]], [[560.5169926148524, 154.75134482134058], [660.5169926148524, 154.75134482134058], [660.5169926148524, 334.7513448213406], [560.5169926148524, 334.7513448213406], [560.5169926148524, 154.75134482134058]], [[401.07555027512535, 393.5013448213406], [681.0755502751254, 393.5013448213406], [681.0755502751254, 673.5013448213406], [401.07555027512535, 393.5013448213406]], [[0.0, 0.0], [200.0, 0.0], [200.0, 200.0], [0.0, 280.0], [0.0, 0.0]], [[429.89199261485237, 393.5013448213406], [509.89199261485237, 233.50134482134058], [589.8919926148524, 393.5013448213406], [429.89199261485237, 393.5013448213406]], [[667.5742054537848, 760.0], [387.57420545378477, 760.0], [527.5742054537848, 520.0], [667.5742054537848, 760.0]]]"
Wed Jul 22 20:13:40 2020,2,0,True,667.1221625410009,0.854416225401548,"[0, 0, 1, 3, 1, 0, 1, 0, 0, 0, 0, 2]","[[[180.0, 480.0], [380.0, 480.0], [380.0, 680.0], [180.0, 680.0], [180.0, 480.0]], [[180.0, 280.0], [380.0, 280.0], [380.0, 480.0], [180.0, 480.0], [180.0, 280.0]], [[180.0, 480.0], [180.0, 760.0], [0.0, 760.0], [0.0, 480.0], [180.0, 480.0]], [[380.0, 653.6208177196604], [380.0, 373.6208177196604], [520.0, 513.6208177196604], [380.0, 653.6208177196604]], [[479.9999999999999, 0.0], [659.9999999999999, 0.0], [479.9999999999999, 280.0], [479.9999999999999, 0.0]], [[200.0, 0.0], [480.0, 0.0], [480.0, 280.0], [200.0, 280.0], [200.0, 0.0]], [[180.0, 280.0], [100.0, 480.0], [0.0, 480.0], [0.0, 280.0], [180.0, 280.0]], [[567.1221625410009, 138.79970853494194], [667.1221625410009, 138.79970853494194], [667.1221625410009, 318.79970853494194], [567.1221625410009, 318.79970853494194], [567.1221625410009, 138.79970853494194]], [[387.1221625410009, 380.7429802606613], [667.1221625410009, 380.7429802606613], [667.1221625410009, 660.7429802606613], [387.1221625410009, 380.7429802606613]], [[0.0, 0.0], [200.0, 0.0], [200.0, 200.0], [0.0, 280.0], [0.0, 0.0]], [[438.09379840386055, 380.7429802606613], [518.0937984038605, 220.74298026066128], [598.0937984038605, 380.7429802606613], [438.09379840386055, 380.7429802606613]], [[653.6208177196603, 760.0], [373.6208177196603, 760.0], [513.6208177196603, 520.0], [653.6208177196603, 760.0]]]"
Wed Jul 22 20:14:33 2020,2,3,True,673.7933841664109,0.845956658813414,"[0, 0, 1, 0, 2, 0, 1, 0, 2, 1, 0, 3]","[[[180.0, 12.576036831839502], [380.0, 12.576036831839502], [380.0, 212.5760368318395], [180.0, 212.5760368318395], [180.0, 12.576036831839502]], [[0.0, 279.99999999999994], [200.0, 279.99999999999994], [200.0, 479.99999999999994], [0.0, 479.99999999999994], [0.0, 279.99999999999994]], [[180.0, 0.0], [180.0, 280.0], [0.0, 280.0], [0.0, 0.0], [180.0, 0.0]], [[112.57603683183947, 592.5760368318395], [392.5760368318395, 592.5760368318395], [252.57603683183947, 732.5760368318395], [112.57603683183947, 592.5760368318395]], [[673.7933841664109, 0.0], [673.7933841664109, 180.0], [393.7933841664109, 0.0], [673.7933841664109, 0.0]], [[389.28892357171037, 280.0], [669.2889235717104, 280.0], [669.2889235717104, 560.0], [389.28892357171037, 560.0], [389.28892357171037, 280.0]], [[380.0, 392.5760368318395], [300.0, 592.5760368318395], [200.0, 592.5760368318395], [200.0, 392.5760368318395], [380.0, 392.5760368318395]], [[280.0, 212.57603683183947], [380.0, 212.57603683183947], [380.0, 392.5760368318395], [280.0, 392.5760368318395], [280.0, 212.57603683183947]], [[280.0, 760.0], [0.0, 760.0], [0.0, 480.0], [280.0, 760.0]], [[669.2889235717104, 560.0], [669.2889235717104, 760.0], [469.28892357171037, 760.0], [389.28892357171037, 560.0], [669.2889235717104, 560.0]], [[305.15207366367895, 760.0], [385.15207366367895, 600.0], [465.15207366367895, 760.0], [305.15207366367895, 760.0]], [[380.0, 285.41853875016443], [380.0, 5.41853875016443], [620.0, 145.41853875016443], [380.0, 285.41853875016443]]]"
Wed Jul 22 20:15:04 2020,2,1,True,680.531318008075,0.8375808503103108,"[0, 0, 0, 1, 1, 0, 0, 1, 1, 2, 0, 2]","[[[200.0, 560.0], [400.0, 560.0], [400.0, 760.0], [200.0, 760.0], [200.0, 560.0]], [[0.0, 283.39999618720304], [200.0, 283.39999618720304], [200.0, 483.39999618720304], [0.0, 483.39999618720304], [0.0, 283.39999618720304]], [[400.0, 579.585353333807], [680.0, 579.585353333807], [680.0, 759.585353333807], [400.0, 759.585353333807], [400.0, 579.585353333807]], [[348.4500046752153, 0.0], [348.4500046752153, 280.0], [208.45000467521533, 140.0], [348.4500046752153, 0.0]], [[0.0, 0.0], [180.0, 0.0], [0.0, 280.0], [0.0, 0.0]], [[400.0, 299.585353333807], [680.0, 299.585353333807], [680.0, 579.585353333807], [400.0, 579.585353333807], [400.0, 299.585353333807]], [[0.0, 480.0], [200.0, 560.0], [200.0, 660.0], [0.0, 660.0], [0.0, 480.0]], [[200.0, 660.0], [200.0, 760.0], [20.0, 760.0], [20.0, 660.0], [200.0, 660.0]], [[680.531318008075, 19.585353333807006], [680.531318008075, 299.585353333807], [400.531318008075, 299.585353333807], [680.531318008075, 19.585353333807006]], [[400.0, 560.0], [200.0, 560.0], [200.0, 360.0], [400.0, 280.0], [400.0, 560.0]], [[348.4500046752153, 160.0], [428.4500046752153, 0.0], [508.4500046752153, 160.0], [348.4500046752153, 160.0]], [[292.10000245108375, 283.39999618720304], [12.100002451083753, 283.39999618720304], [152.10000245108375, 43.399996187203044], [292.10000245108375, 283.39999618720304]]]"
Wed Jul 22 20:15:28 2020,2,1,True,687.3366311881557,0.8292879706042682,"[0, 0, 1, 0, 3, 0, 3, 1, 2, 1, 2, 3]","[[[0.0, 222.59453249399394], [200.0, 222.59453249399394], [200.0, 422.59453249399394], [0.0, 422.59453249399394], [0.0, 222.59453249399394]], [[0.0, 0.0], [200.0, 0.0], [200.0, 200.0], [0.0, 200.0], [0.0, 0.0]], [[683.3100652877517, 480.0], [683.3100652877517, 760.0], [503.31006528775174, 760.0], [503.31006528775174, 480.0], [683.3100652877517, 480.0]], [[135.9278658273272, 615.9278658273272], [415.9278658273272, 615.9278658273272], [275.9278658273272, 755.9278658273272], [135.9278658273272, 615.9278658273272]], [[503.3100652877518, 760.0], [323.3100652877518, 760.0], [503.3100652877518, 480.0], [503.3100652877518, 760.0]], [[407.3366311881557, 200.0], [687.3366311881557, 200.0], [687.3366311881557, 480.0], [407.3366311881557, 480.0], [407.3366311881557, 200.0]], [[227.3366311881557, 515.9278658273272], [307.3366311881557, 315.9278658273272], [407.3366311881557, 315.9278658273272], [407.3366311881557, 515.9278658273272], [227.3366311881557, 515.9278658273272]], [[382.61780053957534, 515.9278658273272], [382.61780053957534, 615.9278658273272], [202.61780053957534, 615.9278658273272], [202.61780053957534, 515.9278658273272], [382.61780053957534, 515.9278658273272]], [[280.0, 760.0], [0.0, 760.0], [0.0, 480.0], [280.0, 760.0]], [[664.0, 0.0], [664.0, 200.0], [464.0, 200.0], [384.0, 0.0], [664.0, 0.0]], [[182.59453249399388, 422.59453249399394], [102.5945324939939, 582.5945324939939], [22.594532493993896, 422.59453249399394], [182.59453249399388, 422.59453249399394]], [[200.0, 280.0], [200.0, 0.0], [440.0, 140.0], [200.0, 280.0]]]"
Wed Jul 22 20:15:28 2020,2,0,True,659.8431659406294,0.8638416360461127,"[0, 0, 1, 0, 3, 0, 1, 1, 2, 1, 2, 3]","[[[0.0, 222.59453249399394], [200.0, 222.59453249399394], [200.0, 422.59453249399394], [0.0, 422.59453249399394], [0.0, 222.59453249399394]], [[0.0, 0.0], [200.0, 0.0], [200.0, 200.0], [0.0, 200.0], [0.0, 0.0]], [[659.8431659406294, 480.0], [659.8431659406294, 760.0], [479.84316594062943, 760.0], [479.84316594062943, 480.0], [659.8431659406294, 480.0]], [[121.64366622473102, 601.6436662247309], [401.643666224731, 601.6436662247309], [261.643666224731, 741.6436662247309], [121.64366622473102, 601.6436662247309]], [[479.84316594062943, 760.0], [299.84316594062943, 760.0], [479.84316594062943, 480.0], [479.84316594062943, 760.0]], [[379.84316594062943, 200.0], [659.8431659406294, 200.0], [659.8431659406294, 480.0], [379.84316594062943, 480.0], [379.84316594062943, 200.0]], [[379.84316594062943, 290.3920851484264], [299.84316594062943, 490.3920851484264], [199.84316594062943, 490.3920851484264], [199.84316594062943, 290.3920851484264], [379.84316594062943, 290.3920851484264]], [[323.0699656286255, 501.64366622473085], [323.0699656286255, 601.6436662247309], [143.06996562862548, 601.6436662247309], [143.06996562862548, 501.64366622473085], [323.0699656286255, 501.64366622473085]], [[280.0, 760.0], [0.0, 760.0], [0.0, 480.0], [280.0, 760.0]], [[659.8431659406294, 0.0], [659.8431659406294, 200.0], [459.84316594062943, 200.0], [379.84316594062943, 0.0], [659.8431659406294, 0.0]], [[182.59453249399388, 422.59453249399394], [102.5945324939939, 582.5945324939939], [22.594532493993896, 422.59453249399394], [182.59453249399388, 422.59453249399394]], [[200.0, 290.3920851484264], [200.0, 10.392085148426418], [440.0, 150.39208514842642], [200.0, 290.3920851484264]]]"
Wed Jul 22 20:15:50 2020,2,1,True,666.4415976000357,0.8552887485605077,"[0, 0, 1, 1, 2, 0, 0, 0, 2, 1, 3, 3]","[[[6.242401399979144, 286.24240139997914], [206.24240139997914, 286.24240139997914], [206.24240139997914, 486.24240139997914], [6.242401399979144, 486.24240139997914], [6.242401399979144, 286.24240139997914]], [[466.4415976000357, 0.0], [666.4415976000357, 0.0], [666.4415976000357, 200.0], [466.4415976000357, 200.0], [466.4415976000357, 0.0]], [[180.0, 0.0], [180.0, 280.0], [0.0, 280.0], [0.0, 0.0], [180.0, 0.0]], [[386.4415976000357, 165.81813613329166], [386.4415976000357, 445.81813613329166], [246.44159760003572, 305.81813613329166], [386.4415976000357, 165.81813613329166]], [[666.4415976000357, 480.0], [666.4415976000357, 660.0], [386.4415976000357, 480.0], [666.4415976000357, 480.0]], [[386.4415976000357, 200.0], [666.4415976000357, 200.0], [666.4415976000357, 480.0], [386.4415976000357, 480.0], [386.4415976000357, 200.0]], [[466.4415976000357, 580.0], [666.4415976000357, 660.0], [666.4415976000357, 760.0], [466.4415976000357, 760.0], [466.4415976000357, 580.0]], [[206.24240139997914, 365.6189399332351], [306.24240139997914, 365.6189399332351], [306.24240139997914, 545.6189399332351], [206.24240139997914, 545.6189399332351], [206.24240139997914, 365.6189399332351]], [[280.0, 760.0], [0.0, 760.0], [0.0, 480.0], [280.0, 760.0]], [[466.4415976000357, 546.4415976000357], [466.4415976000357, 746.4415976000357], [266.4415976000357, 746.4415976000357], [186.44159760003572, 546.4415976000357], [466.4415976000357, 546.4415976000357]], [[466.4415976000357, 160.0], [306.4415976000357, 80.0], [466.4415976000357, 0.0], [466.4415976000357, 160.0]], [[180.0, 286.24240139997914], [180.0, 6.242401399979144], [420.0, 146.24240139997914], [180.0, 286.24240139997914]]]"
Wed Jul 22 20:16:08 2020,2,1,True,673.106013576036,0.8468205431292155,"[0, 0, 1, 1, 2, 0, 1, 1, 2, 1, 1, 0]","[[[0.0, 280.0], [200.0, 280.0], [200.0, 480.0], [0.0, 480.0], [0.0, 280.0]], [[0.0, 69.6261705342036], [200.0, 69.6261705342036], [200.0, 269.6261705342036], [0.0, 269.6261705342036], [0.0, 69.6261705342036]], [[180.0, 480.0], [180.0, 760.0], [0.0, 760.0], [0.0, 480.0], [180.0, 480.0]], [[366.8535742817474, 386.85357428174734], [366.8535742817474, 666.8535742817473], [226.8535742817474, 526.8535742817473], [366.8535742817474, 386.85357428174734]], [[673.106013576036, 391.7197425473498], [673.106013576036, 571.7197425473498], [393.10601357603605, 391.7197425473498], [673.106013576036, 391.7197425473498]], [[380.0, 101.80240089436779], [660.0, 101.80240089436779], [660.0, 381.8024008943678], [380.0, 381.8024008943678], [380.0, 101.80240089436779]], [[380.0, 240.0], [300.0, 440.0], [200.0, 440.0], [200.0, 240.0], [380.0, 240.0]], [[619.3847338550479, 0.0], [619.3847338550479, 100.0], [439.3847338550479, 100.0], [439.3847338550479, 0.0], [619.3847338550479, 0.0]], [[460.0, 760.0], [180.0, 760.0], [180.0, 480.0], [460.0, 760.0]], [[654.8753029468253, 560.0], [654.8753029468253, 760.0], [454.8753029468253, 760.0], [374.8753029468253, 560.0], [654.8753029468253, 560.0]], [[366.8535742817474, 404.010864332539], [526.8535742817473, 484.010864332539], [366.8535742817474, 564.010864332539], [366.8535742817474, 404.010864332539]], [[159.3847338550479, 0.0], [439.3847338550479, 0.0], [299.3847338550479, 240.0], [159.3847338550479, 0.0]]]"
Wed Jul 22 20:17:05 2020,2,3,True,679.8370737117964,0.838436181316055,"[0, 0, 1, 2, 1, 0, 1, 0, 1, 0, 2, 2]","[[[407.1428571428571, 0.0], [607.1428571428571, 0.0], [607.1428571428571, 200.0], [407.1428571428571, 200.0], [407.1428571428571, 0.0]], [[0.0, 279.99999999999994], [200.0, 279.99999999999994], [200.0, 479.99999999999994], [0.0, 479.99999999999994], [0.0, 279.99999999999994]], [[379.8370737117964, 276.8421052631579], [379.8370737117964, 556.8421052631579], [199.8370737117964, 556.8421052631579], [199.8370737117964, 276.8421052631579], [379.8370737117964, 276.8421052631579]], [[399.8370737117964, 279.99999999999994], [119.83707371179639, 279.99999999999994], [259.8370737117964, 139.99999999999994], [399.8370737117964, 279.99999999999994]], [[0.0, 480.0], [180.0, 480.0], [0.0, 760.0], [0.0, 480.0]], [[399.8370737117964, 200.0], [679.8370737117964, 200.0], [679.8370737117964, 480.0], [399.8370737117964, 480.0], [399.8370737117964, 200.0]], [[559.8370737117964, 480.0], [479.8370737117964, 680.0], [379.8370737117964, 680.0], [379.8370737117964, 480.0], [559.8370737117964, 480.0]], [[307.1428571428571, 0.0], [407.1428571428571, 0.0], [407.1428571428571, 180.0], [307.1428571428571, 180.0], [307.1428571428571, 0.0]], [[679.8370737117964, 480.0], [679.8370737117964, 760.0], [399.8370737117964, 760.0], [679.8370737117964, 480.0]], [[0.0, 0.0], [200.0, 0.0], [200.0, 200.0], [0.0, 280.0], [0.0, 0.0]], [[376.49122807017557, 556.8421052631579], [296.49122807017557, 716.8421052631579], [216.49122807017557, 556.8421052631579], [376.49122807017557, 556.8421052631579]], [[294.28571428571433, 760.0], [14.285714285714334, 760.0], [154.28571428571433, 520.0], [294.28571428571433, 760.0]]]"
Wed Jul 22 20:17:15 2020,2,1,True,686.6354444489143,0.8301348329861932,"[0, 0, 1, 3, 1, 0, 0, 0, 1, 0, 2, 2]","[[[450.0, 0.0], [650.0, 0.0], [650.0, 200.0], [450.0, 200.0], [450.0, 0.0]], [[486.6354444489143, 480.0], [686.6354444489143, 480.0], [686.6354444489143, 680.0], [486.6354444489143, 680.0], [486.6354444489143, 480.0]], [[486.6354444489143, 480.0], [486.6354444489143, 760.0], [306.6354444489143, 760.0], [306.6354444489143, 480.0], [486.6354444489143, 480.0]], [[200.0, 360.0], [200.0, 80.0], [340.0, 220.0], [200.0, 360.0]], [[0.0, 480.0], [180.0, 480.0], [0.0, 760.0], [0.0, 480.0]], [[372.6435907633245, 200.0], [652.6435907633245, 200.0], [652.6435907633245, 480.0], [372.6435907633245, 480.0], [372.6435907633245, 200.0]], [[0.0, 0.0], [200.0, 80.0], [200.0, 180.0], [0.0, 180.0], [0.0, 0.0]], [[350.0, 20.0], [450.0, 20.0], [450.0, 200.0], [350.0, 200.0], [350.0, 20.0]], [[372.6435907633245, 200.0], [372.6435907633245, 480.0], [92.64359076332448, 480.0], [372.6435907633245, 200.0]], [[0.0, 180.0], [200.0, 180.0], [200.0, 380.0], [0.0, 460.0], [0.0, 180.0]], [[360.0, 0.0], [280.0, 160.0], [200.0, 0.0], [360.0, 0.0]], [[294.28571428571433, 760.0], [14.285714285714334, 760.0], [154.28571428571433, 520.0], [294.28571428571433, 760.0]]]"
Wed Jul 22 20:17:29 2020,2,1,True,693.5017988934035,0.8219156762239537,"[0, 0, 1, 0, 2, 0, 2, 1, 1, 3, 1, 3]","[[[459.17002667095767, 0.0], [659.1700266709577, 0.0], [659.1700266709577, 200.0], [459.17002667095767, 200.0], [459.17002667095767, 0.0]], [[35.70852570692972, 0.0], [235.70852570692972, 0.0], [235.70852570692972, 200.0], [35.70852570692972, 200.0], [35.70852570692972, 0.0]], [[180.0, 480.0], [180.0, 760.0], [0.0, 760.0], [0.0, 480.0], [180.0, 480.0]], [[99.99999999999997, 200.0], [380.0, 200.0], [239.99999999999997, 340.0], [99.99999999999997, 200.0]], [[659.1700266709577, 520.0], [659.1700266709577, 700.0], [379.17002667095767, 520.0], [659.1700266709577, 520.0]], [[400.0, 200.0], [680.0, 200.0], [680.0, 480.0], [400.0, 480.0], [400.0, 200.0]], [[435.7085257069297, 180.0], [235.70852570692972, 100.0], [235.70852570692972, 0.0], [435.7085257069297, 0.0], [435.7085257069297, 180.0]], [[360.0, 460.0], [360.0, 560.0], [180.0, 560.0], [180.0, 460.0], [360.0, 460.0]], [[400.0, 180.0], [400.0, 460.0], [120.0, 460.0], [400.0, 180.0]], [[180.0, 760.0], [180.0, 560.0], [380.0, 560.0], [460.0, 760.0], [180.0, 760.0]], [[457.21037538313004, 593.0259384578251], [617.21037538313, 673.0259384578251], [457.21037538313004, 753.0259384578251], [457.21037538313004, 593.0259384578251]], [[0.0, 480.0], [0.0, 200.0], [240.0, 340.0], [0.0, 480.0]]]"
Wed Jul 22 20:17:34 2020,2,1,True,700.4368168823376,0.8137778972514392,"[0, 0, 1, 0, 2, 0, 1, 0, 1, 3, 1, 3]","[[[480.0, 0.0], [680.0, 0.0], [680.0, 200.0], [480.0, 200.0], [480.0, 0.0]], [[100.0, 0.0], [300.0, 0.0], [300.0, 200.0], [100.0, 200.0], [100.0, 0.0]], [[194.23827306233272, 480.0], [194.23827306233272, 760.0], [14.238273062332723, 760.0], [14.238273062332723, 480.0], [194.23827306233272, 480.0]], [[90.1227538211418, 200.0], [370.1227538211418, 200.0], [230.1227538211418, 340.0], [90.1227538211418, 200.0]], [[654.2382730623327, 482.5439323486935], [654.2382730623327, 662.5439323486935], [374.2382730623327, 482.5439323486935], [654.2382730623327, 482.5439323486935]], [[385.7617269376673, 200.0], [665.7617269376673, 200.0], [665.7617269376673, 480.0], [385.7617269376673, 480.0], [385.7617269376673, 200.0]], [[480.0, 0.0], [400.0, 200.0], [300.0, 200.0], [300.0, 0.0], [480.0, 0.0]], [[0.0, 20.0], [100.0, 20.0], [100.0, 200.0], [0.0, 200.0], [0.0, 20.0]], [[385.7617269376673, 200.0], [385.7617269376673, 480.0], [105.76172693766728, 480.0], [385.7617269376673, 200.0]], [[194.23827306233272, 760.0], [194.23827306233272, 560.0], [394.2382730623327, 560.0], [474.2382730623327, 760.0], [194.23827306233272, 760.0]], [[474.2382730623327, 600.0], [634.2382730623327, 680.0], [474.2382730623327, 760.0], [474.2382730623327, 600.0]], [[0.0, 485.7617269376673], [0.0, 205.76172693766728], [240.0, 345.7617269376673], [0.0, 485.7617269376673]]]"
Wed Jul 22 20:17:36 2020,2,0,True,672.419344207044,0.8476853096369159,"[0, 0, 1, 0, 2, 0, 1, 0, 1, 3, 1, 3]","[[[472.419344207044, 18.951639482389965], [672.419344207044, 18.951639482389965], [672.419344207044, 218.95163948238996], [472.419344207044, 218.95163948238996], [472.419344207044, 18.951639482389965]], [[100.0, 0.0], [300.0, 0.0], [300.0, 200.0], [100.0, 200.0], [100.0, 0.0]], [[194.23827306233272, 480.0], [194.23827306233272, 760.0], [14.238273062332723, 760.0], [14.238273062332723, 480.0], [194.23827306233272, 480.0]], [[114.23827306233272, 200.0], [394.2382730623327, 200.0], [254.23827306233272, 340.0], [114.23827306233272, 200.0]], [[632.1415520271127, 498.95163948238996], [632.1415520271127, 678.95163948239], [352.14155202711265, 498.95163948238996], [632.1415520271127, 498.95163948238996]], [[391.6943407136391, 218.95163948238996], [671.6943407136391, 218.95163948238996], [671.6943407136391, 498.95163948238996], [391.6943407136391, 498.95163948238996], [391.6943407136391, 218.95163948238996]], [[480.0, 0.0], [400.0, 200.0], [300.0, 200.0], [300.0, 0.0], [480.0, 0.0]], [[0.0, 5.761726937667277], [100.0, 5.761726937667277], [100.0, 185.76172693766728], [0.0, 185.76172693766728], [0.0, 5.761726937667277]], [[394.2382730623327, 200.0], [394.2382730623327, 480.0], [114.23827306233272, 480.0], [394.2382730623327, 200.0]], [[194.23827306233272, 760.0], [194.23827306233272, 560.0], [394.2382730623327, 560.0], [474.2382730623327, 760.0], [194.23827306233272, 760.0]], [[474.2382730623327, 600.0], [634.2382730623327, 680.0], [474.2382730623327, 760.0], [474.2382730623327, 600.0]], [[0.0, 465.7617269376673], [0.0, 185.76172693766728], [240.0, 325.7617269376673], [0.0, 465.7617269376673]]]"
Wed Jul 22 20:17:53 2020,2,1,True,679.1435376491145,0.8392923857791246,"[0, 0, 0, 0, 2, 0, 3, 0, 1, 0, 1, 3]","[[[0.0, 0.0], [200.0, 0.0], [200.0, 200.0], [0.0, 200.0], [0.0, 0.0]], [[479.1435376491145, 0.0], [679.1435376491145, 0.0], [679.1435376491145, 200.0], [479.1435376491145, 200.0], [479.1435376491145, 0.0]], [[372.8656247443183, 199.14353764911448], [652.8656247443183, 199.14353764911448], [652.8656247443183, 379.1435376491145], [372.8656247443183, 379.1435376491145], [372.8656247443183, 199.14353764911448]], [[61.53446879308987, 199.7258353234315], [341.5344687930899, 199.7258353234315], [201.53446879308987, 339.7258353234315], [61.53446879308987, 199.7258353234315]], [[479.1435376491145, 0.0], [479.1435376491145, 180.0], [199.14353764911448, 0.0], [479.1435376491145, 0.0]], [[100.0, 480.0], [380.0, 480.0], [380.0, 760.0], [100.0, 760.0], [100.0, 480.0]], [[192.8656247443183, 480.0], [272.8656247443183, 280.0], [372.8656247443183, 280.0], [372.8656247443183, 480.0], [192.8656247443183, 480.0]], [[0.0, 580.0], [100.0, 580.0], [100.0, 760.0], [0.0, 760.0], [0.0, 580.0]], [[679.1435376491145, 480.0], [679.1435376491145, 760.0], [399.1435376491145, 760.0], [679.1435376491145, 480.0]], [[380.0, 379.1435376491145], [580.0, 379.1435376491145], [580.0, 579.1435376491145], [380.0, 659.1435376491145], [380.0, 379.1435376491145]], [[200.0, 39.72583532343151], [360.0, 119.72583532343151], [200.0, 199.7258353234315], [200.0, 39.72583532343151]], [[0.0, 502.16406186079575], [0.0, 222.16406186079575], [240.0, 362.16406186079575], [0.0, 502.16406186079575]]]"
Wed Jul 22 20:18:38 2020,2,3,True,685.9349730256056,0.8309825601773512,"[0, 0, 1, 0, 0, 0, 1, 1, 0, 1, 0, 2]","[[[0.0, 200.0], [200.0, 200.0], [200.0, 400.0], [0.0, 400.0], [0.0, 200.0]], [[0.0, 0.0], [200.0, 0.0], [200.0, 200.0], [0.0, 200.0], [0.0, 0.0]], [[379.83857262914, 100.0], [379.83857262914, 380.0], [199.83857262914, 380.0], [199.83857262914, 100.0], [379.83857262914, 100.0]], [[405.9349730256056, 0.0], [685.9349730256056, 0.0], [545.9349730256056, 140.0], [405.9349730256056, 0.0]], [[379.83857262914, 213.22374260227213], [379.83857262914, 33.223742602272125], [659.83857262914, 213.22374260227213], [379.83857262914, 213.22374260227213]], [[399.8385726291399, 480.0], [679.8385726291399, 480.0], [679.8385726291399, 760.0], [399.8385726291399, 760.0], [399.8385726291399, 480.0]], [[180.0, 560.0], [100.0, 760.0], [0.0, 760.0], [0.0, 560.0], [180.0, 560.0]], [[379.83857262914, 0.0], [379.83857262914, 100.0], [199.83857262914, 100.0], [199.83857262914, 0.0], [379.83857262914, 0.0]], [[119.83857262913989, 400.0], [399.8385726291399, 400.0], [399.8385726291399, 680.0], [119.83857262913989, 400.0]], [[659.83857262914, 213.22374260227213], [659.83857262914, 413.2237426022721], [459.83857262914, 413.2237426022721], [379.83857262914, 213.22374260227213], [659.83857262914, 213.22374260227213]], [[0.0, 560.0], [80.0, 400.0], [160.0, 560.0], [0.0, 560.0]], [[380.0, 760.0], [100.0, 760.0], [240.0, 520.0], [380.0, 760.0]]]"
Wed Jul 22 20:18:46 2020,2,1,True,692.7943227558617,0.8227550100765851,"[0, 0, 1, 0, 0, 0, 1, 1, 0, 1, 3, 2]","[[[0.0, 200.0], [200.0, 200.0], [200.0, 400.0], [0.0, 400.0], [0.0, 200.0]], [[0.0, 0.0], [200.0, 0.0], [200.0, 200.0], [0.0, 200.0], [0.0, 0.0]], [[380.0, 100.0], [380.0, 380.0], [200.0, 380.0], [200.0, 100.0], [380.0, 100.0]], [[378.4975741045813, 0.0], [658.4975741045813, 0.0], [518.4975741045813, 140.0], [378.4975741045813, 0.0]], [[380.0, 252.85714285714283], [380.0, 72.85714285714283], [660.0, 252.85714285714283], [380.0, 252.85714285714283]], [[378.4975741045813, 452.8571428571429], [658.4975741045813, 452.8571428571429], [658.4975741045813, 732.8571428571429], [378.4975741045813, 732.8571428571429], [378.4975741045813, 452.8571428571429]], [[180.0, 523.1386984649965], [100.0, 723.1386984649965], [0.0, 723.1386984649965], [0.0, 523.1386984649965], [180.0, 523.1386984649965]], [[380.0, 0.0], [380.0, 100.0], [200.0, 100.0], [200.0, 0.0], [380.0, 0.0]], [[98.4975741045813, 400.0], [378.4975741045813, 400.0], [378.4975741045813, 680.0], [98.4975741045813, 400.0]], [[660.0, 252.85714285714283], [660.0, 452.85714285714283], [460.0, 452.85714285714283], [380.0, 252.85714285714283], [660.0, 252.85714285714283]], [[659.3426886707545, 229.57744271691348], [499.34268867075446, 149.57744271691348], [659.3426886707545, 69.57744271691348], [659.3426886707545, 229.57744271691348]], [[358.4975741045813, 760.0], [78.4975741045813, 760.0], [218.4975741045813, 520.0], [358.4975741045813, 760.0]]]"
Wed Jul 22 20:18:46 2020,2,0,True,665.0825498456272,0.8570364688297762,"[0, 0, 1, 0, 0, 0, 1, 1, 0, 1, 3, 2]","[[[0.0, 200.0], [200.0, 200.0], [200.0, 400.0], [0.0, 400.0], [0.0, 200.0]], [[0.0, 0.0], [200.0, 0.0], [200.0, 200.0], [0.0, 200.0], [0.0, 0.0]], [[380.0, 100.0], [380.0, 380.0], [200.0, 380.0], [200.0, 100.0], [380.0, 100.0]], [[380.0, 0.0], [660.0, 0.0], [520.0, 140.0], [380.0, 0.0]], [[380.0, 252.85714285714283], [380.0, 72.85714285714283], [660.0, 252.85714285714283], [380.0, 252.85714285714283]], [[378.4975741045813, 452.8571428571429], [658.4975741045813, 452.8571428571429], [658.4975741045813, 732.8571428571429], [378.4975741045813, 732.8571428571429], [378.4975741045813, 452.8571428571429]], [[180.0, 481.5024258954187], [100.0, 681.5024258954187], [0.0, 681.5024258954187], [0.0, 481.5024258954187], [180.0, 481.5024258954187]], [[380.0, 0.0], [380.0, 100.0], [200.0, 100.0], [200.0, 0.0], [380.0, 0.0]], [[98.4975741045813, 400.0], [378.4975741045813, 400.0], [378.4975741045813, 680.0], [98.4975741045813, 400.0]], [[660.0, 252.85714285714283], [660.0, 452.85714285714283], [460.0, 452.85714285714283], [380.0, 252.85714285714283], [660.0, 252.85714285714283]], [[660.0000000000001, 229.99999999999994], [500.0000000000001, 149.99999999999994], [660.0000000000001, 69.99999999999994], [660.0000000000001, 229.99999999999994]], [[358.4975741045813, 760.0], [78.4975741045813, 760.0], [218.4975741045813, 520.0], [358.4975741045813, 760.0]]]"
Wed Jul 22 20:20:17 2020,2,5,False,671.7333753440835,0.8485509592374022,"[0, 0, 1, 0, 1, 0, 3, 0, 1, 0, 1, 2]","[[[307.73337534408347, 520.0], [507.73337534408347, 520.0], [507.73337534408347, 720.0], [307.73337534408347, 720.0], [307.73337534408347, 520.0]], [[0.0, 560.0], [200.0, 560.0], [200.0, 760.0], [0.0, 760.0], [0.0, 560.0]], [[380.0, 468.26662465591653], [380.0, 748.2666246559165], [200.0, 748.2666246559165], [200.0, 468.26662465591653], [380.0, 468.26662465591653]], [[0.0, 280.0], [280.0, 280.0], [140.0, 420.0], [0.0, 280.0]], [[280.0, 0.0], [460.0, 0.0], [280.0, 280.0], [280.0, 0.0]], [[0.0, 0.0], [280.0, 0.0], [280.0, 280.0], [0.0, 280.0], [0.0, 0.0]], [[491.73337534408347, 760.0], [571.7333753440835, 560.0], [671.7333753440835, 560.0], [671.7333753440835, 760.0], [491.73337534408347, 760.0]], [[571.7333753440835, 351.314213695857], [671.7333753440835, 351.314213695857], [671.7333753440835, 531.314213695857], [571.7333753440835, 531.314213695857], [571.7333753440835, 351.314213695857]], [[371.73337534408347, 188.26662465591653], [371.73337534408347, 468.26662465591653], [91.73337534408347, 468.26662465591653], [371.73337534408347, 188.26662465591653]], [[371.73337534408347, 240.0], [571.7333753440835, 240.0], [571.7333753440835, 440.0], [371.73337534408347, 520.0], [371.73337534408347, 240.0]], [[0.0, 422.3999369838748], [160.0, 502.3999369838748], [0.0, 582.3999369838748], [0.0, 422.3999369838748]], [[651.7333753440835, 240.0], [371.73337534408347, 240.0], [511.73337534408347, 0.0], [651.7333753440835, 240.0]]]"
Wed Jul 22 20:20:56 2020,2,1,True,678.4507090975243,0.8401494645914874,"[0, 0, 1, 1, 2, 0, 2, 0, 2, 2, 0, 3]","[[[474.7881496346024, 0.0], [674.7881496346024, 0.0], [674.7881496346024, 200.0], [474.7881496346024, 200.0], [474.7881496346024, 0.0]], [[200.0, 524.2822758239122], [400.0, 524.2822758239122], [400.0, 724.2822758239122], [200.0, 724.2822758239122], [200.0, 524.2822758239122]], [[678.4507090975243, 392.6191423711364], [678.4507090975243, 672.6191423711364], [498.4507090975243, 672.6191423711364], [498.4507090975243, 392.6191423711364], [678.4507090975243, 392.6191423711364]], [[474.7881496346024, 0.0], [474.7881496346024, 280.0], [334.7881496346024, 140.0], [474.7881496346024, 0.0]], [[298.4507090975243, 277.5754558484084], [298.4507090975243, 457.5754558484084], [18.450709097524282, 277.5754558484084], [298.4507090975243, 277.5754558484084]], [[0.0, 0.0], [280.0, 0.0], [280.0, 280.0], [0.0, 280.0], [0.0, 0.0]], [[498.4507090975242, 563.6625594629219], [298.4507090975242, 483.6625594629219], [298.4507090975242, 383.6625594629219], [498.4507090975242, 383.6625594629219], [498.4507090975242, 563.6625594629219]], [[578.4507090975243, 212.61914237113638], [678.4507090975243, 212.61914237113638], [678.4507090975243, 392.6191423711364], [578.4507090975243, 392.6191423711364], [578.4507090975243, 212.61914237113638]], [[578.4507090975243, 383.6625594629219], [298.4507090975243, 383.6625594629219], [298.4507090975243, 103.66255946292188], [578.4507090975243, 383.6625594629219]], [[200.0, 760.0], [0.0, 760.0], [0.0, 560.0], [200.0, 480.0], [200.0, 760.0]], [[382.1411379119561, 760.0], [462.1411379119561, 600.0], [542.1411379119561, 760.0], [382.1411379119561, 760.0]], [[0.0, 560.0], [0.0, 280.0], [240.0, 420.0], [0.0, 560.0]]]"
Wed Jul 22 20:21:17 2020,2,1,True,685.2352161884995,0.8318311530608786,"[0, 0, 1, 2, 2, 0, 0, 0, 1, 0, 2, 3]","[[[305.2352161884995, 560.0], [505.2352161884995, 560.0], [505.2352161884995, 760.0], [305.2352161884995, 760.0], [305.2352161884995, 560.0]], [[460.0, 0.0], [660.0, 0.0], [660.0, 200.0], [460.0, 200.0], [460.0, 0.0]], [[685.2352161884995, 466.1544058679017], [685.2352161884995, 746.1544058679017], [505.2352161884995, 746.1544058679017], [505.2352161884995, 466.1544058679017], [685.2352161884995, 466.1544058679017]], [[392.8434530804759, 560.0], [112.84345308047591, 560.0], [252.8434530804759, 420.0], [392.8434530804759, 560.0]], [[470.6212308582536, 380.0], [470.6212308582536, 560.0], [190.62123085825363, 380.0], [470.6212308582536, 380.0]], [[0.0, 0.0], [280.0, 0.0], [280.0, 280.0], [0.0, 280.0], [0.0, 0.0]], [[0.0, 572.8434530804759], [200.0, 652.8434530804759], [200.0, 752.8434530804759], [0.0, 752.8434530804759], [0.0, 572.8434530804759]], [[200.0, 560.0], [300.0, 560.0], [300.0, 740.0], [200.0, 740.0], [200.0, 560.0]], [[460.0, 100.0], [460.0, 380.0], [180.0, 380.0], [460.0, 100.0]], [[470.6212308582536, 200.0], [670.6212308582536, 200.0], [670.6212308582536, 400.0], [470.6212308582536, 480.0], [470.6212308582536, 200.0]], [[451.3126807336233, 0.0], [371.3126807336233, 160.0], [291.3126807336233, 0.0], [451.3126807336233, 0.0]], [[0.0, 572.8434530804759], [0.0, 292.8434530804759], [240.0, 432.8434530804759], [0.0, 572.8434530804759]]]"
Wed Jul 22 20:21:18 2020,2,0,True,657.8258075409595,0.8664907844384152,"[0, 0, 1, 2, 2, 0, 1, 0, 1, 0, 2, 3]","[[[277.82580754095954, 560.0], [477.82580754095954, 560.0], [477.82580754095954, 760.0], [277.82580754095954, 760.0], [277.82580754095954, 560.0]], [[457.82580754095954, 0.0], [657.8258075409595, 0.0], [657.8258075409595, 200.0], [457.82580754095954, 200.0], [457.82580754095954, 0.0]], [[657.8258075409595, 472.0], [657.8258075409595, 752.0], [477.82580754095954, 752.0], [477.82580754095954, 472.0], [657.8258075409595, 472.0]], [[380.04802976318183, 560.0], [100.04802976318183, 560.0], [240.04802976318183, 420.0], [380.04802976318183, 560.0]], [[457.82580754095954, 380.0], [457.82580754095954, 560.0], [177.82580754095954, 380.0], [457.82580754095954, 380.0]], [[0.0, 0.0], [280.0, 0.0], [280.0, 280.0], [0.0, 280.0], [0.0, 0.0]], [[180.0, 559.9691237236689], [100.0, 759.9691237236689], [0.0, 759.9691237236689], [0.0, 559.9691237236689], [180.0, 559.9691237236689]], [[177.82580754095954, 560.0], [277.82580754095954, 560.0], [277.82580754095954, 740.0], [177.82580754095954, 740.0], [177.82580754095954, 560.0]], [[457.82580754095954, 100.0], [457.82580754095954, 380.0], [177.82580754095954, 380.0], [457.82580754095954, 100.0]], [[457.82580754095954, 200.0], [657.8258075409595, 200.0], [657.8258075409595, 400.0], [457.82580754095954, 480.0], [457.82580754095954, 200.0]], [[451.3126807336233, 0.0], [371.3126807336233, 160.0], [291.3126807336233, 0.0], [451.3126807336233, 0.0]], [[0.0, 559.9691237236689], [0.0, 279.9691237236689], [240.0, 419.9691237236689], [0.0, 559.9691237236689]]]"
Wed Jul 22 20:23:26 2020,2,5,True,664.4040656163692,0.8579116677608071,"[0, 0, 1, 1, 3, 0, 1, 1, 2, 3, 2, 0]","[[[0.0, 300.0], [200.0, 300.0], [200.0, 500.0], [0.0, 500.0], [0.0, 300.0]], [[0.0, 500.0], [200.0, 500.0], [200.0, 700.0], [0.0, 700.0], [0.0, 500.0]], [[664.4040656163692, 475.8203899353008], [664.4040656163692, 755.8203899353008], [484.40406561636917, 755.8203899353008], [484.40406561636917, 475.8203899353008], [664.4040656163692, 475.8203899353008]], [[286.90846001848547, 2.7288499537862663], [286.90846001848547, 282.72884995378627], [146.90846001848547, 142.72884995378627], [286.90846001848547, 2.7288499537862663]], [[664.4040656163692, 475.8203899353008], [484.40406561636917, 475.8203899353008], [664.4040656163692, 195.8203899353008], [664.4040656163692, 475.8203899353008]], [[200.0, 475.8203899353008], [480.0, 475.8203899353008], [480.0, 755.8203899353008], [200.0, 755.8203899353008], [200.0, 475.8203899353008]], [[204.0, 0.0], [124.0, 200.0], [24.0, 200.0], [24.0, 0.0], [204.0, 0.0]], [[180.0, 200.0], [180.0, 300.0], [0.0, 300.0], [0.0, 200.0], [180.0, 200.0]], [[480.0, 475.8203899353008], [200.0, 475.8203899353008], [200.0, 195.8203899353008], [480.0, 475.8203899353008]], [[286.90846001848547, 200.0], [286.90846001848547, 0.0], [486.90846001848547, 0.0], [566.9084600184855, 200.0], [286.90846001848547, 200.0]], [[646.9084600184855, 0.0], [566.9084600184855, 160.0], [486.90846001848547, 0.0], [646.9084600184855, 0.0]], [[308.58367568106837, 200.0], [588.5836756810684, 200.0], [448.58367568106837, 440.0], [308.58367568106837, 200.0]]]"
Wed Jul 22 20:24:32 2020,2,3,True,671.0481062725329,0.8494174928324822,"[0, 0, 0, 3, 2, 0, 0, 1, 1, 2, 3, 0]","[[[0.0, 560.0], [200.0, 560.0], [200.0, 760.0], [0.0, 760.0], [0.0, 560.0]], [[458.2063798646717, 560.0], [658.2063798646717, 560.0], [658.2063798646717, 760.0], [458.2063798646717, 760.0], [458.2063798646717, 560.0]], [[0.0, 0.0], [280.0, 0.0], [280.0, 180.0], [0.0, 180.0], [0.0, 0.0]], [[280.0, 357.8279029917144], [280.0, 77.82790299171438], [420.0, 217.82790299171438], [280.0, 357.8279029917144]], [[458.2063798646717, 458.84695848443175], [458.2063798646717, 638.8469584844318], [178.2063798646717, 458.84695848443175], [458.2063798646717, 458.84695848443175]], [[0.0, 178.84695848443175], [280.0, 178.84695848443175], [280.0, 458.84695848443175], [0.0, 458.84695848443175], [0.0, 178.84695848443175]], [[200.0, 577.5339142143212], [400.0, 657.5339142143212], [400.0, 757.5339142143212], [200.0, 757.5339142143212], [200.0, 577.5339142143212]], [[180.0, 460.0], [180.0, 560.0], [0.0, 560.0], [0.0, 460.0], [180.0, 460.0]], [[671.0481062725329, 1.8856169823003484], [671.0481062725329, 281.88561698230035], [391.0481062725329, 281.88561698230035], [671.0481062725329, 1.8856169823003484]], [[671.0481062725329, 560.0], [471.0481062725329, 560.0], [471.0481062725329, 360.0], [671.0481062725329, 280.0], [671.0481062725329, 560.0]], [[448.77829495317, 451.22170504683], [288.77829495317, 371.22170504683], [448.77829495317, 291.22170504683], [448.77829495317, 451.22170504683]], [[292.9337232548333, 0.0], [572.9337232548332, 0.0], [432.9337232548333, 240.0], [292.9337232548333, 0.0]]]"
Wed Jul 22 20:25:05 2020,2,1,True,677.7585873352582,0.841007418646022,"[0, 0, 0, 1, 2, 0, 0, 1, 0, 3, 2, 2]","[[[477.7585873352582, 281.4753065324911], [677.7585873352582, 281.4753065324911], [677.7585873352582, 481.4753065324911], [477.7585873352582, 481.4753065324911], [477.7585873352582, 281.4753065324911]], [[280.0, 281.4753065324911], [480.0, 281.4753065324911], [480.0, 481.4753065324911], [280.0, 481.4753065324911], [280.0, 281.4753065324911]], [[397.7585873352582, 481.4753065324911], [677.7585873352582, 481.4753065324911], [677.7585873352582, 661.4753065324911], [397.7585873352582, 661.4753065324911], [397.7585873352582, 481.4753065324911]], [[364.0, 480.0], [364.0, 760.0], [224.0, 620.0], [364.0, 480.0]], [[280.0, 331.42857142857144], [280.0, 511.42857142857144], [0.0, 331.42857142857144], [280.0, 331.42857142857144]], [[0.0, 51.428571428571445], [280.0, 51.428571428571445], [280.0, 331.42857142857144], [0.0, 331.42857142857144], [0.0, 51.428571428571445]], [[0.0, 380.0], [200.0, 460.0], [200.0, 560.0], [0.0, 560.0], [0.0, 380.0]], [[577.7585873352582, 660.0], [577.7585873352582, 760.0], [397.7585873352582, 760.0], [397.7585873352582, 660.0], [577.7585873352582, 660.0]], [[397.7585873352582, 0.0], [677.7585873352582, 0.0], [677.7585873352582, 280.0], [397.7585873352582, 0.0]], [[0.0, 760.0], [0.0, 560.0], [200.0, 560.0], [280.0, 760.0], [0.0, 760.0]], [[430.81284123617036, 33.05425390091216], [350.81284123617036, 193.05425390091216], [270.81284123617036, 33.05425390091216], [430.81284123617036, 33.05425390091216]], [[579.2338938677493, 281.4753065324911], [299.2338938677493, 281.4753065324911], [439.2338938677493, 41.47530653249112], [579.2338938677493, 281.4753065324911]]]"
Wed Jul 22 20:25:19 2020,2,1,True,684.5361732086108,0.8326806125208139,"[0, 0, 0, 3, 3, 0, 2, 1, 3, 1, 2, 2]","[[[0.0, 280.0], [200.0, 280.0], [200.0, 480.0], [0.0, 480.0], [0.0, 280.0]], [[479.3908086007889, 380.0], [679.3908086007889, 380.0], [679.3908086007889, 580.0], [479.3908086007889, 580.0], [479.3908086007889, 380.0]], [[380.0, 200.0], [660.0, 200.0], [660.0, 380.0], [380.0, 380.0], [380.0, 200.0]], [[280.0, 280.0], [280.0, 0.0], [420.0, 140.0], [280.0, 280.0]], [[380.0, 460.0], [200.0, 460.0], [380.0, 180.0], [380.0, 460.0]], [[0.0, 0.0], [280.0, 0.0], [280.0, 280.0], [0.0, 280.0], [0.0, 0.0]], [[479.3908086007889, 660.0], [279.3908086007889, 580.0], [279.3908086007889, 480.0], [479.3908086007889, 480.0], [479.3908086007889, 660.0]], [[560.0, 660.0], [560.0, 760.0], [380.0, 760.0], [380.0, 660.0], [560.0, 660.0]], [[0.0, 760.0], [0.0, 480.0], [280.0, 480.0], [0.0, 760.0]], [[644.0, 0.0], [644.0, 200.0], [444.0, 200.0], [364.0, 0.0], [644.0, 0.0]], [[680.0, 580.0], [600.0, 740.0], [520.0, 580.0], [680.0, 580.0]], [[380.0, 760.0], [100.0, 760.0], [240.0, 520.0], [380.0, 760.0]]]"
Wed Jul 22 20:25:32 2020,2,1,True,691.3815349406968,0.8244362500206078,"[0, 0, 1, 2, 3, 0, 1, 1, 3, 2, 1, 3]","[[[476.9230769230768, 0.0], [676.9230769230768, 0.0], [676.9230769230768, 200.0], [476.9230769230768, 200.0], [476.9230769230768, 0.0]], [[291.38153494069684, 560.0], [491.38153494069684, 560.0], [491.38153494069684, 760.0], [291.38153494069684, 760.0], [291.38153494069684, 560.0]], [[196.92307692307693, 151.53846153846155], [196.92307692307693, 431.53846153846155], [16.923076923076934, 431.53846153846155], [16.923076923076934, 151.53846153846155], [196.92307692307693, 151.53846153846155]], [[291.38153494069684, 760.0], [11.381534940696838, 760.0], [151.38153494069684, 620.0], [291.38153494069684, 760.0]], [[476.9230769230768, 280.0], [296.9230769230768, 280.0], [476.9230769230768, 0.0], [476.9230769230768, 280.0]], [[219.91191721444642, 276.5878470905002], [499.9119172144464, 276.5878470905002], [499.9119172144464, 556.5878470905002], [219.91191721444642, 556.5878470905002], [219.91191721444642, 276.5878470905002]], [[685.7613222021604, 300.0], [605.7613222021604, 500.0], [505.7613222021604, 500.0], [505.7613222021604, 300.0], [685.7613222021604, 300.0]], [[685.7613222021604, 200.0], [685.7613222021604, 300.0], [505.7613222021604, 300.0], [505.7613222021604, 200.0], [685.7613222021604, 200.0]], [[196.9230769230769, 280.0], [196.9230769230769, 0.0], [476.9230769230769, 0.0], [196.9230769230769, 280.0]], [[691.3815349406968, 760.0], [491.38153494069684, 760.0], [491.38153494069684, 560.0], [691.3815349406968, 480.0], [691.3815349406968, 760.0]], [[0.0, 0.0], [160.0, 80.0], [0.0, 160.0], [0.0, 0.0]], [[0.0, 708.3058953820731], [0.0, 428.3058953820731], [240.0, 568.3058953820731], [0.0, 708.3058953820731]]]"
Wed Jul 22 20:25:35 2020,2,0,True,663.7262735430689,0.8587877604381332,"[0, 0, 1, 1, 3, 0, 1, 1, 3, 2, 3, 3]","[[[463.72627354306894, 7.068284565786598], [663.7262735430689, 7.068284565786598], [663.7262735430689, 207.0682845657866], [463.72627354306894, 207.0682845657866], [463.72627354306894, 7.068284565786598]], [[263.72627354306894, 560.0], [463.72627354306894, 560.0], [463.72627354306894, 760.0], [263.72627354306894, 760.0], [263.72627354306894, 560.0]], [[180.0, 10.79455810885554], [180.0, 290.79455810885554], [0.0, 290.79455810885554], [0.0, 10.79455810885554], [180.0, 10.79455810885554]], [[195.53016067155502, 275.26439743730054], [195.53016067155502, 555.2643974373005], [55.530160671555024, 415.26439743730054], [195.53016067155502, 275.26439743730054]], [[463.72627354306894, 280.0], [283.72627354306894, 280.0], [463.72627354306894, 0.0], [463.72627354306894, 280.0]], [[195.530160671555, 280.0], [475.530160671555, 280.0], [475.530160671555, 560.0], [195.530160671555, 560.0], [195.530160671555, 280.0]], [[663.6483364933257, 307.0682845657866], [583.6483364933257, 507.0682845657866], [483.6483364933257, 507.0682845657866], [483.6483364933257, 307.0682845657866], [663.6483364933257, 307.0682845657866]], [[663.6483364933257, 207.0682845657866], [663.6483364933257, 307.0682845657866], [483.6483364933257, 307.0682845657866], [483.6483364933257, 207.0682845657866], [663.6483364933257, 207.0682845657866]], [[180.0, 280.0], [180.0, 0.0], [460.0, 0.0], [180.0, 280.0]], [[663.7262735430689, 760.0], [463.72627354306894, 760.0], [463.72627354306894, 560.0], [663.7262735430689, 480.0], [663.7262735430689, 760.0]], [[238.75555361415937, 760.0], [78.75555361415937, 680.0], [238.75555361415937, 600.0], [238.75555361415937, 760.0]], [[0.0, 725.9407396082596], [0.0, 445.9407396082596], [240.0, 585.9407396082596], [0.0, 725.9407396082596]]]"
Wed Jul 22 20:26:51 2020,2,5,True,670.3635362784996,0.8502849113248844,"[0, 0, 0, 1, 1, 0, 0, 1, 0, 0, 3, 2]","[[[0.0, 9.636463721500377], [200.0, 9.636463721500377], [200.0, 209.63646372150038], [0.0, 209.63646372150038], [0.0, 9.636463721500377]], [[470.3635362784996, 0.0], [670.3635362784996, 0.0], [670.3635362784996, 200.0], [470.3635362784996, 200.0], [470.3635362784996, 0.0]], [[290.3635362784996, 580.0], [570.3635362784996, 580.0], [570.3635362784996, 760.0], [290.3635362784996, 760.0], [290.3635362784996, 580.0]], [[670.3635362784996, 400.0], [670.3635362784996, 680.0], [530.3635362784996, 540.0], [670.3635362784996, 400.0]], [[0.0, 209.63646372150038], [180.0, 209.63646372150038], [0.0, 489.6364637215004], [0.0, 209.63646372150038]], [[6.194869535250177, 480.0], [286.1948695352502, 480.0], [286.1948695352502, 760.0], [6.194869535250177, 760.0], [6.194869535250177, 480.0]], [[202.64445038041544, 132.2809141019158], [402.64445038041544, 212.2809141019158], [402.64445038041544, 312.2809141019158], [202.64445038041544, 312.2809141019158], [202.64445038041544, 132.2809141019158]], [[487.2886297376093, 480.0], [487.2886297376093, 580.0], [307.2886297376093, 580.0], [307.2886297376093, 480.0], [487.2886297376093, 480.0]], [[190.36353627849962, 0.0], [470.3635362784996, 0.0], [470.3635362784996, 280.0], [190.36353627849962, 0.0]], [[470.3635362784996, 200.0], [670.3635362784996, 200.0], [670.3635362784996, 400.0], [470.3635362784996, 480.0], [470.3635362784996, 200.0]], [[437.1772226013462, 480.0], [277.1772226013462, 400.0], [437.1772226013462, 320.0], [437.1772226013462, 480.0]], [[300.48058382096457, 480.0], [20.48058382096457, 480.0], [160.48058382096457, 240.0], [300.48058382096457, 480.0]]]"
Wed Jul 22 20:27:39 2020,2,1,True,677.0671716412846,0.8418662488365192,"[0, 0, 1, 1, 2, 0, 0, 0, 2, 0, 3, 3]","[[[0.0, 1.8853896591741375], [200.0, 1.8853896591741375], [200.0, 201.88538965917414], [0.0, 201.88538965917414], [0.0, 1.8853896591741375]], [[477.06717164128463, 0.0], [677.0671716412846, 0.0], [677.0671716412846, 200.0], [477.06717164128463, 200.0], [477.06717164128463, 0.0]], [[677.0671716412846, 365.17313134348615], [677.0671716412846, 645.1731313434861], [497.06717164128463, 645.1731313434861], [497.06717164128463, 365.17313134348615], [677.0671716412846, 365.17313134348615]], [[340.0, 214.5044372782216], [340.0, 494.5044372782216], [200.0, 354.5044372782216], [340.0, 214.5044372782216]], [[477.06717164128463, 0.0], [477.06717164128463, 180.0], [197.06717164128463, 0.0], [477.06717164128463, 0.0]], [[45.49556272177847, 480.0], [325.49556272177847, 480.0], [325.49556272177847, 760.0], [45.49556272177847, 760.0], [45.49556272177847, 480.0]], [[440.0, 185.17313134348615], [640.0, 265.17313134348615], [640.0, 365.17313134348615], [440.0, 365.17313134348615], [440.0, 185.17313134348615]], [[340.0, 214.50443727822181], [440.0, 214.50443727822181], [440.0, 394.5044372782218], [340.0, 394.5044372782218], [340.0, 214.50443727822181]], [[605.4955627217785, 760.0], [325.49556272177847, 760.0], [325.49556272177847, 480.0], [605.4955627217785, 760.0]], [[0.0, 218.1982250887114], [200.0, 218.1982250887114], [200.0, 418.1982250887114], [0.0, 498.1982250887114], [0.0, 218.1982250887114]], [[497.06717164128463, 575.9708514575792], [337.06717164128463, 495.9708514575792], [497.06717164128463, 415.9708514575792], [497.06717164128463, 575.9708514575792]], [[200.0, 296.17110394488844], [200.0, 16.171103944888443], [440.0, 156.17110394488844], [200.0, 296.17110394488844]]]"
Wed Jul 22 20:27:57 2020,2,1,True,683.8378433576975,0.8335309394420982,"[0, 0, 1, 2, 1, 0, 1, 0, 0, 0, 0, 2]","[[[374.9275362318839, 271.30434782608677], [574.9275362318839, 271.30434782608677], [574.9275362318839, 471.30434782608677], [374.9275362318839, 471.30434782608677], [374.9275362318839, 271.30434782608677]], [[200.0, 30.015515224366823], [400.0, 30.015515224366823], [400.0, 230.01551522436682], [200.0, 230.01551522436682], [200.0, 30.015515224366823]], [[460.0, 480.0], [460.0, 760.0], [280.0, 760.0], [280.0, 480.0], [460.0, 480.0]], [[638.71116739828, 271.30434782608677], [358.71116739828005, 271.30434782608677], [498.71116739828005, 131.30434782608677], [638.71116739828, 271.30434782608677]], [[460.0, 471.30434782608677], [640.0, 471.30434782608677], [460.0, 751.3043478260868], [460.0, 471.30434782608677]], [[0.0, 480.0], [280.0, 480.0], [280.0, 760.0], [0.0, 760.0], [0.0, 480.0]], [[180.0, 280.0], [100.0, 480.0], [0.0, 480.0], [0.0, 280.0], [180.0, 280.0]], [[574.9275362318839, 280.0], [674.9275362318839, 280.0], [674.9275362318839, 460.0], [574.9275362318839, 460.0], [574.9275362318839, 280.0]], [[369.9844847756332, 0.0], [649.9844847756332, 0.0], [649.9844847756332, 280.0], [369.9844847756332, 0.0]], [[0.0, 0.0], [200.0, 0.0], [200.0, 200.0], [0.0, 280.0], [0.0, 0.0]], [[487.2515655209747, 760.0], [567.2515655209747, 600.0], [647.2515655209747, 760.0], [487.2515655209747, 760.0]], [[379.99999999999994, 480.0], [99.99999999999994, 480.0], [239.99999999999994, 240.0], [379.99999999999994, 480.0]]]"
Wed Jul 22 20:28:06 2020,2,1,True,690.6762217912744,0.8252781578634636,"[0, 0, 1, 1, 0, 0, 1, 0, 0, 3, 2, 2]","[[[362.1055372884232, 249.32377820872557], [562.1055372884232, 249.32377820872557], [562.1055372884232, 449.32377820872557], [362.1055372884232, 449.32377820872557], [362.1055372884232, 249.32377820872557]], [[180.0, 0.0], [380.0, 0.0], [380.0, 200.0], [180.0, 200.0], [180.0, 0.0]], [[180.0, 0.0], [180.0, 280.0], [0.0, 280.0], [0.0, 0.0], [180.0, 0.0]], [[654.5148295430854, 475.0762497992398], [654.5148295430854, 755.0762497992398], [514.5148295430854, 615.0762497992398], [654.5148295430854, 475.0762497992398]], [[380.0, 249.32377820872557], [380.0, 69.32377820872557], [660.0, 249.32377820872557], [380.0, 249.32377820872557]], [[0.0, 480.0], [280.0, 480.0], [280.0, 760.0], [0.0, 760.0], [0.0, 480.0]], [[180.0, 280.0], [100.0, 480.0], [0.0, 480.0], [0.0, 280.0], [180.0, 280.0]], [[562.1055372884232, 251.42931549714876], [662.1055372884232, 251.42931549714876], [662.1055372884232, 431.42931549714876], [562.1055372884232, 431.42931549714876], [562.1055372884232, 251.42931549714876]], [[410.67622179127443, 0.0], [690.6762217912744, 0.0], [690.6762217912744, 280.0], [410.67622179127443, 0.0]], [[280.0, 728.7891759415263], [280.0, 528.7891759415263], [480.0, 528.7891759415263], [560.0, 728.7891759415263], [280.0, 728.7891759415263]], [[600.2673011335996, 449.32377820872557], [520.2673011335996, 609.3237782087256], [440.26730113359963, 449.32377820872557], [600.2673011335996, 449.32377820872557]], [[380.0, 480.0], [100.0, 480.0], [240.0, 240.0], [380.0, 480.0]]]"
Wed Jul 22 20:28:17 2020,2,0,True,663.0491729196234,0.8596647477744414,"[0, 0, 0, 1, 0, 0, 3, 0, 3, 0, 0, 3]","[[[463.0491729196234, 0.0], [663.0491729196234, 0.0], [663.0491729196234, 200.0], [463.0491729196234, 200.0], [463.0491729196234, 0.0]], [[263.0491729196234, 0.0], [463.0491729196234, 0.0], [463.0491729196234, 200.0], [263.0491729196234, 200.0], [263.0491729196234, 0.0]], [[0.0, 300.0], [280.0, 300.0], [280.0, 480.0], [0.0, 480.0], [0.0, 300.0]], [[420.0, 370.0093555108099], [420.0, 650.0093555108099], [280.0, 510.0093555108099], [420.0, 370.0093555108099]], [[280.0, 760.0], [280.0, 580.0], [560.0, 760.0], [280.0, 760.0]], [[0.0, 480.0], [280.0, 480.0], [280.0, 760.0], [0.0, 760.0], [0.0, 480.0]], [[483.0491729196234, 420.2240350728939], [563.0491729196234, 220.2240350728939], [663.0491729196234, 220.2240350728939], [663.0491729196234, 420.2240350728939], [483.0491729196234, 420.2240350728939]], [[563.0491729196234, 580.0], [663.0491729196234, 580.0], [663.0491729196234, 760.0], [563.0491729196234, 760.0], [563.0491729196234, 580.0]], [[310.0093555108099, 480.0], [310.0093555108099, 200.0], [590.0093555108099, 200.0], [310.0093555108099, 480.0]], [[0.0, 0.018711021619765233], [200.0, 0.018711021619765233], [200.0, 200.01871102161977], [0.0, 280.01871102161977], [0.0, 0.018711021619765233]], [[150.0, 300.0], [230.0, 140.0], [310.0, 300.0], [150.0, 300.0]], [[420.0, 663.4453508697803], [420.0, 383.4453508697803], [660.0, 523.4453508697803], [420.0, 663.4453508697803]]]"
Wed Jul 22 20:28:36 2020,2,1,True,669.6796646488197,0.8511532156182587,"[0, 0, 1, 0, 0, 0, 3, 0, 2, 0, 1, 1]","[[[0.0, 560.0], [200.0, 560.0], [200.0, 760.0], [0.0, 760.0], [0.0, 560.0]], [[242.35809305024475, 42.35809305024475], [442.35809305024475, 42.35809305024475], [442.35809305024475, 242.35809305024475], [242.35809305024475, 242.35809305024475], [242.35809305024475, 42.35809305024475]], [[652.0, 467.5628241778693], [652.0, 747.5628241778693], [472.0, 747.5628241778693], [472.0, 467.5628241778693], [652.0, 467.5628241778693]], [[0.0, 0.0], [280.0, 0.0], [140.0, 140.0], [0.0, 0.0]], [[280.0, 422.35809305024475], [280.0, 242.35809305024475], [560.0, 422.35809305024475], [280.0, 422.35809305024475]], [[0.0, 280.0], [280.0, 280.0], [280.0, 560.0], [0.0, 560.0], [0.0, 280.0]], [[292.0, 760.0], [372.0, 560.0], [472.0, 560.0], [472.0, 760.0], [292.0, 760.0]], [[200.0, 560.0], [300.0, 560.0], [300.0, 740.0], [200.0, 740.0], [200.0, 560.0]], [[280.0, 280.0], [0.0, 280.0], [0.0, 0.0], [280.0, 280.0]], [[442.35809305024475, 0.0], [642.3580930502447, 0.0], [642.3580930502447, 200.0], [442.35809305024475, 280.0], [442.35809305024475, 0.0]], [[300.0, 422.35809305024475], [460.0, 502.35809305024475], [300.0, 582.3580930502447], [300.0, 422.35809305024475]], [[657.8394829440916, 190.96918922858936], [657.8394829440916, 470.96918922858936], [417.8394829440916, 330.96918922858936], [657.8394829440916, 190.96918922858936]]]"
Wed Jul 22 20:28:52 2020,2,1,True,676.3764612953079,0.8427259560576819,"[0, 0, 1, 2, 1, 0, 2, 0, 0, 0, 1, 1]","[[[0.0, 560.0], [200.0, 560.0], [200.0, 760.0], [0.0, 760.0], [0.0, 560.0]], [[200.0, 560.0], [400.0, 560.0], [400.0, 760.0], [200.0, 760.0], [200.0, 560.0]], [[180.0, 0.0], [180.0, 280.0], [0.0, 280.0], [0.0, 0.0], [180.0, 0.0]], [[576.3764612953072, 479.9999999999993], [296.3764612953072, 479.9999999999993], [436.3764612953072, 339.9999999999993], [576.3764612953072, 479.9999999999993]], [[280.0, 225.474495348255], [460.0, 225.474495348255], [280.0, 505.474495348255], [280.0, 225.474495348255]], [[0.0, 280.0], [280.0, 280.0], [280.0, 560.0], [0.0, 560.0], [0.0, 280.0]], [[476.3764612953079, 180.0], [276.3764612953079, 100.0], [276.3764612953079, 0.0], [476.3764612953079, 0.0], [476.3764612953079, 180.0]], [[400.0, 580.0], [500.0, 580.0], [500.0, 760.0], [400.0, 760.0], [400.0, 580.0]], [[396.37646129530685, 479.9999999999993], [676.3764612953069, 479.9999999999993], [676.3764612953069, 759.9999999999993], [396.37646129530685, 479.9999999999993]], [[476.3764612953079, 0.0], [676.3764612953079, 0.0], [676.3764612953079, 200.0], [476.3764612953079, 280.0], [476.3764612953079, 0.0]], [[243.66272599590894, 83.64313235030053], [403.66272599590894, 163.64313235030053], [243.66272599590894, 243.64313235030053], [243.66272599590894, 83.64313235030053]], [[676.3764612953079, 200.0], [676.3764612953079, 480.0], [436.3764612953079, 340.0], [676.3764612953079, 200.0]]]"
Wed Jul 22 20:29:16 2020,2,1,True,683.140225908261,0.8343821347105762,"[0, 0, 0, 3, 2, 0, 0, 1, 0, 0, 2, 2]","[[[280.0, 380.0], [480.0, 380.0], [480.0, 580.0], [280.0, 580.0], [280.0, 380.0]], [[480.0, 457.98128334468936], [680.0, 457.98128334468936], [680.0, 657.9812833446894], [480.0, 657.9812833446894], [480.0, 457.98128334468936]], [[0.0, 549.3214028434955], [280.0, 549.3214028434955], [280.0, 729.3214028434955], [0.0, 729.3214028434955], [0.0, 549.3214028434955]], [[296.22918167462757, 380.0], [296.22918167462757, 100.0], [436.22918167462757, 240.0], [296.22918167462757, 380.0]], [[683.140225908261, 280.0], [683.140225908261, 460.0], [403.14022590826096, 280.0], [683.140225908261, 280.0]], [[0.0, 269.32140284349555], [280.0, 269.32140284349555], [280.0, 549.3214028434955], [0.0, 549.3214028434955], [0.0, 269.32140284349555]], [[280.0, 580.0], [480.0, 660.0], [480.0, 760.0], [280.0, 760.0], [280.0, 580.0]], [[660.0, 657.9812833446894], [660.0, 757.9812833446894], [480.0, 757.9812833446894], [480.0, 657.9812833446894], [660.0, 657.9812833446894]], [[190.67859715650445, 0.0], [470.67859715650445, 0.0], [470.67859715650445, 280.0], [190.67859715650445, 0.0]], [[470.67859715650445, 0.0], [670.6785971565045, 0.0], [670.6785971565045, 200.0], [470.67859715650445, 280.0], [470.67859715650445, 0.0]], [[160.0, 0.0], [80.0, 160.0], [0.0, 0.0], [160.0, 0.0]], [[296.22918167462757, 269.32140284349555], [16.22918167462757, 269.32140284349555], [156.22918167462757, 29.321402843495548], [296.22918167462757, 269.32140284349555]]]"
Wed Jul 22 20:29:35 2020,2,0,True,655.8146168719305,0.8691480569901834,"[0, 0, 1, 1, 1, 0, 3, 0, 0, 3, 1, 2]","[[[455.8146168719305, 557.752084370652], [655.8146168719305, 557.752084370652], [655.8146168719305, 757.752084370652], [455.8146168719305, 757.752084370652], [455.8146168719305, 557.752084370652]], [[455.8146168719305, 77.75208437065203], [655.8146168719305, 77.75208437065203], [655.8146168719305, 277.752084370652], [455.8146168719305, 277.752084370652], [455.8146168719305, 77.75208437065203]], [[655.8146168719305, 277.752084370652], [655.8146168719305, 557.752084370652], [475.8146168719305, 557.752084370652], [475.8146168719305, 277.752084370652], [655.8146168719305, 277.752084370652]], [[369.7481125027612, 198.98862835549056], [369.7481125027612, 478.98862835549056], [229.74811250276122, 338.98862835549056], [369.7481125027612, 198.98862835549056]], [[0.0, 0.0], [180.0, 0.0], [0.0, 280.0], [0.0, 0.0]], [[0.0, 474.1001879282253], [280.0, 474.1001879282253], [280.0, 754.1001879282253], [0.0, 754.1001879282253], [0.0, 474.1001879282253]], [[275.8146168719305, 760.0], [355.8146168719305, 560.0], [455.8146168719305, 560.0], [455.8146168719305, 760.0], [275.8146168719305, 760.0]], [[371.6444806686888, 291.1636440735116], [471.6444806686888, 291.1636440735116], [471.6444806686888, 471.1636440735116], [371.6444806686888, 471.1636440735116], [371.6444806686888, 291.1636440735116]], [[176.38414597067106, 5.624661823400459], [456.38414597067106, 5.624661823400459], [456.38414597067106, 285.62466182340046], [176.38414597067106, 5.624661823400459]], [[3.79273633185511, 474.10018792822535], [3.79273633185511, 274.10018792822535], [203.7927363318551, 274.10018792822535], [283.7927363318551, 474.10018792822535], [3.79273633185511, 474.10018792822535]], [[283.7927363318551, 436.0109402700376], [443.7927363318551, 516.0109402700376], [283.7927363318551, 596.0109402700376], [283.7927363318551, 436.0109402700376]], [[312.80507560764437, 251.192104610331], [32.80507560764437, 251.192104610331], [172.80507560764437, 11.192104610331], [312.80507560764437, 251.192104610331]]]"
Wed Jul 22 20:30:35 2020,2,3,True,662.3727630406498,0.8605426306833499,"[0, 0, 0, 2, 2, 0, 3, 0, 0, 2, 1, 3]","[[[0.0, 533.3333333333334], [200.0, 533.3333333333334], [200.0, 733.3333333333334], [0.0, 733.3333333333334], [0.0, 533.3333333333334]], [[182.37276304064983, 280.0], [382.37276304064983, 280.0], [382.37276304064983, 480.0], [182.37276304064983, 480.0], [182.37276304064983, 280.0]], [[382.37276304064983, 280.0], [662.3727630406498, 280.0], [662.3727630406498, 460.0], [382.37276304064983, 460.0], [382.37276304064983, 280.0]], [[462.2222222222222, 760.0], [182.22222222222217, 760.0], [322.2222222222222, 620.0], [462.2222222222222, 760.0]], [[460.0, 480.0], [460.0, 660.0], [180.0, 480.0], [460.0, 480.0]], [[282.37276304064983, 0.0], [562.3727630406498, 0.0], [562.3727630406498, 280.0], [282.37276304064983, 280.0], [282.37276304064983, 0.0]], [[0.0, 533.3333333333334], [80.0, 333.33333333333337], [180.0, 333.33333333333337], [180.0, 533.3333333333334], [0.0, 533.3333333333334]], [[562.3727630406498, 100.0], [662.3727630406498, 100.0], [662.3727630406498, 280.0], [562.3727630406498, 280.0], [562.3727630406498, 100.0]], [[0.0, 0.0], [280.0, 0.0], [280.0, 280.0], [0.0, 0.0]], [[662.2222222222222, 760.0], [462.2222222222222, 760.0], [462.2222222222222, 560.0], [662.2222222222222, 480.0], [662.2222222222222, 760.0]], [[200.0, 521.1111111111111], [360.0, 601.1111111111111], [200.0, 681.1111111111111], [200.0, 521.1111111111111]], [[0.0, 380.0], [0.0, 100.0], [240.0, 240.0], [0.0, 380.0]]]"
Wed Jul 22 20:31:48 2020,2,3,True,668.9964906710563,0.8520224066171782,"[0, 0, 1, 3, 1, 0, 0, 1, 1, 1, 0, 1]","[[[160.0, 560.0], [360.0, 560.0], [360.0, 760.0], [160.0, 760.0], [160.0, 560.0]], [[0.0, 0.0], [200.0, 0.0], [200.0, 200.0], [0.0, 200.0], [0.0, 0.0]], [[660.0, 280.0], [660.0, 560.0], [480.0, 560.0], [480.0, 280.0], [660.0, 280.0]], [[200.0, 560.0], [200.0, 280.0], [340.0, 420.0], [200.0, 560.0]], [[0.0, 400.0], [180.0, 400.0], [0.0, 680.0], [0.0, 400.0]], [[380.0, 0.0], [660.0, 0.0], [660.0, 280.0], [380.0, 280.0], [380.0, 0.0]], [[0.0, 220.0], [200.0, 300.0], [200.0, 400.0], [0.0, 400.0], [0.0, 220.0]], [[380.0, 0.0], [380.0, 100.0], [200.0, 100.0], [200.0, 0.0], [380.0, 0.0]], [[480.0, 280.0], [480.0, 560.0], [200.0, 560.0], [480.0, 280.0]], [[640.0, 560.0], [640.0, 760.0], [440.0, 760.0], [360.0, 560.0], [640.0, 560.0]], [[0.0, 760.0], [80.0, 600.0], [160.0, 760.0], [0.0, 760.0]], [[371.42857142857144, 100.0], [371.42857142857144, 380.0], [131.42857142857144, 240.0], [371.42857142857144, 100.0]]]"
Wed Jul 22 20:32:19 2020,2,1,True,675.6864555777669,0.843586541205127,"[0, 0, 0, 1, 0, 0, 3, 0, 3, 2, 2, 1]","[[[335.6864555777669, 360.0], [535.6864555777669, 360.0], [535.6864555777669, 560.0], [335.6864555777669, 560.0], [335.6864555777669, 360.0]], [[380.0, 560.0], [580.0, 560.0], [580.0, 760.0], [380.0, 760.0], [380.0, 560.0]], [[100.0, 580.0], [380.0, 580.0], [380.0, 760.0], [100.0, 760.0], [100.0, 580.0]], [[675.6864555777669, 344.3135444222331], [675.6864555777669, 624.3135444222331], [535.6864555777669, 484.3135444222331], [675.6864555777669, 344.3135444222331]], [[208.57142857142856, 360.0], [208.57142857142856, 180.0], [488.57142857142856, 360.0], [208.57142857142856, 360.0]], [[380.0, 0.0], [660.0, 0.0], [660.0, 280.0], [380.0, 280.0], [380.0, 0.0]], [[155.68645557776688, 580.0], [235.68645557776688, 380.0], [335.6864555777669, 380.0], [335.6864555777669, 580.0], [155.68645557776688, 580.0]], [[0.0, 480.0], [100.0, 480.0], [100.0, 660.0], [0.0, 660.0], [0.0, 480.0]], [[0.0, 280.0], [0.0, 0.0], [280.0, 0.0], [0.0, 280.0]], [[200.0, 480.0], [0.0, 480.0], [0.0, 280.0], [200.0, 200.0], [200.0, 480.0]], [[660.0, 280.0], [580.0, 440.0], [500.0, 280.0], [660.0, 280.0]], [[380.0, 0.0], [380.0, 280.0], [140.0, 140.0], [380.0, 0.0]]]"
Wed Jul 22 20:32:37 2020,2,1,True,682.4433201335446,0.8352341992129968,"[0, 0, 1, 2, 1, 0, 0, 0, 3, 2, 1, 1]","[[[0.0, 200.0], [200.0, 200.0], [200.0, 400.0], [0.0, 400.0], [0.0, 200.0]], [[0.0, 0.0], [200.0, 0.0], [200.0, 200.0], [0.0, 200.0], [0.0, 0.0]], [[380.0, 0.0], [380.0, 280.0], [200.0, 280.0], [200.0, 0.0], [380.0, 0.0]], [[682.4433201335446, 460.0], [402.4433201335446, 460.0], [542.4433201335446, 320.0], [682.4433201335446, 460.0]], [[0.0, 400.0], [180.0, 400.0], [0.0, 680.0], [0.0, 400.0]], [[380.0, 0.0], [660.0, 0.0], [660.0, 280.0], [380.0, 280.0], [380.0, 0.0]], [[311.01474870497316, 580.0], [511.01474870497316, 660.0], [511.01474870497316, 760.0], [311.01474870497316, 760.0], [311.01474870497316, 580.0]], [[200.0, 280.0], [300.0, 280.0], [300.0, 460.0], [200.0, 460.0], [200.0, 280.0]], [[300.0, 560.0], [300.0, 280.0], [580.0, 280.0], [300.0, 560.0]], [[300.0, 760.0], [100.0, 760.0], [100.0, 560.0], [300.0, 480.0], [300.0, 760.0]], [[411.0147487049733, 460.0], [571.0147487049733, 540.0], [411.0147487049733, 620.0], [411.0147487049733, 460.0]], [[682.4433201335446, 480.0], [682.4433201335446, 760.0], [442.4433201335446, 620.0], [682.4433201335446, 480.0]]]"
Wed Jul 22 20:32:59 2020,2,1,True,689.26775333488,0.8269645536762346,"[0, 0, 1, 0, 1, 0, 0, 1, 2, 1, 0, 1]","[[[199.99999999999994, 280.0], [399.99999999999994, 280.0], [399.99999999999994, 480.0], [199.99999999999994, 480.0], [199.99999999999994, 280.0]], [[0.0, 373.94176506871884], [200.0, 373.94176506871884], [200.0, 573.9417650687188], [0.0, 573.9417650687188], [0.0, 373.94176506871884]], [[375.14558732820285, 0.0], [375.14558732820285, 280.0], [195.14558732820285, 280.0], [195.14558732820285, 0.0], [375.14558732820285, 0.0]], [[237.57279366410143, 517.5727936641015], [517.5727936641015, 517.5727936641015], [377.5727936641014, 657.5727936641015], [237.57279366410143, 517.5727936641015]], [[0.0, 0.0], [180.0, 0.0], [0.0, 280.0], [0.0, 0.0]], [[400.0, 200.0], [680.0, 200.0], [680.0, 480.0], [400.0, 480.0], [400.0, 200.0]], [[0.0, 573.9417650687188], [200.0, 653.9417650687188], [200.0, 753.9417650687188], [0.0, 753.9417650687188], [0.0, 573.9417650687188]], [[183.89457959868074, 273.94176506871884], [183.89457959868074, 373.94176506871884], [3.8945795986807354, 373.94176506871884], [3.8945795986807354, 273.94176506871884], [183.89457959868074, 273.94176506871884]], [[479.99999999999994, 760.0], [199.99999999999994, 760.0], [199.99999999999994, 480.0], [479.99999999999994, 760.0]], [[655.1455873282029, 0.0], [655.1455873282029, 200.0], [455.14558732820285, 200.0], [375.14558732820285, 0.0], [655.1455873282029, 0.0]], [[35.14558732820285, 273.94176506871884], [115.14558732820285, 113.94176506871884], [195.14558732820285, 273.94176506871884], [35.14558732820285, 273.94176506871884]], [[655.1455873282029, 480.0], [655.1455873282029, 760.0], [415.14558732820285, 620.0], [655.1455873282029, 480.0]]]"
Wed Jul 22 20:33:05 2020,2,0,True,661.6970432014848,0.8614214100794111,"[0, 0, 1, 1, 1, 0, 3, 1, 2, 1, 2, 0]","[[[181.6970432014848, 200.0], [381.6970432014848, 200.0], [381.6970432014848, 400.0], [181.6970432014848, 400.0], [181.6970432014848, 200.0]], [[181.6970432014848, 0.0], [381.6970432014848, 0.0], [381.6970432014848, 200.0], [181.6970432014848, 200.0], [181.6970432014848, 0.0]], [[180.0, 480.0], [180.0, 760.0], [0.0, 760.0], [0.0, 480.0], [180.0, 480.0]], [[181.6970432014848, 75.13793279769033], [181.6970432014848, 355.1379327976903], [41.6970432014848, 215.13793279769033], [181.6970432014848, 75.13793279769033]], [[0.0, 0.0], [180.0, 0.0], [0.0, 280.0], [0.0, 0.0]], [[381.6970432014848, 200.0], [661.6970432014848, 200.0], [661.6970432014848, 480.0], [381.6970432014848, 480.0], [381.6970432014848, 200.0]], [[463.1578947368421, 743.1578947368421], [543.1578947368421, 543.1578947368421], [643.1578947368421, 543.1578947368421], [643.1578947368421, 743.1578947368421], [463.1578947368421, 743.1578947368421]], [[180.0, 380.0], [180.0, 480.0], [0.0, 480.0], [0.0, 380.0], [180.0, 380.0]], [[459.9999999999998, 760.0], [179.99999999999977, 760.0], [179.99999999999977, 480.0], [459.9999999999998, 760.0]], [[661.6970432014848, 0.0], [661.6970432014848, 200.0], [461.6970432014848, 200.0], [381.6970432014848, 0.0], [661.6970432014848, 0.0]], [[340.0, 400.0], [260.0, 560.0], [180.0, 400.0], [340.0, 400.0]], [[300.0, 480.0], [580.0, 480.0], [440.0, 720.0], [300.0, 480.0]]]"
Wed Jul 22 20:33:27 2020,2,1,True,668.3140136334997,0.8528924852271396,"[0, 0, 1, 3, 2, 0, 0, 0, 3, 2, 3, 3]","[[[100.0, 551.6666666666666], [300.0, 551.6666666666666], [300.0, 751.6666666666666], [100.0, 751.6666666666666], [100.0, 551.6666666666666]], [[188.3140136334997, 271.66666666666663], [388.3140136334997, 271.66666666666663], [388.3140136334997, 471.66666666666663], [188.3140136334997, 471.66666666666663], [188.3140136334997, 271.66666666666663]], [[188.3140136334997, 271.66666666666663], [188.3140136334997, 551.6666666666666], [8.314013633499712, 551.6666666666666], [8.314013633499712, 271.66666666666663], [188.3140136334997, 271.66666666666663]], [[300.0, 757.5089782461313], [300.0, 477.5089782461313], [440.0, 617.5089782461313], [300.0, 757.5089782461313]], [[668.3140136334997, 280.0], [668.3140136334997, 460.0], [388.3140136334997, 280.0], [668.3140136334997, 280.0]], [[388.3140136334997, 0.0], [668.3140136334997, 0.0], [668.3140136334997, 280.0], [388.3140136334997, 280.0], [388.3140136334997, 0.0]], [[188.3140136334997, 91.66666666666663], [388.3140136334997, 171.66666666666663], [388.3140136334997, 271.66666666666663], [188.3140136334997, 271.66666666666663], [188.3140136334997, 91.66666666666663]], [[0.0, 551.6666666666666], [100.0, 551.6666666666666], [100.0, 731.6666666666666], [0.0, 731.6666666666666], [0.0, 551.6666666666666]], [[0.0, 280.0], [0.0, 0.0], [280.0, 0.0], [0.0, 280.0]], [[668.3140136334997, 756.6743945466001], [468.3140136334997, 756.6743945466001], [468.3140136334997, 556.6743945466001], [668.3140136334997, 476.67439454660007], [668.3140136334997, 756.6743945466001]], [[359.75638484766665, 160.2436151523334], [199.75638484766665, 80.2436151523334], [359.75638484766665, 0.2436151523334047], [359.75638484766665, 160.2436151523334]], [[412.0096363705328, 589.5186146166641], [412.0096363705328, 309.5186146166641], [652.0096363705328, 449.5186146166641], [412.0096363705328, 589.5186146166641]]]"
Wed Jul 22 20:34:16 2020,2,3,True,674.9971537698348,0.8444480051753857,"[0, 0, 1, 2, 3, 0, 2, 1, 0, 0, 2, 2]","[[[200.0, 560.0], [400.0, 560.0], [400.0, 760.0], [200.0, 760.0], [200.0, 560.0]], [[0.0, 460.0], [200.0, 460.0], [200.0, 660.0], [0.0, 660.0], [0.0, 460.0]], [[665.9225143014265, 280.0], [665.9225143014265, 560.0], [485.92251430142653, 560.0], [485.92251430142653, 280.0], [665.9225143014265, 280.0]], [[480.0, 560.0], [200.0, 560.0], [340.0, 420.0], [480.0, 560.0]], [[379.04981223479723, 285.92251430142653], [199.04981223479723, 285.92251430142653], [379.04981223479723, 5.922514301426531], [379.04981223479723, 285.92251430142653]], [[379.0498122347972, 0.0], [659.0498122347972, 0.0], [659.0498122347972, 280.0], [379.0498122347972, 280.0], [379.0498122347972, 0.0]], [[641.5814530881597, 760.0], [441.5814530881597, 680.0], [441.5814530881597, 580.0], [641.5814530881597, 580.0], [641.5814530881597, 760.0]], [[200.0, 660.0], [200.0, 760.0], [20.0, 760.0], [20.0, 660.0], [200.0, 660.0]], [[205.92251430142653, 285.92251430142653], [485.92251430142653, 285.92251430142653], [485.92251430142653, 565.9225143014265], [205.92251430142653, 285.92251430142653]], [[0.0, 0.0], [200.0, 0.0], [200.0, 200.0], [0.0, 280.0], [0.0, 0.0]], [[360.0, 0.0], [280.0, 160.0], [200.0, 0.0], [360.0, 0.0]], [[290.0, 460.0], [10.0, 460.0], [150.0, 220.0], [290.0, 460.0]]]"
Wed Jul 22 20:34:34 2020,2,1,True,681.7471253075331,0.8360871338370155,"[0, 0, 0, 2, 3, 0, 1, 1, 1, 0, 1, 1]","[[[280.0, 280.0], [480.0, 280.0], [480.0, 480.0], [280.0, 480.0], [280.0, 280.0]], [[39.42583904761281, 0.0], [239.4258390476128, 0.0], [239.4258390476128, 200.0], [39.42583904761281, 200.0], [39.42583904761281, 0.0]], [[0.0, 340.0], [280.0, 340.0], [280.0, 520.0], [0.0, 520.0], [0.0, 340.0]], [[280.0, 340.0], [0.0, 340.0], [140.0, 200.0], [280.0, 340.0]], [[400.0, 280.0], [220.0, 280.0], [400.0, 0.0], [400.0, 280.0]], [[400.0, 0.0], [680.0, 0.0], [680.0, 280.0], [400.0, 280.0], [400.0, 0.0]], [[180.0, 520.0], [100.0, 720.0], [0.0, 720.0], [0.0, 520.0], [180.0, 520.0]], [[520.0, 660.0], [520.0, 760.0], [340.0, 760.0], [340.0, 660.0], [520.0, 660.0]], [[340.0, 480.0], [340.0, 760.0], [60.0, 760.0], [340.0, 480.0]], [[480.0, 280.0], [680.0, 280.0], [680.0, 480.0], [480.0, 560.0], [480.0, 280.0]], [[352.0027323809586, 496.0013661904793], [512.0027323809586, 576.0013661904793], [352.0027323809586, 656.0013661904793], [352.0027323809586, 496.0013661904793]], [[681.7471253075331, 476.9838036499773], [681.7471253075331, 756.9838036499773], [441.7471253075331, 616.9838036499773], [681.7471253075331, 476.9838036499773]]]"
Wed Jul 22 20:35:07 2020,2,0,True,654.4772402952318,0.8709240977468912,"[0, 0, 1, 3, 0, 0, 2, 1, 1, 3, 3, 3]","[[[254.4772402952318, 560.0], [454.4772402952318, 560.0], [454.4772402952318, 760.0], [254.4772402952318, 760.0], [254.4772402952318, 560.0]], [[454.4772402952318, 560.0], [654.4772402952318, 560.0], [654.4772402952318, 760.0], [454.4772402952318, 760.0], [454.4772402952318, 560.0]], [[654.4772402952318, 280.0], [654.4772402952318, 560.0], [474.4772402952318, 560.0], [474.4772402952318, 280.0], [654.4772402952318, 280.0]], [[280.0, 465.5227597047682], [280.0, 185.5227597047682], [420.0, 325.5227597047682], [280.0, 465.5227597047682]], [[0.0, 180.0], [0.0, 0.0], [280.0, 180.0], [0.0, 180.0]], [[374.4772402952318, 0.0], [654.4772402952318, 0.0], [654.4772402952318, 280.0], [374.4772402952318, 280.0], [374.4772402952318, 0.0]], [[374.4772402952318, 192.16394018979187], [174.4772402952318, 112.16394018979187], [174.4772402952318, 12.163940189791873], [374.4772402952318, 12.163940189791873], [374.4772402952318, 192.16394018979187]], [[222.66561684762524, 380.0], [222.66561684762524, 480.0], [42.665616847625245, 480.0], [42.665616847625245, 380.0], [222.66561684762524, 380.0]], [[474.4772402952318, 280.0], [474.4772402952318, 560.0], [194.4772402952318, 560.0], [474.4772402952318, 280.0]], [[0.0, 380.0], [0.0, 180.0], [200.0, 180.0], [280.0, 380.0], [0.0, 380.0]], [[254.4772402952318, 760.0], [94.47724029523181, 680.0], [254.4772402952318, 600.0], [254.4772402952318, 760.0]], [[0.0, 735.1117235055519], [0.0, 455.11172350555194], [240.0, 595.1117235055519], [0.0, 735.1117235055519]]]"
Wed Jul 22 20:36:51 2020,2,5,False,661.0220126981841,0.86230108687811,"[0, 0, 1, 3, 3, 0, 2, 0, 3, 1, 0, 2]","[[[0.0, 240.0], [200.0, 240.0], [200.0, 440.0], [0.0, 440.0], [0.0, 240.0]], [[0.0, 40.0], [200.0, 40.0], [200.0, 240.0], [0.0, 240.0], [0.0, 40.0]], [[379.99999999999966, 279.9999999999999], [379.99999999999966, 559.9999999999999], [199.99999999999966, 559.9999999999999], [199.99999999999966, 279.9999999999999], [379.99999999999966, 279.9999999999999]], [[0.0, 713.333333333333], [0.0, 433.33333333333303], [140.0, 573.333333333333], [0.0, 713.333333333333]], [[199.99999999999977, 760.0], [19.999999999999773, 760.0], [199.99999999999977, 480.0], [199.99999999999977, 760.0]], [[379.99999999999966, 279.9999999999999], [659.9999999999997, 279.9999999999999], [659.9999999999997, 559.9999999999999], [379.99999999999966, 559.9999999999999], [379.99999999999966, 279.9999999999999]], [[661.0220126981841, 180.0], [461.0220126981841, 100.0], [461.0220126981841, 0.0], [661.0220126981841, 0.0], [661.0220126981841, 180.0]], [[200.0, 560.0], [300.0, 560.0], [300.0, 740.0], [200.0, 740.0], [200.0, 560.0]], [[186.02201269818397, 280.0], [186.02201269818397, 0.0], [466.02201269818397, 0.0], [186.02201269818397, 280.0]], [[661.0220126981841, 559.9999999999999], [661.0220126981841, 759.9999999999999], [461.0220126981841, 759.9999999999999], [381.0220126981841, 559.9999999999999], [661.0220126981841, 559.9999999999999]], [[290.0, 760.0], [370.0, 600.0], [450.0, 760.0], [290.0, 760.0]], [[566.0220126981841, 279.9999999999999], [286.0220126981841, 279.9999999999999], [426.0220126981841, 39.999999999999886], [566.0220126981841, 279.9999999999999]]]"
Wed Jul 22 20:38:39 2020,2,5,False,667.6322328251659,0.8537634523545644,"[0, 0, 0, 1, 1, 0, 1, 1, 1, 2, 1, 3]","[[[0.0, 380.0], [200.0, 380.0], [200.0, 580.0], [0.0, 580.0], [0.0, 380.0]], [[0.0, 180.0], [200.0, 180.0], [200.0, 380.0], [0.0, 380.0], [0.0, 180.0]], [[0.0, 0.0], [280.0, 0.0], [280.0, 180.0], [0.0, 180.0], [0.0, 0.0]], [[667.6322328251659, 247.63223282516617], [667.6322328251659, 527.6322328251662], [527.6322328251659, 387.63223282516617], [667.6322328251659, 247.63223282516617]], [[487.63223282516566, 163.33333333333337], [667.6322328251656, 163.33333333333337], [487.63223282516566, 443.33333333333337], [487.63223282516566, 163.33333333333337]], [[339.9999999999998, 480.0], [619.9999999999998, 480.0], [619.9999999999998, 760.0], [339.9999999999998, 760.0], [339.9999999999998, 480.0]], [[380.0, 280.0], [300.0, 480.0], [200.0, 480.0], [200.0, 280.0], [380.0, 280.0]], [[639.0608042537373, 0.0], [639.0608042537373, 100.0], [459.0608042537373, 100.0], [459.0608042537373, 0.0], [639.0608042537373, 0.0]], [[339.99999999999983, 480.0], [339.99999999999983, 760.0], [59.99999999999983, 760.0], [339.99999999999983, 480.0]], [[487.63223282516566, 480.0], [287.63223282516566, 480.0], [287.63223282516566, 280.0], [487.63223282516566, 200.0], [487.63223282516566, 480.0]], [[0.0, 580.0], [160.0, 660.0], [0.0, 740.0], [0.0, 580.0]], [[287.63223282516583, 280.0], [287.63223282516583, 0.0], [527.6322328251658, 140.0], [287.63223282516583, 280.0]]]"
Wed Jul 22 20:38:53 2020,2,1,True,674.3085551534176,0.8453103488659054,"[0, 0, 1, 0, 0, 0, 3, 0, 0, 0, 1, 1]","[[[0.0, 560.0], [200.0, 560.0], [200.0, 760.0], [0.0, 760.0], [0.0, 560.0]], [[200.0, 280.0], [400.0, 280.0], [400.0, 480.0], [200.0, 480.0], [200.0, 280.0]], [[180.0, 0.0], [180.0, 280.0], [0.0, 280.0], [0.0, 0.0], [180.0, 0.0]], [[180.0, 0.0], [460.0, 0.0], [320.0, 140.0], [180.0, 0.0]], [[180.0, 280.0], [180.0, 100.0], [460.0, 280.0], [180.0, 280.0]], [[199.9999999999999, 480.0], [479.9999999999999, 480.0], [479.9999999999999, 760.0], [199.9999999999999, 760.0], [199.9999999999999, 480.0]], [[491.38288969316454, 760.0], [571.3828896931645, 560.0], [671.3828896931645, 560.0], [671.3828896931645, 760.0], [491.38288969316454, 760.0]], [[574.3085551534176, 100.0], [674.3085551534176, 100.0], [674.3085551534176, 280.0], [574.3085551534176, 280.0], [574.3085551534176, 100.0]], [[394.3085551534176, 280.0], [674.3085551534176, 280.0], [674.3085551534176, 560.0], [394.3085551534176, 280.0]], [[0.0, 280.0], [200.0, 280.0], [200.0, 480.0], [0.0, 560.0], [0.0, 280.0]], [[479.9999999999999, 445.69144484658227], [639.9999999999999, 525.6914448465823], [479.9999999999999, 605.6914448465823], [479.9999999999999, 445.69144484658227]], [[560.0, 0.0], [560.0, 280.0], [320.0, 140.0], [560.0, 0.0]]]"
Wed Jul 22 20:39:13 2020,2,1,True,681.0516407049518,0.8369409394711934,"[0, 0, 0, 3, 3, 0, 1, 1, 0, 1, 2, 3]","[[[200.0, 0.0], [400.0, 0.0], [400.0, 200.0], [200.0, 200.0], [200.0, 0.0]], [[0.0, 0.0], [200.0, 0.0], [200.0, 200.0], [0.0, 200.0], [0.0, 0.0]], [[400.0, 0.0], [680.0, 0.0], [680.0, 180.0], [400.0, 180.0], [400.0, 0.0]], [[445.9762036441434, 505.9762036441434], [445.9762036441434, 225.97620364414342], [585.9762036441434, 365.9762036441434], [445.9762036441434, 505.9762036441434]], [[656.4199943942323, 760.0], [476.4199943942323, 760.0], [656.4199943942323, 480.0], [656.4199943942323, 760.0]], [[165.97620364414342, 235.05949088964144], [445.9762036441434, 235.05949088964144], [445.9762036441434, 515.0594908896414], [165.97620364414342, 515.0594908896414], [165.97620364414342, 235.05949088964144]], [[180.0, 200.0], [100.0, 400.0], [0.0, 400.0], [0.0, 200.0], [180.0, 200.0]], [[273.3333333333334, 660.0], [273.3333333333334, 760.0], [93.33333333333343, 760.0], [93.33333333333343, 660.0], [273.3333333333334, 660.0]], [[400.0, 180.0], [680.0, 180.0], [680.0, 460.0], [400.0, 180.0]], [[496.24601857807886, 515.0594908896414], [496.24601857807886, 715.0594908896414], [296.24601857807886, 715.0594908896414], [216.24601857807886, 515.0594908896414], [496.24601857807886, 515.0594908896414]], [[636.4616511849343, 475.4907561033525], [556.4616511849343, 635.4907561033525], [476.46165118493434, 475.4907561033525], [636.4616511849343, 475.4907561033525]], [[0.0, 714.4444444444445], [0.0, 434.44444444444446], [240.0, 574.4444444444445], [0.0, 714.4444444444445]]]"
Wed Jul 22 20:39:22 2020,2,1,True,687.8621571120012,0.8286543955160331,"[0, 0, 0, 3, 3, 0, 1, 1, 0, 3, 2, 2]","[[[0.0, 351.75843751143316], [200.0, 351.75843751143316], [200.0, 551.7584375114332], [0.0, 551.7584375114332], [0.0, 351.75843751143316]], [[0.0, 559.8243605465259], [200.0, 559.8243605465259], [200.0, 759.8243605465259], [0.0, 759.8243605465259], [0.0, 559.8243605465259]], [[321.66666666666674, 0.0], [601.6666666666667, 0.0], [601.6666666666667, 180.0], [321.66666666666674, 180.0], [321.66666666666674, 0.0]], [[480.0, 566.1904249232464], [480.0, 286.1904249232464], [620.0, 426.1904249232464], [480.0, 566.1904249232464]], [[654.7018526859214, 759.9999999999999], [474.7018526859214, 759.9999999999999], [654.7018526859214, 479.9999999999999], [654.7018526859214, 759.9999999999999]], [[200.0, 271.75843751143316], [480.0, 271.75843751143316], [480.0, 551.7584375114332], [200.0, 551.7584375114332], [200.0, 271.75843751143316]], [[180.0, 0.0], [100.0, 200.0], [0.0, 200.0], [0.0, 0.0], [180.0, 0.0]], [[180.0, 240.0], [180.0, 340.0], [0.0, 340.0], [0.0, 240.0], [180.0, 240.0]], [[388.24156248856684, 180.0], [668.2415624885668, 180.0], [668.2415624885668, 460.0], [388.24156248856684, 180.0]], [[200.0, 751.758437511433], [200.0, 551.758437511433], [400.0, 551.758437511433], [480.0, 751.758437511433], [200.0, 751.758437511433]], [[565.7727949647253, 566.1904249232464], [485.7727949647253, 726.1904249232464], [405.7727949647253, 566.1904249232464], [565.7727949647253, 566.1904249232464]], [[356.6666666666667, 240.0], [76.66666666666669, 240.0], [216.66666666666669, 0.0], [356.6666666666667, 240.0]]]"
Wed Jul 22 20:39:23 2020,2,0,True,660.3476708275211,0.8631816619958679,"[0, 0, 0, 3, 3, 0, 1, 1, 0, 3, 2, 2]","[[[0.0, 351.75843751143316], [200.0, 351.75843751143316], [200.0, 551.7584375114332], [0.0, 551.7584375114332], [0.0, 351.75843751143316]], [[0.0, 559.8243605465259], [200.0, 559.8243605465259], [200.0, 759.8243605465259], [0.0, 759.8243605465259], [0.0, 559.8243605465259]], [[321.66666666666674, 0.0], [601.6666666666667, 0.0], [601.6666666666667, 180.0], [321.66666666666674, 180.0], [321.66666666666674, 0.0]], [[480.0, 566.1904249232464], [480.0, 286.1904249232464], [620.0, 426.1904249232464], [480.0, 566.1904249232464]], [[653.9209235314148, 744.6266693750629], [473.9209235314148, 744.6266693750629], [653.9209235314148, 464.6266693750629], [653.9209235314148, 744.6266693750629]], [[200.0, 279.65232917247886], [480.0, 279.65232917247886], [480.0, 559.6523291724789], [200.0, 559.6523291724789], [200.0, 279.65232917247886]], [[180.0, 2.842170943040401e-14], [100.0, 200.00000000000003], [0.0, 200.00000000000003], [0.0, 2.842170943040401e-14], [180.0, 2.842170943040401e-14]], [[180.0, 240.0], [180.0, 340.0], [0.0, 340.0], [0.0, 240.0], [180.0, 240.0]], [[380.34767082752114, 180.0], [660.3476708275211, 180.0], [660.3476708275211, 460.0], [380.34767082752114, 180.0]], [[200.0, 759.8243605465259], [200.0, 559.8243605465259], [400.0, 559.8243605465259], [480.0, 759.8243605465259], [200.0, 759.8243605465259]], [[565.7727949647253, 566.1904249232464], [485.7727949647253, 726.1904249232464], [405.7727949647253, 566.1904249232464], [565.7727949647253, 566.1904249232464]], [[356.6666666666667, 240.0], [76.66666666666669, 240.0], [216.66666666666669, 0.0], [356.6666666666667, 240.0]]]"
Wed Jul 22 20:40:21 2020,2,3,True,666.9511475357964,0.8546353089067998,"[0, 0, 1, 2, 0, 0, 2, 0, 0, 1, 2, 2]","[[[200.0, 508.57142857142856], [400.0, 508.57142857142856], [400.0, 708.5714285714286], [200.0, 708.5714285714286], [200.0, 508.57142857142856]], [[186.9511475357964, 0.0], [386.9511475357964, 0.0], [386.9511475357964, 200.0], [186.9511475357964, 200.0], [186.9511475357964, 0.0]], [[180.0, 186.1002768535559], [180.0, 466.1002768535559], [0.0, 466.1002768535559], [0.0, 186.1002768535559], [180.0, 186.1002768535559]], [[633.9337639944202, 760.0], [353.93376399442025, 760.0], [493.93376399442025, 620.0], [633.9337639944202, 760.0]], [[0.0, 760.0], [0.0, 580.0], [280.0, 760.0], [0.0, 760.0]], [[386.9511475357964, 0.0], [666.9511475357964, 0.0], [666.9511475357964, 280.0], [386.9511475357964, 280.0], [386.9511475357964, 0.0]], [[200.0, 660.0], [0.0, 580.0], [0.0, 480.0], [200.0, 480.0], [200.0, 660.0]], [[0.0, 6.100276853555897], [100.0, 6.100276853555897], [100.0, 186.1002768535559], [0.0, 186.1002768535559], [0.0, 6.100276853555897]], [[371.42857142857144, 480.0], [651.4285714285714, 480.0], [651.4285714285714, 760.0], [371.42857142857144, 480.0]], [[666.9511475357964, 280.0], [666.9511475357964, 480.0], [466.9511475357964, 480.0], [386.9511475357964, 280.0], [666.9511475357964, 280.0]], [[340.0, 200.0], [260.0, 360.0], [180.0, 200.0], [340.0, 200.0]], [[466.9511475357964, 480.0], [186.9511475357964, 480.0], [326.9511475357964, 240.0], [466.9511475357964, 480.0]]]"
Wed Jul 22 20:40:47 2020,2,1,True,673.6206590111543,0.8461735731750495,"[0, 0, 1, 0, 0, 0, 3, 0, 2, 1, 0, 0]","[[[293.33333333333314, 439.9999999999999], [493.33333333333314, 439.9999999999999], [493.33333333333314, 639.9999999999999], [293.33333333333314, 639.9999999999999], [293.33333333333314, 439.9999999999999]], [[0.0, 559.9999999999999], [200.0, 559.9999999999999], [200.0, 759.9999999999999], [0.0, 759.9999999999999], [0.0, 559.9999999999999]], [[673.3333333333331, 439.9999999999999], [673.3333333333331, 719.9999999999999], [493.33333333333314, 719.9999999999999], [493.33333333333314, 439.9999999999999], [673.3333333333331, 439.9999999999999]], [[0.0, 0.0], [280.0, 0.0], [140.0, 140.0], [0.0, 0.0]], [[200.0, 760.0], [200.0, 580.0], [480.0, 760.0], [200.0, 760.0]], [[0.0, 279.9999999999999], [280.0, 279.9999999999999], [280.0, 559.9999999999999], [0.0, 559.9999999999999], [0.0, 279.9999999999999]], [[200.0, 200.0], [280.0, 0.0], [380.0, 0.0], [380.0, 200.0], [200.0, 200.0]], [[511.66666666666674, 200.0], [611.6666666666667, 200.0], [611.6666666666667, 380.0], [511.66666666666674, 380.0], [511.66666666666674, 200.0]], [[280.0, 280.0], [0.0, 280.0], [0.0, 0.0], [280.0, 280.0]], [[660.0, 0.0], [660.0, 200.0], [460.0, 200.0], [380.0, 0.0], [660.0, 0.0]], [[385.0000000000001, 439.9999999999999], [465.0000000000001, 279.9999999999999], [545.0000000000001, 439.9999999999999], [385.0000000000001, 439.9999999999999]], [[232.50000000000006, 198.57142857142856], [512.5, 198.57142857142856], [372.50000000000006, 438.57142857142856], [232.50000000000006, 198.57142857142856]]]"
Wed Jul 22 20:40:53 2020,2,0,True,646.6758326507081,0.8814308053906765,"[0, 0, 1, 0, 3, 0, 1, 1, 2, 0, 2, 1]","[[[200.0, 559.9999999999999], [400.0, 559.9999999999999], [400.0, 759.9999999999999], [200.0, 759.9999999999999], [200.0, 559.9999999999999]], [[0.0, 559.9999999999999], [200.0, 559.9999999999999], [200.0, 759.9999999999999], [0.0, 759.9999999999999], [0.0, 559.9999999999999]], [[460.0, 279.9999999999999], [460.0, 559.9999999999999], [280.0, 559.9999999999999], [280.0, 279.9999999999999], [460.0, 279.9999999999999]], [[0.0, 0.0], [280.0, 0.0], [140.0, 140.0], [0.0, 0.0]], [[646.6758326507081, 760.0], [466.6758326507081, 760.0], [646.6758326507081, 480.0], [646.6758326507081, 760.0]], [[0.0, 279.9999999999999], [280.0, 279.9999999999999], [280.0, 559.9999999999999], [0.0, 559.9999999999999], [0.0, 279.9999999999999]], [[640.0, 380.0], [560.0, 580.0], [460.0, 580.0], [460.0, 380.0], [640.0, 380.0]], [[640.0, 248.0], [640.0, 348.0], [460.0, 348.0], [460.0, 248.0], [640.0, 248.0]], [[280.0, 280.0], [0.0, 280.0], [0.0, 0.0], [280.0, 280.0]], [[380.0, 0.0], [580.0, 0.0], [580.0, 200.0], [380.0, 280.0], [380.0, 0.0]], [[559.532975507851, 580.0], [479.53297550785106, 740.0], [399.53297550785106, 580.0], [559.532975507851, 580.0]], [[380.0, 0.0], [380.0, 280.0], [140.0, 140.0], [380.0, 0.0]]]"
Wed Jul 22 20:43:00 2020,2,5,True,653.1425909772151,0.8727037677135412,"[0, 0, 1, 3, 1, 0, 2, 1, 0, 0, 0, 3]","[[[453.14259097721515, 560.0], [653.1425909772151, 560.0], [653.1425909772151, 760.0], [453.14259097721515, 760.0], [453.14259097721515, 560.0]], [[253.14259097721498, 560.0], [453.142590977215, 560.0], [453.142590977215, 760.0], [253.14259097721498, 760.0], [253.14259097721498, 560.0]], [[180.0, 0.0], [180.0, 280.0], [0.0, 280.0], [0.0, 0.0], [180.0, 0.0]], [[211.58919291896254, 601.5533980582524], [211.58919291896254, 321.55339805825236], [351.58919291896257, 461.55339805825236], [211.58919291896254, 601.5533980582524]], [[460.0, 0.0], [640.0, 0.0], [460.0, 280.0], [460.0, 0.0]], [[180.0, 0.0], [460.0, 0.0], [460.0, 280.0], [180.0, 280.0], [180.0, 0.0]], [[216.08590766570438, 569.9642051392898], [16.085907665704383, 489.9642051392898], [16.085907665704383, 389.9642051392898], [216.08590766570438, 389.9642051392898], [216.08590766570438, 569.9642051392898]], [[180.0, 289.96420513928985], [180.0, 389.96420513928985], [0.0, 389.96420513928985], [0.0, 289.96420513928985], [180.0, 289.96420513928985]], [[170.03579486071015, 280.0], [450.03579486071015, 280.0], [450.03579486071015, 560.0], [170.03579486071015, 280.0]], [[450.03579486071015, 280.0], [650.0357948607102, 280.0], [650.0357948607102, 480.0], [450.03579486071015, 560.0], [450.03579486071015, 280.0]], [[482.85714285714283, 280.0], [562.8571428571429, 120.0], [642.8571428571429, 280.0], [482.85714285714283, 280.0]], [[0.0, 760.0], [0.0, 480.0], [240.0, 620.0], [0.0, 760.0]]]"
Wed Jul 22 20:43:24 2020,2,1,True,659.6740168869873,0.8640631363500407,"[0, 0, 1, 3, 3, 0, 0, 1, 3, 3, 0, 0]","[[[459.67401688698726, 280.0], [659.6740168869873, 280.0], [659.6740168869873, 480.0], [459.67401688698726, 480.0], [459.67401688698726, 280.0]], [[259.67401688698726, 509.1850422174682], [459.67401688698726, 509.1850422174682], [459.67401688698726, 709.1850422174682], [259.67401688698726, 709.1850422174682], [259.67401688698726, 509.1850422174682]], [[180.0, 280.0], [180.0, 560.0], [0.0, 560.0], [0.0, 280.0], [180.0, 280.0]], [[280.0, 280.0], [280.0, 0.0], [420.0, 140.0], [280.0, 280.0]], [[659.6740168869873, 280.0], [479.67401688698726, 280.0], [659.6740168869873, 0.0], [659.6740168869873, 280.0]], [[0.0, 0.0], [280.0, 0.0], [280.0, 280.0], [0.0, 280.0], [0.0, 0.0]], [[459.67401688698726, 572.0], [659.6740168869873, 652.0], [659.6740168869873, 752.0], [459.67401688698726, 752.0], [459.67401688698726, 572.0]], [[659.6740168869873, 480.0], [659.6740168869873, 580.0], [479.67401688698726, 580.0], [479.67401688698726, 480.0], [659.6740168869873, 480.0]], [[179.67401688698726, 560.0], [179.67401688698726, 280.0], [459.67401688698726, 280.0], [179.67401688698726, 560.0]], [[0.0, 760.0], [0.0, 560.0], [200.0, 560.0], [280.0, 760.0], [0.0, 760.0]], [[310.48897466951905, 509.1850422174682], [390.48897466951905, 349.1850422174682], [470.48897466951905, 509.1850422174682], [310.48897466951905, 509.1850422174682]], [[365.388302601273, 0.0], [645.3883026012729, 0.0], [505.388302601273, 240.0], [365.388302601273, 0.0]]]"
Wed Jul 22 20:43:47 2020,2,1,True,666.2707570558572,0.8555080557921195,"[0, 0, 0, 2, 1, 0, 3, 1, 3, 1, 2, 1]","[[[466.2707570558572, 560.0], [666.2707570558572, 560.0], [666.2707570558572, 760.0], [466.2707570558572, 760.0], [466.2707570558572, 560.0]], [[280.0, 0.0], [480.0, 0.0], [480.0, 200.0], [280.0, 200.0], [280.0, 0.0]], [[0.0, 580.0], [280.0, 580.0], [280.0, 760.0], [0.0, 760.0], [0.0, 580.0]], [[280.0, 580.0], [0.0, 580.0], [140.0, 440.0], [280.0, 580.0]], [[480.0, 0.0], [660.0, 0.0], [480.0, 280.0], [480.0, 0.0]], [[0.0, 0.0], [280.0, 0.0], [280.0, 280.0], [0.0, 280.0], [0.0, 0.0]], [[486.2707570558572, 345.8010445797777], [566.2707570558572, 145.80104457977768], [666.2707570558572, 145.80104457977768], [666.2707570558572, 345.8010445797777], [486.2707570558572, 345.8010445797777]], [[460.0, 620.0], [460.0, 720.0], [280.0, 720.0], [280.0, 620.0], [460.0, 620.0]], [[0.0, 560.0], [0.0, 280.0], [280.0, 280.0], [0.0, 560.0]], [[647.3684210526314, 360.0], [647.3684210526314, 560.0], [447.36842105263145, 560.0], [367.36842105263145, 360.0], [647.3684210526314, 360.0]], [[480.0, 200.0], [400.0, 360.0], [320.0, 200.0], [480.0, 200.0]], [[367.3684210526315, 292.63157894736844], [367.3684210526315, 572.6315789473684], [127.3684210526315, 432.63157894736844], [367.3684210526315, 292.63157894736844]]]"
Wed Jul 22 20:45:10 2020,2,5,False,672.9334646264158,0.8470376790020986,"[0, 0, 0, 2, 3, 0, 0, 0, 3, 0, 1, 1]","[[[272.93346462641574, 199.99999999999994], [472.93346462641574, 199.99999999999994], [472.93346462641574, 399.99999999999994], [272.93346462641574, 399.99999999999994], [272.93346462641574, 199.99999999999994]], [[270.0763217692729, 0.0], [470.0763217692729, 0.0], [470.0763217692729, 200.0], [270.0763217692729, 200.0], [270.0763217692729, 0.0]], [[0.0, 280.0], [280.0, 280.0], [280.0, 460.0], [0.0, 460.0], [0.0, 280.0]], [[280.0, 742.6545791152738], [0.0, 742.6545791152738], [140.0, 602.6545791152738], [280.0, 742.6545791152738]], [[672.9334646264158, 300.0], [492.9334646264158, 300.0], [672.9334646264158, 20.0], [672.9334646264158, 300.0]], [[0.0, 0.0], [280.0, 0.0], [280.0, 280.0], [0.0, 280.0], [0.0, 0.0]], [[472.9334646264158, 580.0], [672.9334646264158, 660.0], [672.9334646264158, 760.0], [472.9334646264158, 760.0], [472.9334646264158, 580.0]], [[470.0763217692729, 1.1368683772161603e-13], [570.0763217692729, 1.1368683772161603e-13], [570.0763217692729, 180.0000000000001], [470.0763217692729, 180.0000000000001], [470.0763217692729, 1.1368683772161603e-13]], [[0.0, 740.0], [0.0, 460.0], [280.0, 460.0], [0.0, 740.0]], [[472.93346462641574, 300.0], [672.9334646264158, 300.0], [672.9334646264158, 500.0], [472.93346462641574, 580.0], [472.93346462641574, 300.0]], [[275.5221596463608, 578.1767387616346], [435.5221596463608, 658.1767387616346], [275.5221596463608, 738.1767387616346], [275.5221596463608, 578.1767387616346]], [[472.93346462641574, 400.0], [472.93346462641574, 680.0], [232.93346462641574, 540.0], [472.93346462641574, 400.0]]]"
Wed Jul 22 20:45:24 2020,2,0,True,646.0161260413591,0.882330915627186,"[0, 0, 1, 0, 3, 0, 1, 1, 1, 2, 2, 3]","[[[446.01612604135914, 280.0], [646.0161260413591, 280.0], [646.0161260413591, 480.0], [446.01612604135914, 480.0], [446.01612604135914, 280.0]], [[200.0, 446.01612604135926], [400.0, 446.01612604135926], [400.0, 646.0161260413593], [200.0, 646.0161260413593], [200.0, 446.01612604135926]], [[646.0161260413591, 0.0], [646.0161260413591, 280.0], [466.01612604135914, 280.0], [466.01612604135914, 0.0], [646.0161260413591, 0.0]], [[94.72056617928632, 276.92033027125035], [374.7205661792863, 276.92033027125035], [234.72056617928632, 416.92033027125035], [94.72056617928632, 276.92033027125035]], [[446.01612604135914, 446.01612604135926], [266.01612604135914, 446.01612604135926], [446.01612604135914, 166.01612604135926], [446.01612604135914, 446.01612604135926]], [[0.0, 0.0], [280.0, 0.0], [280.0, 280.0], [0.0, 280.0], [0.0, 0.0]], [[460.0, 0.0], [380.0, 200.0], [280.0, 200.0], [280.0, 0.0], [460.0, 0.0]], [[380.0, 646.0161260413593], [380.0, 746.0161260413593], [200.0, 746.0161260413593], [200.0, 646.0161260413593], [380.0, 646.0161260413593]], [[646.0161260413591, 480.0], [646.0161260413591, 760.0], [366.01612604135914, 760.0], [646.0161260413591, 480.0]], [[200.0, 760.0], [0.0, 760.0], [0.0, 560.0], [200.0, 480.0], [200.0, 760.0]], [[566.0161260413591, 480.0], [486.01612604135914, 640.0], [406.01612604135914, 480.0], [566.0161260413591, 480.0]], [[0.0, 560.0], [0.0, 280.0], [240.0, 420.0], [0.0, 560.0]]]"
Wed Jul 22 20:46:58 2020,2,5,False,652.4762873017727,0.873594965967511,"[0, 0, 0, 2, 1, 0, 1, 0, 2, 0, 0, 0]","[[[172.4762873017727, 0.0], [372.4762873017727, 0.0], [372.4762873017727, 200.0], [172.4762873017727, 200.0], [172.4762873017727, 0.0]], [[0.0, 200.0], [200.0, 200.0], [200.0, 400.0], [0.0, 400.0], [0.0, 200.0]], [[372.4762873017727, 0.0], [652.4762873017727, 0.0], [652.4762873017727, 180.0], [372.4762873017727, 180.0], [372.4762873017727, 0.0]], [[635.8791736327327, 760.0], [355.87917363273266, 760.0], [495.87917363273266, 620.0], [635.8791736327327, 760.0]], [[280.0, 454.32343250597455], [460.0, 454.32343250597455], [280.0, 734.3234325059746], [280.0, 454.32343250597455]], [[0.0, 480.0], [280.0, 480.0], [280.0, 760.0], [0.0, 760.0], [0.0, 480.0]], [[180.0, 0.0], [100.0, 200.0], [0.0, 200.0], [0.0, 0.0], [180.0, 0.0]], [[552.4762873017727, 496.59711366904], [652.4762873017727, 496.59711366904], [652.4762873017727, 676.59711366904], [552.4762873017727, 676.59711366904], [552.4762873017727, 496.59711366904]], [[546.7997198077472, 454.32343250597455], [266.79971980774724, 454.32343250597455], [266.79971980774724, 174.32343250597455], [546.7997198077472, 454.32343250597455]], [[180.0, 200.0], [380.0, 200.0], [380.0, 400.0], [180.0, 480.0], [180.0, 200.0]], [[376.35077803955505, 620.0], [456.35077803955505, 460.0], [536.350778039555, 620.0], [376.35077803955505, 620.0]], [[372.4762873017727, 180.0], [652.4762873017727, 180.0], [512.4762873017727, 420.0], [372.4762873017727, 180.0]]]"
Wed Jul 22 20:47:50 2020,2,1,True,659.0010501747904,0.8649455108589217,"[0, 0, 0, 3, 3, 0, 1, 1, 0, 2, 0, 0]","[[[200.0, 279.7993620868514], [400.0, 279.7993620868514], [400.0, 479.7993620868514], [200.0, 479.7993620868514], [200.0, 279.7993620868514]], [[0.0, 280.0], [200.0, 280.0], [200.0, 480.0], [0.0, 480.0], [0.0, 280.0]], [[199.0010501747904, 0.0], [479.0010501747904, 0.0], [479.0010501747904, 180.0], [199.0010501747904, 180.0], [199.0010501747904, 0.0]], [[280.0, 760.0], [280.0, 480.0], [420.0, 620.0], [280.0, 760.0]], [[659.0010501747904, 760.0], [479.0010501747904, 760.0], [659.0010501747904, 480.0], [659.0010501747904, 760.0]], [[0.0, 480.0], [280.0, 480.0], [280.0, 760.0], [0.0, 760.0], [0.0, 480.0]], [[659.0010501747904, 0.0], [579.0010501747904, 200.0], [479.0010501747904, 200.0], [479.0010501747904, 0.0], [659.0010501747904, 0.0]], [[379.0010501747904, 180.0], [379.0010501747904, 280.0], [199.0010501747904, 280.0], [199.0010501747904, 180.0], [379.0010501747904, 180.0]], [[379.0010501747904, 200.0], [659.0010501747904, 200.0], [659.0010501747904, 480.0], [379.0010501747904, 200.0]], [[200.0, 280.0], [0.0, 280.0], [0.0, 80.0], [200.0, 0.0], [200.0, 280.0]], [[418.8004122616418, 479.7993620868514], [498.8004122616418, 319.7993620868514], [578.8004122616418, 479.7993620868514], [418.8004122616418, 479.7993620868514]], [[338.21629455066335, 479.7993620868514], [618.2162945506634, 479.7993620868514], [478.21629455066335, 719.7993620868514], [338.21629455066335, 479.7993620868514]]]"
Wed Jul 22 20:48:18 2020,2,1,True,665.5910606765383,0.8563816939197245,"[0, 0, 1, 1, 1, 0, 3, 1, 2, 0, 2, 2]","[[[11.733703190013813, 460.0], [211.7337031900138, 460.0], [211.7337031900138, 660.0], [11.733703190013813, 660.0], [11.733703190013813, 460.0]], [[0.0, 0.0], [200.0, 0.0], [200.0, 200.0], [0.0, 200.0], [0.0, 0.0]], [[579.9999999999999, 0.0], [579.9999999999999, 280.0], [399.9999999999999, 280.0], [399.9999999999999, 0.0], [579.9999999999999, 0.0]], [[379.7297297297298, 208.0], [379.7297297297298, 488.0], [239.7297297297298, 348.0], [379.7297297297298, 208.0]], [[0.0, 200.0], [180.0, 200.0], [0.0, 480.0], [0.0, 200.0]], [[379.7297297297298, 280.0], [659.7297297297298, 280.0], [659.7297297297298, 560.0], [379.7297297297298, 560.0], [379.7297297297298, 280.0]], [[485.5910606765383, 760.0], [565.5910606765383, 560.0], [665.5910606765383, 560.0], [665.5910606765383, 760.0], [485.5910606765383, 760.0]], [[200.0, 660.0], [200.0, 760.0], [20.0, 760.0], [20.0, 660.0], [200.0, 660.0]], [[491.7337031900138, 740.0], [211.73370319001378, 740.0], [211.73370319001378, 460.0], [491.7337031900138, 740.0]], [[199.99999999999986, 0.0], [399.9999999999999, 0.0], [399.9999999999999, 200.0], [199.99999999999986, 280.0], [199.99999999999986, 0.0]], [[551.7337031900138, 560.0], [471.7337031900138, 720.0], [391.7337031900138, 560.0], [551.7337031900138, 560.0]], [[304.9999999999999, 460.0], [24.999999999999886, 460.0], [164.9999999999999, 220.0], [304.9999999999999, 460.0]]]"
Wed Jul 22 20:48:33 2020,2,1,True,672.2469712833037,0.8479026672472519,"[0, 0, 1, 1, 3, 0, 3, 0, 3, 1, 3, 3]","[[[472.24697128330365, 555.6668425150096], [672.2469712833037, 555.6668425150096], [672.2469712833037, 755.6668425150096], [472.24697128330365, 755.6668425150096], [472.24697128330365, 555.6668425150096]], [[461.17526274814827, 155.6668425150096], [661.1752627481483, 155.6668425150096], [661.1752627481483, 355.6668425150096], [461.17526274814827, 355.6668425150096], [461.17526274814827, 155.6668425150096]], [[180.0, 200.0], [180.0, 480.0], [0.0, 480.0], [0.0, 200.0], [180.0, 200.0]], [[456.8421052631579, 103.15789473684208], [456.8421052631579, 383.1578947368421], [316.8421052631579, 243.15789473684208], [456.8421052631579, 103.15789473684208]], [[460.0, 735.0], [280.0, 735.0], [460.0, 455.0], [460.0, 735.0]], [[0.0, 480.0], [280.0, 480.0], [280.0, 760.0], [0.0, 760.0], [0.0, 480.0]], [[465.73326299399616, 555.6668425150096], [545.7332629939962, 355.66684251500965], [645.7332629939962, 355.66684251500965], [645.7332629939962, 555.6668425150096], [465.73326299399616, 555.6668425150096]], [[180.0, 280.0], [280.0, 280.0], [280.0, 460.0], [180.0, 460.0], [180.0, 280.0]], [[280.0, 280.0], [280.0, 0.0], [560.0, 0.0], [280.0, 280.0]], [[280.0, 0.0], [280.0, 200.0], [80.0, 200.0], [0.0, 0.0], [280.0, 0.0]], [[669.8415777181291, 160.0], [509.8415777181291, 80.0], [669.8415777181291, 0.0], [669.8415777181291, 160.0]], [[280.0, 560.0], [280.0, 280.0], [520.0, 420.0], [280.0, 560.0]]]"
Wed Jul 22 20:48:56 2020,2,1,True,678.9694409961367,0.839507591333913,"[0, 0, 1, 0, 0, 0, 0, 1, 0, 0, 3, 2]","[[[280.0, 464.2105263157896], [480.0, 464.2105263157896], [480.0, 664.2105263157896], [280.0, 664.2105263157896], [280.0, 464.2105263157896]], [[198.96944099613665, 100.0], [398.96944099613665, 100.0], [398.96944099613665, 300.0], [198.96944099613665, 300.0], [198.96944099613665, 100.0]], [[660.0, 464.2105263157896], [660.0, 744.2105263157896], [480.0, 744.2105263157896], [480.0, 464.2105263157896], [660.0, 464.2105263157896]], [[118.9694409961366, 300.0], [398.9694409961366, 300.0], [258.9694409961366, 440.0], [118.9694409961366, 300.0]], [[398.96944099613665, 180.0], [398.96944099613665, 0.0], [678.9694409961367, 180.0], [398.96944099613665, 180.0]], [[0.0, 480.0], [280.0, 480.0], [280.0, 760.0], [0.0, 760.0], [0.0, 480.0]], [[0.0, 300.0], [200.0, 380.0], [200.0, 480.0], [0.0, 480.0], [0.0, 300.0]], [[380.0, 0.0], [380.0, 100.0], [200.0, 100.0], [200.0, 0.0], [380.0, 0.0]], [[398.96944099613665, 180.0], [678.9694409961367, 180.0], [678.9694409961367, 460.0], [398.96944099613665, 180.0]], [[0.0, 20.0], [200.0, 20.0], [200.0, 220.0], [0.0, 300.0], [0.0, 20.0]], [[678.9694409961367, 160.0], [518.9694409961367, 80.0], [678.9694409961367, 0.0], [678.9694409961367, 160.0]], [[583.179967311926, 464.2105263157896], [303.179967311926, 464.2105263157896], [443.179967311926, 224.2105263157896], [583.179967311926, 464.2105263157896]]]"
Wed Jul 22 20:49:20 2020,2,1,True,685.759135406098,0.8311956349840722,"[0, 0, 1, 0, 2, 0, 3, 0, 2, 2, 3, 3]","[[[480.0, 0.0], [680.0, 0.0], [680.0, 200.0], [480.0, 200.0], [480.0, 0.0]], [[280.0, 0.0], [480.0, 0.0], [480.0, 200.0], [280.0, 200.0], [280.0, 0.0]], [[635.1959099455322, 200.0], [635.1959099455322, 480.0], [455.1959099455322, 480.0], [455.1959099455322, 200.0], [635.1959099455322, 200.0]], [[0.0, 0.0], [280.0, 0.0], [140.0, 140.0], [0.0, 0.0]], [[560.0, 480.0], [560.0, 660.0], [280.0, 480.0], [560.0, 480.0]], [[0.0, 480.0], [280.0, 480.0], [280.0, 760.0], [0.0, 760.0], [0.0, 480.0]], [[75.19590994553221, 480.0], [155.1959099455322, 280.0], [255.1959099455322, 280.0], [255.1959099455322, 480.0], [75.19590994553221, 480.0]], [[560.0, 480.0], [660.0, 480.0], [660.0, 660.0], [560.0, 660.0], [560.0, 480.0]], [[560.0, 760.0], [280.0, 760.0], [280.0, 480.0], [560.0, 760.0]], [[455.1959099455322, 480.0], [255.1959099455322, 480.0], [255.1959099455322, 280.0], [455.1959099455322, 200.0], [455.1959099455322, 480.0]], [[270.27912541394414, 234.86043729302793], [110.27912541394414, 154.86043729302793], [270.27912541394414, 74.86043729302793], [270.27912541394414, 234.86043729302793]], [[0.0, 370.5309474682271], [0.0, 90.53094746822711], [240.0, 230.5309474682271], [0.0, 370.5309474682271]]]"
Wed Jul 22 20:49:28 2020,2,0,True,658.3287699898541,0.8658287864417419,"[0, 0, 1, 0, 2, 0, 3, 1, 2, 1, 3, 3]","[[[458.3287699898541, 0.0], [658.3287699898541, 0.0], [658.3287699898541, 200.0], [458.3287699898541, 200.0], [458.3287699898541, 0.0]], [[258.3287699898541, 21.671230010145905], [458.3287699898541, 21.671230010145905], [458.3287699898541, 221.6712300101459], [258.3287699898541, 221.6712300101459], [258.3287699898541, 21.671230010145905]], [[657.3894271616995, 200.0], [657.3894271616995, 480.0], [477.3894271616995, 480.0], [477.3894271616995, 200.0], [657.3894271616995, 200.0]], [[0.0, 0.0], [280.0, 0.0], [140.0, 140.0], [0.0, 0.0]], [[477.3894271616995, 423.18950082234187], [477.3894271616995, 603.1895008223419], [197.38942716169947, 423.18950082234187], [477.3894271616995, 423.18950082234187]], [[0.0, 480.0], [280.0, 480.0], [280.0, 760.0], [0.0, 760.0], [0.0, 480.0]], [[19.617908072280386, 480.0], [99.61790807228039, 280.0], [199.6179080722804, 280.0], [199.6179080722804, 480.0], [19.617908072280386, 480.0]], [[657.3894271616995, 480.0], [657.3894271616995, 580.0], [477.3894271616995, 580.0], [477.3894271616995, 480.0], [657.3894271616995, 480.0]], [[560.0, 760.0], [280.0, 760.0], [280.0, 480.0], [560.0, 760.0]], [[477.3894271616995, 223.18950082234193], [477.3894271616995, 423.1895008223419], [277.3894271616995, 423.1895008223419], [197.38942716169947, 223.18950082234193], [477.3894271616995, 223.18950082234193]], [[658.3287699898541, 760.0], [498.3287699898541, 680.0], [658.3287699898541, 600.0], [658.3287699898541, 760.0]], [[0.0, 338.3333333333333], [0.0, 58.333333333333314], [240.0, 198.33333333333331], [0.0, 338.3333333333333]]]"
Wed Jul 22 20:50:12 2020,2,3,True,664.9120576897526,0.8572562241997446,"[0, 0, 1, 1, 3, 0, 1, 1, 3, 0, 1, 1]","[[[200.0, 0.0], [400.0, 0.0], [400.0, 200.0], [200.0, 200.0], [200.0, 0.0]], [[0.0, 280.0], [200.0, 280.0], [200.0, 480.0], [0.0, 480.0], [0.0, 280.0]], [[459.9999999999999, 480.0], [459.9999999999999, 760.0], [279.9999999999999, 760.0], [279.9999999999999, 480.0], [459.9999999999999, 480.0]], [[469.9999999999999, 210.0], [469.9999999999999, 490.0], [329.9999999999999, 350.0], [469.9999999999999, 210.0]], [[643.6055000534905, 659.9999999999999], [463.60550005349046, 659.9999999999999], [643.6055000534905, 379.9999999999999], [643.6055000534905, 659.9999999999999]], [[0.0, 480.0], [280.0, 480.0], [280.0, 760.0], [0.0, 760.0], [0.0, 480.0]], [[649.9999999999999, 294.4974445276518], [569.9999999999999, 494.4974445276518], [469.9999999999999, 494.4974445276518], [469.9999999999999, 294.4974445276518], [649.9999999999999, 294.4974445276518]], [[653.0697857677762, 659.9999999999999], [653.0697857677762, 759.9999999999999], [473.06978576777624, 759.9999999999999], [473.06978576777624, 659.9999999999999], [653.0697857677762, 659.9999999999999]], [[200.0, 480.0], [200.0, 200.0], [480.0, 200.0], [200.0, 480.0]], [[0.0, 0.0], [200.0, 0.0], [200.0, 200.0], [0.0, 280.0], [0.0, 0.0]], [[400.0, 0.0], [560.0, 80.0], [400.0, 160.0], [400.0, 0.0]], [[661.145047547727, 20.998722263825982], [661.145047547727, 300.998722263826], [421.145047547727, 160.99872226382598], [661.145047547727, 20.998722263825982]]]"
Wed Jul 22 20:50:35 2020,2,1,True,671.5611782666501,0.8487685388116283,"[0, 0, 1, 0, 0, 0, 2, 1, 2, 1, 0, 0]","[[[180.0, 0.0], [380.0, 0.0], [380.0, 200.0], [180.0, 200.0], [180.0, 0.0]], [[0.0, 279.84924175386163], [200.0, 279.84924175386163], [200.0, 479.84924175386163], [0.0, 479.84924175386163], [0.0, 279.84924175386163]], [[180.0, 0.0], [180.0, 280.0], [0.0, 280.0], [0.0, 0.0], [180.0, 0.0]], [[200.0, 200.0], [480.0, 200.0], [340.0, 340.0], [200.0, 200.0]], [[280.0, 746.9920988967187], [280.0, 566.9920988967187], [560.0, 746.9920988967187], [280.0, 746.9920988967187]], [[0.0, 479.84924175386163], [280.0, 479.84924175386163], [280.0, 759.8492417538616], [0.0, 759.8492417538616], [0.0, 479.84924175386163]], [[671.5611782666501, 760.0], [471.56117826665013, 680.0], [471.56117826665013, 580.0], [671.5611782666501, 580.0], [671.5611782666501, 760.0]], [[480.0, 480.0], [480.0, 580.0], [300.0, 580.0], [300.0, 480.0], [480.0, 480.0]], [[480.0, 480.0], [200.0, 480.0], [200.0, 200.0], [480.0, 480.0]], [[660.0, 0.0], [660.0, 200.0], [460.0, 200.0], [380.0, 0.0], [660.0, 0.0]], [[511.47302409500094, 580.0], [591.4730240950009, 420.0], [671.4730240950009, 580.0], [511.47302409500094, 580.0]], [[378.23651204750047, 305.5483063671437], [658.2365120475005, 305.5483063671437], [518.2365120475005, 545.5483063671437], [378.23651204750047, 305.5483063671437]]]"
Wed Jul 22 20:50:48 2020,2,1,True,678.2767900493167,0.8403648899125031,"[0, 0, 0, 0, 3, 0, 2, 1, 2, 1, 1, 1]","[[[0.0, 280.00000000000006], [200.0, 280.00000000000006], [200.0, 480.00000000000006], [0.0, 480.00000000000006], [0.0, 280.00000000000006]], [[0.0, 560.0], [200.0, 560.0], [200.0, 760.0], [0.0, 760.0], [0.0, 560.0]], [[200.0, 575.3012688640159], [480.0, 575.3012688640159], [480.0, 755.3012688640159], [200.0, 755.3012688640159], [200.0, 575.3012688640159]], [[384.6987311359841, 480.0], [664.6987311359841, 480.0], [524.6987311359841, 620.0], [384.6987311359841, 480.0]], [[678.2767900493167, 760.0], [498.2767900493167, 760.0], [678.2767900493167, 480.0], [678.2767900493167, 760.0]], [[384.6987311359841, 200.0], [664.6987311359841, 200.0], [664.6987311359841, 480.0], [384.6987311359841, 480.0], [384.6987311359841, 200.0]], [[200.0, 180.0], [0.0, 100.0], [0.0, 0.0], [200.0, 0.0], [200.0, 180.0]], [[379.99999999999994, 9.836529984010213], [379.99999999999994, 109.83652998401021], [199.99999999999994, 109.83652998401021], [199.99999999999994, 9.836529984010213], [379.99999999999994, 9.836529984010213]], [[480.0, 575.3012688640159], [200.0, 575.3012688640159], [200.0, 295.3012688640159], [480.0, 575.3012688640159]], [[656.0653880063959, 0.0], [656.0653880063959, 200.0], [456.0653880063959, 200.0], [376.0653880063959, 0.0], [656.0653880063959, 0.0]], [[0.0, 100.0], [160.0, 180.0], [0.0, 260.0], [0.0, 100.0]], [[384.14559712915155, 107.4182649920051], [384.14559712915155, 387.4182649920051], [144.14559712915155, 247.4182649920051], [384.14559712915155, 107.4182649920051]]]"
Wed Jul 22 20:51:05 2020,2,1,True,685.0595579498098,0.8320444454579239,"[0, 0, 1, 0, 2, 0, 3, 0, 2, 3, 1, 1]","[[[459.9999999999999, 560.0], [659.9999999999999, 560.0], [659.9999999999999, 760.0], [459.9999999999999, 760.0], [459.9999999999999, 560.0]], [[0.0, 0.0], [200.0, 0.0], [200.0, 200.0], [0.0, 200.0], [0.0, 0.0]], [[180.0, 280.0], [180.0, 560.0], [0.0, 560.0], [0.0, 280.0], [180.0, 280.0]], [[205.0595579498098, 0.0], [485.0595579498098, 0.0], [345.0595579498098, 140.0], [205.0595579498098, 0.0]], [[459.9999999999999, 547.1428571428571], [459.9999999999999, 727.1428571428571], [179.9999999999999, 547.1428571428571], [459.9999999999999, 547.1428571428571]], [[405.0595579498098, 200.0], [685.0595579498098, 200.0], [685.0595579498098, 480.0], [405.0595579498098, 480.0], [405.0595579498098, 200.0]], [[405.0595579498098, 200.0], [485.0595579498098, 0.0], [585.0595579498098, 0.0], [585.0595579498098, 200.0], [405.0595579498098, 200.0]], [[585.0595579498098, 20.0], [685.0595579498098, 20.0], [685.0595579498098, 200.0], [585.0595579498098, 200.0], [585.0595579498098, 20.0]], [[460.46114868342477, 547.6040058262819], [180.46114868342477, 547.6040058262819], [180.46114868342477, 267.6040058262819], [460.46114868342477, 547.6040058262819]], [[0.0, 760.0], [0.0, 560.0], [200.0, 560.0], [280.0, 760.0], [0.0, 760.0]], [[200.0, 67.4702210250951], [360.0, 147.4702210250951], [200.0, 227.4702210250951], [200.0, 67.4702210250951]], [[405.0595579498098, 121.18547888770598], [405.0595579498098, 401.185478887706], [165.0595579498098, 261.185478887706], [405.0595579498098, 121.18547888770598]]]"
Wed Jul 22 20:52:16 2020,2,5,True,691.9101535293079,0.8238063816415089,"[0, 0, 0, 0, 1, 0, 3, 0, 0, 0, 0, 0]","[[[211.91015352930788, 268.0898464706921], [411.9101535293079, 268.0898464706921], [411.9101535293079, 468.0898464706921], [211.91015352930788, 468.0898464706921], [211.91015352930788, 268.0898464706921]], [[0.0, 0.0], [200.0, 0.0], [200.0, 200.0], [0.0, 200.0], [0.0, 0.0]], [[25.71428571428578, 580.0], [305.7142857142858, 580.0], [305.7142857142858, 760.0], [25.71428571428578, 760.0], [25.71428571428578, 580.0]], [[0.0, 200.0], [280.0, 200.0], [140.0, 340.0], [0.0, 200.0]], [[0.0, 340.0], [180.0, 340.0], [0.0, 620.0], [0.0, 340.0]], [[411.9101535293079, 200.0], [691.9101535293079, 200.0], [691.9101535293079, 480.0], [411.9101535293079, 480.0], [411.9101535293079, 200.0]], [[411.2359385882768, 200.0], [491.2359385882768, 0.0], [591.2359385882768, 0.0], [591.2359385882768, 200.0], [411.2359385882768, 200.0]], [[591.9101535293079, 20.0], [691.9101535293079, 20.0], [691.9101535293079, 200.0], [591.9101535293079, 200.0], [591.9101535293079, 20.0]], [[205.71428571428578, 480.0], [485.7142857142858, 480.0], [485.7142857142858, 760.0], [205.71428571428578, 480.0]], [[491.9101535293079, 480.0], [691.9101535293079, 480.0], [691.9101535293079, 680.0], [491.9101535293079, 760.0], [491.9101535293079, 480.0]], [[48.571428571428555, 580.0], [128.57142857142856, 420.0], [208.57142857142856, 580.0], [48.571428571428555, 580.0]], [[200.0, 28.089846470692123], [480.0, 28.089846470692123], [340.0, 268.0898464706921], [200.0, 28.089846470692123]]]"
Wed Jul 22 20:52:31 2020,2,1,True,698.8292550646009,0.8156498828133751,"[0, 0, 0, 1, 3, 0, 1, 0, 2, 1, 2, 2]","[[[200.0, 179.9999999999999], [400.0, 179.9999999999999], [400.0, 379.9999999999999], [200.0, 379.9999999999999], [200.0, 179.9999999999999]], [[0.0, 179.9999999999999], [200.0, 179.9999999999999], [200.0, 379.9999999999999], [0.0, 379.9999999999999], [0.0, 179.9999999999999]], [[100.0, 0.0], [380.0, 0.0], [380.0, 180.0], [100.0, 180.0], [100.0, 0.0]], [[280.0, 379.9999999999999], [280.0, 659.9999999999999], [140.0, 519.9999999999999], [280.0, 379.9999999999999]], [[683.0946317810966, 760.0], [503.0946317810966, 760.0], [683.0946317810966, 480.0], [683.0946317810966, 760.0]], [[400.0, 199.9999999999999], [680.0, 199.9999999999999], [680.0, 479.9999999999999], [400.0, 479.9999999999999], [400.0, 199.9999999999999]], [[180.0, 379.9999999999999], [100.0, 579.9999999999999], [0.0, 579.9999999999999], [0.0, 379.9999999999999], [180.0, 379.9999999999999]], [[0.0, 0.0], [100.0, 0.0], [100.0, 180.0], [0.0, 180.0], [0.0, 0.0]], [[560.0, 671.4805383261502], [280.0, 671.4805383261502], [280.0, 391.48053832615017], [560.0, 671.4805383261502]], [[660.0, 0.0], [660.0, 200.0], [460.0, 200.0], [380.0, 0.0], [660.0, 0.0]], [[608.5194616738497, 480.0], [528.5194616738497, 640.0], [448.5194616738497, 480.0], [608.5194616738497, 480.0]], [[280.0, 760.0], [0.0, 760.0], [140.0, 520.0], [280.0, 760.0]]]"
Wed Jul 22 20:52:39 2020,2,1,True,705.817547615247,0.8075741413993813,"[0, 0, 0, 2, 2, 0, 0, 0, 0, 3, 1, 3]","[[[100.0, 125.16842346694455], [300.0, 125.16842346694455], [300.0, 325.16842346694455], [100.0, 325.16842346694455], [100.0, 125.16842346694455]], [[10.87608486201691, 560.0], [210.8760848620169, 560.0], [210.8760848620169, 760.0], [10.87608486201691, 760.0], [10.87608486201691, 560.0]], [[210.8760848620169, 579.9999999999998], [490.8760848620169, 579.9999999999998], [490.8760848620169, 759.9999999999998], [210.8760848620169, 759.9999999999998], [210.8760848620169, 579.9999999999998]], [[690.8760848620167, 299.9999999999998], [410.8760848620167, 299.9999999999998], [550.8760848620167, 159.99999999999977], [690.8760848620167, 299.9999999999998]], [[425.817547615247, 325.16842346694455], [425.817547615247, 505.16842346694455], [145.817547615247, 325.16842346694455], [425.817547615247, 325.16842346694455]], [[425.817547615247, 299.9999999999998], [705.817547615247, 299.9999999999998], [705.817547615247, 579.9999999999998], [425.817547615247, 579.9999999999998], [425.817547615247, 299.9999999999998]], [[490.8760848620169, 579.9999999999998], [690.8760848620169, 659.9999999999998], [690.8760848620169, 759.9999999999998], [490.8760848620169, 759.9999999999998], [490.8760848620169, 579.9999999999998]], [[0.0, 180.0], [100.0, 180.0], [100.0, 360.0], [0.0, 360.0], [0.0, 180.0]], [[390.8760848620169, 0.0], [670.8760848620169, 0.0], [670.8760848620169, 280.0], [390.8760848620169, 0.0]], [[0.0, 560.0], [0.0, 360.0], [200.0, 360.0], [280.0, 560.0], [0.0, 560.0]], [[0.0, 2.2222222222222285], [160.0, 82.22222222222223], [0.0, 162.22222222222223], [0.0, 2.2222222222222285]], [[300.0, 289.1239151379831], [300.0, 9.12391513798309], [540.0, 149.1239151379831], [300.0, 289.1239151379831]]]"
Wed Jul 22 20:52:40 2020,2,0,True,677.5848457106371,0.8412230639576889,"[0, 0, 0, 2, 2, 0, 0, 0, 0, 3, 1, 3]","[[[100.0, 107.01882938540956], [300.0, 107.01882938540956], [300.0, 307.01882938540956], [100.0, 307.01882938540956], [100.0, 107.01882938540956]], [[0.0, 560.0], [200.0, 560.0], [200.0, 760.0], [0.0, 760.0], [0.0, 560.0]], [[200.0, 579.9999999999998], [480.0, 579.9999999999998], [480.0, 759.9999999999998], [200.0, 759.9999999999998], [200.0, 579.9999999999998]], [[677.5848457106371, 299.9999999999998], [397.58484571063707, 299.9999999999998], [537.5848457106371, 159.99999999999977], [677.5848457106371, 299.9999999999998]], [[397.58484571063707, 307.01882938540956], [397.58484571063707, 487.01882938540956], [117.58484571063707, 307.01882938540956], [397.58484571063707, 307.01882938540956]], [[397.58484571063707, 299.9999999999998], [677.5848457106371, 299.9999999999998], [677.5848457106371, 579.9999999999998], [397.58484571063707, 579.9999999999998], [397.58484571063707, 299.9999999999998]], [[477.58484571063707, 579.9999999999998], [677.5848457106371, 659.9999999999998], [677.5848457106371, 759.9999999999998], [477.58484571063707, 759.9999999999998], [477.58484571063707, 579.9999999999998]], [[0.0, 180.0], [100.0, 180.0], [100.0, 360.0], [0.0, 360.0], [0.0, 180.0]], [[390.8760848620169, 0.0], [670.8760848620169, 0.0], [670.8760848620169, 280.0], [390.8760848620169, 0.0]], [[0.0, 560.0], [0.0, 360.0], [200.0, 360.0], [280.0, 560.0], [0.0, 560.0]], [[0.0, 0.0], [160.0, 80.0], [0.0, 160.0], [0.0, 0.0]], [[300.0, 289.1239151379831], [300.0, 9.12391513798309], [540.0, 149.1239151379831], [300.0, 289.1239151379831]]]"
Wed Jul 22 20:52:59 2020,2,1,True,684.3606941677434,0.8328941227303851,"[0, 0, 1, 0, 0, 0, 2, 0, 1, 2, 0, 3]","[[[159.41369566943172, 0.0], [359.4136956694317, 0.0], [359.4136956694317, 200.0], [159.41369566943172, 200.0], [159.41369566943172, 0.0]], [[383.47513819498613, 482.76147959183675], [583.4751381949861, 482.76147959183675], [583.4751381949861, 682.7614795918367], [383.47513819498613, 682.7614795918367], [383.47513819498613, 482.76147959183675]], [[383.4751381949862, 480.0], [383.4751381949862, 760.0], [203.4751381949862, 760.0], [203.4751381949862, 480.0], [383.4751381949862, 480.0]], [[74.64285714285708, 200.0], [354.6428571428571, 200.0], [214.64285714285708, 340.0], [74.64285714285708, 200.0]], [[359.4136956694317, 202.76147959183675], [359.4136956694317, 22.761479591836746], [639.4136956694317, 202.76147959183675], [359.4136956694317, 202.76147959183675]], [[394.79166666666663, 202.76147959183675], [674.7916666666666, 202.76147959183675], [674.7916666666666, 482.76147959183675], [394.79166666666663, 482.76147959183675], [394.79166666666663, 202.76147959183675]], [[679.5625051932412, 180.0], [479.56250519324124, 100.0], [479.56250519324124, 0.0], [679.5625051932412, 0.0], [679.5625051932412, 180.0]], [[583.4751381949861, 482.76147959183675], [683.4751381949861, 482.76147959183675], [683.4751381949861, 662.7614795918367], [583.4751381949861, 662.7614795918367], [583.4751381949861, 482.76147959183675]], [[394.79166666666663, 200.0], [394.79166666666663, 480.0], [114.79166666666663, 480.0], [394.79166666666663, 200.0]], [[200.0, 760.0], [0.0, 760.0], [0.0, 560.0], [200.0, 480.0], [200.0, 760.0]], [[0.0, 200.0], [80.0, 40.0], [160.0, 200.0], [0.0, 200.0]], [[0.0, 494.7916666666667], [0.0, 214.79166666666669], [240.0, 354.7916666666667], [0.0, 494.7916666666667]]]"
Wed Jul 22 20:53:10 2020,2,1,True,691.2043011094208,0.8246476462677079,"[0, 0, 0, 0, 3, 0, 3, 1, 2, 3, 1, 0]","[[[480.0, 0.0], [680.0, 0.0], [680.0, 200.0], [480.0, 200.0], [480.0, 0.0]], [[280.0, 0.0], [480.0, 0.0], [480.0, 200.0], [280.0, 200.0], [280.0, 0.0]], [[411.20430110942084, 580.0], [691.2043011094208, 580.0], [691.2043011094208, 760.0], [411.20430110942084, 760.0], [411.20430110942084, 580.0]], [[0.0, 200.0], [280.0, 200.0], [140.0, 340.0], [0.0, 200.0]], [[411.20430110942084, 661.2043011094208], [231.20430110942084, 661.2043011094208], [411.20430110942084, 381.20430110942084], [411.20430110942084, 661.2043011094208]], [[411.20430110942084, 200.0], [691.2043011094208, 200.0], [691.2043011094208, 480.0], [411.20430110942084, 480.0], [411.20430110942084, 200.0]], [[178.79569889057916, 421.20430110942084], [258.79569889057916, 221.20430110942084], [358.79569889057916, 221.20430110942084], [358.79569889057916, 421.20430110942084], [178.79569889057916, 421.20430110942084]], [[627.6190476190476, 480.0], [627.6190476190476, 580.0], [447.6190476190476, 580.0], [447.6190476190476, 480.0], [627.6190476190476, 480.0]], [[280.0, 710.0], [0.0, 710.0], [0.0, 430.0], [280.0, 710.0]], [[0.0, 200.0], [0.0, 0.0], [200.0, 0.0], [280.0, 200.0], [0.0, 200.0]], [[0.0, 270.0], [160.0, 350.0], [0.0, 430.0], [0.0, 270.0]], [[91.20430110942084, 421.20430110942084], [371.20430110942084, 421.20430110942084], [231.20430110942084, 661.2043011094208], [91.20430110942084, 421.20430110942084]]]"
Wed Jul 22 20:53:25 2020,2,1,True,698.116344120515,0.8164828180868395,"[0, 0, 1, 3, 3, 0, 3, 0, 0, 1, 2, 3]","[[[100.0, 200.0], [300.0, 200.0], [300.0, 400.0], [100.0, 400.0], [100.0, 200.0]], [[180.0, 560.0], [380.0, 560.0], [380.0, 760.0], [180.0, 760.0], [180.0, 560.0]], [[180.0, 480.0], [180.0, 760.0], [0.0, 760.0], [0.0, 480.0], [180.0, 480.0]], [[0.0, 295.06108760163045], [0.0, 15.061087601630447], [140.0, 155.06108760163045], [0.0, 295.06108760163045]], [[399.99999999999994, 560.0], [219.99999999999994, 560.0], [399.99999999999994, 280.0], [399.99999999999994, 560.0]], [[400.0, 480.0], [680.0, 480.0], [680.0, 760.0], [400.0, 760.0], [400.0, 480.0]], [[518.116344120515, 480.0], [598.116344120515, 280.0], [698.116344120515, 280.0], [698.116344120515, 480.0], [518.116344120515, 480.0]], [[0.0, 295.06108760163045], [100.0, 295.06108760163045], [100.0, 475.06108760163045], [0.0, 475.06108760163045], [0.0, 295.06108760163045]], [[383.55612906504393, 0.0], [663.5561290650439, 0.0], [663.5561290650439, 280.0], [383.55612906504393, 0.0]], [[357.9755649593478, 0.0], [357.9755649593478, 200.0], [157.97556495934782, 200.0], [77.97556495934782, 0.0], [357.9755649593478, 0.0]], [[300.0, 400.0], [220.0, 560.0], [140.0, 400.0], [300.0, 400.0]], [[399.99999999999994, 396.443870934956], [399.99999999999994, 116.44387093495601], [640.0, 256.443870934956], [399.99999999999994, 396.443870934956]]]"
Wed Jul 22 20:53:32 2020,2,1,True,705.0975075617201,0.8083988297889502,"[0, 0, 1, 3, 3, 0, 3, 0, 0, 1, 2, 3]","[[[100.0, 200.0], [300.0, 200.0], [300.0, 400.0], [100.0, 400.0], [100.0, 200.0]], [[180.0, 560.0], [380.0, 560.0], [380.0, 760.0], [180.0, 760.0], [180.0, 560.0]], [[180.0, 480.0], [180.0, 760.0], [0.0, 760.0], [0.0, 480.0], [180.0, 480.0]], [[0.0, 295.06108760163045], [0.0, 15.061087601630447], [140.0, 155.06108760163045], [0.0, 295.06108760163045]], [[399.99999999999994, 560.0], [219.99999999999994, 560.0], [399.99999999999994, 280.0], [399.99999999999994, 560.0]], [[400.0, 480.0], [680.0, 480.0], [680.0, 760.0], [400.0, 760.0], [400.0, 480.0]], [[490.1916903556944, 480.0], [570.1916903556944, 280.0], [670.1916903556944, 280.0], [670.1916903556944, 480.0], [490.1916903556944, 480.0]], [[0.0, 295.06108760163045], [100.0, 295.06108760163045], [100.0, 475.06108760163045], [0.0, 475.06108760163045], [0.0, 295.06108760163045]], [[425.09750756172014, 24.375993602541882], [705.0975075617201, 24.375993602541882], [705.0975075617201, 304.3759936025419], [425.09750756172014, 24.375993602541882]], [[357.9755649593478, 0.0], [357.9755649593478, 200.0], [157.97556495934782, 200.0], [77.97556495934782, 0.0], [357.9755649593478, 0.0]], [[300.0, 400.0], [220.0, 560.0], [140.0, 400.0], [300.0, 400.0]], [[399.99999999999994, 379.27848604082175], [399.99999999999994, 99.27848604082175], [640.0, 239.27848604082175], [399.99999999999994, 379.27848604082175]]]"
Wed Jul 22 20:53:34 2020,2,0,True,676.8936072592513,0.8420821143634898,"[0, 0, 1, 3, 3, 0, 3, 0, 0, 1, 2, 3]","[[[99.99999999999989, 200.0], [299.9999999999999, 200.0], [299.9999999999999, 400.0], [99.99999999999989, 400.0], [99.99999999999989, 200.0]], [[180.0, 560.0], [380.0, 560.0], [380.0, 760.0], [180.0, 760.0], [180.0, 560.0]], [[180.0, 480.0], [180.0, 760.0], [0.0, 760.0], [0.0, 480.0], [180.0, 480.0]], [[0.0, 292.8571428571427], [0.0, 12.857142857142719], [140.0, 152.85714285714272], [0.0, 292.8571428571427]], [[396.8936072592513, 560.0], [216.89360725925133, 560.0], [396.8936072592513, 280.0], [396.8936072592513, 560.0]], [[396.8936072592513, 480.0], [676.8936072592513, 480.0], [676.8936072592513, 760.0], [396.8936072592513, 760.0], [396.8936072592513, 480.0]], [[496.8936072592513, 480.0], [576.8936072592513, 280.0], [676.8936072592513, 280.0], [676.8936072592513, 480.0], [496.8936072592513, 480.0]], [[0.0, 295.06108760163045], [100.0, 295.06108760163045], [100.0, 475.06108760163045], [0.0, 475.06108760163045], [0.0, 295.06108760163045]], [[391.8936072592513, 0.0], [671.8936072592513, 0.0], [671.8936072592513, 280.0], [391.8936072592513, 0.0]], [[358.85714285714295, 0.0], [358.85714285714295, 200.0], [158.85714285714295, 200.0], [78.85714285714295, 0.0], [358.85714285714295, 0.0]], [[296.8936072592512, 400.0], [216.8936072592512, 560.0], [136.8936072592512, 400.0], [296.8936072592512, 400.0]], [[396.8936072592513, 385.0], [396.8936072592513, 105.0], [636.8936072592513, 245.0], [396.8936072592513, 385.0]]]"
Wed Jul 22 20:53:49 2020,2,1,True,683.6625433318438,0.8337446676866235,"[0, 0, 1, 1, 0, 0, 2, 1, 3, 2, 2, 1]","[[[0.0, 280.0], [200.0, 280.0], [200.0, 480.0], [0.0, 480.0], [0.0, 280.0]], [[236.5217391304347, 43.478260869565304], [436.5217391304347, 43.478260869565304], [436.5217391304347, 243.4782608695653], [236.5217391304347, 243.4782608695653], [236.5217391304347, 43.478260869565304]], [[380.0, 480.0], [380.0, 760.0], [200.0, 760.0], [200.0, 480.0], [380.0, 480.0]], [[236.5217391304347, 43.47826086956525], [236.5217391304347, 323.47826086956525], [96.5217391304347, 183.47826086956525], [236.5217391304347, 43.47826086956525]], [[199.99999999999991, 480.0], [199.99999999999991, 300.0], [479.9999999999999, 480.0], [199.99999999999991, 480.0]], [[380.0, 480.0], [660.0, 480.0], [660.0, 760.0], [380.0, 760.0], [380.0, 480.0]], [[683.6625433318438, 180.0], [483.66254333184384, 100.0], [483.66254333184384, 0.0], [683.6625433318438, 0.0], [683.6625433318438, 180.0]], [[616.5217391304348, 153.14367831943636], [616.5217391304348, 253.14367831943636], [436.52173913043475, 253.14367831943636], [436.52173913043475, 153.14367831943636], [616.5217391304348, 153.14367831943636]], [[0.0, 280.0], [0.0, 0.0], [280.0, 0.0], [0.0, 280.0]], [[200.0, 760.0], [0.0, 760.0], [0.0, 560.0], [200.0, 480.0], [200.0, 760.0]], [[456.0012773857898, 253.1436783194364], [376.0012773857898, 413.1436783194364], [296.0012773857898, 253.1436783194364], [456.0012773857898, 253.1436783194364]], [[683.6625433318438, 213.97820920194783], [683.6625433318438, 493.97820920194783], [443.66254333184384, 353.97820920194783], [683.6625433318438, 213.97820920194783]]]"
Wed Jul 22 20:54:02 2020,2,1,True,690.4991687651623,0.825489769986756,"[0, 0, 1, 3, 3, 0, 1, 0, 1, 0, 1, 3]","[[[0.0, 0.0], [200.0, 0.0], [200.0, 200.0], [0.0, 200.0], [0.0, 0.0]], [[456.31604159857, 280.0000000000001], [656.31604159857, 280.0000000000001], [656.31604159857, 480.0000000000001], [456.31604159857, 480.0000000000001], [456.31604159857, 280.0000000000001]], [[460.0, 480.0], [460.0, 760.0], [280.0, 760.0], [280.0, 480.0], [460.0, 480.0]], [[0.0, 760.0], [0.0, 480.0], [140.0, 620.0], [0.0, 760.0]], [[689.1678354918837, 760.0], [509.1678354918837, 760.0], [689.1678354918837, 480.0], [689.1678354918837, 760.0]], [[410.49916876516227, 0.0], [690.4991687651623, 0.0], [690.4991687651623, 280.0], [410.49916876516227, 280.0], [410.49916876516227, 0.0]], [[640.596406920455, 480.0000000000001], [560.596406920455, 680.0000000000001], [460.596406920455, 680.0000000000001], [460.596406920455, 480.0000000000001], [640.596406920455, 480.0000000000001]], [[286.153846153846, 116.92307692307702], [386.153846153846, 116.92307692307702], [386.153846153846, 296.923076923077], [286.153846153846, 296.923076923077], [286.153846153846, 116.92307692307702]], [[280.0, 480.0], [280.0, 760.0], [0.0, 760.0], [280.0, 480.0]], [[0.0, 200.0], [200.0, 200.0], [200.0, 400.0], [0.0, 480.0], [0.0, 200.0]], [[200.0, 0.0], [360.0, 80.0], [200.0, 160.0], [200.0, 0.0]], [[200.0, 526.6666666666667], [200.0, 246.66666666666674], [440.0, 386.66666666666674], [200.0, 526.6666666666667]]]"
Wed Jul 22 20:54:17 2020,2,1,True,697.4041604528139,0.8173166039472831,"[0, 0, 1, 1, 1, 0, 3, 1, 0, 2, 0, 3]","[[[0.0, 17.99476430321181], [200.0, 17.99476430321181], [200.0, 217.9947643032118], [0.0, 217.9947643032118], [0.0, 17.99476430321181]], [[348.8418502575945, 412.46708291021196], [548.8418502575945, 412.46708291021196], [548.8418502575945, 612.467082910212], [348.8418502575945, 612.467082910212], [348.8418502575945, 412.46708291021196]], [[697.4041604528139, 0.0], [697.4041604528139, 280.0], [517.4041604528139, 280.0], [517.4041604528139, 0.0], [697.4041604528139, 0.0]], [[148.84185025759453, 348.8418502575945], [148.84185025759453, 628.8418502575945], [8.84185025759453, 488.8418502575945], [148.84185025759453, 348.8418502575945]], [[0.0, 217.9947643032118], [180.0, 217.9947643032118], [0.0, 497.9947643032118], [0.0, 217.9947643032118]], [[237.40416045281393, 0.0], [517.4041604528139, 0.0], [517.4041604528139, 280.0], [237.40416045281393, 280.0], [237.40416045281393, 0.0]], [[509.82868342167933, 760.0], [589.8286834216793, 560.0], [689.8286834216793, 560.0], [689.8286834216793, 760.0], [509.82868342167933, 760.0]], [[528.8418502575945, 612.467082910212], [528.8418502575945, 712.467082910212], [348.8418502575945, 712.467082910212], [348.8418502575945, 612.467082910212], [528.8418502575945, 612.467082910212]], [[417.4041604528139, 280.0], [697.4041604528139, 280.0], [697.4041604528139, 560.0], [417.4041604528139, 280.0]], [[348.8418502575945, 725.8659485897598], [148.8418502575945, 725.8659485897598], [148.8418502575945, 525.8659485897598], [348.8418502575945, 445.8659485897598], [348.8418502575945, 725.8659485897598]], [[5.908875962714603, 760.0], [85.9088759627146, 600.0], [165.9088759627146, 760.0], [5.908875962714603, 760.0]], [[166.6662192782431, 518.7362009815004], [166.6662192782431, 238.73620098150036], [406.6662192782431, 378.73620098150036], [166.6662192782431, 518.7362009815004]]]"
Wed Jul 22 20:54:28 2020,2,1,True,704.378202057342,0.8092243603438447,"[0, 0, 1, 1, 1, 0, 2, 0, 3, 2, 0, 2]","[[[469.50799403470137, 280.0], [669.5079940347014, 280.0], [669.5079940347014, 480.0], [469.50799403470137, 480.0], [469.50799403470137, 280.0]], [[0.0, 180.0], [200.0, 180.0], [200.0, 380.0], [0.0, 380.0], [0.0, 180.0]], [[697.1428571428572, 480.0], [697.1428571428572, 760.0], [517.1428571428572, 760.0], [517.1428571428572, 480.0], [697.1428571428572, 480.0]], [[414.7268350732121, 65.2731649267879], [414.7268350732121, 345.2731649267879], [274.7268350732121, 205.2731649267879], [414.7268350732121, 65.2731649267879]], [[424.37820205734204, 55.62179794265796], [604.378202057342, 55.62179794265796], [424.37820205734204, 335.62179794265796], [424.37820205734204, 55.62179794265796]], [[237.14285714285722, 480.0], [517.1428571428572, 480.0], [517.1428571428572, 760.0], [237.14285714285722, 760.0], [237.14285714285722, 480.0]], [[200.0, 180.0], [0.0, 100.0], [0.0, 0.0], [200.0, 0.0], [200.0, 180.0]], [[604.378202057342, 0.0], [704.378202057342, 0.0], [704.378202057342, 180.0], [604.378202057342, 180.0], [604.378202057342, 0.0]], [[200.0, 280.0], [200.0, 0.0], [480.0, 0.0], [200.0, 280.0]], [[237.14285714285722, 760.0], [37.142857142857224, 760.0], [37.142857142857224, 560.0], [237.14285714285722, 480.0], [237.14285714285722, 760.0]], [[482.9922150204793, 280.0], [562.9922150204793, 120.0], [642.9922150204793, 280.0], [482.9922150204793, 280.0]], [[449.4536701464242, 480.0], [169.4536701464242, 480.0], [309.4536701464242, 240.0], [449.4536701464242, 480.0]]]"
Wed Jul 22 20:54:28 2020,2,0,True,676.2030739750484,0.8429420420248382,"[0, 0, 1, 1, 1, 0, 2, 1, 3, 0, 0, 2]","[[[469.50799403470137, 280.0], [669.5079940347014, 280.0], [669.5079940347014, 480.0], [469.50799403470137, 480.0], [469.50799403470137, 280.0]], [[0.0, 180.0], [200.0, 180.0], [200.0, 380.0], [0.0, 380.0], [0.0, 180.0]], [[676.2030739750484, 480.0], [676.2030739750484, 760.0], [496.20307397504837, 760.0], [496.20307397504837, 480.0], [676.2030739750484, 480.0]], [[420.0, 60.0], [420.0, 340.0], [280.0, 200.0], [420.0, 60.0]], [[424.37820205734204, 55.62179794265796], [604.378202057342, 55.62179794265796], [424.37820205734204, 335.62179794265796], [424.37820205734204, 55.62179794265796]], [[216.20307397504837, 480.0], [496.20307397504837, 480.0], [496.20307397504837, 760.0], [216.20307397504837, 760.0], [216.20307397504837, 480.0]], [[200.0, 180.0], [0.0, 100.0], [0.0, 0.0], [200.0, 0.0], [200.0, 180.0]], [[180.0, 380.0], [180.0, 480.0], [0.0, 480.0], [0.0, 380.0], [180.0, 380.0]], [[200.0, 280.0], [200.0, 0.0], [480.0, 0.0], [200.0, 280.0]], [[0.0, 480.0], [200.0, 480.0], [200.0, 680.0], [0.0, 760.0], [0.0, 480.0]], [[482.9922150204793, 280.0], [562.9922150204793, 120.0], [642.9922150204793, 280.0], [482.9922150204793, 280.0]], [[459.99999999999994, 480.0], [179.99999999999994, 480.0], [319.99999999999994, 240.0], [459.99999999999994, 480.0]]]"
Wed Jul 22 20:54:41 2020,2,1,True,682.9651047147988,0.8345960812127111,"[0, 0, 1, 3, 3, 0, 0, 1, 3, 0, 2, 2]","[[[0.0, 0.0], [200.0, 0.0], [200.0, 200.0], [0.0, 200.0], [0.0, 0.0]], [[460.0, 340.0], [660.0, 340.0], [660.0, 540.0], [460.0, 540.0], [460.0, 340.0]], [[180.0, 480.0], [180.0, 760.0], [0.0, 760.0], [0.0, 480.0], [180.0, 480.0]], [[324.8158856907328, 475.1841143092672], [324.8158856907328, 195.18411430926722], [464.8158856907328, 335.1841143092672], [324.8158856907328, 475.1841143092672]], [[324.8158856907328, 480.0], [144.81588569073278, 480.0], [324.8158856907328, 200.0], [324.8158856907328, 480.0]], [[180.0, 480.0], [460.0, 480.0], [460.0, 760.0], [180.0, 760.0], [180.0, 480.0]], [[460.0, 580.0], [660.0, 660.0], [660.0, 760.0], [460.0, 760.0], [460.0, 580.0]], [[648.5714285714286, 240.0], [648.5714285714286, 340.0], [468.57142857142856, 340.0], [468.57142857142856, 240.0], [648.5714285714286, 240.0]], [[200.0, 280.0], [200.0, 0.0], [480.0, 0.0], [200.0, 280.0]], [[0.0, 200.0], [200.0, 200.0], [200.0, 400.0], [0.0, 480.0], [0.0, 200.0]], [[682.9651047147988, 0.0], [602.9651047147988, 160.0], [522.9651047147988, 0.0], [682.9651047147988, 0.0]], [[649.6317713814656, 240.0], [369.63177138146557, 240.0], [509.63177138146557, 0.0], [649.6317713814656, 240.0]]]"
Wed Jul 22 20:54:52 2020,2,1,True,689.7947557619468,0.8263327536759516,"[0, 0, 1, 1, 3, 0, 0, 0, 2, 2, 0, 0]","[[[300.0, 0.0], [500.0, 0.0], [500.0, 200.0], [300.0, 200.0], [300.0, 0.0]], [[0.0, 0.0], [200.0, 0.0], [200.0, 200.0], [0.0, 200.0], [0.0, 0.0]], [[660.0, 480.0], [660.0, 760.0], [480.0, 760.0], [480.0, 480.0], [660.0, 480.0]], [[689.7947557619468, 9.931585253982178], [689.7947557619468, 289.9315852539822], [549.7947557619468, 149.93158525398218], [689.7947557619468, 9.931585253982178]], [[453.2421136719764, 480.0], [273.2421136719764, 480.0], [453.2421136719764, 200.0], [453.2421136719764, 480.0]], [[200.0, 480.0], [480.0, 480.0], [480.0, 760.0], [200.0, 760.0], [200.0, 480.0]], [[453.2421136719764, 300.0], [653.2421136719764, 380.0], [653.2421136719764, 480.0], [453.2421136719764, 480.0], [453.2421136719764, 300.0]], [[200.0, 0.0], [300.0, 0.0], [300.0, 180.0], [200.0, 180.0], [200.0, 0.0]], [[280.0, 480.0], [0.0, 480.0], [0.0, 200.0], [280.0, 480.0]], [[200.0, 760.0], [0.0, 760.0], [0.0, 560.0], [200.0, 480.0], [200.0, 760.0]], [[453.2421136719764, 293.51577265604715], [533.2421136719764, 133.51577265604715], [613.2421136719764, 293.51577265604715], [453.2421136719764, 293.51577265604715]], [[100.0, 200.0], [380.0, 200.0], [240.0, 440.0], [100.0, 200.0]]]"
Wed Jul 22 20:55:01 2020,2,1,True,696.6927033195662,0.8181512412633184,"[0, 0, 1, 3, 3, 0, 2, 1, 2, 0, 2, 0]","[[[180.0, 0.0], [380.0, 0.0], [380.0, 200.0], [180.0, 200.0], [180.0, 0.0]], [[0.0, 469.4877323786301], [200.0, 469.4877323786301], [200.0, 669.4877323786301], [0.0, 669.4877323786301], [0.0, 469.4877323786301]], [[696.6927033195662, 480.0], [696.6927033195662, 760.0], [516.6927033195662, 760.0], [516.6927033195662, 480.0], [696.6927033195662, 480.0]], [[393.33333333333337, 280.0], [393.33333333333337, 0.0], [533.3333333333334, 140.0], [393.33333333333337, 280.0]], [[473.33333333333337, 480.0], [293.33333333333337, 480.0], [473.33333333333337, 200.0], [473.33333333333337, 480.0]], [[200.0, 480.0], [480.0, 480.0], [480.0, 760.0], [200.0, 760.0], [200.0, 480.0]], [[693.3333333333334, 180.0], [493.33333333333337, 100.0], [493.33333333333337, 0.0], [693.3333333333334, 0.0], [693.3333333333334, 180.0]], [[180.0, 9.487732378630085], [180.0, 109.48773237863008], [0.0, 109.48773237863008], [0.0, 9.487732378630085], [180.0, 9.487732378630085]], [[280.0, 469.4877323786301], [0.0, 469.4877323786301], [0.0, 189.48773237863008], [280.0, 469.4877323786301]], [[473.33333333333337, 200.0], [673.3333333333334, 200.0], [673.3333333333334, 400.0], [473.33333333333337, 480.0], [473.33333333333337, 200.0]], [[160.0, 109.48773237863008], [80.0, 269.4877323786301], [0.0, 109.48773237863008], [160.0, 109.48773237863008]], [[113.33333333333337, 202.82106571196346], [393.33333333333337, 202.82106571196346], [253.33333333333337, 442.82106571196346], [113.33333333333337, 202.82106571196346]]]"
Wed Jul 22 20:55:18 2020,2,1,True,703.659630352762,0.8100507339240776,"[0, 0, 1, 3, 1, 0, 3, 1, 0, 0, 0, 2]","[[[0.0, 280.0], [200.0, 280.0], [200.0, 480.0], [0.0, 480.0], [0.0, 280.0]], [[63.65963035276195, 0.0], [263.65963035276195, 0.0], [263.65963035276195, 200.0], [63.65963035276195, 200.0], [63.65963035276195, 0.0]], [[660.0, 480.0], [660.0, 760.0], [480.0, 760.0], [480.0, 480.0], [660.0, 480.0]], [[423.65963035276195, 280.0], [423.65963035276195, 0.0], [563.659630352762, 140.0], [423.65963035276195, 280.0]], [[199.99999999999997, 200.0], [380.0, 200.0], [199.99999999999997, 480.0], [199.99999999999997, 200.0]], [[200.0, 480.0], [480.0, 480.0], [480.0, 760.0], [200.0, 760.0], [200.0, 480.0]], [[243.65963035276195, 480.0], [323.65963035276195, 280.0], [423.65963035276195, 280.0], [423.65963035276195, 480.0], [243.65963035276195, 480.0]], [[603.659630352762, 380.0], [603.659630352762, 480.0], [423.65963035276195, 480.0], [423.65963035276195, 380.0], [603.659630352762, 380.0]], [[423.65963035276195, 0.0], [703.659630352762, 0.0], [703.659630352762, 280.0], [423.65963035276195, 0.0]], [[0.0, 480.0], [200.0, 480.0], [200.0, 680.0], [0.0, 760.0], [0.0, 480.0]], [[263.65963035276195, 160.0], [343.65963035276195, 0.0], [423.65963035276195, 160.0], [263.65963035276195, 160.0]], [[703.659630352762, 380.0], [423.65963035276195, 380.0], [563.659630352762, 140.0], [703.659630352762, 380.0]]]"
Wed Jul 22 20:55:18 2020,2,0,True,675.5132451386514,0.843802847837581,"[0, 0, 1, 3, 1, 0, 3, 1, 0, 0, 0, 2]","[[[0.0, 280.0], [200.0, 280.0], [200.0, 480.0], [0.0, 480.0], [0.0, 280.0]], [[0.0, 80.0], [200.0, 80.0], [200.0, 280.0], [0.0, 280.0], [0.0, 80.0]], [[660.0, 480.0], [660.0, 760.0], [480.0, 760.0], [480.0, 480.0], [660.0, 480.0]], [[395.5132451386514, 280.0], [395.5132451386514, 0.0], [535.5132451386514, 140.0], [395.5132451386514, 280.0]], [[200.0, 0.0], [380.0, 0.0], [200.0, 280.0], [200.0, 0.0]], [[200.0, 480.0], [480.0, 480.0], [480.0, 760.0], [200.0, 760.0], [200.0, 480.0]], [[215.51324513865143, 480.0], [295.5132451386514, 280.0], [395.5132451386514, 280.0], [395.5132451386514, 480.0], [215.51324513865143, 480.0]], [[608.5714285714286, 380.0], [608.5714285714286, 480.0], [428.57142857142856, 480.0], [428.57142857142856, 380.0], [608.5714285714286, 380.0]], [[395.5132451386514, 0.0], [675.5132451386514, 0.0], [675.5132451386514, 280.0], [395.5132451386514, 0.0]], [[0.0, 480.0], [200.0, 480.0], [200.0, 680.0], [0.0, 760.0], [0.0, 480.0]], [[222.8571428571429, 280.0], [302.8571428571429, 120.0], [382.8571428571429, 280.0], [222.8571428571429, 280.0]], [[675.5132451386514, 380.0], [395.5132451386514, 380.0], [535.5132451386514, 140.0], [675.5132451386514, 380.0]]]"
Wed Jul 22 20:55:23 2020,2,1,True,682.268377590038,0.8354483641956246,"[0, 0, 1, 3, 3, 0, 1, 1, 3, 1, 2, 1]","[[[0.0, 299.99999999999994], [200.0, 299.99999999999994], [200.0, 499.99999999999994], [0.0, 499.99999999999994], [0.0, 299.99999999999994]], [[0.0, 100.0], [200.0, 100.0], [200.0, 300.0], [0.0, 300.0], [0.0, 100.0]], [[380.0, 199.99999999999994], [380.0, 479.99999999999994], [200.0, 479.99999999999994], [200.0, 199.99999999999994], [380.0, 199.99999999999994]], [[492.8571428571427, 760.0], [492.8571428571427, 480.0], [632.8571428571427, 620.0], [492.8571428571427, 760.0]], [[212.85714285714283, 760.0], [32.85714285714283, 760.0], [212.85714285714283, 480.0], [212.85714285714283, 760.0]], [[212.85714285714283, 480.0], [492.85714285714283, 480.0], [492.85714285714283, 760.0], [212.85714285714283, 760.0], [212.85714285714283, 480.0]], [[380.0, 0.0], [300.0, 200.0], [200.0, 200.0], [200.0, 0.0], [380.0, 0.0]], [[188.49271533310537, 0.0], [188.49271533310537, 100.0], [8.492715333105366, 100.0], [8.492715333105366, 0.0], [188.49271533310537, 0.0]], [[380.0, 479.99999999999994], [380.0, 199.99999999999994], [660.0, 199.99999999999994], [380.0, 479.99999999999994]], [[660.0, 0.0], [660.0, 200.0], [460.0, 200.0], [380.0, 0.0], [660.0, 0.0]], [[160.0, 500.0], [80.0, 660.0], [0.0, 500.0], [160.0, 500.0]], [[661.3498581902481, 298.28741727764486], [661.3498581902481, 578.2874172776449], [421.34985819024814, 438.28741727764486], [661.3498581902481, 298.28741727764486]]]"
Wed Jul 22 20:55:31 2020,2,1,True,689.0910613659383,0.8271765982134898,"[0, 0, 1, 3, 2, 0, 0, 0, 1, 1, 1, 2]","[[[473.3556908468968, 0.0], [673.3556908468968, 0.0], [673.3556908468968, 200.0], [473.3556908468968, 200.0], [473.3556908468968, 0.0]], [[0.0, 17.128484455566337], [200.0, 17.128484455566337], [200.0, 217.12848445556634], [0.0, 217.12848445556634], [0.0, 17.128484455566337]], [[689.0910613659383, 480.0], [689.0910613659383, 760.0], [509.09106136593834, 760.0], [509.09106136593834, 480.0], [689.0910613659383, 480.0]], [[400.0, 483.4004058740238], [400.0, 203.40040587402382], [540.0, 343.4004058740238], [400.0, 483.4004058740238]], [[473.3556908468968, 0.0], [473.3556908468968, 180.0], [193.35569084689678, 0.0], [473.3556908468968, 0.0]], [[100.0, 232.8427701698521], [380.0, 232.8427701698521], [380.0, 512.8427701698521], [100.0, 512.8427701698521], [100.0, 232.8427701698521]], [[200.0, 52.84277016985209], [400.0, 132.8427701698521], [400.0, 232.8427701698521], [200.0, 232.8427701698521], [200.0, 52.84277016985209]], [[0.0, 217.1284844555663], [100.0, 217.1284844555663], [100.0, 397.1284844555663], [0.0, 397.1284844555663], [0.0, 217.1284844555663]], [[689.0910613659383, 200.0], [689.0910613659383, 480.0], [409.09106136593834, 480.0], [689.0910613659383, 200.0]], [[509.09106136593834, 512.8427701698521], [509.09106136593834, 712.8427701698521], [309.09106136593834, 712.8427701698521], [229.09106136593834, 512.8427701698521], [509.09106136593834, 512.8427701698521]], [[0.0, 475.69991302699486], [160.0, 555.6999130269949], [0.0, 635.6999130269949], [0.0, 475.69991302699486]], [[320.82494926574697, 760.0], [40.824949265746966, 760.0], [180.82494926574697, 520.0], [320.82494926574697, 760.0]]]"
Wed Jul 22 20:55:34 2020,2,0,True,661.5274189113007,0.8616422898057186,"[0, 0, 1, 3, 2, 0, 0, 0, 1, 1, 2, 2]","[[[461.52741891130074, 0.0], [661.5274189113007, 0.0], [661.5274189113007, 200.0], [461.52741891130074, 200.0], [461.52741891130074, 0.0]], [[0.0, 17.128484455566337], [200.0, 17.128484455566337], [200.0, 217.12848445556634], [0.0, 217.12848445556634], [0.0, 17.128484455566337]], [[661.5274189113007, 480.0], [661.5274189113007, 760.0], [481.52741891130074, 760.0], [481.52741891130074, 480.0], [661.5274189113007, 480.0]], [[0.0, 700.0], [0.0, 420.0], [140.0, 560.0], [0.0, 700.0]], [[461.52741891130074, 0.0], [461.52741891130074, 180.0], [181.52741891130074, 0.0], [461.52741891130074, 0.0]], [[100.0, 240.0], [380.0, 240.0], [380.0, 520.0], [100.0, 520.0], [100.0, 240.0]], [[200.0, 60.44665927130666], [400.0, 140.44665927130666], [400.0, 240.44665927130666], [200.0, 240.44665927130666], [200.0, 60.44665927130666]], [[0.0, 217.1284844555663], [100.0, 217.1284844555663], [100.0, 397.1284844555663], [0.0, 397.1284844555663], [0.0, 217.1284844555663]], [[661.5274189113007, 200.0], [661.5274189113007, 480.0], [381.52741891130074, 480.0], [661.5274189113007, 200.0]], [[481.52741891130074, 520.0], [481.52741891130074, 720.0], [281.52741891130074, 720.0], [201.52741891130074, 520.0], [481.52741891130074, 520.0]], [[581.5274189113007, 200.0], [501.52741891130074, 360.0], [421.52741891130074, 200.0], [581.5274189113007, 200.0]], [[304.86075224463406, 760.0], [24.860752244634057, 760.0], [164.86075224463406, 520.0], [304.86075224463406, 760.0]]]"
Wed Jul 22 20:56:27 2020,2,3,True,668.1426931004138,0.8531111780254639,"[0, 0, 0, 0, 2, 0, 0, 1, 1, 0, 3, 3]","[[[451.42857142857133, 460.0], [651.4285714285713, 460.0], [651.4285714285713, 660.0], [451.42857142857133, 660.0], [451.42857142857133, 460.0]], [[0.0, 560.0], [200.0, 560.0], [200.0, 760.0], [0.0, 760.0], [0.0, 560.0]], [[200.0, 0.0], [480.0, 0.0], [480.0, 180.0], [200.0, 180.0], [200.0, 0.0]], [[203.15789473684208, 176.84210526315792], [483.1578947368421, 176.84210526315792], [343.1578947368421, 316.8421052631579], [203.15789473684208, 176.84210526315792]], [[655.9654255408376, 284.0345744591624], [655.9654255408376, 464.0345744591624], [375.9654255408376, 284.0345744591624], [655.9654255408376, 284.0345744591624]], [[0.0, 280.0], [280.0, 280.0], [280.0, 560.0], [0.0, 560.0], [0.0, 280.0]], [[200.0, 580.0], [400.0, 660.0], [400.0, 760.0], [200.0, 760.0], [200.0, 580.0]], [[580.0, 660.0], [580.0, 760.0], [400.0, 760.0], [400.0, 660.0], [580.0, 660.0]], [[659.6036128626881, 0.39638713731187636], [659.6036128626881, 280.3963871373119], [379.6036128626881, 280.3963871373119], [659.6036128626881, 0.39638713731187636]], [[0.0, 0.0], [200.0, 0.0], [200.0, 200.0], [0.0, 280.0], [0.0, 0.0]], [[399.9999999999999, 660.0], [239.9999999999999, 580.0], [399.9999999999999, 500.0], [399.9999999999999, 660.0]], [[280.0, 560.0], [280.0, 280.0], [520.0, 420.0], [280.0, 560.0]]]"
Wed Jul 22 20:56:38 2020,2,1,True,674.8241200314179,0.8446645326984791,"[0, 0, 1, 2, 0, 0, 1, 1, 3, 2, 0, 1]","[[[454.30953725885297, 0.0], [654.309537258853, 0.0], [654.309537258853, 200.0], [454.30953725885297, 200.0], [454.30953725885297, 0.0]], [[1.4169853763971787, 560.0], [201.41698537639718, 560.0], [201.41698537639718, 760.0], [1.4169853763971787, 760.0], [1.4169853763971787, 560.0]], [[661.4169853763971, 480.0], [661.4169853763971, 760.0], [481.41698537639707, 760.0], [481.41698537639707, 480.0], [661.4169853763971, 480.0]], [[454.30953725885297, 148.61907451770622], [174.30953725885297, 148.61907451770622], [314.30953725885297, 8.619074517706224], [454.30953725885297, 148.61907451770622]], [[201.41698537639718, 760.0], [201.41698537639718, 580.0], [481.4169853763972, 760.0], [201.41698537639718, 760.0]], [[0.0, 280.0], [280.0, 280.0], [280.0, 560.0], [0.0, 560.0], [0.0, 280.0]], [[460.0, 301.6666666666667], [380.0, 501.6666666666667], [280.0, 501.6666666666667], [280.0, 301.6666666666667], [460.0, 301.6666666666667]], [[404.30953725885297, 148.61907451770622], [404.30953725885297, 248.61907451770622], [224.30953725885297, 248.61907451770622], [224.30953725885297, 148.61907451770622], [404.30953725885297, 148.61907451770622]], [[0.0, 280.0], [0.0, 0.0], [280.0, 0.0], [0.0, 280.0]], [[674.8241200314179, 480.0], [474.8241200314179, 480.0], [474.8241200314179, 280.0], [674.8241200314179, 200.0], [674.8241200314179, 480.0]], [[79.99999999999989, 280.0], [159.9999999999999, 120.0], [239.9999999999999, 280.0], [79.99999999999989, 280.0]], [[474.8241200314179, 446.3525966483396], [474.8241200314179, 726.3525966483396], [234.82412003141792, 586.3525966483396], [474.8241200314179, 446.3525966483396]]]"
Wed Jul 22 20:56:55 2020,2,1,True,681.5723612317321,0.8363015175232467,"[0, 0, 1, 2, 0, 0, 2, 0, 3, 3, 0, 1]","[[[447.83115523016113, 0.0], [647.8311552301611, 0.0], [647.8311552301611, 200.0], [447.83115523016113, 200.0], [447.83115523016113, 0.0]], [[445.9967853522818, 200.0], [645.9967853522818, 200.0], [645.9967853522818, 400.0], [445.9967853522818, 400.0], [445.9967853522818, 200.0]], [[681.5723612317321, 400.0], [681.5723612317321, 680.0], [501.5723612317321, 680.0], [501.5723612317321, 400.0], [681.5723612317321, 400.0]], [[447.83115523016113, 140.0], [167.83115523016113, 140.0], [307.83115523016113, 0.0], [447.83115523016113, 140.0]], [[280.0, 760.0], [280.0, 580.0], [560.0, 760.0], [280.0, 760.0]], [[0.0, 280.0], [280.0, 280.0], [280.0, 560.0], [0.0, 560.0], [0.0, 280.0]], [[439.825219608272, 320.0], [239.825219608272, 240.0], [239.825219608272, 140.0], [439.825219608272, 140.0], [439.825219608272, 320.0]], [[297.09291988807774, 302.9070801119223], [397.09291988807774, 302.9070801119223], [397.09291988807774, 482.9070801119223], [297.09291988807774, 482.9070801119223], [297.09291988807774, 302.9070801119223]], [[0.0, 280.0], [0.0, 0.0], [280.0, 0.0], [0.0, 280.0]], [[0.0, 760.0], [0.0, 560.0], [200.0, 560.0], [280.0, 760.0], [0.0, 760.0]], [[78.55410348677407, 281.4458965132259], [158.55410348677407, 121.44589651322588], [238.55410348677407, 281.4458965132259], [78.55410348677407, 281.4458965132259]], [[502.8571428571429, 430.0], [502.8571428571429, 710.0], [262.8571428571429, 570.0], [502.8571428571429, 430.0]]]"
Wed Jul 22 20:57:05 2020,2,1,True,688.3880848440494,0.828021304478462,"[0, 0, 0, 3, 1, 0, 0, 0, 0, 2, 0, 2]","[[[453.38219701133653, 550.2204167124701], [653.3821970113365, 550.2204167124701], [653.3821970113365, 750.2204167124701], [453.38219701133653, 750.2204167124701], [453.38219701133653, 550.2204167124701]], [[199.9999999999999, 80.0], [399.9999999999999, 80.0], [399.9999999999999, 280.0], [199.9999999999999, 280.0], [199.9999999999999, 80.0]], [[0.0, 560.0], [280.0, 560.0], [280.0, 740.0], [0.0, 740.0], [0.0, 560.0]], [[399.9999999999999, 280.0], [399.9999999999999, 0.0], [539.9999999999999, 140.0], [399.9999999999999, 280.0]], [[280.0, 470.59132462092066], [460.0, 470.59132462092066], [280.0, 750.5913246209207], [280.0, 470.59132462092066]], [[0.0, 280.0], [280.0, 280.0], [280.0, 560.0], [0.0, 560.0], [0.0, 280.0]], [[460.0, 370.22041671247007], [660.0, 450.22041671247007], [660.0, 550.2204167124701], [460.0, 550.2204167124701], [460.0, 370.22041671247007]], [[279.9999999999999, 280.0], [379.9999999999999, 280.0], [379.9999999999999, 460.0], [279.9999999999999, 460.0], [279.9999999999999, 280.0]], [[408.38808484404944, 0.0], [688.3880848440494, 0.0], [688.3880848440494, 280.0], [408.38808484404944, 0.0]], [[200.0, 280.0], [0.0, 280.0], [0.0, 80.0], [200.0, 0.0], [200.0, 280.0]], [[298.2719886551015, 760.0], [378.2719886551015, 600.0], [458.2719886551015, 760.0], [298.2719886551015, 760.0]], [[685.4883939711295, 370.59132462092066], [405.48839397112954, 370.59132462092066], [545.4883939711295, 130.59132462092066], [685.4883939711295, 370.59132462092066]]]"
Wed Jul 22 20:57:13 2020,2,1,True,695.27196569249,0.8198230737410515,"[0, 0, 0, 2, 2, 0, 0, 1, 0, 3, 1, 2]","[[[460.85256145028745, 547.4369145159187], [660.8525614502875, 547.4369145159187], [660.8525614502875, 747.4369145159187], [460.85256145028745, 747.4369145159187], [460.85256145028745, 547.4369145159187]], [[0.0, 0.0], [200.0, 0.0], [200.0, 200.0], [0.0, 200.0], [0.0, 0.0]], [[401.4581820974686, 367.4369145159187], [681.4581820974686, 367.4369145159187], [681.4581820974686, 547.4369145159187], [401.4581820974686, 547.4369145159187], [401.4581820974686, 367.4369145159187]], [[473.41564693436874, 760.0], [193.41564693436874, 760.0], [333.41564693436874, 620.0], [473.41564693436874, 760.0]], [[385.3404599662195, 219.14743854971255], [385.3404599662195, 399.14743854971255], [105.3404599662195, 219.14743854971255], [385.3404599662195, 219.14743854971255]], [[0.0, 380.0], [280.0, 380.0], [280.0, 660.0], [0.0, 660.0], [0.0, 380.0]], [[0.0, 200.0], [200.0, 280.0], [200.0, 380.0], [0.0, 380.0], [0.0, 200.0]], [[180.0, 660.0], [180.0, 760.0], [0.0, 760.0], [0.0, 660.0], [180.0, 660.0]], [[406.060891170461, 0.0], [686.060891170461, 0.0], [686.060891170461, 280.0], [406.060891170461, 0.0]], [[200.0, 219.14743854971255], [200.0, 19.147438549712547], [400.0, 19.147438549712547], [480.0, 219.14743854971255], [200.0, 219.14743854971255]], [[280.0, 486.7078234671844], [440.0, 566.7078234671844], [280.0, 646.7078234671844], [280.0, 486.7078234671844]], [[673.4978056863797, 367.4369145159187], [393.4978056863797, 367.4369145159187], [533.4978056863797, 127.43691451591872], [673.4978056863797, 367.4369145159187]]]"
Wed Jul 22 20:57:32 2020,2,1,True,702.2246853494149,0.8117060136050013,"[0, 0, 1, 3, 3, 0, 0, 0, 1, 3, 3, 0]","[[[32.0, 0.0], [232.0, 0.0], [232.0, 200.0], [32.0, 200.0], [32.0, 0.0]], [[480.0, 560.0], [680.0, 560.0], [680.0, 760.0], [480.0, 760.0], [480.0, 560.0]], [[412.0, 0.0], [412.0, 280.0], [232.0, 280.0], [232.0, 0.0], [412.0, 0.0]], [[280.0, 560.0], [280.0, 280.0], [420.0, 420.0], [280.0, 560.0]], [[662.4136067095727, 560.0], [482.4136067095727, 560.0], [662.4136067095727, 280.0], [662.4136067095727, 560.0]], [[0.0, 400.0], [280.0, 400.0], [280.0, 680.0], [0.0, 680.0], [0.0, 400.0]], [[412.0, 103.91012586023402], [612.0, 183.91012586023402], [612.0, 283.910125860234], [412.0, 283.910125860234], [412.0, 103.91012586023402]], [[602.2246853494149, 0.0], [702.2246853494149, 0.0], [702.2246853494149, 180.0], [602.2246853494149, 180.0], [602.2246853494149, 0.0]], [[480.0, 480.0], [480.0, 760.0], [200.0, 760.0], [480.0, 480.0]], [[0.0, 400.0], [0.0, 200.0], [200.0, 200.0], [280.0, 400.0], [0.0, 400.0]], [[572.0, 160.0], [412.0, 80.0], [572.0, 0.0], [572.0, 160.0]], [[365.61424008513654, 283.9101258602341], [645.6142400851365, 283.9101258602341], [505.61424008513654, 523.9101258602341], [365.61424008513654, 283.9101258602341]]]"
Wed Jul 22 20:57:32 2020,2,0,True,674.1356979354383,0.8455270975052097,"[0, 0, 1, 3, 3, 0, 0, 0, 1, 3, 3, 0]","[[[32.0, 0.0], [232.0, 0.0], [232.0, 200.0], [32.0, 200.0], [32.0, 0.0]], [[474.1356979354383, 560.0], [674.1356979354383, 560.0], [674.1356979354383, 760.0], [474.1356979354383, 760.0], [474.1356979354383, 560.0]], [[412.0, 0.0], [412.0, 280.0], [232.0, 280.0], [232.0, 0.0], [412.0, 0.0]], [[280.0, 560.0], [280.0, 280.0], [420.0, 420.0], [280.0, 560.0]], [[670.3262841861518, 560.0], [490.32628418615184, 560.0], [670.3262841861518, 280.0], [670.3262841861518, 560.0]], [[0.0, 400.0], [280.0, 400.0], [280.0, 680.0], [0.0, 680.0], [0.0, 400.0]], [[412.0, 115.14572082582464], [612.0, 195.14572082582464], [612.0, 295.14572082582464], [412.0, 295.14572082582464], [412.0, 115.14572082582464]], [[574.1356979354383, 0.0], [674.1356979354383, 0.0], [674.1356979354383, 180.0], [574.1356979354383, 180.0], [574.1356979354383, 0.0]], [[474.1356979354383, 480.0], [474.1356979354383, 760.0], [194.13569793543832, 760.0], [474.1356979354383, 480.0]], [[0.0, 400.0], [0.0, 200.0], [200.0, 200.0], [280.0, 400.0], [0.0, 400.0]], [[572.0, 160.0], [412.0, 80.0], [572.0, 0.0], [572.0, 160.0]], [[366.30403508383597, 295.1457208258246], [646.304035083836, 295.1457208258246], [506.30403508383597, 535.1457208258246], [366.30403508383597, 295.1457208258246]]]"
Wed Jul 22 20:57:43 2020,2,1,True,680.8770549147927,0.8371555420843662,"[0, 0, 0, 1, 3, 0, 0, 0, 3, 2, 0, 0]","[[[480.0, 0.0], [680.0, 0.0], [680.0, 200.0], [480.0, 200.0], [480.0, 0.0]], [[480.87705491479267, 560.0], [680.8770549147927, 560.0], [680.8770549147927, 760.0], [480.87705491479267, 760.0], [480.87705491479267, 560.0]], [[0.0, 187.1702700180208], [280.0, 187.1702700180208], [280.0, 367.1702700180208], [0.0, 367.1702700180208], [0.0, 187.1702700180208]], [[203.5851350090104, 443.5851350090104], [203.5851350090104, 723.5851350090104], [63.5851350090104, 583.5851350090104], [203.5851350090104, 443.5851350090104]], [[663.5851350090104, 539.951265999709], [483.5851350090104, 539.951265999709], [663.5851350090104, 259.951265999709], [663.5851350090104, 539.951265999709]], [[203.5851350090104, 480.0], [483.5851350090104, 480.0], [483.5851350090104, 760.0], [203.5851350090104, 760.0], [203.5851350090104, 480.0]], [[0.0, 7.170270018020801], [200.0, 87.1702700180208], [200.0, 187.1702700180208], [0.0, 187.1702700180208], [0.0, 7.170270018020801]], [[480.0, 209.9725871248363], [580.0, 209.9725871248363], [580.0, 389.9725871248363], [480.0, 389.9725871248363], [480.0, 209.9725871248363]], [[0.0, 647.1702700180208], [0.0, 367.1702700180208], [280.0, 367.1702700180208], [0.0, 647.1702700180208]], [[480.0, 480.0], [280.0, 480.0], [280.0, 280.0], [480.0, 200.0], [480.0, 480.0]], [[0.0, 760.0], [80.0, 600.0], [160.0, 760.0], [0.0, 760.0]], [[170.81734248948788, 0.0], [450.8173424894879, 0.0], [310.8173424894879, 240.0], [170.81734248948788, 0.0]]]"
Wed Jul 22 20:57:57 2020,2,1,True,687.6858254639405,0.8288668733508576,"[0, 0, 1, 1, 2, 0, 0, 1, 3, 0, 0, 3]","[[[453.6419727182009, 0.0], [653.6419727182009, 0.0], [653.6419727182009, 200.0], [453.6419727182009, 200.0], [453.6419727182009, 0.0]], [[280.0, 240.0], [480.0, 240.0], [480.0, 440.0], [280.0, 440.0], [280.0, 240.0]], [[180.0, 4.087303252585116], [180.0, 284.0873032525851], [0.0, 284.0873032525851], [0.0, 4.087303252585116], [180.0, 4.087303252585116]], [[178.472223054864, 418.472223054864], [178.472223054864, 698.472223054864], [38.472223054864, 558.472223054864], [178.472223054864, 418.472223054864]], [[453.6419727182009, 0.0], [453.6419727182009, 180.0], [173.64197271820092, 0.0], [453.6419727182009, 0.0]], [[178.472223054864, 440.0], [458.472223054864, 440.0], [458.472223054864, 720.0], [178.472223054864, 720.0], [178.472223054864, 440.0]], [[480.0, 300.0], [680.0, 380.0], [680.0, 480.0], [480.0, 480.0], [480.0, 300.0]], [[660.0, 200.0], [660.0, 300.0], [480.0, 300.0], [480.0, 200.0], [660.0, 200.0]], [[0.0, 596.944446109728], [0.0, 316.944446109728], [280.0, 316.944446109728], [0.0, 596.944446109728]], [[458.472223054864, 480.0], [658.472223054864, 480.0], [658.472223054864, 680.0], [458.472223054864, 760.0], [458.472223054864, 480.0]], [[0.0, 760.0], [80.0, 600.0], [160.0, 760.0], [0.0, 760.0]], [[179.96763618235775, 298.35221222695793], [179.96763618235775, 18.35221222695793], [419.96763618235775, 158.35221222695793], [179.96763618235775, 298.35221222695793]]]"
Wed Jul 22 20:57:57 2020,2,0,True,660.1783924453829,0.8634029930738101,"[0, 0, 1, 1, 2, 0, 1, 1, 3, 2, 0, 3]","[[[453.6419727182009, 0.0], [653.6419727182009, 0.0], [653.6419727182009, 200.0], [453.6419727182009, 200.0], [453.6419727182009, 0.0]], [[280.0, 240.0], [480.0, 240.0], [480.0, 440.0], [280.0, 440.0], [280.0, 240.0]], [[180.0, 4.087303252585116], [180.0, 284.0873032525851], [0.0, 284.0873032525851], [0.0, 4.087303252585116], [180.0, 4.087303252585116]], [[178.472223054864, 418.472223054864], [178.472223054864, 698.472223054864], [38.472223054864, 558.472223054864], [178.472223054864, 418.472223054864]], [[453.6419727182009, 0.0], [453.6419727182009, 180.0], [173.64197271820092, 0.0], [453.6419727182009, 0.0]], [[178.472223054864, 451.5626044068599], [458.472223054864, 451.5626044068599], [458.472223054864, 731.5626044068599], [178.472223054864, 731.5626044068599], [178.472223054864, 451.5626044068599]], [[660.0, 300.0], [580.0, 500.0], [480.0, 500.0], [480.0, 300.0], [660.0, 300.0]], [[660.0, 200.0], [660.0, 300.0], [480.0, 300.0], [480.0, 200.0], [660.0, 200.0]], [[0.0, 596.944446109728], [0.0, 316.944446109728], [280.0, 316.944446109728], [0.0, 596.944446109728]], [[658.472223054864, 748.6111107780544], [458.472223054864, 748.6111107780544], [458.472223054864, 548.6111107780544], [658.472223054864, 468.61111077805435], [658.472223054864, 748.6111107780544]], [[0.0, 760.0], [80.0, 600.0], [160.0, 760.0], [0.0, 760.0]], [[179.96763618235775, 298.35221222695793], [179.96763618235775, 18.35221222695793], [419.96763618235775, 158.35221222695793], [179.96763618235775, 298.35221222695793]]]"
Wed Jul 22 20:58:36 2020,2,3,True,666.7801763698367,0.8548544485879308,"[0, 0, 1, 1, 1, 0, 3, 1, 0, 2, 1, 3]","[[[280.0, 0.0], [480.0, 0.0], [480.0, 200.0], [280.0, 200.0], [280.0, 0.0]], [[0.0, 0.0], [200.0, 0.0], [200.0, 200.0], [0.0, 200.0], [0.0, 0.0]], [[476.04489711759527, 200.0], [476.04489711759527, 480.0], [296.04489711759527, 480.0], [296.04489711759527, 200.0], [476.04489711759527, 200.0]], [[666.7801763698367, 167.23083675803196], [666.7801763698367, 447.23083675803196], [526.7801763698367, 307.23083675803196], [666.7801763698367, 167.23083675803196]], [[480.0, 100.0], [660.0, 100.0], [480.0, 380.0], [480.0, 100.0]], [[386.7801763698367, 480.0], [666.7801763698367, 480.0], [666.7801763698367, 760.0], [386.7801763698367, 760.0], [386.7801763698367, 480.0]], [[206.78017636983668, 760.0], [286.7801763698367, 560.0], [386.7801763698367, 560.0], [386.7801763698367, 760.0], [206.78017636983668, 760.0]], [[660.0, 0.0], [660.0, 100.0], [480.0, 100.0], [480.0, 0.0], [660.0, 0.0]], [[16.04489711759527, 200.0], [296.04489711759527, 200.0], [296.04489711759527, 480.0], [16.04489711759527, 200.0]], [[206.78017636983668, 760.0], [6.780176369836681, 760.0], [6.780176369836681, 560.0], [206.78017636983668, 480.0], [206.78017636983668, 760.0]], [[214.1331244072637, 439.04411364483417], [374.1331244072637, 519.0441136448342], [214.1331244072637, 599.0441136448342], [214.1331244072637, 439.04411364483417]], [[0.0, 563.9551028824047], [0.0, 283.95510288240473], [240.0, 423.95510288240473], [0.0, 563.9551028824047]]]"
Wed Jul 22 20:59:16 2020,2,3,True,673.447978133535,0.8463905431563672,"[0, 0, 1, 2, 3, 0, 3, 1, 0, 3, 2, 3]","[[[440.10896931504317, 280.0], [640.1089693150432, 280.0], [640.1089693150432, 480.0], [440.10896931504317, 480.0], [440.10896931504317, 280.0]], [[0.0, 0.0], [200.0, 0.0], [200.0, 200.0], [0.0, 200.0], [0.0, 0.0]], [[640.1089693150432, 480.0], [640.1089693150432, 760.0], [460.10896931504317, 760.0], [460.10896931504317, 480.0], [640.1089693150432, 480.0]], [[410.0544846575216, 449.9455153424784], [130.05448465752158, 449.9455153424784], [270.0544846575216, 309.9455153424784], [410.0544846575216, 449.9455153424784]], [[640.1089693150432, 280.0], [460.10896931504317, 280.0], [640.1089693150432, 0.0], [640.1089693150432, 280.0]], [[180.0, 480.0], [460.0, 480.0], [460.0, 760.0], [180.0, 760.0], [180.0, 480.0]], [[0.0, 649.9455153424784], [80.0, 449.9455153424784], [180.0, 449.9455153424784], [180.0, 649.9455153424784], [0.0, 649.9455153424784]], [[180.0, 660.0], [180.0, 760.0], [0.0, 760.0], [0.0, 660.0], [180.0, 660.0]], [[160.10896931504317, 200.0], [440.10896931504317, 200.0], [440.10896931504317, 480.0], [160.10896931504317, 200.0]], [[200.0, 200.0], [200.0, 0.0], [400.0, 0.0], [480.0, 200.0], [200.0, 200.0]], [[560.0, 0.0], [480.0, 160.0], [400.0, 0.0], [560.0, 0.0]], [[0.0, 480.0], [0.0, 200.0], [240.0, 340.0], [0.0, 480.0]]]"
Wed Jul 22 20:59:16 2020,2,0,True,646.5100590081936,0.8816568157878825,"[0, 0, 1, 2, 3, 0, 3, 1, 0, 3, 2, 3]","[[[440.10896931504317, 280.0], [640.1089693150432, 280.0], [640.1089693150432, 480.0], [440.10896931504317, 480.0], [440.10896931504317, 280.0]], [[0.0, 0.0], [200.0, 0.0], [200.0, 200.0], [0.0, 200.0], [0.0, 0.0]], [[640.1089693150432, 480.0], [640.1089693150432, 760.0], [460.10896931504317, 760.0], [460.10896931504317, 480.0], [640.1089693150432, 480.0]], [[410.0544846575216, 449.9455153424784], [130.05448465752158, 449.9455153424784], [270.0544846575216, 309.9455153424784], [410.0544846575216, 449.9455153424784]], [[640.1089693150432, 280.0], [460.10896931504317, 280.0], [640.1089693150432, 0.0], [640.1089693150432, 280.0]], [[180.0, 480.0], [460.0, 480.0], [460.0, 760.0], [180.0, 760.0], [180.0, 480.0]], [[0.0, 649.9455153424784], [80.0, 449.9455153424784], [180.0, 449.9455153424784], [180.0, 649.9455153424784], [0.0, 649.9455153424784]], [[180.0, 660.0], [180.0, 760.0], [0.0, 760.0], [0.0, 660.0], [180.0, 660.0]], [[160.10896931504317, 200.0], [440.10896931504317, 200.0], [440.10896931504317, 480.0], [160.10896931504317, 200.0]], [[200.0, 200.0], [200.0, 0.0], [400.0, 0.0], [480.0, 200.0], [200.0, 200.0]], [[560.0, 0.0], [480.0, 160.0], [400.0, 0.0], [560.0, 0.0]], [[0.0, 480.0], [0.0, 200.0], [240.0, 340.0], [0.0, 480.0]]]"
Wed Jul 22 21:00:12 2020,2,3,True,652.9751595982756,0.8729275403840421,"[0, 0, 0, 3, 1, 0, 1, 1, 1, 1, 3, 2]","[[[452.9751595982756, 560.0], [652.9751595982756, 560.0], [652.9751595982756, 760.0], [452.9751595982756, 760.0], [452.9751595982756, 560.0]], [[280.0, 0.0], [480.0, 0.0], [480.0, 200.0], [280.0, 200.0], [280.0, 0.0]], [[0.0, 0.0], [280.0, 0.0], [280.0, 180.0], [0.0, 180.0], [0.0, 0.0]], [[480.0, 280.0], [480.0, 0.0], [620.0, 140.0], [480.0, 280.0]], [[0.0, 460.0], [180.0, 460.0], [0.0, 740.0], [0.0, 460.0]], [[0.0, 180.0], [280.0, 180.0], [280.0, 460.0], [0.0, 460.0], [0.0, 180.0]], [[460.0, 200.0], [380.0, 400.0], [280.0, 400.0], [280.0, 200.0], [460.0, 200.0]], [[460.0, 407.0248404017244], [460.0, 507.0248404017244], [280.0, 507.0248404017244], [280.0, 407.0248404017244], [460.0, 407.0248404017244]], [[652.9751595982756, 120.0], [652.9751595982756, 400.0], [372.9751595982756, 400.0], [652.9751595982756, 120.0]], [[450.52639499624405, 507.0248404017244], [450.52639499624405, 707.0248404017244], [250.52639499624405, 707.0248404017244], [170.52639499624405, 507.0248404017244], [450.52639499624405, 507.0248404017244]], [[652.9751595982756, 560.0], [492.9751595982756, 480.0], [652.9751595982756, 400.0], [652.9751595982756, 560.0]], [[281.42857142857144, 760.0], [1.4285714285714448, 760.0], [141.42857142857144, 520.0], [281.42857142857144, 760.0]]]"
Wed Jul 22 21:00:39 2020,2,1,True,659.5049111942584,0.8642846934495465,"[0, 0, 1, 3, 3, 0, 1, 1, 1, 2, 0, 0]","[[[279.5049111942583, 0.0], [479.5049111942583, 0.0], [479.5049111942583, 200.0], [279.5049111942583, 200.0], [279.5049111942583, 0.0]], [[459.5049111942584, 560.0], [659.5049111942584, 560.0], [659.5049111942584, 760.0], [459.5049111942584, 760.0], [459.5049111942584, 560.0]], [[459.5049111942583, 480.0], [459.5049111942583, 760.0], [279.5049111942583, 760.0], [279.5049111942583, 480.0], [459.5049111942583, 480.0]], [[0.0, 760.0], [0.0, 480.0], [140.0, 620.0], [0.0, 760.0]], [[659.5049111942584, 560.0], [479.5049111942584, 560.0], [659.5049111942584, 280.0], [659.5049111942584, 560.0]], [[0.0, 100.0], [280.0, 100.0], [280.0, 380.0], [0.0, 380.0], [0.0, 100.0]], [[659.5049111942583, 160.0], [579.5049111942583, 360.0], [479.5049111942583, 360.0], [479.5049111942583, 160.0], [659.5049111942583, 160.0]], [[180.0, 0.0], [180.0, 100.0], [0.0, 100.0], [0.0, 0.0], [180.0, 0.0]], [[280.0, 480.0], [280.0, 760.0], [0.0, 760.0], [280.0, 480.0]], [[479.5049111942583, 480.0], [279.5049111942583, 480.0], [279.5049111942583, 280.0], [479.5049111942583, 200.0], [479.5049111942583, 480.0]], [[479.5049111942583, 160.0], [559.5049111942583, 0.0], [639.5049111942583, 160.0], [479.5049111942583, 160.0]], [[0.0, 380.0], [280.0, 380.0], [140.0, 620.0], [0.0, 380.0]]]"
Wed Jul 22 21:00:56 2020,2,1,True,666.099960306201,0.8557274192569767,"[0, 0, 0, 1, 3, 0, 1, 0, 2, 1, 2, 0]","[[[275.10279585095924, 555.1027958509592], [475.10279585095924, 555.1027958509592], [475.10279585095924, 755.1027958509592], [275.10279585095924, 755.1027958509592], [275.10279585095924, 555.1027958509592]], [[280.0, 199.9999999999999], [480.0, 199.9999999999999], [480.0, 399.9999999999999], [280.0, 399.9999999999999], [280.0, 199.9999999999999]], [[0.0, 0.0], [280.0, 0.0], [280.0, 180.0], [0.0, 180.0], [0.0, 0.0]], [[275.10279585095924, 475.1027958509592], [275.10279585095924, 755.1027958509592], [135.10279585095924, 615.1027958509592], [275.10279585095924, 475.1027958509592]], [[651.9545931837187, 760.0], [471.95459318371866, 760.0], [651.9545931837187, 480.0], [651.9545931837187, 760.0]], [[0.0, 179.9999999999999], [280.0, 179.9999999999999], [280.0, 459.9999999999999], [0.0, 459.9999999999999], [0.0, 179.9999999999999]], [[660.0, 199.9999999999999], [580.0, 399.9999999999999], [480.0, 399.9999999999999], [480.0, 199.9999999999999], [660.0, 199.9999999999999]], [[280.0, 0.0], [380.0, 0.0], [380.0, 180.0], [280.0, 180.0], [280.0, 0.0]], [[280.0, 760.0], [0.0, 760.0], [0.0, 480.0], [280.0, 760.0]], [[666.099960306201, 0.0], [666.099960306201, 200.0], [466.09996030620096, 200.0], [386.09996030620096, 0.0], [666.099960306201, 0.0]], [[212.65419377643883, 460.0], [132.65419377643883, 620.0], [52.65419377643883, 460.0], [212.65419377643883, 460.0]], [[384.6261649378996, 399.9999999999999], [664.6261649378996, 399.9999999999999], [524.6261649378996, 639.9999999999999], [384.6261649378996, 399.9999999999999]]]"
Wed Jul 22 21:01:13 2020,2,1,True,672.760959909263,0.8472548705514621,"[0, 0, 1, 2, 1, 0, 3, 0, 2, 1, 2, 0]","[[[460.0, 360.0], [660.0, 360.0], [660.0, 560.0], [460.0, 560.0], [460.0, 360.0]], [[460.0, 560.0], [660.0, 560.0], [660.0, 760.0], [460.0, 760.0], [460.0, 560.0]], [[180.0, 200.0], [180.0, 480.0], [0.0, 480.0], [0.0, 200.0], [180.0, 200.0]], [[280.0, 760.0], [0.0, 760.0], [140.0, 620.0], [280.0, 760.0]], [[0.0, 480.0], [180.0, 480.0], [0.0, 760.0], [0.0, 480.0]], [[180.0, 280.0], [460.0, 280.0], [460.0, 560.0], [180.0, 560.0], [180.0, 280.0]], [[280.0, 760.0], [360.0, 560.0], [460.0, 560.0], [460.0, 760.0], [280.0, 760.0]], [[560.0, 171.42857142857156], [660.0, 171.42857142857156], [660.0, 351.42857142857156], [560.0, 351.42857142857156], [560.0, 171.42857142857156]], [[560.0, 280.0], [280.0, 280.0], [280.0, 0.0], [560.0, 280.0]], [[280.0, 0.0], [280.0, 200.0], [80.0, 200.0], [0.0, 0.0], [280.0, 0.0]], [[320.0, 560.0], [240.0, 720.0], [160.0, 560.0], [320.0, 560.0]], [[380.0, 0.0], [660.0, 0.0], [520.0, 240.0], [380.0, 0.0]]]"
Wed Jul 22 21:01:22 2020,2,1,True,679.4885695083556,0.8388662084667943,"[0, 0, 1, 3, 2, 0, 3, 1, 2, 3, 2, 0]","[[[460.0, 280.0], [660.0, 280.0], [660.0, 480.0], [460.0, 480.0], [460.0, 280.0]], [[460.0, 480.0], [660.0, 480.0], [660.0, 680.0], [460.0, 680.0], [460.0, 480.0]], [[180.0, 280.0], [180.0, 560.0], [0.0, 560.0], [0.0, 280.0], [180.0, 280.0]], [[0.0, 280.0], [0.0, 0.0], [140.0, 140.0], [0.0, 280.0]], [[280.0, 0.0], [280.0, 180.0], [0.0, 0.0], [280.0, 0.0]], [[180.0, 280.0], [460.0, 280.0], [460.0, 560.0], [180.0, 560.0], [180.0, 280.0]], [[279.99999999999994, 760.0], [359.99999999999994, 560.0], [459.99999999999994, 560.0], [459.99999999999994, 760.0], [279.99999999999994, 760.0]], [[279.99999999999994, 180.00000000000006], [279.99999999999994, 280.00000000000006], [99.99999999999994, 280.00000000000006], [99.99999999999994, 180.00000000000006], [279.99999999999994, 180.00000000000006]], [[560.0, 280.0], [280.0, 280.0], [280.0, 0.0], [560.0, 280.0]], [[0.0, 760.0], [0.0, 560.0], [200.0, 560.0], [280.0, 760.0], [0.0, 760.0]], [[359.99999999999994, 560.0], [279.99999999999994, 720.0], [199.99999999999994, 560.0], [359.99999999999994, 560.0]], [[380.0, 0.0], [660.0, 0.0], [520.0, 240.0], [380.0, 0.0]]]"
Wed Jul 22 21:01:35 2020,2,1,True,686.2834552034391,0.8305606024423705,"[0, 0, 1, 2, 3, 0, 0, 1, 2, 2, 2, 0]","[[[0.0, 280.0], [200.0, 280.0], [200.0, 480.0], [0.0, 480.0], [0.0, 280.0]], [[477.54717359547453, 0.0], [677.5471735954745, 0.0], [677.5471735954745, 200.0], [477.54717359547453, 200.0], [477.54717359547453, 0.0]], [[180.0, 0.0], [180.0, 280.0], [0.0, 280.0], [0.0, 0.0], [180.0, 0.0]], [[460.0, 140.0], [180.0, 140.0], [320.0, 0.0], [460.0, 140.0]], [[686.2834552034391, 466.41022860983287], [506.2834552034391, 466.41022860983287], [686.2834552034391, 186.41022860983287], [686.2834552034391, 466.41022860983287]], [[200.0, 140.0], [480.0, 140.0], [480.0, 420.0], [200.0, 420.0], [200.0, 140.0]], [[0.0, 480.0], [200.0, 560.0], [200.0, 660.0], [0.0, 660.0], [0.0, 480.0]], [[180.0, 660.0], [180.0, 760.0], [0.0, 760.0], [0.0, 660.0], [180.0, 660.0]], [[480.0, 755.1524533526277], [200.0, 755.1524533526277], [200.0, 475.15245335262773], [480.0, 755.1524533526277]], [[686.2834552034391, 746.4102286098329], [486.2834552034391, 746.4102286098329], [486.2834552034391, 546.4102286098329], [686.2834552034391, 466.41022860983287], [686.2834552034391, 746.4102286098329]], [[640.0, 200.0], [560.0, 360.0], [480.0, 200.0], [640.0, 200.0]], [[244.84754664737227, 420.0], [524.8475466473723, 420.0], [384.84754664737227, 660.0], [244.84754664737227, 420.0]]]"
Wed Jul 22 21:01:53 2020,2,1,True,693.1462897554735,0.8223372301409608,"[0, 0, 1, 0, 1, 0, 2, 1, 2, 2, 0, 1]","[[[493.1462897554735, 0.0], [693.1462897554735, 0.0], [693.1462897554735, 200.0], [493.1462897554735, 200.0], [493.1462897554735, 0.0]], [[493.1462897554735, 200.0], [693.1462897554735, 200.0], [693.1462897554735, 400.0], [493.1462897554735, 400.0], [493.1462897554735, 200.0]], [[180.0, 0.0], [180.0, 280.0], [0.0, 280.0], [0.0, 0.0], [180.0, 0.0]], [[180.0, 0.0], [460.0, 0.0], [320.0, 140.0], [180.0, 0.0]], [[0.0, 280.0], [180.0, 280.0], [0.0, 560.0], [0.0, 280.0]], [[204.28571428571422, 140.0], [484.2857142857142, 140.0], [484.2857142857142, 420.0], [204.28571428571422, 420.0], [204.28571428571422, 140.0]], [[457.4749488572796, 617.4749488572796], [257.4749488572796, 537.4749488572796], [257.4749488572796, 437.4749488572796], [457.4749488572796, 437.4749488572796], [457.4749488572796, 617.4749488572796]], [[664.2857142857142, 400.0], [664.2857142857142, 500.0], [484.2857142857142, 500.0], [484.2857142857142, 400.0], [664.2857142857142, 400.0]], [[480.0, 760.0], [200.0, 760.0], [200.0, 480.0], [480.0, 760.0]], [[200.0, 760.0], [0.0, 760.0], [0.0, 560.0], [200.0, 480.0], [200.0, 760.0]], [[74.28571428571428, 480.0], [154.28571428571428, 320.0], [234.28571428571428, 480.0], [74.28571428571428, 480.0]], [[693.1462897554735, 480.0], [693.1462897554735, 760.0], [453.1462897554735, 620.0], [693.1462897554735, 480.0]]]"
Wed Jul 22 21:02:03 2020,2,0,True,665.4204381652545,0.8566012813968344,"[0, 0, 0, 0, 0, 0, 2, 0, 2, 1, 0, 1]","[[[0.0, 560.0], [200.0, 560.0], [200.0, 760.0], [0.0, 760.0], [0.0, 560.0]], [[465.4204381652545, 0.0], [665.4204381652545, 0.0], [665.4204381652545, 200.0], [465.4204381652545, 200.0], [465.4204381652545, 0.0]], [[0.0, 380.0], [280.0, 380.0], [280.0, 560.0], [0.0, 560.0], [0.0, 380.0]], [[282.25851590218906, 480.0], [562.2585159021891, 480.0], [422.25851590218906, 620.0], [282.25851590218906, 480.0]], [[100.0, 180.0], [100.0, 0.0], [380.0, 180.0], [100.0, 180.0]], [[380.0, 200.0], [660.0, 200.0], [660.0, 480.0], [380.0, 480.0], [380.0, 200.0]], [[465.4204381652545, 186.3417102490922], [265.4204381652545, 106.34171024909219], [265.4204381652545, 6.341710249092188], [465.4204381652545, 6.341710249092188], [465.4204381652545, 186.3417102490922]], [[0.0, 0.0], [100.0, 0.0], [100.0, 180.0], [0.0, 180.0], [0.0, 0.0]], [[560.0, 751.4176395716803], [280.0, 751.4176395716803], [280.0, 471.4176395716803], [560.0, 751.4176395716803]], [[380.0, 180.0], [380.0, 380.0], [180.0, 380.0], [100.0, 180.0], [380.0, 180.0]], [[20.0, 380.0], [100.0, 220.0], [180.0, 380.0], [20.0, 380.0]], [[665.4204381652545, 476.8380777369348], [665.4204381652545, 756.8380777369348], [425.4204381652545, 616.8380777369348], [665.4204381652545, 476.8380777369348]]]"
Wed Jul 22 21:03:05 2020,2,5,True,672.0746425469071,0.8481200805909251,"[0, 0, 1, 2, 3, 0, 1, 0, 3, 0, 2, 1]","[[[472.07464254690694, 280.0], [672.074642546907, 280.0], [672.074642546907, 480.0], [472.07464254690694, 480.0], [472.07464254690694, 280.0]], [[0.0, 60.0], [200.0, 60.0], [200.0, 260.0], [0.0, 260.0], [0.0, 60.0]], [[460.0, 200.0], [460.0, 480.0], [280.0, 480.0], [280.0, 200.0], [460.0, 200.0]], [[300.0, 760.0], [20.0, 760.0], [160.0, 620.0], [300.0, 760.0]], [[672.074642546907, 760.0], [492.07464254690694, 760.0], [672.074642546907, 480.0], [672.074642546907, 760.0]], [[0.0, 260.0], [280.0, 260.0], [280.0, 540.0], [0.0, 540.0], [0.0, 260.0]], [[380.07464254690694, 0.0], [300.07464254690694, 200.0], [200.07464254690694, 200.0], [200.07464254690694, 0.0], [380.07464254690694, 0.0]], [[372.07464254690694, 20.0], [472.07464254690694, 20.0], [472.07464254690694, 200.0], [372.07464254690694, 200.0], [372.07464254690694, 20.0]], [[392.07464254690706, 760.0], [392.07464254690706, 480.0], [672.0746425469071, 480.0], [392.07464254690706, 760.0]], [[472.07464254690694, 0.0], [672.074642546907, 0.0], [672.074642546907, 200.0], [472.07464254690694, 280.0], [472.07464254690694, 0.0]], [[160.0, 540.0], [80.0, 700.0], [0.0, 540.0], [160.0, 540.0]], [[392.07464254690706, 480.0], [392.07464254690706, 760.0], [152.07464254690706, 620.0], [392.07464254690706, 480.0]]]"
Wed Jul 22 21:03:25 2020,2,1,True,678.7953889723761,0.8397228520702229,"[0, 0, 0, 3, 2, 0, 0, 1, 1, 0, 0, 0]","[[[280.0, 0.0], [480.0, 0.0], [480.0, 200.0], [280.0, 200.0], [280.0, 0.0]], [[0.0, 529.6515916739056], [200.0, 529.6515916739056], [200.0, 729.6515916739056], [0.0, 729.6515916739056], [0.0, 529.6515916739056]], [[0.0, 0.0], [280.0, 0.0], [280.0, 180.0], [0.0, 180.0], [0.0, 0.0]], [[490.696489467352, 639.0792788896274], [490.696489467352, 359.0792788896274], [630.696489467352, 499.0792788896274], [490.696489467352, 639.0792788896274]], [[678.7953889723761, 300.0], [678.7953889723761, 480.0], [398.79538897237614, 300.0], [678.7953889723761, 300.0]], [[0.0, 180.0], [280.0, 180.0], [280.0, 460.0], [0.0, 460.0], [0.0, 180.0]], [[280.0, 300.0], [480.0, 380.0], [480.0, 480.0], [280.0, 480.0], [280.0, 300.0]], [[460.0, 200.0], [460.0, 300.0], [280.0, 300.0], [280.0, 200.0], [460.0, 200.0]], [[678.7953889723761, 480.0], [678.7953889723761, 760.0], [398.79538897237614, 760.0], [678.7953889723761, 480.0]], [[478.79538897237614, 0.0], [678.7953889723761, 0.0], [678.7953889723761, 200.0], [478.79538897237614, 280.0], [478.79538897237614, 0.0]], [[184.8257958369528, 760.0], [264.8257958369528, 600.0], [344.8257958369528, 760.0], [184.8257958369528, 760.0]], [[210.69648946735202, 507.2069033663986], [490.696489467352, 507.2069033663986], [350.696489467352, 747.2069033663986], [210.69648946735202, 507.2069033663986]]]"
Wed Jul 22 21:03:34 2020,2,1,True,685.5833428620999,0.8314087644259631,"[0, 0, 1, 3, 0, 0, 3, 1, 0, 3, 0, 0]","[[[0.0, 80.0], [200.0, 80.0], [200.0, 280.0], [0.0, 280.0], [0.0, 80.0]], [[0.0, 560.0], [200.0, 560.0], [200.0, 760.0], [0.0, 760.0], [0.0, 560.0]], [[180.0, 280.0], [180.0, 560.0], [0.0, 560.0], [0.0, 280.0], [180.0, 280.0]], [[482.7727554433421, 417.2272445566579], [482.7727554433421, 137.22724455665792], [622.772755443342, 277.2272445566579], [482.7727554433421, 417.2272445566579]], [[200.0, 180.0], [200.0, 0.0], [480.0, 180.0], [200.0, 180.0]], [[200.0, 180.0], [480.0, 180.0], [480.0, 460.0], [200.0, 460.0], [200.0, 180.0]], [[501.6666666666667, 760.0], [581.6666666666667, 560.0], [681.6666666666667, 560.0], [681.6666666666667, 760.0], [501.6666666666667, 760.0]], [[360.0, 460.0], [360.0, 560.0], [180.0, 560.0], [180.0, 460.0], [360.0, 460.0]], [[345.54551088668416, 0.0], [625.5455108866842, 0.0], [625.5455108866842, 280.0], [345.54551088668416, 0.0]], [[200.0, 760.0], [200.0, 560.0], [400.0, 560.0], [480.0, 760.0], [200.0, 760.0]], [[525.5455108866842, 454.45448911331584], [605.5455108866842, 294.45448911331584], [685.5455108866842, 454.45448911331584], [525.5455108866842, 454.45448911331584]], [[360.0, 460.0], [640.0, 460.0], [500.0, 700.0], [360.0, 460.0]]]"
Wed Jul 22 21:03:47 2020,2,0,True,658.1600091476159,0.866050796277045,"[0, 0, 1, 2, 3, 0, 3, 1, 3, 3, 2, 0]","[[[0.0, 560.0], [200.0, 560.0], [200.0, 760.0], [0.0, 760.0], [0.0, 560.0]], [[0.0, 360.0], [200.0, 360.0], [200.0, 560.0], [0.0, 560.0], [0.0, 360.0]], [[658.1600091476159, 240.0], [658.1600091476159, 520.0], [478.16000914761594, 520.0], [478.16000914761594, 240.0], [658.1600091476159, 240.0]], [[480.0, 180.0], [200.0, 180.0], [340.0, 40.0], [480.0, 180.0]], [[199.9999999999999, 360.0000000000001], [19.999999999999886, 360.0000000000001], [199.9999999999999, 80.00000000000011], [199.9999999999999, 360.0000000000001]], [[199.9999999999999, 180.0], [479.9999999999999, 180.0], [479.9999999999999, 460.0], [199.9999999999999, 460.0], [199.9999999999999, 180.0]], [[478.16000914761594, 760.0], [558.1600091476159, 560.0], [658.1600091476159, 560.0], [658.1600091476159, 760.0], [478.16000914761594, 760.0]], [[380.0, 460.0], [380.0, 560.0], [200.0, 560.0], [200.0, 460.0], [380.0, 460.0]], [[0.0, 280.0], [0.0, 0.0], [280.0, 0.0], [0.0, 280.0]], [[198.16000914761588, 760.0], [198.16000914761588, 560.0], [398.1600091476159, 560.0], [478.1600091476159, 760.0], [198.16000914761588, 760.0]], [[558.1600091476159, 560.0], [478.16000914761594, 720.0], [398.16000914761594, 560.0], [558.1600091476159, 560.0]], [[374.9999999999999, 0.0], [654.9999999999999, 0.0], [514.9999999999999, 240.0], [374.9999999999999, 0.0]]]"
Wed Jul 22 21:04:42 2020,2,3,True,664.7416092390921,0.8574760359178663,"[0, 0, 0, 1, 0, 0, 1, 1, 3, 2, 0, 1]","[[[464.7416092390921, 0.0], [664.7416092390921, 0.0], [664.7416092390921, 200.0], [464.7416092390921, 200.0], [464.7416092390921, 0.0]], [[264.7416092390921, 15.2583907609079], [464.7416092390921, 15.2583907609079], [464.7416092390921, 215.2583907609079], [264.7416092390921, 215.2583907609079], [264.7416092390921, 15.2583907609079]], [[200.0, 580.0], [480.0, 580.0], [480.0, 760.0], [200.0, 760.0], [200.0, 580.0]], [[264.7416092390921, 15.2583907609079], [264.7416092390921, 295.2583907609079], [124.7416092390921, 155.2583907609079], [264.7416092390921, 15.2583907609079]], [[200.0, 580.0], [200.0, 400.0], [480.0, 580.0], [200.0, 580.0]], [[382.59228241460994, 215.2583907609079], [662.5922824146099, 215.2583907609079], [662.5922824146099, 495.2583907609079], [382.59228241460994, 495.2583907609079], [382.59228241460994, 215.2583907609079]], [[180.0, 280.0], [100.0, 480.0], [0.0, 480.0], [0.0, 280.0], [180.0, 280.0]], [[660.0, 660.0], [660.0, 760.0], [480.0, 760.0], [480.0, 660.0], [660.0, 660.0]], [[0.0, 280.0], [0.0, 0.0], [280.0, 0.0], [0.0, 280.0]], [[200.0, 760.0], [0.0, 760.0], [0.0, 560.0], [200.0, 480.0], [200.0, 760.0]], [[480.0, 655.2583907609079], [560.0, 495.2583907609079], [640.0, 655.2583907609079], [480.0, 655.2583907609079]], [[382.59228241460994, 226.51216474185583], [382.59228241460994, 506.5121647418558], [142.59228241460994, 366.5121647418558], [382.59228241460994, 226.51216474185583]]]"
Wed Jul 22 21:05:04 2020,2,1,True,671.389025331483,0.8489861741761052,"[0, 0, 0, 3, 2, 0, 3, 1, 0, 2, 1, 3]","[[[0.0, 80.0], [200.0, 80.0], [200.0, 280.0], [0.0, 280.0], [0.0, 80.0]], [[471.389025331483, 560.0], [671.389025331483, 560.0], [671.389025331483, 760.0], [471.389025331483, 760.0], [471.389025331483, 560.0]], [[355.55555555555554, 0.0], [635.5555555555555, 0.0], [635.5555555555555, 180.0], [355.55555555555554, 180.0], [355.55555555555554, 0.0]], [[221.6541353383462, 723.3333333333333], [221.6541353383462, 443.33333333333326], [361.65413533834624, 583.3333333333333], [221.6541353383462, 723.3333333333333]], [[355.55555555555554, 0.0], [355.55555555555554, 180.0], [75.55555555555554, 0.0], [355.55555555555554, 0.0]], [[380.0, 280.0], [660.0, 280.0], [660.0, 560.0], [380.0, 560.0], [380.0, 280.0]], [[290.98746867167955, 760.0], [370.98746867167955, 560.0], [470.98746867167955, 560.0], [470.98746867167955, 760.0], [290.98746867167955, 760.0]], [[540.0, 180.0], [540.0, 280.0], [360.0, 280.0], [360.0, 180.0], [540.0, 180.0]], [[87.36842105263145, 280.0], [367.36842105263145, 280.0], [367.36842105263145, 560.0], [87.36842105263145, 280.0]], [[221.6541353383462, 760.0], [21.654135338346208, 760.0], [21.654135338346208, 560.0], [221.6541353383462, 480.0], [221.6541353383462, 760.0]], [[200.0, 112.04678362573111], [360.0, 192.0467836257311], [200.0, 272.0467836257311], [200.0, 112.04678362573111]], [[0.0, 572.6315789473686], [0.0, 292.63157894736855], [240.0, 432.63157894736855], [0.0, 572.6315789473686]]]"
Wed Jul 22 21:05:25 2020,2,1,True,678.1029155847979,0.8405803704713913,"[0, 0, 1, 1, 1, 0, 0, 0, 0, 0, 1, 2]","[[[360.0, 213.34527609487077], [560.0, 213.34527609487077], [560.0, 413.34527609487077], [360.0, 413.34527609487077], [360.0, 213.34527609487077]], [[0.0, 280.0], [200.0, 280.0], [200.0, 480.0], [0.0, 480.0], [0.0, 280.0]], [[180.0, 480.0], [180.0, 760.0], [0.0, 760.0], [0.0, 480.0], [180.0, 480.0]], [[678.1029155847979, 459.9999999999999], [678.1029155847979, 739.9999999999999], [538.1029155847979, 599.9999999999999], [678.1029155847979, 459.9999999999999]], [[380.0, 413.34527609487077], [560.0, 413.34527609487077], [380.0, 693.3452760948708], [380.0, 413.34527609487077]], [[0.0, 0.0], [280.0, 0.0], [280.0, 280.0], [0.0, 280.0], [0.0, 0.0]], [[280.0, 1.89708441520213], [480.0, 81.89708441520213], [480.0, 181.89708441520213], [280.0, 181.89708441520213], [280.0, 1.89708441520213]], [[578.1029155847979, 280.0], [678.1029155847979, 280.0], [678.1029155847979, 460.0], [578.1029155847979, 460.0], [578.1029155847979, 280.0]], [[398.10291558479787, 0.0], [678.1029155847979, 0.0], [678.1029155847979, 280.0], [398.10291558479787, 0.0]], [[180.0, 480.0], [380.0, 480.0], [380.0, 680.0], [180.0, 760.0], [180.0, 480.0]], [[200.0, 280.0], [360.0, 360.0], [200.0, 440.0], [200.0, 280.0]], [[631.4362489181312, 759.9999999999999], [351.43624891813124, 759.9999999999999], [491.43624891813124, 519.9999999999999], [631.4362489181312, 759.9999999999999]]]"
Wed Jul 22 21:05:29 2020,2,0,True,650.9787989614059,0.8756045525743661,"[0, 0, 1, 1, 1, 0, 0, 0, 0, 2, 1, 2]","[[[310.978798961406, 209.35175615815217], [510.978798961406, 209.35175615815217], [510.978798961406, 409.35175615815217], [310.978798961406, 409.35175615815217], [310.978798961406, 209.35175615815217]], [[0.0, 280.0], [200.0, 280.0], [200.0, 480.0], [0.0, 480.0], [0.0, 280.0]], [[180.0, 480.0], [180.0, 760.0], [0.0, 760.0], [0.0, 480.0], [180.0, 480.0]], [[650.9787989614059, 380.0], [650.9787989614059, 660.0], [510.9787989614059, 520.0], [650.9787989614059, 380.0]], [[379.52530346731504, 444.48321521303023], [559.5253034673151, 444.48321521303023], [379.52530346731504, 724.4832152130302], [379.52530346731504, 444.48321521303023]], [[0.0, 0.0], [280.0, 0.0], [280.0, 280.0], [0.0, 280.0], [0.0, 0.0]], [[280.0, 29.35175615815217], [480.0, 109.35175615815217], [480.0, 209.35175615815217], [280.0, 209.35175615815217], [280.0, 29.35175615815217]], [[510.978798961406, 240.0], [610.978798961406, 240.0], [610.978798961406, 420.0], [510.978798961406, 420.0], [510.978798961406, 240.0]], [[370.9787989614059, 0.0], [650.9787989614059, 0.0], [650.9787989614059, 280.0], [370.9787989614059, 0.0]], [[379.52530346731504, 722.0522352905232], [179.52530346731504, 722.0522352905232], [179.52530346731504, 522.0522352905232], [379.52530346731504, 442.0522352905232], [379.52530346731504, 722.0522352905232]], [[200.0, 353.86235667744916], [360.0, 433.86235667744916], [200.0, 513.8623566774492], [200.0, 353.86235667744916]], [[650.9787989614059, 760.0], [370.9787989614059, 760.0], [510.9787989614059, 520.0], [650.9787989614059, 760.0]]]"
Wed Jul 22 21:06:58 2020,2,5,True,657.48858695102,0.8669352005686792,"[0, 0, 0, 2, 3, 0, 1, 0, 3, 2, 2, 1]","[[[0.0, 560.0], [200.0, 560.0], [200.0, 760.0], [0.0, 760.0], [0.0, 560.0]], [[457.48858695102, 560.0], [657.48858695102, 560.0], [657.48858695102, 760.0], [457.48858695102, 760.0], [457.48858695102, 560.0]], [[100.0, 279.7561707619832], [380.0, 279.7561707619832], [380.0, 459.7561707619832], [100.0, 459.7561707619832], [100.0, 279.7561707619832]], [[560.0, 279.7561707619832], [280.0, 279.7561707619832], [420.0, 139.75617076198319], [560.0, 279.7561707619832]], [[657.48858695102, 560.0], [477.48858695102, 560.0], [657.48858695102, 280.0], [657.48858695102, 560.0]], [[0.0, 0.0], [280.0, 0.0], [280.0, 280.0], [0.0, 280.0], [0.0, 0.0]], [[560.0, 280.0], [480.0, 480.0], [380.0, 480.0], [380.0, 280.0], [560.0, 280.0]], [[0.0, 380.0], [100.0, 380.0], [100.0, 560.0], [0.0, 560.0], [0.0, 380.0]], [[279.7561707619832, 280.0], [279.7561707619832, 0.0], [559.7561707619832, 0.0], [279.7561707619832, 280.0]], [[457.48858695102, 760.0], [257.48858695102, 760.0], [257.48858695102, 560.0], [457.48858695102, 480.0], [457.48858695102, 760.0]], [[307.6105015700284, 459.7561707619832], [227.61050157002842, 619.7561707619832], [147.61050157002842, 459.7561707619832], [307.6105015700284, 459.7561707619832]], [[657.48858695102, 0.0], [657.48858695102, 280.0], [417.48858695102, 140.0], [657.48858695102, 0.0]]]"
Wed Jul 22 21:07:12 2020,2,1,True,664.0634728205303,0.8583516837313655,"[0, 0, 0, 3, 3, 0, 1, 1, 3, 2, 1, 1]","[[[280.0, 280.0], [480.0, 280.0], [480.0, 480.0], [280.0, 480.0], [280.0, 280.0]], [[140.0, 0.0], [340.0, 0.0], [340.0, 200.0], [140.0, 200.0], [140.0, 0.0]], [[0.0, 300.0], [280.0, 300.0], [280.0, 480.0], [0.0, 480.0], [0.0, 300.0]], [[0.0, 280.0], [0.0, 0.0], [140.0, 140.0], [0.0, 280.0]], [[660.0, 760.0], [480.0, 760.0], [660.0, 480.0], [660.0, 760.0]], [[0.0, 480.0], [280.0, 480.0], [280.0, 760.0], [0.0, 760.0], [0.0, 480.0]], [[660.0, 404.44444444444423], [580.0, 604.4444444444442], [480.0, 604.4444444444442], [480.0, 404.44444444444423], [660.0, 404.44444444444423]], [[280.0, 200.0], [280.0, 300.0], [100.0, 300.0], [100.0, 200.0], [280.0, 200.0]], [[340.0, 280.0], [340.0, 0.0], [620.0, 0.0], [340.0, 280.0]], [[480.0, 760.0], [280.0, 760.0], [280.0, 560.0], [480.0, 480.0], [480.0, 760.0]], [[480.0, 244.44444444444423], [640.0, 324.44444444444423], [480.0, 404.44444444444423], [480.0, 244.44444444444423]], [[662.4561403508773, 57.54385964912274], [662.4561403508773, 337.54385964912274], [422.45614035087726, 197.54385964912274], [662.4561403508773, 57.54385964912274]]]"
Wed Jul 22 21:07:45 2020,2,1,True,670.7041075487356,0.8498531522092727,"[0, 0, 1, 0, 3, 0, 2, 0, 2, 3, 2, 1]","[[[0.0, 560.0], [200.0, 560.0], [200.0, 760.0], [0.0, 760.0], [0.0, 560.0]], [[460.0, 280.0], [660.0, 280.0], [660.0, 480.0], [460.0, 480.0], [460.0, 280.0]], [[460.0, 280.0], [460.0, 560.0], [280.0, 560.0], [280.0, 280.0], [460.0, 280.0]], [[255.31746031746036, 0.0], [535.3174603174604, 0.0], [395.31746031746036, 140.0], [255.31746031746036, 0.0]], [[255.3174603174604, 280.0], [75.31746031746039, 280.0], [255.3174603174604, 0.0], [255.3174603174604, 280.0]], [[0.0, 280.0], [280.0, 280.0], [280.0, 560.0], [0.0, 560.0], [0.0, 280.0]], [[670.7041075487356, 660.0], [470.7041075487356, 580.0], [470.7041075487356, 480.0], [670.7041075487356, 480.0], [670.7041075487356, 660.0]], [[0.0, 55.079365079364976], [100.0, 55.079365079364976], [100.0, 235.07936507936498], [0.0, 235.07936507936498], [0.0, 55.079365079364976]], [[535.3174603174602, 280.0], [255.31746031746025, 280.0], [255.31746031746025, 0.0], [535.3174603174602, 280.0]], [[262.7041075487356, 760.0], [262.7041075487356, 560.0], [462.7041075487356, 560.0], [542.7041075487356, 760.0], [262.7041075487356, 760.0]], [[232.46031746031753, 2.842170943040401e-14], [152.46031746031753, 160.00000000000003], [72.46031746031753, 2.842170943040401e-14], [232.46031746031753, 2.842170943040401e-14]], [[670.7041075487356, 0.0], [670.7041075487356, 280.0], [430.7041075487356, 140.0], [670.7041075487356, 0.0]]]"
Wed Jul 22 21:08:15 2020,2,1,True,677.411148624223,0.8414387645636363,"[0, 0, 1, 3, 1, 0, 2, 0, 0, 2, 2, 2]","[[[200.0, 560.0], [400.0, 560.0], [400.0, 760.0], [200.0, 760.0], [200.0, 560.0]], [[477.41114862422296, 0.0], [677.411148624223, 0.0], [677.411148624223, 200.0], [477.41114862422296, 200.0], [477.41114862422296, 0.0]], [[580.0, 480.0], [580.0, 760.0], [400.0, 760.0], [400.0, 480.0], [580.0, 480.0]], [[0.0, 560.0], [0.0, 280.0], [140.0, 420.0], [0.0, 560.0]], [[0.0, 0.0], [180.0, 0.0], [0.0, 280.0], [0.0, 0.0]], [[391.6504854368932, 200.0], [671.6504854368932, 200.0], [671.6504854368932, 480.0], [391.6504854368932, 480.0], [391.6504854368932, 200.0]], [[477.4111486242231, 180.0], [277.4111486242231, 100.0], [277.4111486242231, 0.0], [477.4111486242231, 0.0], [477.4111486242231, 180.0]], [[279.8863545570954, 380.0], [379.8863545570954, 380.0], [379.8863545570954, 560.0], [279.8863545570954, 560.0], [279.8863545570954, 380.0]], [[0.0, 280.0], [280.0, 280.0], [280.0, 560.0], [0.0, 280.0]], [[200.0, 760.0], [0.0, 760.0], [0.0, 560.0], [200.0, 480.0], [200.0, 760.0]], [[386.0043557010872, 143.43728283074563], [306.0043557010872, 303.43728283074563], [226.0043557010872, 143.43728283074563], [386.0043557010872, 143.43728283074563]], [[294.2857142857144, 280.0], [14.285714285714391, 280.0], [154.2857142857144, 40.0], [294.2857142857144, 280.0]]]"
Wed Jul 22 21:08:22 2020,2,1,True,684.1852601104652,0.8331076876867687,"[0, 0, 1, 3, 1, 0, 2, 1, 0, 2, 1, 2]","[[[199.9999999999999, 280.0], [399.9999999999999, 280.0], [399.9999999999999, 480.0], [199.9999999999999, 480.0], [199.9999999999999, 280.0]], [[0.0, 280.0], [200.0, 280.0], [200.0, 480.0], [0.0, 480.0], [0.0, 280.0]], [[180.0, 480.0], [180.0, 760.0], [0.0, 760.0], [0.0, 480.0], [180.0, 480.0]], [[400.0, 595.869734262568], [400.0, 315.86973426256804], [540.0, 455.86973426256804], [400.0, 595.869734262568]], [[0.0, 0.0], [180.0, 0.0], [0.0, 280.0], [0.0, 0.0]], [[401.6674526250289, 0.0], [681.6674526250289, 0.0], [681.6674526250289, 280.0], [401.6674526250289, 280.0], [401.6674526250289, 0.0]], [[391.66745262502883, 180.0], [191.66745262502883, 100.0], [191.66745262502883, 0.0], [391.66745262502883, 0.0], [391.66745262502883, 180.0]], [[244.28571428571422, 180.0], [244.28571428571422, 280.0], [64.28571428571422, 280.0], [64.28571428571422, 180.0], [244.28571428571422, 180.0]], [[399.9999999999999, 280.0], [679.9999999999999, 280.0], [679.9999999999999, 560.0], [399.9999999999999, 280.0]], [[399.9999999999999, 760.0], [199.9999999999999, 760.0], [199.9999999999999, 560.0], [399.9999999999999, 480.0], [399.9999999999999, 760.0]], [[241.66745262502886, 120.0], [401.6674526250289, 200.0], [241.66745262502886, 280.0], [241.66745262502886, 120.0]], [[679.9999999999999, 695.869734262568], [399.9999999999999, 695.869734262568], [539.9999999999999, 455.86973426256804], [679.9999999999999, 695.869734262568]]]"
Wed Jul 22 21:08:35 2020,2,1,True,691.0271127115698,0.824859096719573,"[0, 0, 1, 3, 1, 0, 1, 0, 0, 0, 0, 2]","[[[180.0, 279.9999999999999], [380.0, 279.9999999999999], [380.0, 479.9999999999999], [180.0, 479.9999999999999], [180.0, 279.9999999999999]], [[480.0, 279.9999999999999], [680.0, 279.9999999999999], [680.0, 479.9999999999999], [480.0, 479.9999999999999], [480.0, 279.9999999999999]], [[180.0, 480.0], [180.0, 760.0], [0.0, 760.0], [0.0, 480.0], [180.0, 480.0]], [[218.48451637271333, 760.0], [218.48451637271333, 480.0], [358.4845163727133, 620.0], [218.48451637271333, 760.0]], [[0.0, 0.0], [180.0, 0.0], [0.0, 280.0], [0.0, 0.0]], [[411.02711271156977, 0.0], [691.0271127115698, 0.0], [691.0271127115698, 280.0], [411.02711271156977, 280.0], [411.02711271156977, 0.0]], [[180.0, 280.0], [100.0, 480.0], [0.0, 480.0], [0.0, 280.0], [180.0, 280.0]], [[380.0, 280.0], [480.0, 280.0], [480.0, 460.0], [380.0, 460.0], [380.0, 280.0]], [[376.81784970604656, 479.9999999999999], [656.8178497060466, 479.9999999999999], [656.8178497060466, 759.9999999999999], [376.81784970604656, 479.9999999999999]], [[211.02711271156977, 0.0], [411.02711271156977, 0.0], [411.02711271156977, 200.0], [211.02711271156977, 280.0], [211.02711271156977, 0.0]], [[22.857142857142833, 279.9999999999999], [102.85714285714283, 119.99999999999989], [182.85714285714283, 279.9999999999999], [22.857142857142833, 279.9999999999999]], [[556.8178497060467, 760.0], [276.8178497060467, 760.0], [416.8178497060467, 520.0], [556.8178497060467, 760.0]]]"
Wed Jul 22 21:08:49 2020,2,1,True,697.9373838386855,0.8166921749698742,"[0, 0, 0, 1, 1, 0, 2, 1, 3, 3, 0, 3]","[[[208.0, 200.0], [408.0, 200.0], [408.0, 400.0], [208.0, 400.0], [208.0, 200.0]], [[210.43478260869568, 0.0], [410.4347826086957, 0.0], [410.4347826086957, 200.0], [210.43478260869568, 200.0], [210.43478260869568, 0.0]], [[0.0, 580.0], [280.0, 580.0], [280.0, 760.0], [0.0, 760.0], [0.0, 580.0]], [[200.0, 46.66666666666691], [200.0, 326.6666666666669], [60.0, 186.6666666666669], [200.0, 46.66666666666691]], [[0.0, 0.0], [180.0, 0.0], [0.0, 280.0], [0.0, 0.0]], [[410.43478260869574, 0.0], [690.4347826086957, 0.0], [690.4347826086957, 280.0], [410.43478260869574, 280.0], [410.43478260869574, 0.0]], [[680.2931687419858, 676.8421052631579], [480.2931687419858, 596.8421052631579], [480.2931687419858, 496.8421052631579], [680.2931687419858, 496.8421052631579], [680.2931687419858, 676.8421052631579]], [[631.4209882908581, 660.0], [631.4209882908581, 760.0], [451.4209882908581, 760.0], [451.4209882908581, 660.0], [631.4209882908581, 660.0]], [[417.13527400514374, 560.0], [417.13527400514374, 280.0], [697.1352740051437, 280.0], [417.13527400514374, 560.0]], [[0.0, 580.0], [0.0, 380.0], [200.0, 380.0], [280.0, 580.0], [0.0, 580.0]], [[0.0, 366.6666666666669], [80.0, 206.6666666666669], [160.0, 366.6666666666669], [0.0, 366.6666666666669]], [[279.9187060117837, 759.9570020038733], [279.9187060117837, 479.9570020038733], [519.9187060117837, 619.9570020038733], [279.9187060117837, 759.9570020038733]]]"
Wed Jul 22 21:08:58 2020,2,1,True,704.9167576770724,0.8086061138315586,"[0, 0, 1, 1, 2, 0, 0, 1, 0, 0, 0, 3]","[[[398.41372529494913, 560.0], [598.4137252949491, 560.0], [598.4137252949491, 760.0], [398.41372529494913, 760.0], [398.41372529494913, 560.0]], [[190.01988848513804, 0.0], [390.01988848513804, 0.0], [390.01988848513804, 200.0], [190.01988848513804, 200.0], [190.01988848513804, 0.0]], [[190.01988848513804, 0.0], [190.01988848513804, 280.0], [10.01988848513804, 280.0], [10.01988848513804, 0.0], [190.01988848513804, 0.0]], [[198.41372529494913, 438.41372529494913], [198.41372529494913, 718.4137252949491], [58.41372529494913, 578.4137252949491], [198.41372529494913, 438.41372529494913]], [[342.42545436614387, 300.0], [342.42545436614387, 480.0], [62.42545436614387, 300.0], [342.42545436614387, 300.0]], [[390.01988848513804, 0.0], [670.019888485138, 0.0], [670.019888485138, 280.0], [390.01988848513804, 280.0], [390.01988848513804, 0.0]], [[398.41372529494913, 380.0], [598.4137252949491, 460.0], [598.4137252949491, 560.0], [398.41372529494913, 560.0], [398.41372529494913, 380.0]], [[370.01988848513804, 200.0], [370.01988848513804, 300.0], [190.01988848513804, 300.0], [190.01988848513804, 200.0], [370.01988848513804, 200.0]], [[418.41372529494913, 280.0], [698.4137252949491, 280.0], [698.4137252949491, 560.0], [418.41372529494913, 280.0]], [[198.41372529494913, 480.0], [398.41372529494913, 480.0], [398.41372529494913, 680.0], [198.41372529494913, 760.0], [198.41372529494913, 480.0]], [[0.0, 760.0], [80.0, 600.0], [160.0, 760.0], [0.0, 760.0]], [[0.0, 554.1550650503361], [0.0, 274.15506505033613], [240.0, 414.15506505033613], [0.0, 554.1550650503361]]]"
Wed Jul 22 21:09:00 2020,2,0,True,676.7200873699894,0.8422980352412069,"[0, 0, 1, 2, 2, 0, 0, 1, 0, 0, 1, 3]","[[[0.0, 560.0], [200.0, 560.0], [200.0, 760.0], [0.0, 760.0], [0.0, 560.0]], [[190.01988848513804, 0.0], [390.01988848513804, 0.0], [390.01988848513804, 200.0], [190.01988848513804, 200.0], [190.01988848513804, 0.0]], [[190.01988848513804, 0.0], [190.01988848513804, 280.0], [10.01988848513804, 280.0], [10.01988848513804, 0.0], [190.01988848513804, 0.0]], [[600.0, 760.0], [320.0, 760.0], [460.0, 620.0], [600.0, 760.0]], [[338.62187636870766, 297.5548427159339], [338.62187636870766, 477.5548427159339], [58.62187636870766, 297.5548427159339], [338.62187636870766, 297.5548427159339]], [[390.01988848513804, 0.0], [670.019888485138, 0.0], [670.019888485138, 280.0], [390.01988848513804, 280.0], [390.01988848513804, 0.0]], [[418.6218763687076, 421.9017889987182], [618.6218763687076, 501.9017889987182], [618.6218763687076, 601.9017889987182], [418.6218763687076, 601.9017889987182], [418.6218763687076, 421.9017889987182]], [[370.01988848513804, 200.0], [370.01988848513804, 300.0], [190.01988848513804, 300.0], [190.01988848513804, 200.0], [370.01988848513804, 200.0]], [[396.7200873699894, 280.0], [676.7200873699894, 280.0], [676.7200873699894, 560.0], [396.7200873699894, 280.0]], [[200.0, 480.0], [400.0, 480.0], [400.0, 680.0], [200.0, 760.0], [200.0, 480.0]], [[338.62187636870766, 301.9017889987182], [498.62187636870766, 381.9017889987182], [338.62187636870766, 461.9017889987182], [338.62187636870766, 301.9017889987182]], [[0.0, 554.1550650503361], [0.0, 274.15506505033613], [240.0, 414.15506505033613], [0.0, 554.1550650503361]]]"
Wed Jul 22 21:09:11 2020,2,1,True,683.4872882436894,0.8339584507338682,"[0, 0, 0, 1, 2, 0, 0, 1, 3, 3, 0, 3]","[[[169.65128387518985, 0.0], [369.65128387518985, 0.0], [369.65128387518985, 200.0], [169.65128387518985, 200.0], [169.65128387518985, 0.0]], [[483.48728824368936, 560.0], [683.4872882436894, 560.0], [683.4872882436894, 760.0], [483.48728824368936, 760.0], [483.48728824368936, 560.0]], [[140.0, 380.0], [420.0, 380.0], [420.0, 560.0], [140.0, 560.0], [140.0, 380.0]], [[140.0, 355.71428571428555], [140.0, 635.7142857142856], [0.0, 495.71428571428555], [140.0, 355.71428571428555]], [[675.7142857142856, 280.0], [675.7142857142856, 460.0], [395.71428571428555, 280.0], [675.7142857142856, 280.0]], [[369.65128387518985, 0.0], [649.6512838751898, 0.0], [649.6512838751898, 280.0], [369.65128387518985, 280.0], [369.65128387518985, 0.0]], [[0.0, 580.0], [200.0, 660.0], [200.0, 760.0], [0.0, 760.0], [0.0, 580.0]], [[395.71428571428555, 280.0], [395.71428571428555, 380.0], [215.71428571428555, 380.0], [215.71428571428555, 280.0], [395.71428571428555, 280.0]], [[0.0, 495.71428571428555], [0.0, 215.71428571428555], [280.0, 215.71428571428555], [0.0, 495.71428571428555]], [[200.0, 760.0], [200.0, 560.0], [400.0, 560.0], [480.0, 760.0], [200.0, 760.0]], [[0.0, 215.71428571428555], [80.0, 55.71428571428555], [160.0, 215.71428571428555], [0.0, 215.71428571428555]], [[425.81988885934175, 593.6393163075361], [425.81988885934175, 313.6393163075361], [665.8198888593417, 453.6393163075361], [425.81988885934175, 593.6393163075361]]]"
Wed Jul 22 21:09:29 2020,2,1,True,690.3221611261263,0.8257014363701666,"[0, 0, 1, 1, 1, 0, 1, 1, 3, 3, 0, 2]","[[[178.5714285714286, 2.2222222222221717], [378.5714285714286, 2.2222222222221717], [378.5714285714286, 202.22222222222217], [178.5714285714286, 202.22222222222217], [178.5714285714286, 2.2222222222221717]], [[12.857142857142833, 260.0], [212.85714285714283, 260.0], [212.85714285714283, 460.0], [12.857142857142833, 460.0], [12.857142857142833, 260.0]], [[392.85714285714283, 280.0], [392.85714285714283, 560.0], [212.85714285714283, 560.0], [212.85714285714283, 280.0], [392.85714285714283, 280.0]], [[614.4444444444443, 334.44444444444446], [614.4444444444443, 614.4444444444445], [474.44444444444434, 474.44444444444446], [614.4444444444443, 334.44444444444446]], [[0.0, 0.0], [180.0, 0.0], [0.0, 280.0], [0.0, 0.0]], [[380.0, 0.0], [660.0, 0.0], [660.0, 280.0], [380.0, 280.0], [380.0, 0.0]], [[460.0, 560.0], [380.0, 760.0], [280.0, 760.0], [280.0, 560.0], [460.0, 560.0]], [[180.0, 460.0], [180.0, 560.0], [0.0, 560.0], [0.0, 460.0], [180.0, 460.0]], [[388.88888888888886, 560.0], [388.88888888888886, 280.0], [668.8888888888889, 280.0], [388.88888888888886, 560.0]], [[0.0, 760.0], [0.0, 560.0], [200.0, 560.0], [280.0, 760.0], [0.0, 760.0]], [[35.71428571428571, 260.0], [115.71428571428571, 100.0], [195.71428571428572, 260.0], [35.71428571428571, 260.0]], [[660.0, 760.0], [380.0, 760.0], [520.0, 520.0], [660.0, 760.0]]]"
Wed Jul 22 21:09:30 2020,2,0,True,662.7092746810812,0.8601056628855901,"[0, 0, 1, 1, 1, 0, 0, 1, 3, 0, 0, 1]","[[[180.0, 0.0], [380.0, 0.0], [380.0, 200.0], [180.0, 200.0], [180.0, 0.0]], [[0.0, 279.99999999999994], [200.0, 279.99999999999994], [200.0, 479.99999999999994], [0.0, 479.99999999999994], [0.0, 279.99999999999994]], [[380.0, 200.0], [380.0, 480.0], [200.0, 480.0], [200.0, 200.0], [380.0, 200.0]], [[656.0031803903992, 286.706094290682], [656.0031803903992, 566.706094290682], [516.0031803903992, 426.706094290682], [656.0031803903992, 286.706094290682]], [[0.0, 0.0], [180.0, 0.0], [0.0, 280.0], [0.0, 0.0]], [[380.0, 0.0], [660.0, 0.0], [660.0, 280.0], [380.0, 280.0], [380.0, 0.0]], [[200.0, 578.9162901275675], [400.0, 658.9162901275675], [400.0, 758.9162901275675], [200.0, 758.9162901275675], [200.0, 578.9162901275675]], [[382.7092746810811, 480.0], [382.7092746810811, 580.0], [202.70927468108113, 580.0], [202.70927468108113, 480.0], [382.7092746810811, 480.0]], [[382.7092746810811, 560.0], [382.7092746810811, 280.0], [662.7092746810811, 280.0], [382.7092746810811, 560.0]], [[0.0, 480.0], [200.0, 480.0], [200.0, 680.0], [0.0, 760.0], [0.0, 480.0]], [[35.714285714285666, 260.0], [115.71428571428567, 100.0], [195.71428571428567, 260.0], [35.714285714285666, 260.0]], [[563.7121029454826, 474.41501684576565], [563.7121029454826, 754.4150168457656], [323.71210294548257, 614.4150168457656], [563.7121029454826, 474.41501684576565]]]"
Wed Jul 22 21:09:43 2020,2,1,True,669.336367427892,0.8515897652332576,"[0, 0, 1, 0, 3, 0, 2, 1, 2, 1, 2, 1]","[[[469.336367427892, 560.0], [669.336367427892, 560.0], [669.336367427892, 760.0], [469.336367427892, 760.0], [469.336367427892, 560.0]], [[0.0, 169.33636742789201], [200.0, 169.33636742789201], [200.0, 369.336367427892], [0.0, 369.336367427892], [0.0, 169.33636742789201]], [[380.0, 269.336367427892], [380.0, 549.336367427892], [200.0, 549.336367427892], [200.0, 269.336367427892], [380.0, 269.336367427892]], [[0.0, 0.0], [280.0, 0.0], [140.0, 140.0], [0.0, 0.0]], [[649.336367427892, 560.0], [469.336367427892, 560.0], [649.336367427892, 280.0], [649.336367427892, 560.0]], [[389.336367427892, 0.0], [669.336367427892, 0.0], [669.336367427892, 280.0], [389.336367427892, 280.0], [389.336367427892, 0.0]], [[200.0, 549.336367427892], [0.0, 469.336367427892], [0.0, 369.336367427892], [200.0, 369.336367427892], [200.0, 549.336367427892]], [[560.0, 280.0], [560.0, 380.0], [380.0, 380.0], [380.0, 280.0], [560.0, 280.0]], [[280.0, 760.0], [0.0, 760.0], [0.0, 480.0], [280.0, 760.0]], [[469.336367427892, 549.336367427892], [469.336367427892, 749.336367427892], [269.336367427892, 749.336367427892], [189.33636742789201, 549.336367427892], [469.336367427892, 549.336367427892]], [[540.0, 380.0], [460.0, 540.0], [380.0, 380.0], [540.0, 380.0]], [[389.709084409328, 0.0], [389.709084409328, 280.0], [149.709084409328, 140.0], [389.709084409328, 0.0]]]"
Wed Jul 22 21:10:22 2020,2,3,True,676.0297311021709,0.843158183399265,"[0, 0, 0, 3, 1, 0, 3, 1, 1, 0, 2, 3]","[[[0.0, 560.0], [200.0, 560.0], [200.0, 760.0], [0.0, 760.0], [0.0, 560.0]], [[280.0, 0.0], [480.0, 0.0], [480.0, 200.0], [280.0, 200.0], [280.0, 0.0]], [[200.0, 480.0], [480.0, 480.0], [480.0, 660.0], [200.0, 660.0], [200.0, 480.0]], [[480.0, 676.0297311021709], [480.0, 396.0297311021709], [620.0, 536.0297311021709], [480.0, 676.0297311021709]], [[480.0, 0.0], [660.0, 0.0], [480.0, 280.0], [480.0, 0.0]], [[0.0, 0.0], [280.0, 0.0], [280.0, 280.0], [0.0, 280.0], [0.0, 0.0]], [[482.56291273077636, 351.5688024187923], [562.5629127307764, 151.5688024187923], [662.5629127307764, 151.5688024187923], [662.5629127307764, 351.5688024187923], [482.56291273077636, 351.5688024187923]], [[380.0, 660.0], [380.0, 760.0], [200.0, 760.0], [200.0, 660.0], [380.0, 660.0]], [[676.0297311021709, 480.0], [676.0297311021709, 760.0], [396.0297311021709, 760.0], [676.0297311021709, 480.0]], [[280.0, 200.0], [480.0, 200.0], [480.0, 400.0], [280.0, 480.0], [280.0, 200.0]], [[675.5390713166214, 351.5688024187923], [595.5390713166214, 511.5688024187923], [515.5390713166214, 351.5688024187923], [675.5390713166214, 351.5688024187923]], [[0.0, 560.0], [0.0, 280.0], [240.0, 420.0], [0.0, 560.0]]]"
Wed Jul 22 21:10:39 2020,2,1,True,682.7900284131927,0.8348100825735296,"[0, 0, 1, 3, 0, 0, 0, 1, 0, 0, 3, 1]","[[[200.0, 0.0], [400.0, 0.0], [400.0, 200.0], [200.0, 200.0], [200.0, 0.0]], [[0.0, 0.0], [200.0, 0.0], [200.0, 200.0], [0.0, 200.0], [0.0, 0.0]], [[180.0, 480.0], [180.0, 760.0], [0.0, 760.0], [0.0, 480.0], [180.0, 480.0]], [[280.0, 480.0], [280.0, 200.0], [420.0, 340.0], [280.0, 480.0]], [[0.0, 480.0], [0.0, 300.0], [280.0, 480.0], [0.0, 480.0]], [[180.0, 480.0], [460.0, 480.0], [460.0, 760.0], [180.0, 760.0], [180.0, 480.0]], [[460.0, 454.8571428571429], [660.0, 534.8571428571429], [660.0, 634.8571428571429], [460.0, 634.8571428571429], [460.0, 454.8571428571429]], [[640.0, 660.0], [640.0, 760.0], [460.0, 760.0], [460.0, 660.0], [640.0, 660.0]], [[0.0, 200.0], [280.0, 200.0], [280.0, 480.0], [0.0, 200.0]], [[480.0, 40.0], [680.0, 40.0], [680.0, 240.0], [480.0, 320.0], [480.0, 40.0]], [[480.0, 320.0], [320.0, 240.0], [480.0, 160.0], [480.0, 320.0]], [[651.4285714285713, 251.42857142857144], [651.4285714285713, 531.4285714285714], [411.42857142857133, 391.42857142857144], [651.4285714285713, 251.42857142857144]]]"
Wed Jul 22 21:10:48 2020,2,1,True,689.6179286973246,0.8265446362114154,"[0, 0, 0, 0, 3, 0, 2, 0, 1, 0, 3, 3]","[[[460.0, 560.0], [660.0, 560.0], [660.0, 760.0], [460.0, 760.0], [460.0, 560.0]], [[240.0, 31.428571428571445], [440.0, 31.428571428571445], [440.0, 231.42857142857144], [240.0, 231.42857142857144], [240.0, 31.428571428571445]], [[175.4784272766649, 280.0], [455.4784272766649, 280.0], [455.4784272766649, 460.0], [175.4784272766649, 460.0], [175.4784272766649, 280.0]], [[408.57142857142856, 0.0], [688.5714285714286, 0.0], [548.5714285714286, 140.0], [408.57142857142856, 0.0]], [[180.0, 760.0], [0.0, 760.0], [180.0, 480.0], [180.0, 760.0]], [[180.0, 460.0], [460.0, 460.0], [460.0, 740.0], [180.0, 740.0], [180.0, 460.0]], [[240.0, 180.0], [40.0, 100.0], [40.0, 0.0], [240.0, 0.0], [240.0, 180.0]], [[0.0, 424.44444444444446], [100.0, 424.44444444444446], [100.0, 604.4444444444445], [0.0, 604.4444444444445], [0.0, 424.44444444444446]], [[688.5714285714286, 0.0], [688.5714285714286, 280.0], [408.57142857142856, 280.0], [688.5714285714286, 0.0]], [[460.0, 280.0], [660.0, 280.0], [660.0, 480.0], [460.0, 560.0], [460.0, 280.0]], [[160.0, 436.6666666666667], [0.0, 356.6666666666667], [160.0, 276.6666666666667], [160.0, 436.6666666666667]], [[0.0, 356.6666666666667], [0.0, 76.66666666666669], [240.0, 216.66666666666669], [0.0, 356.6666666666667]]]"
Wed Jul 22 21:10:49 2020,2,0,True,662.0332115494316,0.8609839960535578,"[0, 0, 0, 0, 3, 0, 2, 0, 1, 2, 3, 3]","[[[460.0, 560.0], [660.0, 560.0], [660.0, 760.0], [460.0, 760.0], [460.0, 560.0]], [[200.0, 17.9667884505684], [400.0, 17.9667884505684], [400.0, 217.9667884505684], [200.0, 217.9667884505684], [200.0, 17.9667884505684]], [[160.0, 286.6666666666667], [440.0, 286.6666666666667], [440.0, 466.6666666666667], [160.0, 466.6666666666667], [160.0, 286.6666666666667]], [[382.0332115494316, 0.0], [662.0332115494316, 0.0], [522.0332115494316, 140.0], [382.0332115494316, 0.0]], [[180.0, 760.0], [0.0, 760.0], [180.0, 480.0], [180.0, 760.0]], [[180.0, 480.0], [460.0, 480.0], [460.0, 760.0], [180.0, 760.0], [180.0, 480.0]], [[200.0, 180.0], [0.0, 100.0], [0.0, 0.0], [200.0, 0.0], [200.0, 180.0]], [[0.0, 430.0], [100.0, 430.0], [100.0, 610.0], [0.0, 610.0], [0.0, 430.0]], [[662.0332115494316, 0.0], [662.0332115494316, 280.0], [382.0332115494316, 280.0], [662.0332115494316, 0.0]], [[660.0, 560.0], [460.0, 560.0], [460.0, 360.0], [660.0, 280.0], [660.0, 560.0]], [[160.0, 460.0], [0.0, 380.0], [160.0, 300.0], [160.0, 460.0]], [[0.0, 380.0], [0.0, 100.0], [240.0, 240.0], [0.0, 380.0]]]"
Wed Jul 22 21:11:02 2020,2,1,True,668.6535436649259,0.8524594020332256,"[0, 0, 1, 1, 0, 0, 2, 1, 2, 0, 2, 2]","[[[0.0, 280.0], [200.0, 280.0], [200.0, 480.0], [0.0, 480.0], [0.0, 280.0]], [[180.0, 0.0], [380.0, 0.0], [380.0, 200.0], [180.0, 200.0], [180.0, 0.0]], [[380.0, 480.0], [380.0, 760.0], [200.0, 760.0], [200.0, 480.0], [380.0, 480.0]], [[665.5518830874544, 480.0], [665.5518830874544, 760.0], [525.5518830874544, 620.0], [665.5518830874544, 480.0]], [[0.0, 280.0], [0.0, 100.0], [280.0, 280.0], [0.0, 280.0]], [[380.0, 0.0], [660.0, 0.0], [660.0, 280.0], [380.0, 280.0], [380.0, 0.0]], [[633.3333333333334, 460.0], [433.33333333333337, 380.0], [433.33333333333337, 280.0], [633.3333333333334, 280.0], [633.3333333333334, 460.0]], [[180.0, 0.0], [180.0, 100.0], [0.0, 100.0], [0.0, 0.0], [180.0, 0.0]], [[660.0, 760.0], [380.0, 760.0], [380.0, 480.0], [660.0, 760.0]], [[0.0, 480.0], [200.0, 480.0], [200.0, 680.0], [0.0, 760.0], [0.0, 480.0]], [[605.5518830874544, 460.0], [525.5518830874544, 620.0], [445.55188308745437, 460.0], [605.5518830874544, 460.0]], [[480.0, 460.0], [200.0, 460.0], [340.0, 220.0], [480.0, 460.0]]]"
Wed Jul 22 21:11:19 2020,2,1,True,675.3400791015752,0.8440192099338867,"[0, 0, 0, 0, 3, 0, 0, 1, 0, 2, 3, 3]","[[[280.0, 538.2081355905148], [480.0, 538.2081355905148], [480.0, 738.2081355905148], [280.0, 738.2081355905148], [280.0, 538.2081355905148]], [[0.0, 180.0], [200.0, 180.0], [200.0, 380.0], [0.0, 380.0], [0.0, 180.0]], [[0.0, 0.0], [280.0, 0.0], [280.0, 180.0], [0.0, 180.0], [0.0, 0.0]], [[286.87585353834737, 192.89328745125385], [566.8758535383474, 192.89328745125385], [426.87585353834737, 332.89328745125385], [286.87585353834737, 192.89328745125385]], [[673.1394729074023, 760.0], [493.13947290740225, 760.0], [673.1394729074023, 480.0], [673.1394729074023, 760.0]], [[0.0, 480.0], [280.0, 480.0], [280.0, 760.0], [0.0, 760.0], [0.0, 480.0]], [[280.0, 12.893287451253855], [480.0, 92.89328745125385], [480.0, 192.89328745125385], [280.0, 192.89328745125385], [280.0, 12.893287451253855]], [[180.0, 380.0], [180.0, 480.0], [0.0, 480.0], [0.0, 380.0], [180.0, 380.0]], [[387.10671254874615, 0.0], [667.1067125487461, 0.0], [667.1067125487461, 280.0], [387.10671254874615, 0.0]], [[639.4744797235802, 532.3677671748341], [439.4744797235802, 532.3677671748341], [439.4744797235802, 332.36776717483406], [639.4744797235802, 252.36776717483406], [639.4744797235802, 532.3677671748341]], [[396.41627118102963, 538.2081355905148], [236.41627118102963, 458.20813559051476], [396.41627118102963, 378.20813559051476], [396.41627118102963, 538.2081355905148]], [[199.05878933619786, 480.0], [199.05878933619786, 200.0], [439.05878933619783, 340.0], [199.05878933619786, 480.0]]]"
Wed Jul 22 21:11:45 2020,2,1,True,682.093479892591,0.835662584092957,"[0, 0, 0, 0, 0, 0, 3, 0, 2, 3, 2, 0]","[[[280.0, 540.0], [480.0, 540.0], [480.0, 740.0], [280.0, 740.0], [280.0, 540.0]], [[480.0, 540.0], [680.0, 540.0], [680.0, 740.0], [480.0, 740.0], [480.0, 540.0]], [[0.0, 580.0], [280.0, 580.0], [280.0, 760.0], [0.0, 760.0], [0.0, 580.0]], [[133.9986338095207, 213.9986338095207], [413.9986338095207, 213.9986338095207], [273.9986338095207, 353.9986338095207], [133.9986338095207, 213.9986338095207]], [[143.00068309523965, 213.9986338095207], [143.00068309523965, 33.9986338095207], [423.00068309523965, 213.9986338095207], [143.00068309523965, 213.9986338095207]], [[367.9972676190414, 260.0], [647.9972676190414, 260.0], [647.9972676190414, 540.0], [367.9972676190414, 540.0], [367.9972676190414, 260.0]], [[502.09347989259095, 260.0], [582.093479892591, 60.0], [682.093479892591, 60.0], [682.093479892591, 260.0], [502.09347989259095, 260.0]], [[268.3264759375121, 360.0], [368.3264759375121, 360.0], [368.3264759375121, 540.0], [268.3264759375121, 540.0], [268.3264759375121, 360.0]], [[280.0, 360.0], [0.0, 360.0], [0.0, 80.0], [280.0, 360.0]], [[0.0, 569.1838101562198], [0.0, 369.1838101562198], [200.0, 369.1838101562198], [280.0, 569.1838101562198], [0.0, 569.1838101562198]], [[160.0, 0.0], [80.0, 160.0], [0.0, 0.0], [160.0, 0.0]], [[298.1681467063526, 0.0], [578.1681467063527, 0.0], [438.1681467063526, 240.0], [298.1681467063526, 0.0]]]"
Wed Jul 22 21:11:49 2020,2,0,True,654.8097406968873,0.8704818584301637,"[0, 0, 0, 0, 3, 0, 3, 0, 2, 3, 2, 0]","[[[200.0, 560.0], [400.0, 560.0], [400.0, 760.0], [200.0, 760.0], [200.0, 560.0]], [[0.0, 560.0], [200.0, 560.0], [200.0, 760.0], [0.0, 760.0], [0.0, 560.0]], [[205.07963676433502, 0.0], [485.079636764335, 0.0], [485.079636764335, 180.0], [205.07963676433502, 180.0], [205.07963676433502, 0.0]], [[100.0, 180.0], [380.0, 180.0], [240.0, 320.0], [100.0, 180.0]], [[654.8097406968873, 760.0], [474.8097406968873, 760.0], [654.8097406968873, 480.0], [654.8097406968873, 760.0]], [[365.81061896219535, 205.67474016861945], [645.8106189621953, 205.67474016861945], [645.8106189621953, 485.67474016861945], [365.81061896219535, 485.67474016861945], [365.81061896219535, 205.67474016861945]], [[474.8097406968873, 205.67474016861945], [554.8097406968873, 5.674740168619451], [654.8097406968873, 5.674740168619451], [654.8097406968873, 205.67474016861945], [474.8097406968873, 205.67474016861945]], [[108.40919422069555, 0.0], [208.40919422069555, 0.0], [208.40919422069555, 180.0], [108.40919422069555, 180.0], [108.40919422069555, 0.0]], [[280.0, 360.0], [0.0, 360.0], [0.0, 80.0], [280.0, 360.0]], [[0.0, 560.0], [0.0, 360.0], [200.0, 360.0], [280.0, 560.0], [0.0, 560.0]], [[360.0, 360.0], [280.0, 520.0], [200.0, 360.0], [360.0, 360.0]], [[356.64359843169467, 485.67474016861945], [636.6435984316947, 485.67474016861945], [496.64359843169467, 725.6747401686195], [356.64359843169467, 485.67474016861945]]]"
Wed Jul 22 21:13:18 2020,2,5,False,661.3578381038561,0.8618632261684789,"[0, 0, 0, 3, 1, 0, 1, 1, 0, 2, 3, 2]","[[[0.0, 180.0], [200.0, 180.0], [200.0, 380.0], [0.0, 380.0], [0.0, 180.0]], [[400.0, 104.54313524154247], [600.0, 104.54313524154247], [600.0, 304.5431352415425], [400.0, 304.5431352415425], [400.0, 104.54313524154247]], [[0.0, 0.0], [280.0, 0.0], [280.0, 180.0], [0.0, 180.0], [0.0, 0.0]], [[280.0, 280.0], [280.0, 0.0], [420.0, 140.0], [280.0, 280.0]], [[0.0, 380.0], [180.0, 380.0], [0.0, 660.0], [0.0, 380.0]], [[180.0, 380.0], [460.0, 380.0], [460.0, 660.0], [180.0, 660.0], [180.0, 380.0]], [[660.0, 560.0], [580.0, 760.0], [480.0, 760.0], [480.0, 560.0], [660.0, 560.0]], [[460.0, 660.0], [460.0, 760.0], [280.0, 760.0], [280.0, 660.0], [460.0, 660.0]], [[381.3578381038561, 0.0], [661.3578381038561, 0.0], [661.3578381038561, 280.0], [381.3578381038561, 0.0]], [[661.3578381038561, 560.0], [461.3578381038561, 560.0], [461.3578381038561, 360.0], [661.3578381038561, 280.0], [661.3578381038561, 560.0]], [[400.0, 380.0], [240.0, 300.0], [400.0, 220.0], [400.0, 380.0]], [[280.0, 760.0], [0.0, 760.0], [140.0, 520.0], [280.0, 760.0]]]"
Wed Jul 22 21:14:38 2020,2,5,True,667.9714164848947,0.8533299268994841,"[0, 0, 1, 1, 0, 0, 3, 0, 0, 3, 2, 2]","[[[187.8930888228055, 558.3632981124285], [387.8930888228055, 558.3632981124285], [387.8930888228055, 758.3632981124285], [187.8930888228055, 758.3632981124285], [187.8930888228055, 558.3632981124285]], [[180.0, 280.0], [380.0, 280.0], [380.0, 480.0], [180.0, 480.0], [180.0, 280.0]], [[180.0, 272.0285835151053], [180.0, 552.0285835151053], [0.0, 552.0285835151053], [0.0, 272.0285835151053], [180.0, 272.0285835151053]], [[667.9714164848947, 180.0], [667.9714164848947, 460.0], [527.9714164848947, 320.0], [667.9714164848947, 180.0]], [[0.0, 272.0285835151053], [0.0, 92.02858351510531], [280.0, 272.0285835151053], [0.0, 272.0285835151053]], [[287.9714164848947, 0.0], [567.9714164848947, 0.0], [567.9714164848947, 280.0], [287.9714164848947, 280.0], [287.9714164848947, 0.0]], [[7.89308882280551, 760.0], [87.89308882280551, 560.0], [187.8930888228055, 560.0], [187.8930888228055, 760.0], [7.89308882280551, 760.0]], [[567.9714164848947, 0.0], [667.9714164848947, 0.0], [667.9714164848947, 180.0], [567.9714164848947, 180.0], [567.9714164848947, 0.0]], [[7.971416484894689, 0.0], [287.9714164848947, 0.0], [287.9714164848947, 280.0], [7.971416484894689, 0.0]], [[387.9714164848947, 758.3632981124285], [387.9714164848947, 558.3632981124285], [587.9714164848947, 558.3632981124285], [667.9714164848947, 758.3632981124285], [387.9714164848947, 758.3632981124285]], [[540.0, 280.0], [460.0, 440.0], [380.0, 280.0], [540.0, 280.0]], [[667.0166737171446, 558.3632981124285], [387.0166737171446, 558.3632981124285], [527.0166737171446, 318.36329811242854], [667.0166737171446, 558.3632981124285]]]"
Wed Jul 22 21:15:06 2020,2,1,True,674.6511306497437,0.8448811157420634,"[0, 0, 1, 1, 3, 0, 1, 0, 2, 0, 2, 1]","[[[474.65113064974366, 548.2060122073992], [674.6511306497437, 548.2060122073992], [674.6511306497437, 748.2060122073992], [474.65113064974366, 748.2060122073992], [474.65113064974366, 548.2060122073992]], [[38.0293639235897, 280.0], [238.0293639235897, 280.0], [238.0293639235897, 480.0], [38.0293639235897, 480.0], [38.0293639235897, 280.0]], [[180.0, 480.0], [180.0, 760.0], [0.0, 760.0], [0.0, 480.0], [180.0, 480.0]], [[674.6511306497437, 188.20601220739923], [674.6511306497437, 468.2060122073992], [534.6511306497437, 328.2060122073992], [674.6511306497437, 188.20601220739923]], [[182.85714285714286, 280.0], [2.857142857142861, 280.0], [182.85714285714286, 0.0], [182.85714285714286, 280.0]], [[182.8571428571429, 0.0], [462.8571428571429, 0.0], [462.8571428571429, 280.0], [182.8571428571429, 280.0], [182.8571428571429, 0.0]], [[418.0293639235897, 280.0], [338.0293639235897, 480.0], [238.0293639235897, 480.0], [238.0293639235897, 280.0], [418.0293639235897, 280.0]], [[474.65113064974366, 368.2060122073992], [574.6511306497437, 368.2060122073992], [574.6511306497437, 548.2060122073992], [474.65113064974366, 548.2060122073992], [474.65113064974366, 368.2060122073992]], [[460.0, 760.0], [180.0, 760.0], [180.0, 480.0], [460.0, 760.0]], [[462.8571428571429, 0.0], [662.8571428571429, 0.0], [662.8571428571429, 200.0], [462.8571428571429, 280.0], [462.8571428571429, 0.0]], [[160.0, 0.0], [80.0, 160.0], [0.0, 0.0], [160.0, 0.0]], [[474.65113064974366, 400.30396940974356], [474.65113064974366, 680.3039694097436], [234.65113064974366, 540.3039694097436], [474.65113064974366, 400.30396940974356]]]"
Wed Jul 22 21:15:18 2020,2,1,True,681.3976419562412,0.8365159561802606,"[0, 0, 1, 1, 1, 0, 3, 0, 3, 2, 0, 0]","[[[472.5741392735649, 560.0], [672.5741392735649, 560.0], [672.5741392735649, 760.0], [472.5741392735649, 760.0], [472.5741392735649, 560.0]], [[200.0, 360.0], [400.0, 360.0], [400.0, 560.0], [200.0, 560.0], [200.0, 360.0]], [[460.0, 0.0], [460.0, 280.0], [280.0, 280.0], [280.0, 0.0], [460.0, 0.0]], [[472.5741392735649, 480.0], [472.5741392735649, 760.0], [332.5741392735649, 620.0], [472.5741392735649, 480.0]], [[460.0, 0.0], [640.0, 0.0], [460.0, 280.0], [460.0, 0.0]], [[0.0, 0.0], [280.0, 0.0], [280.0, 280.0], [0.0, 280.0], [0.0, 0.0]], [[501.39764195624116, 291.1592236236248], [581.3976419562412, 91.15922362362483], [681.3976419562412, 91.15922362362483], [681.3976419562412, 291.1592236236248], [501.39764195624116, 291.1592236236248]], [[200.0, 560.0], [300.0, 560.0], [300.0, 740.0], [200.0, 740.0], [200.0, 560.0]], [[0.0, 560.0], [0.0, 280.0], [280.0, 280.0], [0.0, 560.0]], [[200.0, 760.0], [0.0, 760.0], [0.0, 560.0], [200.0, 480.0], [200.0, 760.0]], [[498.92656683446046, 560.0], [578.9265668344605, 400.0], [658.9265668344605, 560.0], [498.92656683446046, 560.0]], [[362.4170197206794, 291.1592236236248], [642.4170197206794, 291.1592236236248], [502.4170197206794, 531.1592236236248], [362.4170197206794, 291.1592236236248]]]"
Wed Jul 22 21:15:38 2020,2,1,True,688.2116183758036,0.8282336199804561,"[0, 0, 0, 2, 3, 0, 2, 0, 1, 0, 3, 3]","[[[0.0, 0.0], [200.0, 0.0], [200.0, 200.0], [0.0, 200.0], [0.0, 0.0]], [[320.740282975441, 540.5109661783418], [520.740282975441, 540.5109661783418], [520.740282975441, 740.5109661783418], [320.740282975441, 740.5109661783418], [320.740282975441, 540.5109661783418]], [[200.0, 0.0], [480.0, 0.0], [480.0, 180.0], [200.0, 180.0], [200.0, 0.0]], [[679.4890338216582, 260.51096617834185], [399.48903382165815, 260.51096617834185], [539.4890338216582, 120.51096617834185], [679.4890338216582, 260.51096617834185]], [[688.2116183758036, 760.0], [508.2116183758036, 760.0], [688.2116183758036, 480.0], [688.2116183758036, 760.0]], [[368.5474310995929, 260.51096617834185], [648.5474310995929, 260.51096617834185], [648.5474310995929, 540.5109661783418], [368.5474310995929, 540.5109661783418], [368.5474310995929, 260.51096617834185]], [[688.2116183758036, 180.0], [488.2116183758036, 100.0], [488.2116183758036, 0.0], [688.2116183758036, 0.0], [688.2116183758036, 180.0]], [[0.0, 200.0], [100.0, 200.0], [100.0, 380.0], [0.0, 380.0], [0.0, 200.0]], [[320.740282975441, 480.0], [320.740282975441, 760.0], [40.740282975441005, 760.0], [320.740282975441, 480.0]], [[168.54743109959293, 200.0], [368.5474310995929, 200.0], [368.5474310995929, 400.0], [168.54743109959293, 480.0], [168.54743109959293, 200.0]], [[168.54743109959293, 505.72628445020354], [8.547431099592927, 425.72628445020354], [168.54743109959293, 345.72628445020354], [168.54743109959293, 505.72628445020354]], [[0.0, 700.740282975441], [0.0, 420.740282975441], [240.0, 560.740282975441], [0.0, 700.740282975441]]]"
Wed Jul 22 21:15:45 2020,2,0,True,660.6831536407715,0.8627433541463084,"[0, 0, 0, 1, 3, 0, 1, 1, 3, 0, 3, 3]","[[[460.6831536407715, 560.0], [660.6831536407715, 560.0], [660.6831536407715, 760.0], [460.6831536407715, 760.0], [460.6831536407715, 560.0]], [[260.6831536407715, 560.0], [460.6831536407715, 560.0], [460.6831536407715, 760.0], [260.6831536407715, 760.0], [260.6831536407715, 560.0]], [[180.0, 20.0], [460.0, 20.0], [460.0, 200.0], [180.0, 200.0], [180.0, 20.0]], [[380.0, 280.0], [380.0, 560.0], [240.0, 420.0], [380.0, 280.0]], [[260.6831536407715, 760.0], [80.68315364077148, 760.0], [260.6831536407715, 480.0], [260.6831536407715, 760.0]], [[380.0, 280.0], [660.0, 280.0], [660.0, 560.0], [380.0, 560.0], [380.0, 280.0]], [[180.0, 0.0], [100.0, 200.0], [0.0, 200.0], [0.0, 0.0], [180.0, 0.0]], [[180.0, 200.0], [180.0, 300.0], [0.0, 300.0], [0.0, 200.0], [180.0, 200.0]], [[180.0, 480.0], [180.0, 200.0], [460.0, 200.0], [180.0, 480.0]], [[460.6831536407715, 0.0], [660.6831536407715, 0.0], [660.6831536407715, 200.0], [460.6831536407715, 280.0], [460.6831536407715, 0.0]], [[168.5714285714286, 460.0], [8.571428571428612, 380.0], [168.5714285714286, 300.0], [168.5714285714286, 460.0]], [[0.0, 655.0], [0.0, 375.0], [240.0, 515.0], [0.0, 655.0]]]"
Wed Jul 22 21:16:12 2020,2,1,True,667.2899851771792,0.8542013407389192,"[0, 0, 1, 1, 1, 0, 0, 0, 1, 3, 2, 0]","[[[0.0, 360.0], [200.0, 360.0], [200.0, 560.0], [0.0, 560.0], [0.0, 360.0]], [[367.28998517717923, 560.0], [567.2899851771792, 560.0], [567.2899851771792, 760.0], [367.28998517717923, 760.0], [367.28998517717923, 560.0]], [[380.0, 260.0], [380.0, 540.0], [200.0, 540.0], [200.0, 260.0], [380.0, 260.0]], [[178.5714285714286, 80.0], [178.5714285714286, 360.0], [38.57142857142861, 220.0], [178.5714285714286, 80.0]], [[0.0, 0.0], [180.0, 0.0], [0.0, 280.0], [0.0, 0.0]], [[380.0, 280.0], [660.0, 280.0], [660.0, 560.0], [380.0, 560.0], [380.0, 280.0]], [[178.5714285714286, 76.48247439014176], [378.5714285714286, 156.48247439014176], [378.5714285714286, 256.48247439014176], [178.5714285714286, 256.48247439014176], [178.5714285714286, 76.48247439014176]], [[567.2899851771792, 560.0], [667.2899851771792, 560.0], [667.2899851771792, 740.0], [567.2899851771792, 740.0], [567.2899851771792, 560.0]], [[667.2899851771792, 0.0], [667.2899851771792, 280.0], [387.28998517717923, 280.0], [667.2899851771792, 0.0]], [[0.0, 760.0], [0.0, 560.0], [200.0, 560.0], [280.0, 760.0], [0.0, 760.0]], [[360.0, 540.0], [280.0, 700.0], [200.0, 540.0], [360.0, 540.0]], [[287.28998517717923, 0.0], [567.2899851771792, 0.0], [427.28998517717923, 240.0], [287.28998517717923, 0.0]]]"
Wed Jul 22 21:17:13 2020,2,3,True,673.9628850289511,0.8457439017217021,"[0, 0, 0, 0, 2, 0, 0, 0, 2, 0, 3, 3]","[[[180.0, 380.0], [380.0, 380.0], [380.0, 580.0], [180.0, 580.0], [180.0, 380.0]], [[0.0, 180.0], [200.0, 180.0], [200.0, 380.0], [0.0, 380.0], [0.0, 180.0]], [[380.0, 560.0], [660.0, 560.0], [660.0, 740.0], [380.0, 740.0], [380.0, 560.0]], [[151.6564635088606, 0.0], [431.6564635088606, 0.0], [291.6564635088606, 140.0], [151.6564635088606, 0.0]], [[380.0, 580.0], [380.0, 760.0], [100.0, 580.0], [380.0, 580.0]], [[380.0, 280.0], [660.0, 280.0], [660.0, 560.0], [380.0, 560.0], [380.0, 280.0]], [[0.0, 0.0], [200.0, 80.0], [200.0, 180.0], [0.0, 180.0], [0.0, 0.0]], [[80.0, 380.0], [180.0, 380.0], [180.0, 560.0], [80.0, 560.0], [80.0, 380.0]], [[280.0, 760.0], [0.0, 760.0], [0.0, 480.0], [280.0, 760.0]], [[451.65646350886055, 0.0], [651.6564635088605, 0.0], [651.6564635088605, 200.0], [451.65646350886055, 280.0], [451.65646350886055, 0.0]], [[451.65646350886055, 220.00000000000003], [291.65646350886055, 140.00000000000003], [451.65646350886055, 60.00000000000003], [451.65646350886055, 220.00000000000003]], [[200.0, 366.5337296198313], [200.0, 86.53372961983132], [440.0, 226.53372961983132], [200.0, 366.5337296198313]]]"
Wed Jul 22 21:17:26 2020,2,1,True,680.7025138792405,0.8373701997244575,"[0, 0, 0, 0, 3, 0, 0, 0, 2, 3, 0, 0]","[[[0.0, 560.0], [200.0, 560.0], [200.0, 760.0], [0.0, 760.0], [0.0, 560.0]], [[0.0, 180.0], [200.0, 180.0], [200.0, 380.0], [0.0, 380.0], [0.0, 180.0]], [[363.33333333333337, 20.0], [643.3333333333334, 20.0], [643.3333333333334, 200.0], [363.33333333333337, 200.0], [363.33333333333337, 20.0]], [[400.0, 480.0], [680.0, 480.0], [540.0, 620.0], [400.0, 480.0]], [[680.0, 760.0], [500.0, 760.0], [680.0, 480.0], [680.0, 760.0]], [[400.0, 200.0], [680.0, 200.0], [680.0, 480.0], [400.0, 480.0], [400.0, 200.0]], [[0.0, 380.0], [200.0, 460.0], [200.0, 560.0], [0.0, 560.0], [0.0, 380.0]], [[300.0, 200.0], [400.0, 200.0], [400.0, 380.0], [300.0, 380.0], [300.0, 200.0]], [[480.0, 560.0], [200.0, 560.0], [200.0, 280.0], [480.0, 560.0]], [[200.0, 760.0], [200.0, 560.0], [400.0, 560.0], [480.0, 760.0], [200.0, 760.0]], [[0.0, 180.0], [80.0, 20.0], [160.0, 180.0], [0.0, 180.0]], [[95.0, 0.0], [375.0, 0.0], [235.0, 240.0], [95.0, 0.0]]]"
Wed Jul 22 21:17:34 2020,2,1,True,687.5095390180329,0.8290794056677798,"[0, 0, 0, 0, 3, 0, 1, 0, 1, 3, 0, 0]","[[[0.0, 560.0], [200.0, 560.0], [200.0, 760.0], [0.0, 760.0], [0.0, 560.0]], [[0.0, 160.0], [200.0, 160.0], [200.0, 360.0], [0.0, 360.0], [0.0, 160.0]], [[380.0, 0.0], [660.0, 0.0], [660.0, 180.0], [380.0, 180.0], [380.0, 0.0]], [[80.0, 0.0], [360.0, 0.0], [220.0, 140.0], [80.0, 0.0]], [[653.0461165777799, 742.6152914444497], [473.0461165777799, 742.6152914444497], [653.0461165777799, 462.61529144444967], [653.0461165777799, 742.6152914444497]], [[373.47441332407084, 182.18699469815886], [653.4744133240708, 182.18699469815886], [653.4744133240708, 462.18699469815886], [373.47441332407084, 462.18699469815886], [373.47441332407084, 182.18699469815886]], [[380.0, 140.0], [300.0, 340.0], [200.0, 340.0], [200.0, 140.0], [380.0, 140.0]], [[0.0, 360.0], [100.0, 360.0], [100.0, 540.0], [0.0, 540.0], [0.0, 360.0]], [[360.0, 280.0], [360.0, 560.0], [80.0, 560.0], [360.0, 280.0]], [[200.0, 760.0], [200.0, 560.0], [400.0, 560.0], [480.0, 760.0], [200.0, 760.0]], [[0.0, 160.0], [80.0, 0.0], [160.0, 160.0], [0.0, 160.0]], [[360.0, 460.68702834321857], [640.0, 460.68702834321857], [500.0, 700.6870283432186], [360.0, 460.68702834321857]]]"
Wed Jul 22 21:17:34 2020,2,0,True,660.0091574573115,0.8636243809039374,"[0, 0, 0, 0, 3, 0, 1, 0, 1, 3, 0, 0]","[[[0.0, 560.0], [200.0, 560.0], [200.0, 760.0], [0.0, 760.0], [0.0, 560.0]], [[0.0, 160.0], [200.0, 160.0], [200.0, 360.0], [0.0, 360.0], [0.0, 160.0]], [[380.0, 0.0], [660.0, 0.0], [660.0, 180.0], [380.0, 180.0], [380.0, 0.0]], [[80.0, 0.0], [360.0, 0.0], [220.0, 140.0], [80.0, 0.0]], [[653.0461165777799, 742.6152914444497], [473.0461165777799, 742.6152914444497], [653.0461165777799, 462.61529144444967], [653.0461165777799, 742.6152914444497]], [[363.7251886627125, 180.68702834321857], [643.7251886627125, 180.68702834321857], [643.7251886627125, 460.68702834321857], [363.7251886627125, 460.68702834321857], [363.7251886627125, 180.68702834321857]], [[380.0, 140.0], [300.0, 340.0], [200.0, 340.0], [200.0, 140.0], [380.0, 140.0]], [[0.0, 360.0], [100.0, 360.0], [100.0, 540.0], [0.0, 540.0], [0.0, 360.0]], [[360.0, 280.0], [360.0, 560.0], [80.0, 560.0], [360.0, 280.0]], [[200.0, 760.0], [200.0, 560.0], [400.0, 560.0], [480.0, 760.0], [200.0, 760.0]], [[0.0, 160.0], [80.0, 0.0], [160.0, 160.0], [0.0, 160.0]], [[360.0, 460.68702834321857], [640.0, 460.68702834321857], [500.0, 700.6870283432186], [360.0, 460.68702834321857]]]"
Wed Jul 22 21:17:59 2020,2,1,True,666.6092490318846,0.8550736444593441,"[0, 0, 1, 1, 1, 0, 1, 0, 3, 1, 0, 1]","[[[466.6092490318846, 560.0], [666.6092490318846, 560.0], [666.6092490318846, 760.0], [466.6092490318846, 760.0], [466.6092490318846, 560.0]], [[0.0, 10.03691133664563], [200.0, 10.03691133664563], [200.0, 210.03691133664563], [0.0, 210.03691133664563], [0.0, 10.03691133664563]], [[666.6092490318846, 0.0], [666.6092490318846, 280.0], [486.6092490318846, 280.0], [486.6092490318846, 0.0], [666.6092490318846, 0.0]], [[486.6092490318846, 0.0], [486.6092490318846, 280.0], [346.6092490318846, 140.0], [486.6092490318846, 0.0]], [[0.0, 210.03691133664563], [180.0, 210.03691133664563], [0.0, 490.03691133664563], [0.0, 210.03691133664563]], [[286.6092490318846, 280.0], [566.6092490318846, 280.0], [566.6092490318846, 560.0], [286.6092490318846, 560.0], [286.6092490318846, 280.0]], [[180.0, 495.3449064628925], [100.0, 695.3449064628925], [0.0, 695.3449064628925], [0.0, 495.3449064628925], [180.0, 495.3449064628925]], [[566.6092490318846, 280.0], [666.6092490318846, 280.0], [666.6092490318846, 460.0], [566.6092490318846, 460.0], [566.6092490318846, 280.0]], [[200.0, 280.0], [200.0, 0.0], [480.0, 0.0], [200.0, 280.0]], [[432.0147645346582, 560.0], [432.0147645346582, 760.0], [232.01476453465818, 760.0], [152.01476453465818, 560.0], [432.0147645346582, 560.0]], [[70.0, 760.0], [150.0, 600.0], [230.0, 760.0], [70.0, 760.0]], [[286.6092490318846, 277.53363506482515], [286.6092490318846, 557.5336350648251], [46.60924903188459, 417.53363506482515], [286.6092490318846, 277.53363506482515]]]"
Wed Jul 22 21:18:12 2020,2,1,True,673.2753415222035,0.8466075687716277,"[0, 0, 1, 1, 2, 0, 0, 0, 0, 2, 0, 3]","[[[473.27534152220346, 80.0], [673.2753415222035, 80.0], [673.2753415222035, 280.0], [473.27534152220346, 280.0], [473.27534152220346, 80.0]], [[251.42857142857144, 560.0], [451.42857142857144, 560.0], [451.42857142857144, 760.0], [251.42857142857144, 760.0], [251.42857142857144, 560.0]], [[473.27534152220346, 0.0], [473.27534152220346, 280.0], [293.27534152220346, 280.0], [293.27534152220346, 0.0], [473.27534152220346, 0.0]], [[672.0441614597821, 461.23118006242134], [672.0441614597821, 741.2311800624213], [532.0441614597821, 601.2311800624213], [672.0441614597821, 461.23118006242134]], [[280.0, 0.0], [280.0, 180.0], [0.0, 0.0], [280.0, 0.0]], [[293.27534152220346, 280.0], [573.2753415222035, 280.0], [573.2753415222035, 560.0], [293.27534152220346, 560.0], [293.27534152220346, 280.0]], [[0.0, 48.571428571428584], [200.0, 128.57142857142858], [200.0, 228.57142857142858], [0.0, 228.57142857142858], [0.0, 48.571428571428584]], [[573.2753415222035, 280.0], [673.2753415222035, 280.0], [673.2753415222035, 460.0], [573.2753415222035, 460.0], [573.2753415222035, 280.0]], [[13.275341522203462, 228.57142857142856], [293.27534152220346, 228.57142857142856], [293.27534152220346, 508.57142857142856], [13.275341522203462, 228.57142857142856]], [[251.42857142857144, 760.0], [51.428571428571445, 760.0], [51.428571428571445, 560.0], [251.42857142857144, 480.0], [251.42857142857144, 760.0]], [[451.42857142857144, 760.0], [531.4285714285714, 600.0], [611.4285714285714, 760.0], [451.42857142857144, 760.0]], [[0.0, 590.0], [0.0, 310.0], [240.0, 450.0], [0.0, 590.0]]]"
Wed Jul 22 21:18:36 2020,2,1,True,680.0080949374255,0.8382253156154729,"[0, 0, 1, 0, 1, 0, 2, 1, 1, 3, 3, 3]","[[[466.34432786131526, 560.0], [666.3443278613153, 560.0], [666.3443278613153, 760.0], [466.34432786131526, 760.0], [466.34432786131526, 560.0]], [[26.344327861315264, 332.67560657663876], [226.34432786131526, 332.67560657663876], [226.34432786131526, 532.6756065766388], [26.344327861315264, 532.6756065766388], [26.344327861315264, 332.67560657663876]], [[660.6295211176323, 280.0], [660.6295211176323, 560.0], [480.6295211176323, 560.0], [480.6295211176323, 280.0], [660.6295211176323, 280.0]], [[86.34432786131526, 0.0], [366.34432786131526, 0.0], [226.34432786131526, 140.0], [86.34432786131526, 0.0]], [[0.0, 93.65567213868474], [180.0, 93.65567213868474], [0.0, 373.65567213868474], [0.0, 93.65567213868474]], [[366.34432786131526, 0.0], [646.3443278613153, 0.0], [646.3443278613153, 280.0], [366.34432786131526, 280.0], [366.34432786131526, 0.0]], [[480.62952111763224, 460.0], [280.62952111763224, 380.0], [280.62952111763224, 280.0], [480.62952111763224, 280.0], [480.62952111763224, 460.0]], [[460.0, 660.0], [460.0, 760.0], [280.0, 760.0], [280.0, 660.0], [460.0, 660.0]], [[366.34432786131526, 0.0], [366.34432786131526, 280.0], [86.34432786131526, 280.0], [366.34432786131526, 0.0]], [[0.0, 760.0], [0.0, 560.0], [200.0, 560.0], [280.0, 760.0], [0.0, 760.0]], [[466.34432786131526, 663.1721639306577], [306.34432786131526, 583.1721639306577], [466.34432786131526, 503.1721639306577], [466.34432786131526, 663.1721639306577]], [[227.63449357289457, 629.0862339322364], [227.63449357289457, 349.0862339322364], [467.6344935728946, 489.0862339322364], [227.63449357289457, 629.0862339322364]]]"
Wed Jul 22 21:18:43 2020,2,1,True,686.8081758867997,0.8299260550648248,"[0, 0, 1, 0, 2, 0, 0, 0, 1, 3, 2, 3]","[[[452.8077711399285, 560.0], [652.8077711399285, 560.0], [652.8077711399285, 760.0], [452.8077711399285, 760.0], [452.8077711399285, 560.0]], [[30.015026174804404, 359.9999999999999], [230.0150261748044, 359.9999999999999], [230.0150261748044, 559.9999999999999], [30.015026174804404, 559.9999999999999], [30.015026174804404, 359.9999999999999]], [[652.8077711399285, 280.0], [652.8077711399285, 560.0], [472.8077711399285, 560.0], [472.8077711399285, 280.0], [652.8077711399285, 280.0]], [[117.12310845597142, 0.0], [397.1231084559714, 0.0], [257.1231084559714, 140.0], [117.12310845597142, 0.0]], [[409.9506282827856, 280.0], [409.9506282827856, 460.0], [129.9506282827856, 280.0], [409.9506282827856, 280.0]], [[397.1231084559714, 0.0], [677.1231084559714, 0.0], [677.1231084559714, 280.0], [397.1231084559714, 280.0], [397.1231084559714, 0.0]], [[0.0, 2.876891544028581], [200.0, 82.87689154402858], [200.0, 182.87689154402858], [0.0, 182.87689154402858], [0.0, 2.876891544028581]], [[324.36513835253754, 580.0], [424.36513835253754, 580.0], [424.36513835253754, 760.0], [324.36513835253754, 760.0], [324.36513835253754, 580.0]], [[397.1231084559714, 0.0], [397.1231084559714, 280.0], [117.12310845597142, 280.0], [397.1231084559714, 0.0]], [[0.0, 759.9999999999999], [0.0, 559.9999999999999], [200.0, 559.9999999999999], [280.0, 759.9999999999999], [0.0, 759.9999999999999]], [[160.0, 182.87689154402858], [80.0, 342.8768915440286], [0.0, 182.87689154402858], [160.0, 182.87689154402858]], [[230.0150261748044, 635.0375654370109], [230.0150261748044, 355.0375654370109], [470.0150261748044, 495.0375654370109], [230.0150261748044, 635.0375654370109]]]"
Wed Jul 22 21:18:54 2020,2,1,True,693.6762576456678,0.8217089654107175,"[0, 0, 0, 0, 2, 0, 0, 1, 2, 3, 1, 1]","[[[0.0, 359.9999999999999], [200.0, 359.9999999999999], [200.0, 559.9999999999999], [0.0, 559.9999999999999], [0.0, 359.9999999999999]], [[439.50034154761977, 426.32374235433224], [639.5003415476198, 426.32374235433224], [639.5003415476198, 626.3237423543322], [439.50034154761977, 626.3237423543322], [439.50034154761977, 426.32374235433224]], [[0.0, 179.9999999999999], [280.0, 179.9999999999999], [280.0, 359.9999999999999], [0.0, 359.9999999999999], [0.0, 179.9999999999999]], [[413.67625764566776, 279.70853256944474], [693.6762576456678, 279.70853256944474], [553.6762576456678, 419.70853256944474], [413.67625764566776, 279.70853256944474]], [[355.55555555555554, 0.0], [355.55555555555554, 180.0], [75.55555555555554, 0.0], [355.55555555555554, 0.0]], [[413.67625764566776, 0.0], [693.6762576456678, 0.0], [693.6762576456678, 280.0], [413.67625764566776, 280.0], [413.67625764566776, 0.0]], [[0.0, 0.0], [200.0, 80.0], [200.0, 180.0], [0.0, 180.0], [0.0, 0.0]], [[620.0, 659.9999999999999], [620.0, 759.9999999999999], [440.0, 759.9999999999999], [440.0, 659.9999999999999], [620.0, 659.9999999999999]], [[560.0, 426.32374235433224], [280.0, 426.32374235433224], [280.0, 146.32374235433224], [560.0, 426.32374235433224]], [[0.0, 759.9999999999999], [0.0, 559.9999999999999], [200.0, 559.9999999999999], [280.0, 759.9999999999999], [0.0, 759.9999999999999]], [[199.77845180112988, 386.2129682548972], [359.7784518011299, 466.2129682548972], [199.77845180112988, 546.2129682548972], [199.77845180112988, 386.2129682548972]], [[439.50034154761977, 426.32374235433224], [439.50034154761977, 706.3237423543322], [199.50034154761977, 566.3237423543322], [439.50034154761977, 426.32374235433224]]]"
Wed Jul 22 21:18:56 2020,2,0,True,665.929207339841,0.8559468389694974,"[0, 0, 0, 0, 2, 0, 0, 1, 2, 3, 1, 1]","[[[0.0, 359.9999999999999], [200.0, 359.9999999999999], [200.0, 559.9999999999999], [0.0, 559.9999999999999], [0.0, 359.9999999999999]], [[453.5117300918415, 453.7793252296037], [653.5117300918415, 453.7793252296037], [653.5117300918415, 653.7793252296037], [453.5117300918415, 653.7793252296037], [453.5117300918415, 453.7793252296037]], [[0.0, 179.9999999999999], [280.0, 179.9999999999999], [280.0, 359.9999999999999], [0.0, 359.9999999999999], [0.0, 179.9999999999999]], [[385.929207339841, 280.0], [665.929207339841, 280.0], [525.929207339841, 420.0], [385.929207339841, 280.0]], [[355.55555555555554, 0.0], [355.55555555555554, 180.0], [75.55555555555554, 0.0], [355.55555555555554, 0.0]], [[385.929207339841, 0.0], [665.929207339841, 0.0], [665.929207339841, 280.0], [385.929207339841, 280.0], [385.929207339841, 0.0]], [[0.0, 0.0], [200.0, 80.0], [200.0, 180.0], [0.0, 180.0], [0.0, 0.0]], [[633.5117300918415, 653.7793252296037], [633.5117300918415, 753.7793252296037], [453.5117300918415, 753.7793252296037], [453.5117300918415, 653.7793252296037], [633.5117300918415, 653.7793252296037]], [[560.0, 453.7793252296037], [280.0, 453.7793252296037], [280.0, 173.77932522960373], [560.0, 453.7793252296037]], [[0.0, 759.9999999999999], [0.0, 559.9999999999999], [200.0, 559.9999999999999], [280.0, 759.9999999999999], [0.0, 759.9999999999999]], [[206.88966261480192, 417.22415653700466], [366.8896626148019, 497.22415653700466], [206.88966261480192, 577.2241565370047], [206.88966261480192, 417.22415653700466]], [[453.5117300918415, 453.7793252296037], [453.5117300918415, 733.7793252296037], [213.5117300918415, 593.7793252296037], [453.5117300918415, 453.7793252296037]]]"
Wed Jul 22 21:20:00 2020,2,5,True,672.5884994132394,0.8474721177915816,"[0, 0, 1, 3, 2, 0, 3, 0, 1, 3, 0, 0]","[[[462.4470913885352, 560.0], [662.4470913885352, 560.0], [662.4470913885352, 760.0], [462.4470913885352, 760.0], [462.4470913885352, 560.0]], [[472.58849941323945, 0.0], [672.5884994132394, 0.0], [672.5884994132394, 200.0], [472.58849941323945, 200.0], [472.58849941323945, 0.0]], [[180.0, 240.0], [180.0, 520.0], [0.0, 520.0], [0.0, 240.0], [180.0, 240.0]], [[460.0, 467.41150058676055], [460.0, 187.41150058676055], [600.0, 327.41150058676055], [460.0, 467.41150058676055]], [[472.58849941323945, 0.0], [472.58849941323945, 180.0], [192.58849941323945, 0.0], [472.58849941323945, 0.0]], [[180.0, 204.76453609148894], [460.0, 204.76453609148894], [460.0, 484.76453609148894], [180.0, 484.76453609148894], [180.0, 204.76453609148894]], [[280.0, 760.0], [360.0, 560.0], [460.0, 560.0], [460.0, 760.0], [280.0, 760.0]], [[0.0, 520.0], [100.0, 520.0], [100.0, 700.0], [0.0, 700.0], [0.0, 520.0]], [[672.5884994132394, 280.0], [672.5884994132394, 560.0], [392.58849941323945, 560.0], [672.5884994132394, 280.0]], [[0.0, 204.7645360914889], [0.0, 4.764536091488907], [200.0, 4.764536091488907], [280.0, 204.7645360914889], [0.0, 204.7645360914889]], [[70.0, 760.0], [150.0, 600.0], [230.0, 760.0], [70.0, 760.0]], [[103.33333333333331, 520.0], [383.3333333333333, 520.0], [243.33333333333331, 760.0], [103.33333333333331, 520.0]]]"
Wed Jul 22 21:20:12 2020,2,1,True,679.3143844073719,0.8390813047441402,"[0, 0, 1, 3, 3, 0, 3, 1, 0, 3, 3, 3]","[[[0.0, 560.0], [200.0, 560.0], [200.0, 760.0], [0.0, 760.0], [0.0, 560.0]], [[265.68495943670985, 66.37057502933794], [465.68495943670985, 66.37057502933794], [465.68495943670985, 266.37057502933794], [265.68495943670985, 266.37057502933794], [265.68495943670985, 66.37057502933794]], [[660.0, 480.0], [660.0, 760.0], [480.0, 760.0], [480.0, 480.0], [660.0, 480.0]], [[480.0, 360.6856155926281], [480.0, 80.6856155926281], [620.0, 220.6856155926281], [480.0, 360.6856155926281]], [[200.0, 460.0], [20.0, 460.0], [200.0, 180.0], [200.0, 460.0]], [[200.0, 266.37057502933794], [480.0, 266.37057502933794], [480.0, 546.3705750293379], [200.0, 546.3705750293379], [200.0, 266.37057502933794]], [[480.6856155926281, 480.0], [560.6856155926281, 280.0], [660.6856155926281, 280.0], [660.6856155926281, 480.0], [480.6856155926281, 480.0]], [[180.0, 460.0], [180.0, 560.0], [0.0, 560.0], [0.0, 460.0], [180.0, 460.0]], [[399.3143844073719, 0.0], [679.3143844073719, 0.0], [679.3143844073719, 280.0], [399.3143844073719, 0.0]], [[200.0, 760.0], [200.0, 560.0], [400.0, 560.0], [480.0, 760.0], [200.0, 760.0]], [[265.68495943670985, 160.0], [105.68495943670985, 80.0], [265.68495943670985, 0.0], [265.68495943670985, 160.0]], [[0.0, 296.6666666666667], [0.0, 16.666666666666686], [240.0, 156.66666666666669], [0.0, 296.6666666666667]]]"
Wed Jul 22 21:20:21 2020,2,1,True,686.1075282514456,0.8307735690536041,"[0, 0, 1, 2, 3, 0, 1, 1, 0, 1, 2, 2]","[[[459.83278230305575, 360.0], [659.8327823030558, 360.0], [659.8327823030558, 560.0], [459.83278230305575, 560.0], [459.83278230305575, 360.0]], [[480.0, 560.0], [680.0, 560.0], [680.0, 760.0], [480.0, 760.0], [480.0, 560.0]], [[372.14180903107706, 0.0], [372.14180903107706, 280.0], [192.14180903107706, 280.0], [192.14180903107706, 0.0], [372.14180903107706, 0.0]], [[652.1418090310771, 279.9701832651225], [372.14180903107706, 279.9701832651225], [512.1418090310771, 139.9701832651225], [652.1418090310771, 279.9701832651225]], [[180.0, 460.0], [0.0, 460.0], [180.0, 180.0], [180.0, 460.0]], [[180.0, 280.0], [460.0, 280.0], [460.0, 560.0], [180.0, 560.0], [180.0, 280.0]], [[180.0, 104.44444444444446], [100.0, 304.44444444444446], [0.0, 304.44444444444446], [0.0, 104.44444444444446], [180.0, 104.44444444444446]], [[180.0, 4.444444444444457], [180.0, 104.44444444444446], [0.0, 104.44444444444446], [0.0, 4.444444444444457], [180.0, 4.444444444444457]], [[372.14180903107706, 0.0], [652.1418090310771, 0.0], [652.1418090310771, 280.0], [372.14180903107706, 0.0]], [[480.0, 560.0], [480.0, 760.0], [280.0, 760.0], [200.0, 560.0], [480.0, 560.0]], [[160.0, 460.0], [80.0, 620.0], [0.0, 460.0], [160.0, 460.0]], [[280.0, 760.0], [0.0, 760.0], [140.0, 520.0], [280.0, 760.0]]]"
Wed Jul 22 21:20:27 2020,2,0,True,658.6632271213878,0.8653891344308376,"[0, 0, 1, 3, 3, 0, 1, 1, 0, 3, 2, 2]","[[[458.66322712138776, 360.0], [658.6632271213878, 360.0], [658.6632271213878, 560.0], [458.66322712138776, 560.0], [458.66322712138776, 360.0]], [[458.66322712138776, 560.0], [658.6632271213878, 560.0], [658.6632271213878, 760.0], [458.66322712138776, 760.0], [458.66322712138776, 560.0]], [[458.66322712138776, 480.0], [458.66322712138776, 760.0], [278.66322712138776, 760.0], [278.66322712138776, 480.0], [458.66322712138776, 480.0]], [[458.66322712138776, 360.0], [458.66322712138776, 80.0], [598.6632271213878, 220.0], [458.66322712138776, 360.0]], [[180.0, 460.0], [0.0, 460.0], [180.0, 180.0], [180.0, 460.0]], [[178.66322712138776, 201.33677287861224], [458.66322712138776, 201.33677287861224], [458.66322712138776, 481.33677287861224], [178.66322712138776, 481.33677287861224], [178.66322712138776, 201.33677287861224]], [[180.0, 104.44444444444446], [100.0, 304.44444444444446], [0.0, 304.44444444444446], [0.0, 104.44444444444446], [180.0, 104.44444444444446]], [[180.0, 4.444444444444457], [180.0, 104.44444444444446], [0.0, 104.44444444444446], [0.0, 4.444444444444457], [180.0, 4.444444444444457]], [[378.66322712138776, 0.0], [658.6632271213878, 0.0], [658.6632271213878, 280.0], [378.66322712138776, 0.0]], [[180.0, 201.33677287861224], [180.0, 1.336772878612237], [380.0, 1.336772878612237], [460.0, 201.33677287861224], [180.0, 201.33677287861224]], [[160.0, 460.0], [80.0, 620.0], [0.0, 460.0], [160.0, 460.0]], [[280.0, 760.0], [0.0, 760.0], [140.0, 520.0], [280.0, 760.0]]]"
Wed Jul 22 21:20:41 2020,2,1,True,665.2498593926016,0.8568209251790472,"[0, 0, 1, 0, 0, 0, 2, 1, 1, 0, 0, 3]","[[[200.0, 291.08347394073166], [400.0, 291.08347394073166], [400.0, 491.08347394073166], [200.0, 491.08347394073166], [200.0, 291.08347394073166]], [[465.2498593926016, 280.0], [665.2498593926016, 280.0], [665.2498593926016, 480.0], [465.2498593926016, 480.0], [465.2498593926016, 280.0]], [[665.2498593926016, 480.0], [665.2498593926016, 760.0], [485.2498593926016, 760.0], [485.2498593926016, 480.0], [665.2498593926016, 480.0]], [[72.0, 0.0], [352.0, 0.0], [212.0, 140.0], [72.0, 0.0]], [[0.0, 760.0], [0.0, 580.0], [280.0, 760.0], [0.0, 760.0]], [[385.2498593926016, 0.0], [665.2498593926016, 0.0], [665.2498593926016, 280.0], [385.2498593926016, 280.0], [385.2498593926016, 0.0]], [[485.2498593926016, 671.0834739407317], [285.2498593926016, 591.0834739407317], [285.2498593926016, 491.08347394073166], [485.2498593926016, 491.08347394073166], [485.2498593926016, 671.0834739407317]], [[457.5411745407723, 660.0], [457.5411745407723, 760.0], [277.5411745407723, 760.0], [277.5411745407723, 660.0], [457.5411745407723, 660.0]], [[385.2498593926016, 11.083473940731665], [385.2498593926016, 291.08347394073166], [105.24985939260159, 291.08347394073166], [385.2498593926016, 11.083473940731665]], [[0.0, 296.33333333333326], [200.0, 296.33333333333326], [200.0, 496.33333333333326], [0.0, 576.3333333333333], [0.0, 296.33333333333326]], [[119.22374429223736, 656.6438356164383], [199.22374429223737, 496.6438356164383], [279.22374429223737, 656.6438356164383], [119.22374429223736, 656.6438356164383]], [[0.0, 296.33333333333326], [0.0, 16.333333333333258], [240.0, 156.33333333333326], [0.0, 296.33333333333326]]]"
Wed Jul 22 21:21:03 2020,2,1,True,671.9023579865276,0.8483375496822251,"[0, 0, 1, 2, 2, 0, 3, 0, 2, 0, 2, 3]","[[[291.9023579865276, 284.0488210067362], [491.9023579865276, 284.0488210067362], [491.9023579865276, 484.0488210067362], [291.9023579865276, 484.0488210067362], [291.9023579865276, 284.0488210067362]], [[7.853536979791329, 560.0], [207.85353697979133, 560.0], [207.85353697979133, 760.0], [7.853536979791329, 760.0], [7.853536979791329, 560.0]], [[671.9023579865276, 480.0], [671.9023579865276, 760.0], [491.9023579865276, 760.0], [491.9023579865276, 480.0], [671.9023579865276, 480.0]], [[395.9511789932638, 284.0488210067362], [115.9511789932638, 284.0488210067362], [255.9511789932638, 144.0488210067362], [395.9511789932638, 284.0488210067362]], [[291.9023579865276, 284.0488210067362], [291.9023579865276, 464.0488210067362], [11.90235798652759, 284.0488210067362], [291.9023579865276, 284.0488210067362]], [[391.9023579865276, 0.0], [671.9023579865276, 0.0], [671.9023579865276, 280.0], [391.9023579865276, 280.0], [391.9023579865276, 0.0]], [[491.9023579865276, 480.0], [571.9023579865276, 280.0], [671.9023579865276, 280.0], [671.9023579865276, 480.0], [491.9023579865276, 480.0]], [[391.9023579865276, 484.04882100673626], [491.9023579865276, 484.04882100673626], [491.9023579865276, 664.0488210067363], [391.9023579865276, 664.0488210067363], [391.9023579865276, 484.04882100673626]], [[487.85353697979133, 760.0], [207.85353697979133, 760.0], [207.85353697979133, 480.0], [487.85353697979133, 760.0]], [[0.0, 0.0], [200.0, 0.0], [200.0, 200.0], [0.0, 280.0], [0.0, 0.0]], [[360.0, 0.0], [280.0, 160.0], [200.0, 0.0], [360.0, 0.0]], [[0.0, 564.5812299048782], [0.0, 284.5812299048782], [240.0, 424.5812299048782], [0.0, 564.5812299048782]]]"
Wed Jul 22 21:21:20 2020,2,1,True,678.6213815663929,0.839938168002203,"[0, 0, 1, 2, 3, 0, 1, 0, 2, 2, 2, 0]","[[[0.0, 279.9999999999999], [200.0, 279.9999999999999], [200.0, 479.9999999999999], [0.0, 479.9999999999999], [0.0, 279.9999999999999]], [[280.0, 0.0], [480.0, 0.0], [480.0, 200.0], [280.0, 200.0], [280.0, 0.0]], [[580.0, 200.0], [580.0, 480.0], [400.0, 480.0], [400.0, 200.0], [580.0, 200.0]], [[552.0, 751.9999999999999], [272.0, 751.9999999999999], [412.0, 611.9999999999999], [552.0, 751.9999999999999]], [[678.6213815663929, 698.6213815663928], [498.62138156639287, 698.6213815663928], [678.6213815663929, 418.62138156639276], [678.6213815663929, 698.6213815663928]], [[0.0, 0.0], [280.0, 0.0], [280.0, 280.0], [0.0, 280.0], [0.0, 0.0]], [[660.0, 0.0], [580.0, 200.0], [480.0, 200.0], [480.0, 0.0], [660.0, 0.0]], [[578.6213815663929, 200.0], [678.6213815663929, 200.0], [678.6213815663929, 380.0], [578.6213815663929, 380.0], [578.6213815663929, 200.0]], [[280.0, 759.9999999999999], [0.0, 759.9999999999999], [0.0, 479.9999999999999], [280.0, 759.9999999999999]], [[400.0, 511.9999999999999], [200.0, 511.9999999999999], [200.0, 311.9999999999999], [400.0, 231.9999999999999], [400.0, 511.9999999999999]], [[560.0, 480.0], [480.0, 640.0], [400.0, 480.0], [560.0, 480.0]], [[132.0, 511.9999999999999], [412.0, 511.9999999999999], [272.0, 751.9999999999999], [132.0, 511.9999999999999]]]"
Wed Jul 22 21:21:37 2020,2,1,True,685.4075953820568,0.8316219485170326,"[0, 0, 0, 1, 2, 0, 0, 1, 3, 0, 1, 1]","[[[280.0, 0.0], [480.0, 0.0], [480.0, 200.0], [280.0, 200.0], [280.0, 0.0]], [[0.0, 460.0], [200.0, 460.0], [200.0, 660.0], [0.0, 660.0], [0.0, 460.0]], [[0.0, 280.0], [280.0, 280.0], [280.0, 460.0], [0.0, 460.0], [0.0, 280.0]], [[640.0, 0.0], [640.0, 280.0], [500.0, 140.0], [640.0, 0.0]], [[685.4075953820568, 580.0], [685.4075953820568, 760.0], [405.4075953820568, 580.0], [685.4075953820568, 580.0]], [[0.0, 0.0], [280.0, 0.0], [280.0, 280.0], [0.0, 280.0], [0.0, 0.0]], [[400.0, 403.69113872093374], [600.0, 483.69113872093374], [600.0, 583.6911387209337], [400.0, 583.6911387209337], [400.0, 403.69113872093374]], [[200.0, 660.0], [200.0, 760.0], [20.0, 760.0], [20.0, 660.0], [200.0, 660.0]], [[280.0, 480.0], [280.0, 200.0], [560.0, 200.0], [280.0, 480.0]], [[200.0, 480.0], [400.0, 480.0], [400.0, 680.0], [200.0, 760.0], [200.0, 480.0]], [[400.0, 599.3808315401063], [560.0, 679.3808315401063], [400.0, 759.3808315401063], [400.0, 599.3808315401063]], [[685.4075953820568, 253.51223602713355], [685.4075953820568, 533.5122360271336], [445.4075953820568, 393.51223602713355], [685.4075953820568, 253.51223602713355]]]"
Wed Jul 22 21:21:52 2020,2,1,True,692.2616713358774,0.8233880678386462,"[0, 0, 1, 1, 1, 0, 2, 1, 0, 3, 1, 2]","[[[457.9912915667745, 200.0], [657.9912915667745, 200.0], [657.9912915667745, 400.0], [457.9912915667745, 400.0], [457.9912915667745, 200.0]], [[457.9912915667745, 0.0], [657.9912915667745, 0.0], [657.9912915667745, 200.0], [457.9912915667745, 200.0], [457.9912915667745, 0.0]], [[675.2349850833718, 400.0], [675.2349850833718, 680.0], [495.23498508337184, 680.0], [495.23498508337184, 400.0], [675.2349850833718, 400.0]], [[495.2349850833719, 400.0], [495.2349850833719, 680.0], [355.2349850833719, 540.0], [495.2349850833719, 400.0]], [[277.9912915667745, 342.0087084332255], [457.9912915667745, 342.0087084332255], [277.9912915667745, 622.0087084332255], [277.9912915667745, 342.0087084332255]], [[0.0, 223.75692824855878], [280.0, 223.75692824855878], [280.0, 503.7569282485588], [0.0, 503.7569282485588], [0.0, 223.75692824855878]], [[240.0, 683.7569282485588], [40.0, 603.7569282485588], [40.0, 503.7569282485588], [240.0, 503.7569282485588], [240.0, 683.7569282485588]], [[180.0, 660.0], [180.0, 760.0], [0.0, 760.0], [0.0, 660.0], [180.0, 660.0]], [[177.99129156677452, 0.0], [457.9912915667745, 0.0], [457.9912915667745, 280.0], [177.99129156677452, 0.0]], [[0.0, 223.75692824855878], [0.0, 23.75692824855878], [200.0, 23.75692824855878], [280.0, 223.75692824855878], [0.0, 223.75692824855878]], [[280.0, 182.00870843322548], [440.0, 262.0087084332255], [280.0, 342.0087084332255], [280.0, 182.00870843322548]], [[483.5683184167052, 760.0], [203.5683184167052, 760.0], [343.5683184167052, 520.0], [483.5683184167052, 760.0]]]"
Wed Jul 22 21:22:03 2020,2,0,True,664.5712044824422,0.8576959039985899,"[0, 0, 0, 3, 3, 0, 1, 1, 0, 1, 0, 2]","[[[460.0, 200.0], [660.0, 200.0], [660.0, 400.0], [460.0, 400.0], [460.0, 200.0]], [[457.9912915667745, 0.0], [657.9912915667745, 0.0], [657.9912915667745, 200.0], [457.9912915667745, 200.0], [457.9912915667745, 0.0]], [[0.0, 102.00870843322548], [280.0, 102.00870843322548], [280.0, 282.0087084332255], [0.0, 282.0087084332255], [0.0, 102.00870843322548]], [[280.0, 382.0087084332255], [280.0, 102.00870843322548], [420.0, 242.00870843322548], [280.0, 382.0087084332255]], [[664.5712044824422, 758.2757330843053], [484.5712044824422, 758.2757330843053], [664.5712044824422, 478.27573308430533], [664.5712044824422, 758.2757330843053]], [[0.0, 282.0087084332255], [280.0, 282.0087084332255], [280.0, 562.0087084332255], [0.0, 562.0087084332255], [0.0, 282.0087084332255]], [[232.98655670330518, 560.0], [152.98655670330518, 760.0], [52.98655670330518, 760.0], [52.98655670330518, 560.0], [232.98655670330518, 560.0]], [[180.0, 2.008708433225479], [180.0, 102.00870843322548], [0.0, 102.00870843322548], [0.0, 2.008708433225479], [180.0, 2.008708433225479]], [[177.99129156677452, 0.0], [457.9912915667745, 0.0], [457.9912915667745, 280.0], [177.99129156677452, 0.0]], [[567.5084665323026, 428.0058056221503], [567.5084665323026, 628.0058056221503], [367.5084665323026, 628.0058056221503], [287.5084665323026, 428.0058056221503], [567.5084665323026, 428.0058056221503]], [[314.00290281107516, 428.0058056221503], [394.00290281107516, 268.0058056221503], [474.00290281107516, 428.0058056221503], [314.00290281107516, 428.0058056221503]], [[444.5050799193815, 760.0], [164.5050799193815, 760.0], [304.5050799193815, 520.0], [444.5050799193815, 760.0]]]"
Wed Jul 22 21:23:08 2020,2,3,True,671.2169165272667,0.8492038653451384,"[0, 0, 1, 0, 1, 0, 0, 1, 1, 2, 0, 3]","[[[0.0, 280.0], [200.0, 280.0], [200.0, 480.0], [0.0, 480.0], [0.0, 280.0]], [[200.0, 289.23421129228234], [400.0, 289.23421129228234], [400.0, 489.23421129228234], [200.0, 489.23421129228234], [200.0, 289.23421129228234]], [[180.0, 480.0], [180.0, 760.0], [0.0, 760.0], [0.0, 480.0], [180.0, 480.0]], [[390.76578870771766, 280.0], [670.7657887077177, 280.0], [530.7657887077177, 420.0], [390.76578870771766, 280.0]], [[0.0, 0.0], [180.0, 0.0], [0.0, 280.0], [0.0, 0.0]], [[182.85714285714283, 0.0], [462.85714285714283, 0.0], [462.85714285714283, 280.0], [182.85714285714283, 280.0], [182.85714285714283, 0.0]], [[180.0, 481.23421129228234], [380.0, 561.2342112922823], [380.0, 661.2342112922823], [180.0, 661.2342112922823], [180.0, 481.23421129228234]], [[391.2169165272667, 660.0], [391.2169165272667, 760.0], [211.21691652726668, 760.0], [211.21691652726668, 660.0], [391.2169165272667, 660.0]], [[671.2169165272667, 480.0], [671.2169165272667, 760.0], [391.2169165272667, 760.0], [671.2169165272667, 480.0]], [[671.2169165272667, 280.0], [471.2169165272667, 280.0], [471.2169165272667, 80.0], [671.2169165272667, 0.0], [671.2169165272667, 280.0]], [[22.857142857142833, 280.0], [102.85714285714283, 120.0], [182.85714285714283, 280.0], [22.857142857142833, 280.0]], [[400.0, 623.7199565871647], [400.0, 343.7199565871647], [640.0, 483.7199565871647], [400.0, 623.7199565871647]]]"
Wed Jul 22 21:23:58 2020,2,3,True,677.9290856925394,0.8407959062823153,"[0, 0, 1, 3, 3, 0, 1, 1, 1, 1, 1, 0]","[[[0.0, 0.0], [200.0, 0.0], [200.0, 200.0], [0.0, 200.0], [0.0, 0.0]], [[477.9290856925394, 0.0], [677.9290856925394, 0.0], [677.9290856925394, 200.0], [477.9290856925394, 200.0], [477.9290856925394, 0.0]], [[677.9290856925394, 200.0], [677.9290856925394, 480.0], [497.9290856925394, 480.0], [497.9290856925394, 200.0], [677.9290856925394, 200.0]], [[0.0, 755.1772857686515], [0.0, 475.1772857686515], [140.0, 615.1772857686515], [0.0, 755.1772857686515]], [[464.36823986617594, 326.5382935415041], [284.36823986617594, 326.5382935415041], [464.36823986617594, 46.53829354150412], [464.36823986617594, 326.5382935415041]], [[397.9290856925394, 480.0], [677.9290856925394, 480.0], [677.9290856925394, 760.0], [397.9290856925394, 760.0], [397.9290856925394, 480.0]], [[460.0, 326.5382935415041], [380.0, 526.5382935415041], [280.0, 526.5382935415041], [280.0, 326.5382935415041], [460.0, 326.5382935415041]], [[264.8227142313485, 460.0], [264.8227142313485, 560.0], [84.82271423134853, 560.0], [84.82271423134853, 460.0], [264.8227142313485, 460.0]], [[280.0, 180.0], [280.0, 460.0], [0.0, 460.0], [280.0, 180.0]], [[397.9290856925394, 560.0], [397.9290856925394, 760.0], [197.9290856925394, 760.0], [117.92908569253939, 560.0], [397.9290856925394, 560.0]], [[0.0, 200.0], [160.0, 280.0], [0.0, 360.0], [0.0, 200.0]], [[200.0, 0.0], [480.0, 0.0], [340.0, 240.0], [200.0, 0.0]]]"
Wed Jul 22 21:24:33 2020,2,1,True,684.7083765494648,0.8324711943389259,"[0, 0, 1, 1, 2, 0, 1, 0, 3, 0, 1, 1]","[[[283.1009636252454, 0.0], [483.1009636252454, 0.0], [483.1009636252454, 200.0], [283.1009636252454, 200.0], [283.1009636252454, 0.0]], [[204.7083765494648, 560.0], [404.7083765494648, 560.0], [404.7083765494648, 760.0], [204.7083765494648, 760.0], [204.7083765494648, 560.0]], [[180.0, 108.57142857142856], [180.0, 388.57142857142856], [0.0, 388.57142857142856], [0.0, 108.57142857142856], [180.0, 108.57142857142856]], [[380.0, 280.0], [380.0, 560.0], [240.0, 420.0], [380.0, 280.0]], [[283.1009636252454, 0.0], [283.1009636252454, 180.0], [3.100963625245413, 0.0], [283.1009636252454, 0.0]], [[404.7083765494648, 480.0], [684.7083765494648, 480.0], [684.7083765494648, 760.0], [404.7083765494648, 760.0], [404.7083765494648, 480.0]], [[180.0, 388.57142857142856], [100.0, 588.5714285714286], [0.0, 588.5714285714286], [0.0, 388.57142857142856], [180.0, 388.57142857142856]], [[103.42857142857139, 580.0], [203.4285714285714, 580.0], [203.4285714285714, 760.0], [103.42857142857139, 760.0], [103.42857142857139, 580.0]], [[180.0, 480.0], [180.0, 200.0], [460.0, 200.0], [180.0, 480.0]], [[484.7083765494648, 0.0], [684.7083765494648, 0.0], [684.7083765494648, 200.0], [484.7083765494648, 280.0], [484.7083765494648, 0.0]], [[380.0, 315.5867803461456], [540.0, 395.5867803461456], [380.0, 475.5867803461456], [380.0, 315.5867803461456]], [[684.7083765494647, 199.99999999999994], [684.7083765494647, 479.99999999999994], [444.7083765494647, 339.99999999999994], [684.7083765494647, 199.99999999999994]]]"
Wed Jul 22 21:24:52 2020,2,1,True,691.5554603149594,0.8242289052860654,"[0, 0, 1, 2, 0, 0, 1, 0, 3, 0, 0, 1]","[[[280.0, 0.0], [480.0, 0.0], [480.0, 200.0], [280.0, 200.0], [280.0, 0.0]], [[177.32004148748615, 560.0], [377.32004148748615, 560.0], [377.32004148748615, 760.0], [177.32004148748615, 760.0], [177.32004148748615, 560.0]], [[180.0, 77.32004148748615], [180.0, 357.32004148748615], [0.0, 357.32004148748615], [0.0, 77.32004148748615], [180.0, 77.32004148748615]], [[377.32004148748615, 560.2006379131486], [97.32004148748615, 560.2006379131486], [237.32004148748615, 420.2006379131486], [377.32004148748615, 560.2006379131486]], [[357.5206794006348, 480.0], [357.5206794006348, 300.0], [637.5206794006348, 480.0], [357.5206794006348, 480.0]], [[377.32004148748615, 480.0], [657.3200414874862, 480.0], [657.3200414874862, 760.0], [377.32004148748615, 760.0], [377.32004148748615, 480.0]], [[180.0, 357.32004148748615], [100.0, 557.3200414874862], [0.0, 557.3200414874862], [0.0, 357.32004148748615], [180.0, 357.32004148748615]], [[180.0, 0.0], [280.0, 0.0], [280.0, 180.0], [180.0, 180.0], [180.0, 0.0]], [[180.0, 477.5206794006348], [180.0, 197.52067940063478], [460.0, 197.52067940063478], [180.0, 477.5206794006348]], [[480.0, 0.0], [680.0, 0.0], [680.0, 200.0], [480.0, 280.0], [480.0, 0.0]], [[17.32004148748615, 760.0], [97.32004148748615, 600.0], [177.32004148748615, 760.0], [17.32004148748615, 760.0]], [[666.5457873230849, 205.38168507076597], [666.5457873230849, 485.38168507076597], [426.54578732308494, 345.38168507076597], [666.5457873230849, 205.38168507076597]]]"
Wed Jul 22 21:25:03 2020,2,1,True,698.4710149181091,0.8160682230555102,"[0, 0, 1, 2, 2, 0, 3, 0, 3, 0, 3, 3]","[[[479.9999999999999, 0.0], [679.9999999999999, 0.0], [679.9999999999999, 200.0], [479.9999999999999, 200.0], [479.9999999999999, 0.0]], [[280.0, 0.0], [480.0, 0.0], [480.0, 200.0], [280.0, 200.0], [280.0, 0.0]], [[659.9999999999999, 480.0], [659.9999999999999, 760.0], [479.9999999999999, 760.0], [479.9999999999999, 480.0], [659.9999999999999, 480.0]], [[679.9999999999999, 480.0], [399.9999999999999, 480.0], [539.9999999999999, 340.0], [679.9999999999999, 480.0]], [[280.0, 300.0], [280.0, 480.0], [0.0, 300.0], [280.0, 300.0]], [[199.9999999999999, 480.0], [479.9999999999999, 480.0], [479.9999999999999, 760.0], [199.9999999999999, 760.0], [199.9999999999999, 480.0]], [[0.0, 760.0], [80.0, 560.0], [180.0, 560.0], [180.0, 760.0], [0.0, 760.0]], [[180.0, 100.0], [280.0, 100.0], [280.0, 280.0], [180.0, 280.0], [180.0, 100.0]], [[0.0, 280.0], [0.0, 0.0], [280.0, 0.0], [0.0, 280.0]], [[279.9999999999999, 200.0], [479.9999999999999, 200.0], [479.9999999999999, 400.0], [279.9999999999999, 480.0], [279.9999999999999, 200.0]], [[698.4710149181091, 419.2355074590546], [538.4710149181091, 339.2355074590546], [698.4710149181091, 259.2355074590546], [698.4710149181091, 419.2355074590546]], [[0.0, 596.6666666666666], [0.0, 316.66666666666663], [240.0, 456.66666666666663], [0.0, 596.6666666666666]]]"
Wed Jul 22 21:25:07 2020,2,0,True,670.5321743213847,0.8500710656828232,"[0, 0, 1, 1, 2, 0, 3, 0, 2, 0, 0, 3]","[[[470.5321743213847, 0.0], [670.5321743213847, 0.0], [670.5321743213847, 200.0], [470.5321743213847, 200.0], [470.5321743213847, 0.0]], [[270.5321743213847, 0.0], [470.5321743213847, 0.0], [470.5321743213847, 200.0], [270.5321743213847, 200.0], [270.5321743213847, 0.0]], [[659.9999999999999, 480.0], [659.9999999999999, 760.0], [479.9999999999999, 760.0], [479.9999999999999, 480.0], [659.9999999999999, 480.0]], [[670.5321743213847, 200.0], [670.5321743213847, 480.0], [530.5321743213847, 340.0], [670.5321743213847, 200.0]], [[280.0, 300.0], [280.0, 480.0], [0.0, 300.0], [280.0, 300.0]], [[199.9999999999999, 480.0], [479.9999999999999, 480.0], [479.9999999999999, 760.0], [199.9999999999999, 760.0], [199.9999999999999, 480.0]], [[0.0, 760.0], [80.0, 560.0], [180.0, 560.0], [180.0, 760.0], [0.0, 760.0]], [[160.0, 0.0], [260.0, 0.0], [260.0, 180.0], [160.0, 180.0], [160.0, 0.0]], [[280.0, 300.0], [0.0, 300.0], [0.0, 20.0], [280.0, 300.0]], [[280.0, 200.0], [480.0, 200.0], [480.0, 400.0], [280.0, 480.0], [280.0, 200.0]], [[439.9999999999999, 480.0], [519.9999999999999, 320.0], [599.9999999999999, 480.0], [439.9999999999999, 480.0]], [[0.0, 594.2857142857143], [0.0, 314.28571428571433], [240.0, 454.28571428571433], [0.0, 594.2857142857143]]]"
Wed Jul 22 21:25:18 2020,2,1,True,677.2374960645985,0.8416545204780427,"[0, 0, 0, 1, 1, 0, 1, 1, 0, 2, 0, 3]","[[[197.23749606459853, 0.0], [397.23749606459853, 0.0], [397.23749606459853, 200.0], [197.23749606459853, 200.0], [197.23749606459853, 0.0]], [[0.0, 0.0], [200.0, 0.0], [200.0, 200.0], [0.0, 200.0], [0.0, 0.0]], [[397.23749606459853, 0.0], [677.2374960645985, 0.0], [677.2374960645985, 180.0], [397.23749606459853, 180.0], [397.23749606459853, 0.0]], [[486.8011191068308, 243.09023175830146], [486.8011191068308, 523.0902317583015], [346.8011191068308, 383.09023175830146], [486.8011191068308, 243.09023175830146]], [[284.5019823800246, 200.0], [464.5019823800246, 200.0], [284.5019823800246, 480.0], [284.5019823800246, 200.0]], [[163.71088734852918, 480.0], [443.7108873485292, 480.0], [443.7108873485292, 760.0], [163.71088734852918, 760.0], [163.71088734852918, 480.0]], [[666.8011191068308, 180.0], [586.8011191068308, 380.0], [486.8011191068308, 380.0], [486.8011191068308, 180.0], [666.8011191068308, 180.0]], [[666.8011191068308, 380.0], [666.8011191068308, 480.0], [486.8011191068308, 480.0], [486.8011191068308, 380.0], [666.8011191068308, 380.0]], [[4.501982380024629, 200.0], [284.50198238002463, 200.0], [284.50198238002463, 480.0], [4.501982380024629, 200.0]], [[643.7108873485292, 760.0], [443.71088734852924, 760.0], [443.71088734852924, 560.0], [643.7108873485292, 480.0], [643.7108873485292, 760.0]], [[0.0, 688.8313509533087], [80.0, 528.8313509533087], [160.0, 688.8313509533087], [0.0, 688.8313509533087]], [[0.0, 575.4980176199754], [0.0, 295.49801761997537], [240.0, 435.49801761997537], [0.0, 575.4980176199754]]]"
Wed Jul 22 21:26:06 2020,2,3,True,684.0098710252445,0.8333213074040027,"[0, 0, 1, 2, 0, 0, 2, 1, 1, 2, 0, 0]","[[[0.0, 280.0], [200.0, 280.0], [200.0, 480.0], [0.0, 480.0], [0.0, 280.0]], [[200.0, 560.0], [400.0, 560.0], [400.0, 760.0], [200.0, 760.0], [200.0, 560.0]], [[180.0, 0.0], [180.0, 280.0], [0.0, 280.0], [0.0, 0.0], [180.0, 0.0]], [[467.58992034708507, 167.04329850012095], [187.58992034708507, 167.04329850012095], [327.58992034708507, 27.043298500120954], [467.58992034708507, 167.04329850012095]], [[400.0, 760.0], [400.0, 580.0], [680.0, 760.0], [400.0, 760.0]], [[198.0162166843303, 180.0], [478.0162166843303, 180.0], [478.0162166843303, 460.0], [198.0162166843303, 460.0], [198.0162166843303, 180.0]], [[684.0098710252445, 714.0063456590858], [484.0098710252445, 634.0063456590858], [484.0098710252445, 534.0063456590858], [684.0098710252445, 534.0063456590858], [684.0098710252445, 714.0063456590858]], [[380.0, 460.0], [380.0, 560.0], [200.0, 560.0], [200.0, 460.0], [380.0, 460.0]], [[684.0098710252445, 254.0063456590858], [684.0098710252445, 534.0063456590858], [404.0098710252445, 534.0063456590858], [684.0098710252445, 254.0063456590858]], [[200.0, 760.0], [0.0, 760.0], [0.0, 560.0], [200.0, 480.0], [200.0, 760.0]], [[503.1324875747724, 274.88372910955786], [583.1324875747724, 114.88372910955786], [663.1324875747724, 274.88372910955786], [503.1324875747724, 274.88372910955786]], [[373.0162166843303, 0.0], [653.0162166843303, 0.0], [513.0162166843303, 240.0], [373.0162166843303, 0.0]]]"
Wed Jul 22 21:26:26 2020,2,1,True,690.849969735497,0.8250706013901016,"[0, 0, 1, 2, 1, 0, 1, 0, 1, 1, 0, 3]","[[[460.0, 200.0], [660.0, 200.0], [660.0, 400.0], [460.0, 400.0], [460.0, 200.0]], [[280.0, 460.0], [480.0, 460.0], [480.0, 660.0], [280.0, 660.0], [280.0, 460.0]], [[180.0, 0.0], [180.0, 280.0], [0.0, 280.0], [0.0, 0.0], [180.0, 0.0]], [[380.0, 760.0], [100.0, 760.0], [240.0, 620.0], [380.0, 760.0]], [[480.0, 400.0], [660.0, 400.0], [480.0, 680.0], [480.0, 400.0]], [[180.0, 180.0], [460.0, 180.0], [460.0, 460.0], [180.0, 460.0], [180.0, 180.0]], [[180.0, 280.0], [100.0, 480.0], [0.0, 480.0], [0.0, 280.0], [180.0, 280.0]], [[180.0, 0.0], [280.0, 0.0], [280.0, 180.0], [180.0, 180.0], [180.0, 0.0]], [[680.0, 480.0], [680.0, 760.0], [400.0, 760.0], [680.0, 480.0]], [[668.0, 0.0], [668.0, 200.0], [468.0, 200.0], [388.0, 0.0], [668.0, 0.0]], [[287.13082822734066, 176.20338010776504], [367.13082822734066, 16.203380107765042], [447.13082822734066, 176.20338010776504], [287.13082822734066, 176.20338010776504]], [[0.0, 760.0], [0.0, 480.0], [240.0, 620.0], [0.0, 760.0]]]"
Wed Jul 22 21:26:29 2020,2,0,True,663.215970946077,0.8594485431146892,"[0, 0, 0, 2, 1, 0, 1, 0, 1, 1, 3, 3]","[[[460.0, 200.0], [660.0, 200.0], [660.0, 400.0], [460.0, 400.0], [460.0, 200.0]], [[260.0, 471.9600726348074], [460.0, 471.9600726348074], [460.0, 671.9600726348074], [260.0, 671.9600726348074], [260.0, 471.9600726348074]], [[7.130828227340658, 0.0], [287.13082822734066, 0.0], [287.13082822734066, 180.0], [7.130828227340658, 180.0], [7.130828227340658, 0.0]], [[348.0399273651926, 760.0], [68.03992736519263, 760.0], [208.03992736519263, 620.0], [348.0399273651926, 760.0]], [[463.21597094607705, 400.0], [643.215970946077, 400.0], [463.21597094607705, 680.0], [463.21597094607705, 400.0]], [[180.0, 191.96007263480737], [460.0, 191.96007263480737], [460.0, 471.9600726348074], [180.0, 471.9600726348074], [180.0, 191.96007263480737]], [[180.0, 180.0], [100.0, 380.0], [0.0, 380.0], [0.0, 180.0], [180.0, 180.0]], [[287.13082822734066, 9.787143203159076], [387.13082822734066, 9.787143203159076], [387.13082822734066, 189.78714320315908], [287.13082822734066, 189.78714320315908], [287.13082822734066, 9.787143203159076]], [[663.215970946077, 480.0], [663.215970946077, 760.0], [383.21597094607705, 760.0], [663.215970946077, 480.0]], [[663.215970946077, 0.0], [663.215970946077, 200.0], [463.21597094607705, 200.0], [383.21597094607705, 0.0], [663.215970946077, 0.0]], [[180.0, 553.023290963029], [20.0, 473.023290963029], [180.0, 393.023290963029], [180.0, 553.023290963029]], [[0.0, 741.3566242963624], [0.0, 461.3566242963624], [240.0, 601.3566242963624], [0.0, 741.3566242963624]]]"
Wed Jul 22 21:26:49 2020,2,1,True,669.8481306555378,0.8509391515987023,"[0, 0, 0, 2, 3, 0, 2, 1, 3, 0, 0, 0]","[[[400.0, 560.0], [600.0, 560.0], [600.0, 760.0], [400.0, 760.0], [400.0, 560.0]], [[200.0, 560.0], [400.0, 560.0], [400.0, 760.0], [200.0, 760.0], [200.0, 560.0]], [[0.0, 20.0], [280.0, 20.0], [280.0, 200.0], [0.0, 200.0], [0.0, 20.0]], [[480.0, 560.0], [200.0, 560.0], [340.0, 420.0], [480.0, 560.0]], [[662.9914330695283, 307.9392522622152], [482.9914330695283, 307.9392522622152], [662.9914330695283, 27.939252262215177], [662.9914330695283, 307.9392522622152]], [[0.0, 200.0], [280.0, 200.0], [280.0, 480.0], [0.0, 480.0], [0.0, 200.0]], [[669.8481306555378, 587.9392522622152], [469.84813065553783, 507.9392522622152], [469.84813065553783, 407.9392522622152], [669.8481306555378, 407.9392522622152], [669.8481306555378, 587.9392522622152]], [[659.9999999999999, 307.9392522622152], [659.9999999999999, 407.9392522622152], [479.9999999999999, 407.9392522622152], [479.9999999999999, 307.9392522622152], [659.9999999999999, 307.9392522622152]], [[0.0, 760.0], [0.0, 480.0], [280.0, 480.0], [0.0, 760.0]], [[279.9999999999999, 160.0], [479.9999999999999, 160.0], [479.9999999999999, 360.0], [279.9999999999999, 440.0], [279.9999999999999, 160.0]], [[280.0, 160.0], [360.0, 0.0], [440.0, 160.0], [280.0, 160.0]], [[386.66666666666663, 1.1368683772161603e-13], [666.6666666666666, 1.1368683772161603e-13], [526.6666666666666, 240.0000000000001], [386.66666666666663, 1.1368683772161603e-13]]]"
Wed Jul 22 21:27:39 2020,2,3,True,676.5466119620933,0.8425140114838635,"[0, 0, 1, 1, 1, 0, 3, 0, 0, 3, 0, 3]","[[[460.0, 319.9999999999999], [660.0, 319.9999999999999], [660.0, 519.9999999999999], [460.0, 519.9999999999999], [460.0, 319.9999999999999]], [[476.54661196209327, 519.9999999999999], [676.5466119620933, 519.9999999999999], [676.5466119620933, 719.9999999999999], [476.54661196209327, 719.9999999999999], [476.54661196209327, 519.9999999999999]], [[460.0, 0.0], [460.0, 280.0], [280.0, 280.0], [280.0, 0.0], [460.0, 0.0]], [[676.5466119620933, 16.546611962093152], [676.5466119620933, 296.54661196209315], [536.5466119620933, 156.54661196209315], [676.5466119620933, 16.546611962093152]], [[460.0, 0.0], [640.0, 0.0], [460.0, 280.0], [460.0, 0.0]], [[180.0, 279.9999999999999], [460.0, 279.9999999999999], [460.0, 559.9999999999999], [180.0, 559.9999999999999], [180.0, 279.9999999999999]], [[0.0, 533.3333333333334], [80.0, 333.33333333333337], [180.0, 333.33333333333337], [180.0, 533.3333333333334], [0.0, 533.3333333333334]], [[272.0, 559.9999999999999], [372.0, 559.9999999999999], [372.0, 739.9999999999999], [272.0, 739.9999999999999], [272.0, 559.9999999999999]], [[0.0, 0.0], [280.0, 0.0], [280.0, 280.0], [0.0, 0.0]], [[0.0, 759.9999999999999], [0.0, 559.9999999999999], [200.0, 559.9999999999999], [280.0, 759.9999999999999], [0.0, 759.9999999999999]], [[460.0, 319.9999999999999], [540.0, 159.9999999999999], [620.0, 319.9999999999999], [460.0, 319.9999999999999]], [[0.0, 380.0], [0.0, 100.0], [240.0, 240.0], [0.0, 380.0]]]"
Wed Jul 22 21:27:53 2020,2,1,True,683.3120780817142,0.8341722885978847,"[0, 0, 1, 0, 0, 0, 1, 0, 3, 2, 0, 1]","[[[0.0, 350.8612479450186], [200.0, 350.8612479450186], [200.0, 550.8612479450186], [0.0, 550.8612479450186], [0.0, 350.8612479450186]], [[200.0, 321.3248312326857], [400.0, 321.3248312326857], [400.0, 521.3248312326857], [200.0, 521.3248312326857], [200.0, 321.3248312326857]], [[683.3120780817142, 480.0], [683.3120780817142, 760.0], [503.31207808171416, 760.0], [503.31207808171416, 480.0], [683.3120780817142, 480.0]], [[32.45083013669557, 550.8612479450186], [312.4508301366956, 550.8612479450186], [172.45083013669557, 690.8612479450186], [32.45083013669557, 550.8612479450186]], [[0.0, 760.0], [0.0, 580.0], [280.0, 760.0], [0.0, 760.0]], [[403.31207808171416, 200.0], [683.3120780817142, 200.0], [683.3120780817142, 480.0], [403.31207808171416, 480.0], [403.31207808171416, 200.0]], [[640.0, 0.0], [560.0, 200.0], [460.0, 200.0], [460.0, 0.0], [640.0, 0.0]], [[341.11465365304764, 0.0], [441.11465365304764, 0.0], [441.11465365304764, 180.0], [341.11465365304764, 180.0], [341.11465365304764, 0.0]], [[0.0, 280.0], [0.0, 0.0], [280.0, 0.0], [0.0, 280.0]], [[503.31207808171416, 760.0], [303.31207808171416, 760.0], [303.31207808171416, 560.0], [503.31207808171416, 480.0], [503.31207808171416, 760.0]], [[8.969699819375819, 350.8612479450186], [88.96969981937582, 190.8612479450186], [168.96969981937582, 350.8612479450186], [8.969699819375819, 350.8612479450186]], [[338.6751687673143, 41.32483123268571], [338.6751687673143, 321.3248312326857], [98.67516876731429, 181.3248312326857], [338.6751687673143, 41.32483123268571]]]"
Wed Jul 22 21:28:00 2020,2,0,True,655.9795949584455,0.8689294672894633,"[0, 0, 0, 0, 0, 0, 1, 1, 3, 2, 1, 1]","[[[0.0, 320.53790600316063], [200.0, 320.53790600316063], [200.0, 520.5379060031606], [0.0, 520.5379060031606], [0.0, 320.53790600316063]], [[455.97959495844555, 460.0], [655.9795949584455, 460.0], [655.9795949584455, 660.0], [455.97959495844555, 660.0], [455.97959495844555, 460.0]], [[375.97959495844555, 0.0], [655.9795949584455, 0.0], [655.9795949584455, 180.0], [375.97959495844555, 180.0], [375.97959495844555, 0.0]], [[0.0, 520.5379060031606], [280.0, 520.5379060031606], [140.0, 660.5379060031606], [0.0, 520.5379060031606]], [[0.0, 760.0], [0.0, 580.0], [280.0, 760.0], [0.0, 760.0]], [[375.97959495844555, 180.0], [655.9795949584455, 180.0], [655.9795949584455, 460.0], [375.97959495844555, 460.0], [375.97959495844555, 180.0]], [[375.97959495844555, 284.02040504155445], [295.97959495844555, 484.02040504155445], [195.97959495844555, 484.02040504155445], [195.97959495844555, 284.02040504155445], [375.97959495844555, 284.02040504155445]], [[649.5182297130905, 660.0], [649.5182297130905, 760.0], [469.5182297130905, 760.0], [469.5182297130905, 660.0], [649.5182297130905, 660.0]], [[0.0, 280.0], [0.0, 0.0], [280.0, 0.0], [0.0, 280.0]], [[455.97959495844555, 744.5583110447151], [255.97959495844555, 744.5583110447151], [255.97959495844555, 544.5583110447151], [455.97959495844555, 464.5583110447151], [455.97959495844555, 744.5583110447151]], [[119.46209399683937, 160.53790600316063], [279.46209399683937, 240.53790600316063], [119.46209399683937, 320.53790600316063], [119.46209399683937, 160.53790600316063]], [[375.97959495844555, 4.020405041554454], [375.97959495844555, 284.02040504155445], [135.97959495844555, 144.02040504155445], [375.97959495844555, 4.020405041554454]]]"
Wed Jul 22 21:29:34 2020,2,5,True,662.53939090803,0.8603262052370924,"[0, 0, 1, 3, 3, 0, 0, 1, 0, 3, 0, 0]","[[[204.3180934899371, 560.0], [404.3180934899371, 560.0], [404.3180934899371, 760.0], [204.3180934899371, 760.0], [204.3180934899371, 560.0]], [[0.0, 200.0], [200.0, 200.0], [200.0, 400.0], [0.0, 400.0], [0.0, 200.0]], [[662.53939090803, 0.0], [662.53939090803, 280.0], [482.53939090803, 280.0], [482.53939090803, 0.0], [662.53939090803, 0.0]], [[292.53939090803, 370.0], [292.53939090803, 90.0], [432.53939090803, 230.0], [292.53939090803, 370.0]], [[382.53939090803, 560.0], [202.53939090803, 560.0], [382.53939090803, 280.0], [382.53939090803, 560.0]], [[382.53939090803, 280.0], [662.53939090803, 280.0], [662.53939090803, 560.0], [382.53939090803, 560.0], [382.53939090803, 280.0]], [[404.31809348993716, 580.0], [604.3180934899372, 660.0], [604.3180934899372, 760.0], [404.31809348993716, 760.0], [404.31809348993716, 580.0]], [[204.3180934899371, 660.0], [204.3180934899371, 760.0], [24.318093489937098, 760.0], [24.318093489937098, 660.0], [204.3180934899371, 660.0]], [[202.53939090803, 0.0], [482.53939090803, 0.0], [482.53939090803, 280.0], [202.53939090803, 0.0]], [[2.5393909080299863, 200.0], [2.5393909080299863, 0.0], [202.53939090803, 0.0], [282.53939090803, 200.0], [2.5393909080299863, 200.0]], [[0.0, 660.0], [80.0, 500.0], [160.0, 660.0], [0.0, 660.0]], [[17.651426823270413, 400.0], [297.6514268232704, 400.0], [157.6514268232704, 640.0], [17.651426823270413, 400.0]]]"
Wed Jul 22 21:30:36 2020,2,3,True,669.1647848171103,0.8518081239971211,"[0, 0, 1, 1, 3, 0, 1, 0, 2, 1, 2, 0]","[[[0.0, 360.0], [200.0, 360.0], [200.0, 560.0], [0.0, 560.0], [0.0, 360.0]], [[0.0, 560.0], [200.0, 560.0], [200.0, 760.0], [0.0, 760.0], [0.0, 560.0]], [[482.2222222222223, 200.0], [482.2222222222223, 480.0], [302.2222222222223, 480.0], [302.2222222222223, 200.0], [482.2222222222223, 200.0]], [[299.99999999999994, 99.99999999999994], [299.99999999999994, 379.99999999999994], [159.99999999999994, 239.99999999999994], [299.99999999999994, 99.99999999999994]], [[660.0, 694.256331937727], [480.0, 694.256331937727], [660.0, 414.25633193772705], [660.0, 694.256331937727]], [[200.0, 480.0], [480.0, 480.0], [480.0, 760.0], [200.0, 760.0], [200.0, 480.0]], [[662.2222222222223, 200.0], [582.2222222222223, 400.0], [482.2222222222223, 400.0], [482.2222222222223, 200.0], [662.2222222222223, 200.0]], [[299.99999999999994, 20.0], [399.99999999999994, 20.0], [399.99999999999994, 200.0], [299.99999999999994, 200.0], [299.99999999999994, 20.0]], [[280.0, 360.0], [0.0, 360.0], [0.0, 80.0], [280.0, 360.0]], [[669.1647848171103, 0.0], [669.1647848171103, 200.0], [469.16478481711033, 200.0], [389.16478481711033, 0.0], [669.1647848171103, 0.0]], [[646.3076419599674, 400.0], [566.3076419599674, 560.0], [486.30764195996744, 400.0], [646.3076419599674, 400.0]], [[20.0, 0.0], [300.0, 0.0], [160.0, 240.0], [20.0, 0.0]]]"
Wed Jul 22 21:30:50 2020,2,1,True,675.8564326652814,0.8433743801951694,"[0, 0, 0, 0, 2, 0, 0, 0, 1, 0, 1, 1]","[[[0.0, 360.0], [200.0, 360.0], [200.0, 560.0], [0.0, 560.0], [0.0, 360.0]], [[0.0, 560.0], [200.0, 560.0], [200.0, 760.0], [0.0, 760.0], [0.0, 560.0]], [[395.85643266528143, 0.0], [675.8564326652814, 0.0], [675.8564326652814, 180.0], [395.85643266528143, 180.0], [395.85643266528143, 0.0]], [[381.6074668803461, 460.7907265440798], [661.6074668803461, 460.7907265440798], [521.6074668803461, 600.7907265440798], [381.6074668803461, 460.7907265440798]], [[395.85643266528143, 0.0], [395.85643266528143, 180.0], [115.85643266528143, 0.0], [395.85643266528143, 0.0]], [[340.0, 180.0], [620.0, 180.0], [620.0, 460.0], [340.0, 460.0], [340.0, 180.0]], [[0.0, 0.0], [200.0, 80.0], [200.0, 180.0], [0.0, 180.0], [0.0, 0.0]], [[0.0, 180.0], [100.0, 180.0], [100.0, 360.0], [0.0, 360.0], [0.0, 180.0]], [[642.3981934244259, 480.0], [642.3981934244259, 760.0], [362.3981934244259, 760.0], [642.3981934244259, 480.0]], [[200.0, 480.0], [400.0, 480.0], [400.0, 680.0], [200.0, 760.0], [200.0, 480.0]], [[200.0, 76.94943614374765], [360.0, 156.94943614374765], [200.0, 236.94943614374765], [200.0, 76.94943614374765]], [[340.0, 166.94943614374768], [340.0, 446.9494361437477], [100.0, 306.9494361437477], [340.0, 166.94943614374768]]]"
Wed Jul 22 21:31:04 2020,2,1,True,682.6149969919343,0.8350241388070985,"[0, 0, 0, 1, 3, 0, 1, 1, 2, 3, 2, 0]","[[[20.0, 0.0], [220.0, 0.0], [220.0, 200.0], [20.0, 200.0], [20.0, 0.0]], [[0.0, 560.0], [200.0, 560.0], [200.0, 760.0], [0.0, 760.0], [0.0, 560.0]], [[392.0, 20.0], [672.0, 20.0], [672.0, 200.0], [392.0, 200.0], [392.0, 20.0]], [[356.7877924016027, 175.93470535433926], [356.7877924016027, 455.93470535433926], [216.7877924016027, 315.93470535433926], [356.7877924016027, 175.93470535433926]], [[655.6523651409505, 748.2778258051128], [475.65236514095045, 748.2778258051128], [655.6523651409505, 468.2778258051128], [655.6523651409505, 748.2778258051128]], [[356.7877924016027, 200.0], [636.7877924016027, 200.0], [636.7877924016027, 480.0], [356.7877924016027, 480.0], [356.7877924016027, 200.0]], [[400.0, 0.0], [320.0, 200.0], [220.0, 200.0], [220.0, 0.0], [400.0, 0.0]], [[180.0, 460.0], [180.0, 560.0], [0.0, 560.0], [0.0, 460.0], [180.0, 460.0]], [[280.0, 460.0], [0.0, 460.0], [0.0, 180.0], [280.0, 460.0]], [[200.0, 759.1469129527366], [200.0, 559.1469129527366], [400.0, 559.1469129527366], [480.0, 759.1469129527366], [200.0, 759.1469129527366]], [[268.5285413020023, 200.0], [188.52854130200228, 360.0], [108.52854130200228, 200.0], [268.5285413020023, 200.0]], [[353.830967444237, 480.0], [633.830967444237, 480.0], [493.830967444237, 720.0], [353.830967444237, 480.0]]]"
Wed Jul 22 21:31:20 2020,2,1,True,689.4411469618536,0.8267565730763351,"[0, 0, 0, 1, 0, 0, 1, 0, 2, 2, 2, 1]","[[[460.0, 0.0], [660.0, 0.0], [660.0, 200.0], [460.0, 200.0], [460.0, 0.0]], [[0.0, 560.0], [200.0, 560.0], [200.0, 760.0], [0.0, 760.0], [0.0, 560.0]], [[0.0, 0.0], [280.0, 0.0], [280.0, 180.0], [0.0, 180.0], [0.0, 0.0]], [[689.4411469618536, 170.55885303814637], [689.4411469618536, 450.55885303814637], [549.4411469618536, 310.55885303814637], [689.4411469618536, 170.55885303814637]], [[404.44444444444446, 760.0], [404.44444444444446, 580.0], [684.4444444444445, 760.0], [404.44444444444446, 760.0]], [[269.44114696185363, 199.9999999999999], [549.4411469618536, 199.9999999999999], [549.4411469618536, 479.9999999999999], [269.44114696185363, 479.9999999999999], [269.44114696185363, 199.9999999999999]], [[460.0, 0.0], [380.0, 200.0], [280.0, 200.0], [280.0, 0.0], [460.0, 0.0]], [[169.44114696185363, 200.0], [269.44114696185363, 200.0], [269.44114696185363, 380.0], [169.44114696185363, 380.0], [169.44114696185363, 200.0]], [[280.0, 528.0], [0.0, 528.0], [0.0, 248.0], [280.0, 528.0]], [[400.0, 760.0], [200.0, 760.0], [200.0, 560.0], [400.0, 480.0], [400.0, 760.0]], [[176.96076464123576, 184.96076464123576], [96.96076464123576, 344.96076464123576], [16.960764641235755, 184.96076464123576], [176.96076464123576, 184.96076464123576]], [[640.0, 429.0295272844886], [640.0, 709.0295272844886], [400.0, 569.0295272844886], [640.0, 429.0295272844886]]]"
Wed Jul 22 21:31:29 2020,2,1,True,696.3355584314721,0.818570864432015,"[0, 0, 1, 3, 1, 0, 0, 0, 1, 0, 0, 0]","[[[0.0, 560.0], [200.0, 560.0], [200.0, 760.0], [0.0, 760.0], [0.0, 560.0]], [[316.6666666666665, 0.0], [516.6666666666665, 0.0], [516.6666666666665, 200.0], [316.6666666666665, 200.0], [316.6666666666665, 0.0]], [[696.3355584314721, 0.0], [696.3355584314721, 280.0], [516.3355584314721, 280.0], [516.3355584314721, 0.0], [696.3355584314721, 0.0]], [[399.9999999999999, 760.0], [399.9999999999999, 480.0], [539.9999999999999, 620.0], [399.9999999999999, 760.0]], [[479.9999999999999, 280.0], [659.9999999999999, 280.0], [479.9999999999999, 560.0], [479.9999999999999, 280.0]], [[199.9999999999999, 200.0], [479.9999999999999, 200.0], [479.9999999999999, 480.0], [199.9999999999999, 480.0], [199.9999999999999, 200.0]], [[0.0, 380.0], [200.0, 460.0], [200.0, 560.0], [0.0, 560.0], [0.0, 380.0]], [[99.99999999999989, 239.99999999999994], [199.9999999999999, 239.99999999999994], [199.9999999999999, 419.99999999999994], [99.99999999999989, 419.99999999999994], [99.99999999999989, 239.99999999999994]], [[680.0, 480.0], [680.0, 760.0], [400.0, 760.0], [680.0, 480.0]], [[199.9999999999999, 480.0], [399.9999999999999, 480.0], [399.9999999999999, 680.0], [199.9999999999999, 760.0], [199.9999999999999, 480.0]], [[0.0, 234.28571428571456], [80.0, 74.28571428571456], [160.0, 234.28571428571456], [0.0, 234.28571428571456]], [[36.666666666666515, 0.0], [316.6666666666665, 0.0], [176.66666666666652, 240.0], [36.666666666666515, 0.0]]]"
Wed Jul 22 21:31:33 2020,2,1,True,703.2989140157869,0.8104662024079357,"[0, 0, 1, 3, 1, 0, 0, 1, 1, 0, 0, 0]","[[[0.0, 560.0], [200.0, 560.0], [200.0, 760.0], [0.0, 760.0], [0.0, 560.0]], [[288.48213609421316, 0.0], [488.48213609421316, 0.0], [488.48213609421316, 200.0], [288.48213609421316, 200.0], [288.48213609421316, 0.0]], [[668.4821360942132, 0.0], [668.4821360942132, 280.0], [488.48213609421316, 280.0], [488.48213609421316, 0.0], [668.4821360942132, 0.0]], [[399.9999999999999, 760.0], [399.9999999999999, 480.0], [539.9999999999999, 620.0], [399.9999999999999, 760.0]], [[479.9999999999999, 280.0], [659.9999999999999, 280.0], [479.9999999999999, 560.0], [479.9999999999999, 280.0]], [[200.0, 200.0], [480.0, 200.0], [480.0, 480.0], [200.0, 480.0], [200.0, 200.0]], [[0.0, 375.3928544376853], [200.0, 455.3928544376853], [200.0, 555.3928544376853], [0.0, 555.3928544376853], [0.0, 375.3928544376853]], [[198.02299493058754, 282.6020524099203], [198.02299493058754, 382.6020524099203], [18.022994930587544, 382.6020524099203], [18.022994930587544, 282.6020524099203], [198.02299493058754, 282.6020524099203]], [[680.0, 480.0], [680.0, 760.0], [400.0, 760.0], [680.0, 480.0]], [[200.0, 480.0], [400.0, 480.0], [400.0, 680.0], [200.0, 760.0], [200.0, 480.0]], [[0.0, 282.6020524099203], [80.0, 122.6020524099203], [160.0, 282.6020524099203], [0.0, 282.6020524099203]], [[8.48213609421316, 0.0], [288.48213609421316, 0.0], [148.48213609421316, 240.0], [8.48213609421316, 0.0]]]"
Wed Jul 22 21:31:33 2020,2,0,True,675.1669574551554,0.8442356275082662,"[0, 0, 1, 3, 1, 0, 0, 1, 1, 0, 0, 0]","[[[0.0, 560.0], [200.0, 560.0], [200.0, 760.0], [0.0, 760.0], [0.0, 560.0]], [[288.48213609421316, 0.0], [488.48213609421316, 0.0], [488.48213609421316, 200.0], [288.48213609421316, 200.0], [288.48213609421316, 0.0]], [[668.4821360942132, 0.0], [668.4821360942132, 280.0], [488.48213609421316, 280.0], [488.48213609421316, 0.0], [668.4821360942132, 0.0]], [[399.9999999999999, 760.0], [399.9999999999999, 480.0], [539.9999999999999, 620.0], [399.9999999999999, 760.0]], [[479.9999999999999, 280.0], [659.9999999999999, 280.0], [479.9999999999999, 560.0], [479.9999999999999, 280.0]], [[200.0, 200.0], [480.0, 200.0], [480.0, 480.0], [200.0, 480.0], [200.0, 200.0]], [[0.0, 375.3928544376853], [200.0, 455.3928544376853], [200.0, 555.3928544376853], [0.0, 555.3928544376853], [0.0, 375.3928544376853]], [[198.02299493058754, 282.6020524099203], [198.02299493058754, 382.6020524099203], [18.022994930587544, 382.6020524099203], [18.022994930587544, 282.6020524099203], [198.02299493058754, 282.6020524099203]], [[675.1669574551554, 480.0], [675.1669574551554, 760.0], [395.1669574551554, 760.0], [675.1669574551554, 480.0]], [[200.0, 480.0], [400.0, 480.0], [400.0, 680.0], [200.0, 760.0], [200.0, 480.0]], [[0.0, 282.6020524099203], [80.0, 122.6020524099203], [160.0, 282.6020524099203], [0.0, 282.6020524099203]], [[8.48213609421316, 0.0], [288.48213609421316, 0.0], [148.48213609421316, 240.0], [8.48213609421316, 0.0]]]"
Wed Jul 22 21:31:52 2020,2,1,True,681.918627029707,0.8358768589190755,"[0, 0, 0, 2, 1, 0, 2, 0, 3, 2, 2, 2]","[[[481.91862702970695, 560.0], [681.918627029707, 560.0], [681.918627029707, 760.0], [481.91862702970695, 760.0], [481.91862702970695, 560.0]], [[480.0, 360.0], [680.0, 360.0], [680.0, 560.0], [480.0, 560.0], [480.0, 360.0]], [[0.0, 0.0], [280.0, 0.0], [280.0, 180.0], [0.0, 180.0], [0.0, 0.0]], [[571.9186270297071, 268.08137297029316], [291.91862702970707, 268.08137297029316], [431.91862702970707, 128.08137297029316], [571.9186270297071, 268.08137297029316]], [[27.380952380952465, 480.0], [207.38095238095246, 480.0], [27.380952380952465, 760.0], [27.380952380952465, 480.0]], [[0.0, 200.0], [280.0, 200.0], [280.0, 480.0], [0.0, 480.0], [0.0, 200.0]], [[681.918627029707, 258.08137297029305], [481.91862702970695, 178.08137297029305], [481.91862702970695, 78.08137297029305], [681.918627029707, 78.08137297029305], [681.918627029707, 258.08137297029305]], [[351.2918002748512, 580.0], [451.2918002748512, 580.0], [451.2918002748512, 760.0], [351.2918002748512, 760.0], [351.2918002748512, 580.0]], [[280.0, 280.0], [280.0, 0.0], [560.0, 0.0], [280.0, 280.0]], [[480.0, 544.2693540998627], [280.0, 544.2693540998627], [280.0, 344.26935409986265], [480.0, 264.26935409986265], [480.0, 544.2693540998627]], [[369.15712322491987, 544.2693540998627], [289.15712322491987, 704.2693540998627], [209.15712322491987, 544.2693540998627], [369.15712322491987, 544.2693540998627]], [[321.66666666666674, 760.0], [41.66666666666674, 760.0], [181.66666666666674, 520.0], [321.66666666666674, 760.0]]]"
Wed Jul 22 21:32:18 2020,2,1,True,688.7378133000041,0.8276008504149261,"[0, 0, 1, 0, 1, 0, 2, 0, 1, 3, 2, 2]","[[[474.64188194851863, 560.0], [674.6418819485186, 560.0], [674.6418819485186, 760.0], [474.64188194851863, 760.0], [474.64188194851863, 560.0]], [[280.0, 0.0], [480.0, 0.0], [480.0, 200.0], [280.0, 200.0], [280.0, 0.0]], [[660.0, 280.0], [660.0, 560.0], [480.0, 560.0], [480.0, 280.0], [660.0, 280.0]], [[280.0, 200.0], [560.0, 200.0], [420.0, 340.0], [280.0, 200.0]], [[0.0, 480.0], [180.0, 480.0], [0.0, 760.0], [0.0, 480.0]], [[0.0, 0.0], [280.0, 0.0], [280.0, 280.0], [0.0, 280.0], [0.0, 0.0]], [[439.0779498157451, 745.3581180514814], [239.07794981574511, 665.3581180514814], [239.07794981574511, 565.3581180514814], [439.0779498157451, 565.3581180514814], [439.0779498157451, 745.3581180514814]], [[480.0, 0.0], [580.0, 0.0], [580.0, 180.0], [480.0, 180.0], [480.0, 0.0]], [[474.64188194851863, 285.35811805148137], [474.64188194851863, 565.3581180514814], [194.64188194851863, 565.3581180514814], [474.64188194851863, 285.35811805148137]], [[0.0, 480.0], [0.0, 280.0], [200.0, 280.0], [280.0, 480.0], [0.0, 480.0]], [[369.93321701793786, 300.0], [289.93321701793786, 460.0], [209.93321701793786, 300.0], [369.93321701793786, 300.0]], [[294.28571428571433, 760.0], [14.285714285714334, 760.0], [154.28571428571433, 520.0], [294.28571428571433, 760.0]]]"
Wed Jul 22 21:32:18 2020,2,0,True,661.1883007680038,0.8620842191822148,"[0, 0, 1, 0, 1, 0, 2, 0, 1, 3, 2, 2]","[[[461.18830076800384, 560.0], [661.1883007680038, 560.0], [661.1883007680038, 760.0], [461.18830076800384, 760.0], [461.18830076800384, 560.0]], [[280.0, 0.0], [480.0, 0.0], [480.0, 200.0], [280.0, 200.0], [280.0, 0.0]], [[660.0, 280.0], [660.0, 560.0], [480.0, 560.0], [480.0, 280.0], [660.0, 280.0]], [[280.0, 200.0], [560.0, 200.0], [420.0, 340.0], [280.0, 200.0]], [[0.0, 480.0], [180.0, 480.0], [0.0, 760.0], [0.0, 480.0]], [[0.0, 0.0], [280.0, 0.0], [280.0, 280.0], [0.0, 280.0], [0.0, 0.0]], [[435.952380952381, 740.0], [235.95238095238102, 660.0], [235.95238095238102, 560.0], [435.952380952381, 560.0], [435.952380952381, 740.0]], [[480.0, 0.0], [580.0, 0.0], [580.0, 180.0], [480.0, 180.0], [480.0, 0.0]], [[480.0, 280.0], [480.0, 560.0], [200.0, 560.0], [480.0, 280.0]], [[0.0, 480.0], [0.0, 280.0], [200.0, 280.0], [280.0, 480.0], [0.0, 480.0]], [[369.93321701793786, 300.0], [289.93321701793786, 460.0], [209.93321701793786, 300.0], [369.93321701793786, 300.0]], [[294.28571428571433, 760.0], [14.285714285714334, 760.0], [154.28571428571433, 520.0], [294.28571428571433, 760.0]]]"
Wed Jul 22 21:32:34 2020,2,1,True,667.8001837756839,0.853548731863579,"[0, 0, 1, 3, 1, 0, 1, 1, 1, 0, 0, 2]","[[[0.0, 280.0], [200.0, 280.0], [200.0, 480.0], [0.0, 480.0], [0.0, 280.0]], [[294.28571428571433, 560.0], [494.28571428571433, 560.0], [494.28571428571433, 760.0], [294.28571428571433, 760.0], [294.28571428571433, 560.0]], [[660.0, 272.0], [660.0, 552.0], [480.0, 552.0], [480.0, 272.0], [660.0, 272.0]], [[200.0, 560.0], [200.0, 280.0], [340.0, 420.0], [200.0, 560.0]], [[0.0, 480.0], [180.0, 480.0], [0.0, 760.0], [0.0, 480.0]], [[0.0, 0.0], [280.0, 0.0], [280.0, 280.0], [0.0, 280.0], [0.0, 0.0]], [[460.0, 100.0], [380.0, 300.0], [280.0, 300.0], [280.0, 100.0], [460.0, 100.0]], [[460.0, 0.0], [460.0, 100.0], [280.0, 100.0], [280.0, 0.0], [460.0, 0.0]], [[480.0, 280.0], [480.0, 560.0], [200.0, 560.0], [480.0, 280.0]], [[460.0, 0.0], [660.0, 0.0], [660.0, 200.0], [460.0, 280.0], [460.0, 0.0]], [[494.28571428571433, 720.0], [574.2857142857143, 560.0], [654.2857142857143, 720.0], [494.28571428571433, 720.0]], [[294.28571428571433, 760.0], [14.285714285714334, 760.0], [154.28571428571433, 520.0], [294.28571428571433, 760.0]]]"
Wed Jul 22 21:32:45 2020,2,1,True,674.4781856134407,0.8450977543203754,"[0, 0, 1, 2, 3, 0, 1, 1, 2, 0, 3, 1]","[[[0.0, 560.0], [200.0, 560.0], [200.0, 760.0], [0.0, 760.0], [0.0, 560.0]], [[280.0, 0.0], [480.0, 0.0], [480.0, 200.0], [280.0, 200.0], [280.0, 0.0]], [[180.0, 280.0], [180.0, 560.0], [0.0, 560.0], [0.0, 280.0], [180.0, 280.0]], [[641.0881764246565, 760.0], [361.08817642465647, 760.0], [501.08817642465647, 620.0], [641.0881764246565, 760.0]], [[674.4781856134407, 333.03393349020325], [494.4781856134407, 333.03393349020325], [674.4781856134407, 53.03393349020325], [674.4781856134407, 333.03393349020325]], [[0.0, 0.0], [280.0, 0.0], [280.0, 280.0], [0.0, 280.0], [0.0, 0.0]], [[660.0, 0.0], [580.0, 200.0], [480.0, 200.0], [480.0, 0.0], [660.0, 0.0]], [[380.0, 630.1248192503081], [380.0, 730.1248192503081], [200.0, 730.1248192503081], [200.0, 630.1248192503081], [380.0, 630.1248192503081]], [[480.0, 630.1248192503081], [200.0, 630.1248192503081], [200.0, 350.12481925030806], [480.0, 630.1248192503081]], [[462.90911423989513, 333.03393349020325], [662.9091142398952, 333.03393349020325], [662.9091142398952, 533.0339334902033], [462.90911423989513, 613.0339334902033], [462.90911423989513, 333.03393349020325]], [[654.1574082205439, 696.5346158979437], [494.15740822054386, 616.5346158979437], [654.1574082205439, 536.5346158979437], [654.1574082205439, 696.5346158979437]], [[435.02030944424996, 200.0], [435.02030944424996, 480.0], [195.02030944424996, 340.0], [435.02030944424996, 200.0]]]"
Wed Jul 22 21:33:03 2020,2,1,True,681.2229674695751,0.8367304498221537,"[0, 0, 0, 1, 2, 0, 0, 1, 3, 2, 3, 3]","[[[0.0, 560.0], [200.0, 560.0], [200.0, 760.0], [0.0, 760.0], [0.0, 560.0]], [[480.0, 280.0], [680.0, 280.0], [680.0, 480.0], [480.0, 480.0], [480.0, 280.0]], [[383.06283902310474, 580.0], [663.0628390231047, 580.0], [663.0628390231047, 760.0], [383.06283902310474, 760.0], [383.06283902310474, 580.0]], [[447.49905818890306, 112.50094181109694], [447.49905818890306, 392.50094181109694], [307.49905818890306, 252.50094181109694], [447.49905818890306, 112.50094181109694]], [[480.0, 392.50094181109694], [480.0, 572.5009418110969], [200.0, 392.50094181109694], [480.0, 392.50094181109694]], [[0.0, 0.0], [280.0, 0.0], [280.0, 280.0], [0.0, 280.0], [0.0, 0.0]], [[0.0, 280.0], [200.0, 360.0], [200.0, 460.0], [0.0, 460.0], [0.0, 280.0]], [[180.0, 460.0], [180.0, 560.0], [0.0, 560.0], [0.0, 460.0], [180.0, 460.0]], [[280.0, 280.0], [280.0, 0.0], [560.0, 0.0], [280.0, 280.0]], [[680.0, 280.0], [480.0, 280.0], [480.0, 80.0], [680.0, 0.0], [680.0, 280.0]], [[367.49905818890306, 760.0], [207.49905818890306, 680.0], [367.49905818890306, 600.0], [367.49905818890306, 760.0]], [[200.0, 686.7866560968112], [200.0, 406.78665609681116], [440.0, 546.7866560968112], [200.0, 686.7866560968112]]]"
Wed Jul 22 21:33:06 2020,2,0,True,653.9740487707921,0.8715942185647435,"[0, 0, 0, 1, 2, 0, 0, 1, 3, 2, 3, 3]","[[[0.0, 560.0], [200.0, 560.0], [200.0, 760.0], [0.0, 760.0], [0.0, 560.0]], [[453.97404877079214, 306.02595122920786], [653.9740487707921, 306.02595122920786], [653.9740487707921, 506.02595122920786], [453.97404877079214, 506.02595122920786], [453.97404877079214, 306.02595122920786]], [[373.97404877079214, 580.0], [653.9740487707921, 580.0], [653.9740487707921, 760.0], [373.97404877079214, 760.0], [373.97404877079214, 580.0]], [[453.97404877079214, 102.22222222222217], [453.97404877079214, 382.2222222222222], [313.97404877079214, 242.22222222222217], [453.97404877079214, 102.22222222222217]], [[351.75182654856997, 280.0], [351.75182654856997, 460.0], [71.75182654856997, 280.0], [351.75182654856997, 280.0]], [[0.0, 0.0], [280.0, 0.0], [280.0, 280.0], [0.0, 280.0], [0.0, 0.0]], [[0.0, 280.0], [200.0, 360.0], [200.0, 460.0], [0.0, 460.0], [0.0, 280.0]], [[180.0, 460.0], [180.0, 560.0], [0.0, 560.0], [0.0, 460.0], [180.0, 460.0]], [[280.0, 280.0], [280.0, 0.0], [560.0, 0.0], [280.0, 280.0]], [[653.9740487707921, 306.02595122920786], [453.97404877079214, 306.02595122920786], [453.97404877079214, 106.02595122920786], [653.9740487707921, 26.025951229207863], [653.9740487707921, 306.02595122920786]], [[367.49905818890306, 760.0], [207.49905818890306, 680.0], [367.49905818890306, 600.0], [367.49905818890306, 760.0]], [[200.0, 661.251098779613], [200.0, 381.251098779613], [440.0, 521.251098779613], [200.0, 661.251098779613]]]"
Wed Jul 22 21:33:29 2020,2,1,True,660.5137892585001,0.8629645728363796,"[0, 0, 1, 1, 1, 0, 0, 1, 3, 1, 0, 1]","[[[0.0, 560.0], [200.0, 560.0], [200.0, 760.0], [0.0, 760.0], [0.0, 560.0]], [[432.8571428571429, 352.5], [632.8571428571429, 352.5], [632.8571428571429, 552.5], [432.8571428571429, 552.5], [432.8571428571429, 352.5]], [[432.85714285714283, 280.0], [432.85714285714283, 560.0], [252.85714285714283, 560.0], [252.85714285714283, 280.0], [432.85714285714283, 280.0]], [[252.85714285714283, 280.0], [252.85714285714283, 560.0], [112.85714285714283, 420.0], [252.85714285714283, 280.0]], [[0.0, 280.0], [180.0, 280.0], [0.0, 560.0], [0.0, 280.0]], [[0.0, 0.0], [280.0, 0.0], [280.0, 280.0], [0.0, 280.0], [0.0, 0.0]], [[200.0, 542.6516271537429], [400.0, 622.6516271537429], [400.0, 722.6516271537429], [200.0, 722.6516271537429], [200.0, 542.6516271537429]], [[612.8571428571429, 252.50000000000006], [612.8571428571429, 352.50000000000006], [432.8571428571429, 352.50000000000006], [432.8571428571429, 252.50000000000006], [612.8571428571429, 252.50000000000006]], [[280.0, 280.0], [280.0, 0.0], [560.0, 0.0], [280.0, 280.0]], [[660.5137892585001, 560.0], [660.5137892585001, 760.0], [460.5137892585001, 760.0], [380.5137892585001, 560.0], [660.5137892585001, 560.0]], [[22.857142857142833, 560.0], [102.85714285714283, 400.0], [182.85714285714283, 560.0], [22.857142857142833, 560.0]], [[660.0, 0.0], [660.0, 280.0], [420.0, 140.0], [660.0, 0.0]]]"
Wed Jul 22 21:33:50 2020,2,1,True,667.1189271510851,0.8544203691449302,"[0, 0, 0, 2, 1, 0, 1, 1, 0, 3, 0, 0]","[[[467.11892715108513, 0.0], [667.1189271510851, 0.0], [667.1189271510851, 200.0], [467.11892715108513, 200.0], [467.11892715108513, 0.0]], [[467.11892715108513, 200.0], [667.1189271510851, 200.0], [667.1189271510851, 400.0], [467.11892715108513, 400.0], [467.11892715108513, 200.0]], [[0.0, 0.0], [280.0, 0.0], [280.0, 180.0], [0.0, 180.0], [0.0, 0.0]], [[342.60869565217394, 462.6086956521739], [62.608695652173935, 462.6086956521739], [202.60869565217394, 322.6086956521739], [342.60869565217394, 462.6086956521739]], [[0.0, 280.0], [180.0, 280.0], [0.0, 560.0], [0.0, 280.0]], [[382.6086956521739, 448.42105263157896], [662.6086956521739, 448.42105263157896], [662.6086956521739, 728.421052631579], [382.6086956521739, 728.421052631579], [382.6086956521739, 448.42105263157896]], [[460.0, 0.0], [380.0, 200.0], [280.0, 200.0], [280.0, 0.0], [460.0, 0.0]], [[180.0, 180.0], [180.0, 280.0], [0.0, 280.0], [0.0, 180.0], [180.0, 180.0]], [[102.60869565217388, 462.6086956521739], [382.6086956521739, 462.6086956521739], [382.6086956521739, 742.6086956521739], [102.60869565217388, 462.6086956521739]], [[0.0, 760.0], [0.0, 560.0], [200.0, 560.0], [280.0, 760.0], [0.0, 760.0]], [[328.42105263157896, 448.4210526315789], [408.42105263157896, 288.4210526315789], [488.42105263157896, 448.4210526315789], [328.42105263157896, 448.4210526315789]], [[180.0, 199.99999999999994], [460.0, 199.99999999999994], [320.0, 439.99999999999994], [180.0, 199.99999999999994]]]"
Wed Jul 22 21:34:06 2020,2,1,True,673.790116422596,0.8459607615296338,"[0, 0, 1, 2, 3, 0, 3, 1, 0, 0, 1, 0]","[[[0.0, 560.0], [200.0, 560.0], [200.0, 760.0], [0.0, 760.0], [0.0, 560.0]], [[0.0, 360.0], [200.0, 360.0], [200.0, 560.0], [0.0, 560.0], [0.0, 360.0]], [[380.0, 480.0], [380.0, 760.0], [200.0, 760.0], [200.0, 480.0], [380.0, 480.0]], [[553.8941363340123, 166.10586366598773], [273.8941363340123, 166.10586366598773], [413.8941363340123, 26.105863665987727], [553.8941363340123, 166.10586366598773]], [[673.790116422596, 760.0], [493.79011642259604, 760.0], [673.790116422596, 480.0], [673.790116422596, 760.0]], [[230.0, 166.10586366598773], [510.0, 166.10586366598773], [510.0, 446.1058636659877], [230.0, 446.1058636659877], [230.0, 166.10586366598773]], [[493.79011642259604, 480.0], [573.790116422596, 280.0], [673.790116422596, 280.0], [673.790116422596, 480.0], [493.79011642259604, 480.0]], [[230.0, 260.0], [230.0, 360.0], [50.0, 360.0], [50.0, 260.0], [230.0, 260.0]], [[387.78827266802455, 0.0], [667.7882726680245, 0.0], [667.7882726680245, 280.0], [387.78827266802455, 0.0]], [[0.0, 0.0], [200.0, 0.0], [200.0, 200.0], [0.0, 280.0], [0.0, 0.0]], [[200.0, 0.0], [360.0, 80.0], [200.0, 160.0], [200.0, 0.0]], [[379.5044021368817, 480.0], [659.5044021368817, 480.0], [519.5044021368817, 720.0], [379.5044021368817, 480.0]]]"
Wed Jul 22 21:34:22 2020,2,1,True,680.528017586822,0.8375849124055781,"[0, 0, 0, 3, 0, 0, 3, 1, 0, 2, 1, 1]","[[[0.0, 0.0], [200.0, 0.0], [200.0, 200.0], [0.0, 200.0], [0.0, 0.0]], [[0.0, 199.80498870771885], [200.0, 199.80498870771885], [200.0, 399.80498870771885], [0.0, 399.80498870771885], [0.0, 199.80498870771885]], [[200.0, 379.80498870771885], [480.0, 379.80498870771885], [480.0, 559.8049887077188], [200.0, 559.8049887077188], [200.0, 379.80498870771885]], [[480.0, 380.528017586822], [480.0, 100.52801758682199], [620.0, 240.528017586822], [480.0, 380.528017586822]], [[200.0, 739.8049887077188], [200.0, 559.8049887077188], [480.0, 739.8049887077188], [200.0, 739.8049887077188]], [[200.0, 99.80498870771885], [480.0, 99.80498870771885], [480.0, 379.80498870771885], [200.0, 379.80498870771885], [200.0, 99.80498870771885]], [[500.528017586822, 480.0], [580.528017586822, 280.0], [680.528017586822, 280.0], [680.528017586822, 480.0], [500.528017586822, 480.0]], [[380.0, 0.0], [380.0, 100.0], [200.0, 100.0], [200.0, 0.0], [380.0, 0.0]], [[393.25664009289744, 0.0], [673.2566400928974, 0.0], [673.2566400928974, 280.0], [393.25664009289744, 0.0]], [[200.0, 760.0], [0.0, 760.0], [0.0, 560.0], [200.0, 480.0], [200.0, 760.0]], [[0.0, 400.0], [160.0, 480.0], [0.0, 560.0], [0.0, 400.0]], [[680.528017586822, 480.0], [680.528017586822, 760.0], [440.528017586822, 620.0], [680.528017586822, 480.0]]]"
Wed Jul 22 21:34:42 2020,2,1,True,687.3332977626902,0.8292919924807703,"[0, 0, 0, 1, 3, 0, 0, 1, 1, 3, 1, 0]","[[[487.3332977626901, 0.0], [687.3332977626901, 0.0], [687.3332977626901, 200.0], [487.3332977626901, 200.0], [487.3332977626901, 0.0]], [[7.333297762690108, 0.0], [207.3332977626901, 0.0], [207.3332977626901, 200.0], [7.333297762690108, 200.0], [7.333297762690108, 0.0]], [[140.0, 286.33335111865495], [420.0, 286.33335111865495], [420.0, 466.33335111865495], [140.0, 466.33335111865495], [140.0, 286.33335111865495]], [[140.0, 200.0], [140.0, 480.0], [0.0, 340.0], [140.0, 200.0]], [[486.14282157221396, 760.0], [306.14282157221396, 760.0], [486.14282157221396, 480.0], [486.14282157221396, 760.0]], [[207.3332977626901, 0.0], [487.3332977626901, 0.0], [487.3332977626901, 280.0], [207.3332977626901, 280.0], [207.3332977626901, 0.0]], [[486.14282157221396, 480.0], [686.142821572214, 560.0], [686.142821572214, 660.0], [486.14282157221396, 660.0], [486.14282157221396, 480.0]], [[680.4285358579282, 660.0], [680.4285358579282, 760.0], [500.4285358579282, 760.0], [500.4285358579282, 660.0], [680.4285358579282, 660.0]], [[687.3332977626901, 200.0], [687.3332977626901, 480.0], [407.3332977626901, 480.0], [687.3332977626901, 200.0]], [[26.14282157221396, 760.0], [26.14282157221396, 560.0], [226.14282157221396, 560.0], [306.14282157221396, 760.0], [26.14282157221396, 760.0]], [[0.0, 413.071410786107], [160.0, 493.071410786107], [0.0, 573.071410786107], [0.0, 413.071410786107]], [[180.16666666666669, 480.0], [460.1666666666667, 480.0], [320.1666666666667, 720.0], [180.16666666666669, 480.0]]]"
Wed Jul 22 21:34:50 2020,2,0,True,659.8399658521826,0.8638458255008025,"[0, 0, 0, 3, 1, 0, 1, 0, 1, 3, 0, 0]","[[[458.02013217823446, 0.0], [658.0201321782345, 0.0], [658.0201321782345, 200.0], [458.02013217823446, 200.0], [458.02013217823446, 0.0]], [[100.0, 280.0], [300.0, 280.0], [300.0, 480.0], [100.0, 480.0], [100.0, 280.0]], [[379.83996585218256, 580.0], [659.8399658521826, 580.0], [659.8399658521826, 760.0], [379.83996585218256, 760.0], [379.83996585218256, 580.0]], [[480.0, 480.0], [480.0, 200.0], [620.0, 340.0], [480.0, 480.0]], [[0.0, 0.0], [180.0, 0.0], [0.0, 280.0], [0.0, 0.0]], [[180.0, 0.0], [460.0, 0.0], [460.0, 280.0], [180.0, 280.0], [180.0, 0.0]], [[480.0, 280.0], [400.0, 480.0], [300.0, 480.0], [300.0, 280.0], [480.0, 280.0]], [[0.0, 300.16003414781744], [100.0, 300.16003414781744], [100.0, 480.16003414781744], [0.0, 480.16003414781744], [0.0, 300.16003414781744]], [[659.8399658521826, 300.0], [659.8399658521826, 580.0], [379.83996585218256, 580.0], [659.8399658521826, 300.0]], [[0.0, 759.751057992284], [0.0, 559.751057992284], [200.0, 559.751057992284], [280.0, 759.751057992284], [0.0, 759.751057992284]], [[22.857142857142946, 280.0], [102.85714285714295, 120.0], [182.85714285714295, 280.0], [22.857142857142946, 280.0]], [[153.47854950450102, 480.0], [433.478549504501, 480.0], [293.478549504501, 720.0], [153.47854950450102, 480.0]]]"
Wed Jul 22 21:35:33 2020,2,3,True,666.4383655107044,0.8552928965354479,"[0, 0, 1, 2, 2, 0, 2, 1, 3, 3, 1, 3]","[[[459.84741346784017, 313.56163448929556], [659.8474134678402, 313.56163448929556], [659.8474134678402, 513.5616344892956], [459.84741346784017, 513.5616344892956], [459.84741346784017, 313.56163448929556]], [[466.43836551070444, 13.561634489295557], [666.4383655107044, 13.561634489295557], [666.4383655107044, 213.56163448929556], [466.43836551070444, 213.56163448929556], [466.43836551070444, 13.561634489295557]], [[459.8474134678401, 200.0], [459.8474134678401, 480.0], [279.8474134678401, 480.0], [279.8474134678401, 200.0], [459.8474134678401, 200.0]], [[660.0, 760.0], [380.0, 760.0], [520.0, 620.0], [660.0, 760.0]], [[634.4292092055709, 513.5616344892956], [634.4292092055709, 693.5616344892956], [354.42920920557094, 513.5616344892956], [634.4292092055709, 513.5616344892956]], [[0.0, 480.0], [280.0, 480.0], [280.0, 760.0], [0.0, 760.0], [0.0, 480.0]], [[200.0, 180.0], [0.0, 100.0], [0.0, 0.0], [200.0, 0.0], [200.0, 180.0]], [[666.4383655107044, 213.56163448929556], [666.4383655107044, 313.56163448929556], [486.43836551070444, 313.56163448929556], [486.43836551070444, 213.56163448929556], [666.4383655107044, 213.56163448929556]], [[200.0, 280.0], [200.0, 0.0], [480.0, 0.0], [200.0, 280.0]], [[0.0, 480.0], [0.0, 280.0], [200.0, 280.0], [280.0, 480.0], [0.0, 480.0]], [[0.0, 100.0], [160.0, 180.0], [0.0, 260.0], [0.0, 100.0]], [[280.0, 760.0], [280.0, 480.0], [520.0, 620.0], [280.0, 760.0]]]"



Wed Jul 22 21:36:18 2020,2,开始运行[全局邻域-检验重叠] 初始利用率,0.7746751124110888
Wed Jul 22 21:36:18 2020,2,0,True,706.3606294216704,0.8069532420948842,"[0, 0, 1, 2, 1, 0, 0, 0, 1, 2, 0, 0]","[[[0.0, 0.0], [200.0, 0.0], [200.0, 200.0], [0.0, 200.0]], [[0.0, 200.0], [200.0, 200.0], [200.0, 400.0], [0.0, 400.0]], [[446.3606294216704, 460.0], [446.3606294216704, 740.0], [266.3606294216704, 740.0], [266.3606294216704, 460.0], [446.3606294216704, 460.0]], [[280.0, 753.6393705783296], [0.0, 753.6393705783296], [140.0, 613.6393705783296], [280.0, 753.6393705783296]], [[446.3606294216704, 460.0], [626.3606294216704, 460.0], [446.3606294216704, 740.0], [446.3606294216704, 460.0]], [[210.0, 180.0], [490.0, 180.0], [490.0, 460.0], [210.0, 460.0], [210.0, 180.0]], [[200.0, 0.0], [400.0, 80.0], [400.0, 180.0], [200.0, 180.0], [200.0, 0.0]], [[0.0, 400.0], [100.0, 400.0], [100.0, 580.0], [0.0, 580.0], [0.0, 400.0]], [[706.3606294216704, 480.0], [706.3606294216704, 760.0], [426.3606294216704, 760.0], [706.3606294216704, 480.0]], [[706.3606294216704, 463.99999999999994], [506.3606294216704, 463.99999999999994], [506.3606294216704, 263.99999999999994], [706.3606294216704, 183.99999999999994], [706.3606294216704, 463.99999999999994]], [[100.0, 560.0], [180.0, 400.0], [260.0, 560.0], [100.0, 560.0]], [[426.3606294216704, 0.0], [706.3606294216704, 0.0], [566.3606294216704, 240.0]]]"
Wed Jul 22 21:36:21 2020,2,0,True,678.1062042448036,0.8405762938488377,"[0, 0, 1, 3, 1, 0, 0, 1, 1, 2, 0, 0]","[[[0.0, 0.0], [200.0, 0.0], [200.0, 200.0], [0.0, 200.0]], [[0.0, 200.0], [200.0, 200.0], [200.0, 400.0], [0.0, 400.0]], [[418.1062042448036, 460.0], [418.1062042448036, 740.0], [238.10620424480362, 740.0], [238.10620424480362, 460.0], [418.1062042448036, 460.0]], [[0.0, 760.0], [0.0, 480.0], [140.0, 620.0], [0.0, 760.0]], [[418.1062042448036, 460.0], [598.1062042448036, 460.0], [418.1062042448036, 740.0], [418.1062042448036, 460.0]], [[200.0, 180.0], [480.0, 180.0], [480.0, 460.0], [200.0, 460.0], [200.0, 180.0]], [[200.0, 0.0], [400.0, 80.0], [400.0, 180.0], [200.0, 180.0], [200.0, 0.0]], [[200.0, 400.0], [200.0, 500.0], [20.0, 500.0], [20.0, 400.0], [200.0, 400.0]], [[678.1062042448036, 480.0], [678.1062042448036, 760.0], [398.1062042448036, 760.0], [678.1062042448036, 480.0]], [[678.1062042448036, 460.0], [478.1062042448036, 460.0], [478.1062042448036, 260.0], [678.1062042448036, 180.0], [678.1062042448036, 460.0]], [[70.0, 760.0], [150.0, 600.0], [230.0, 760.0], [70.0, 760.0]], [[375.0, 0.0], [655.0, 0.0], [515.0, 240.0], [375.0, 0.0]]]"
Wed Jul 22 21:36:44 2020,2,1,True,684.8872662872517,0.8322537562859779,"[0, 0, 1, 0, 1, 0, 3, 0, 1, 2, 3, 3]","[[[284.8872662872517, 0.0], [484.8872662872517, 0.0], [484.8872662872517, 200.0], [284.8872662872517, 200.0], [284.8872662872517, 0.0]], [[484.8872662872517, 0.0], [684.8872662872517, 0.0], [684.8872662872517, 200.0], [484.8872662872517, 200.0], [484.8872662872517, 0.0]], [[560.0, 480.0], [560.0, 760.0], [380.0, 760.0], [380.0, 480.0], [560.0, 480.0]], [[13.058265854431397, 275.9506550817516], [293.0582658544314, 275.9506550817516], [153.0582658544314, 415.9506550817516], [13.058265854431397, 275.9506550817516]], [[0.0, 0.0], [180.0, 0.0], [0.0, 280.0], [0.0, 0.0]], [[313.0582658544314, 200.0], [593.0582658544314, 200.0], [593.0582658544314, 480.0], [313.0582658544314, 480.0], [313.0582658544314, 200.0]], [[0.0, 760.0], [80.0, 560.0], [180.0, 560.0], [180.0, 760.0], [0.0, 760.0]], [[560.0, 480.0], [660.0, 480.0], [660.0, 660.0], [560.0, 660.0], [560.0, 480.0]], [[284.8872662872517, 0.0], [284.8872662872517, 280.0], [4.887266287251691, 280.0], [284.8872662872517, 0.0]], [[380.0, 760.0], [180.0, 760.0], [180.0, 560.0], [380.0, 480.0], [380.0, 760.0]], [[313.0582658544314, 495.9506550817516], [153.0582658544314, 415.9506550817516], [313.0582658544314, 335.9506550817516], [313.0582658544314, 495.9506550817516]], [[0.0, 606.6666666666666], [0.0, 326.66666666666663], [240.0, 466.66666666666663], [0.0, 606.6666666666666]]]"
Wed Jul 22 21:37:04 2020,2,1,True,691.7361389501242,0.8240136200851266,"[0, 0, 1, 1, 2, 0, 2, 1, 2, 1, 1, 3]","[[[0.0, 0.0], [200.0, 0.0], [200.0, 200.0], [0.0, 200.0], [0.0, 0.0]], [[211.7361389501242, 560.0], [411.7361389501242, 560.0], [411.7361389501242, 760.0], [211.7361389501242, 760.0], [211.7361389501242, 560.0]], [[663.0445803867964, 200.0], [663.0445803867964, 480.0], [483.0445803867964, 480.0], [483.0445803867964, 200.0], [663.0445803867964, 200.0]], [[203.04458038679635, 236.95541961320362], [203.04458038679635, 516.9554196132036], [63.044580386796355, 376.9554196132036], [203.04458038679635, 236.95541961320362]], [[691.7361389501242, 480.0], [691.7361389501242, 660.0], [411.7361389501242, 480.0], [691.7361389501242, 480.0]], [[203.04458038679638, 180.0], [483.0445803867964, 180.0], [483.0445803867964, 460.0], [203.04458038679638, 460.0], [203.04458038679638, 180.0]], [[411.7361389501242, 180.0], [211.7361389501242, 100.0], [211.7361389501242, 0.0], [411.7361389501242, 0.0], [411.7361389501242, 180.0]], [[211.7361389501242, 660.0], [211.7361389501242, 760.0], [31.7361389501242, 760.0], [31.7361389501242, 660.0], [211.7361389501242, 660.0]], [[691.7361389501242, 760.0], [411.7361389501242, 760.0], [411.7361389501242, 480.0], [691.7361389501242, 760.0]], [[691.7361389501242, 0.0], [691.7361389501242, 200.0], [491.7361389501242, 200.0], [411.7361389501242, 0.0], [691.7361389501242, 0.0]], [[0.0, 200.0], [160.0, 280.0], [0.0, 360.0], [0.0, 200.0]], [[0.0, 678.5127477209057], [0.0, 398.51274772090574], [240.0, 538.5127477209057], [0.0, 678.5127477209057]]]"
Wed Jul 22 21:37:13 2020,2,1,True,698.6535003396255,0.8158550693912144,"[0, 0, 1, 0, 1, 0, 3, 1, 2, 1, 3, 2]","[[[464.0517564646034, 0.0], [664.0517564646034, 0.0], [664.0517564646034, 200.0], [464.0517564646034, 200.0], [464.0517564646034, 0.0]], [[0.0, 160.0], [200.0, 160.0], [200.0, 360.0], [0.0, 360.0], [0.0, 160.0]], [[670.3240258197848, 200.0], [670.3240258197848, 480.0], [490.32402581978477, 480.0], [490.32402581978477, 200.0], [670.3240258197848, 200.0]], [[318.65350033962545, 480.0], [598.6535003396255, 480.0], [458.65350033962545, 620.0], [318.65350033962545, 480.0]], [[0.0, 415.68322275052844], [180.0, 415.68322275052844], [0.0, 695.6832227505284], [0.0, 415.68322275052844]], [[210.32402581978477, 200.0], [490.32402581978477, 200.0], [490.32402581978477, 480.0], [210.32402581978477, 480.0], [210.32402581978477, 200.0]], [[518.6535003396255, 680.0], [598.6535003396255, 480.0], [698.6535003396255, 480.0], [698.6535003396255, 680.0], [518.6535003396255, 680.0]], [[202.93921462533964, 660.0], [202.93921462533964, 760.0], [22.939214625339645, 760.0], [22.939214625339645, 660.0], [202.93921462533964, 660.0]], [[598.6535003396255, 760.0], [318.65350033962545, 760.0], [318.65350033962545, 480.0], [598.6535003396255, 760.0]], [[464.0517564646034, 0.0], [464.0517564646034, 200.0], [264.0517564646034, 200.0], [184.0517564646034, 0.0], [464.0517564646034, 0.0]], [[184.0517564646034, 160.0], [24.051756464603386, 80.0], [184.0517564646034, 0.0], [184.0517564646034, 160.0]], [[316.228338940874, 661.5502510647244], [36.22833894087398, 661.5502510647244], [176.22833894087398, 421.5502510647244], [316.228338940874, 661.5502510647244]]]"
Wed Jul 22 21:37:14 2020,2,0,True,670.7073603260404,0.8498490306158484,"[0, 0, 1, 0, 1, 0, 3, 1, 2, 1, 3, 2]","[[[464.0517564646034, 0.0], [664.0517564646034, 0.0], [664.0517564646034, 200.0], [464.0517564646034, 200.0], [464.0517564646034, 0.0]], [[0.0, 160.0], [200.0, 160.0], [200.0, 360.0], [0.0, 360.0], [0.0, 160.0]], [[670.3240258197848, 200.0], [670.3240258197848, 480.0], [490.32402581978477, 480.0], [490.32402581978477, 200.0], [670.3240258197848, 200.0]], [[290.7073603260403, 480.0], [570.7073603260403, 480.0], [430.7073603260403, 620.0], [290.7073603260403, 480.0]], [[0.0, 360.0], [180.0, 360.0], [0.0, 640.0], [0.0, 360.0]], [[210.3240258197847, 200.0], [490.3240258197847, 200.0], [490.3240258197847, 480.0], [210.3240258197847, 480.0], [210.3240258197847, 200.0]], [[490.70736032604043, 680.0], [570.7073603260404, 480.0], [670.7073603260404, 480.0], [670.7073603260404, 680.0], [490.70736032604043, 680.0]], [[202.93921462533964, 660.0], [202.93921462533964, 760.0], [22.939214625339645, 760.0], [22.939214625339645, 660.0], [202.93921462533964, 660.0]], [[570.7073603260403, 760.0], [290.7073603260403, 760.0], [290.7073603260403, 480.0], [570.7073603260403, 760.0]], [[464.0517564646034, 0.0], [464.0517564646034, 200.0], [264.0517564646034, 200.0], [184.0517564646034, 0.0], [464.0517564646034, 0.0]], [[184.0517564646034, 160.0], [24.051756464603386, 80.0], [184.0517564646034, 0.0], [184.0517564646034, 160.0]], [[290.7073603260403, 660.0], [10.707360326040316, 660.0], [150.70736032604032, 420.0], [290.7073603260403, 660.0]]]"
Wed Jul 22 21:37:26 2020,2,1,True,677.4144339293008,0.8414346837780677,"[0, 0, 1, 1, 1, 0, 1, 0, 2, 3, 0, 0]","[[[180.0, 0.0], [380.0, 0.0], [380.0, 200.0], [180.0, 200.0], [180.0, 0.0]], [[0.0, 560.0], [200.0, 560.0], [200.0, 760.0], [0.0, 760.0], [0.0, 560.0]], [[660.0, 200.0], [660.0, 480.0], [480.0, 480.0], [480.0, 200.0], [660.0, 200.0]], [[140.0, 140.0], [140.0, 420.0], [0.0, 280.0], [140.0, 140.0]], [[0.0, 0.0], [180.0, 0.0], [0.0, 280.0], [0.0, 0.0]], [[200.0, 200.0], [480.0, 200.0], [480.0, 480.0], [200.0, 480.0], [200.0, 200.0]], [[560.0, 0.0], [480.0, 200.0], [380.0, 200.0], [380.0, 0.0], [560.0, 0.0]], [[552.0, 20.0], [652.0, 20.0], [652.0, 200.0], [552.0, 200.0], [552.0, 20.0]], [[280.0, 560.0], [0.0, 560.0], [0.0, 280.0], [280.0, 560.0]], [[199.76190476190467, 760.0], [199.76190476190467, 560.0], [399.7619047619047, 560.0], [479.7619047619047, 760.0], [199.76190476190467, 760.0]], [[483.095238095238, 760.0], [563.0952380952381, 600.0], [643.0952380952381, 760.0], [483.095238095238, 760.0]], [[353.095238095238, 480.0], [633.0952380952381, 480.0], [493.095238095238, 720.0], [353.095238095238, 480.0]]]"
Wed Jul 22 21:37:39 2020,2,1,True,684.1885782685938,0.8331036473050176,"[0, 0, 1, 1, 3, 0, 3, 0, 3, 2, 0, 0]","[[[90.31785657212879, 0.0], [290.3178565721288, 0.0], [290.3178565721288, 200.0], [90.31785657212879, 200.0], [90.31785657212879, 0.0]], [[470.3178565721288, 0.0], [670.3178565721288, 0.0], [670.3178565721288, 200.0], [470.3178565721288, 200.0], [470.3178565721288, 0.0]], [[684.1885782685938, 200.0], [684.1885782685938, 480.0], [504.1885782685938, 480.0], [504.1885782685938, 200.0], [684.1885782685938, 200.0]], [[681.6666666666667, 480.0], [681.6666666666667, 760.0], [541.6666666666667, 620.0], [681.6666666666667, 480.0]], [[280.0, 760.0], [100.0, 760.0], [280.0, 480.0], [280.0, 760.0]], [[224.1885782685938, 200.0], [504.1885782685938, 200.0], [504.1885782685938, 480.0], [224.1885782685938, 480.0], [224.1885782685938, 200.0]], [[290.3178565721288, 200.0], [370.3178565721288, 0.0], [470.3178565721288, 0.0], [470.3178565721288, 200.0], [290.3178565721288, 200.0]], [[280.0, 580.0], [380.0, 580.0], [380.0, 760.0], [280.0, 760.0], [280.0, 580.0]], [[0.0, 760.0], [0.0, 480.0], [280.0, 480.0], [0.0, 760.0]], [[200.0, 480.0], [0.0, 480.0], [0.0, 280.0], [200.0, 200.0], [200.0, 480.0]], [[451.6666666666667, 760.0], [531.6666666666667, 600.0], [611.6666666666667, 760.0], [451.6666666666667, 760.0]], [[321.6666666666667, 480.0], [601.6666666666667, 480.0], [461.6666666666667, 720.0], [321.6666666666667, 480.0]]]"
Wed Jul 22 21:37:48 2020,2,1,True,691.0304640512798,0.8248550963416016,"[0, 0, 0, 2, 3, 0, 3, 1, 3, 1, 2, 3]","[[[460.0, 360.0], [660.0, 360.0], [660.0, 560.0], [460.0, 560.0], [460.0, 360.0]], [[480.0, 560.0], [680.0, 560.0], [680.0, 760.0], [480.0, 760.0], [480.0, 560.0]], [[411.03046405127975, 20.0], [691.0304640512798, 20.0], [691.0304640512798, 200.0], [411.03046405127975, 200.0], [411.03046405127975, 20.0]], [[280.0, 760.0], [0.0, 760.0], [140.0, 620.0], [280.0, 760.0]], [[180.0, 478.1456038304125], [0.0, 478.1456038304125], [180.0, 198.14560383041248], [180.0, 478.1456038304125]], [[180.0, 200.0], [460.0, 200.0], [460.0, 480.0], [180.0, 480.0], [180.0, 200.0]], [[231.03046405127975, 200.0], [311.03046405127975, 0.0], [411.03046405127975, 0.0], [411.03046405127975, 200.0], [231.03046405127975, 200.0]], [[640.0, 260.0], [640.0, 360.0], [460.0, 360.0], [460.0, 260.0], [640.0, 260.0]], [[0.0, 760.0], [0.0, 480.0], [280.0, 480.0], [0.0, 760.0]], [[480.0, 560.0], [480.0, 760.0], [280.0, 760.0], [200.0, 560.0], [480.0, 560.0]], [[311.03046405127975, 0.0], [231.03046405127975, 160.0], [151.03046405127975, 0.0], [311.03046405127975, 0.0]], [[0.0, 303.1456038304125], [0.0, 23.145603830412483], [240.0, 163.14560383041248], [0.0, 303.1456038304125]]]"
Wed Jul 22 21:38:00 2020,2,1,True,697.9407686917925,0.8166882141996056,"[0, 0, 1, 2, 0, 0, 2, 1, 0, 2, 1, 1]","[[[497.9407686917925, 560.0], [697.9407686917925, 560.0], [697.9407686917925, 760.0], [497.9407686917925, 760.0], [497.9407686917925, 560.0]], [[200.0, 0.0], [400.0, 0.0], [400.0, 200.0], [200.0, 200.0], [200.0, 0.0]], [[180.0, 172.0], [180.0, 452.0], [0.0, 452.0], [0.0, 172.0], [180.0, 172.0]], [[432.0, 760.0], [152.0, 760.0], [292.0, 620.0], [432.0, 760.0]], [[0.0, 632.0], [0.0, 452.0], [280.0, 632.0], [0.0, 632.0]], [[180.0, 200.0], [460.0, 200.0], [460.0, 480.0], [180.0, 480.0], [180.0, 200.0]], [[200.0, 180.0], [0.0, 100.0], [0.0, 0.0], [200.0, 0.0], [200.0, 180.0]], [[180.0, 632.0], [180.0, 732.0], [0.0, 732.0], [0.0, 632.0], [180.0, 632.0]], [[217.94076869179253, 480.0], [497.9407686917925, 480.0], [497.9407686917925, 760.0], [217.94076869179253, 480.0]], [[697.9407686917925, 560.0], [497.9407686917925, 560.0], [497.9407686917925, 360.0], [697.9407686917925, 280.0], [697.9407686917925, 560.0]], [[400.0, 0.0], [560.0, 80.0], [400.0, 160.0], [400.0, 0.0]], [[697.9407686917925, 0.0], [697.9407686917925, 280.0], [457.9407686917925, 140.0], [697.9407686917925, 0.0]]]"
Wed Jul 22 21:38:01 2020,2,0,True,670.0231379441208,0.8507168897912558,"[0, 0, 1, 2, 0, 0, 2, 1, 0, 2, 1, 1]","[[[470.0231379441208, 560.0], [670.0231379441208, 560.0], [670.0231379441208, 760.0], [470.0231379441208, 760.0], [470.0231379441208, 560.0]], [[200.0, 0.0], [400.0, 0.0], [400.0, 200.0], [200.0, 200.0], [200.0, 0.0]], [[180.0, 172.0], [180.0, 452.0], [0.0, 452.0], [0.0, 172.0], [180.0, 172.0]], [[432.0, 760.0], [152.0, 760.0], [292.0, 620.0], [432.0, 760.0]], [[0.0, 632.0], [0.0, 452.0], [280.0, 632.0], [0.0, 632.0]], [[180.0, 200.0], [460.0, 200.0], [460.0, 480.0], [180.0, 480.0], [180.0, 200.0]], [[200.0, 180.0], [0.0, 100.0], [0.0, 0.0], [200.0, 0.0], [200.0, 180.0]], [[180.0, 632.0], [180.0, 732.0], [0.0, 732.0], [0.0, 632.0], [180.0, 632.0]], [[152.0, 480.0], [432.0, 480.0], [432.0, 760.0], [152.0, 480.0]], [[670.0231379441208, 560.0], [470.0231379441208, 560.0], [470.0231379441208, 360.0], [670.0231379441208, 280.0], [670.0231379441208, 560.0]], [[460.0, 170.8198361992629], [620.0, 250.8198361992629], [460.0, 330.8198361992629], [460.0, 170.8198361992629]], [[670.0231379441208, 0.0], [670.0231379441208, 280.0], [430.0231379441208, 140.0], [670.0231379441208, 0.0]]]"
Wed Jul 22 21:38:07 2020,2,1,True,676.723369323562,0.8422939502883722,"[0, 0, 1, 2, 1, 0, 3, 1, 0, 1, 0, 2]","[[[460.0, 480.0], [660.0, 480.0], [660.0, 680.0], [460.0, 680.0], [460.0, 480.0]], [[456.0617185991954, 0.0], [656.0617185991954, 0.0], [656.0617185991954, 200.0], [456.0617185991954, 200.0], [456.0617185991954, 0.0]], [[640.0, 200.0], [640.0, 480.0], [460.0, 480.0], [460.0, 200.0], [640.0, 200.0]], [[451.42857142857156, 760.0], [171.42857142857156, 760.0], [311.42857142857156, 620.0], [451.42857142857156, 760.0]], [[0.0, 9.845703502011531], [180.0, 9.845703502011531], [0.0, 289.84570350201153], [0.0, 9.845703502011531]], [[180.0, 200.0], [460.0, 200.0], [460.0, 480.0], [180.0, 480.0], [180.0, 200.0]], [[0.0, 397.50002448966586], [80.0, 197.50002448966586], [180.0, 197.50002448966586], [180.0, 397.50002448966586], [0.0, 397.50002448966586]], [[180.0, 651.4285714285714], [180.0, 751.4285714285714], [0.0, 751.4285714285714], [0.0, 651.4285714285714], [180.0, 651.4285714285714]], [[180.0, 480.0], [460.0, 480.0], [460.0, 760.0], [180.0, 480.0]], [[456.0617185991954, 0.0], [456.0617185991954, 200.0], [256.0617185991954, 200.0], [176.0617185991954, 0.0], [456.0617185991954, 0.0]], [[82.22222222222224, 197.50002448966586], [162.22222222222223, 37.50002448966586], [242.22222222222223, 197.50002448966586], [82.22222222222224, 197.50002448966586]], [[280.0, 651.4285714285714], [0.0, 651.4285714285714], [140.0, 411.42857142857144], [280.0, 651.4285714285714]]]"
Wed Jul 22 21:38:15 2020,2,1,True,683.4906030167976,0.833954406226111,"[0, 0, 1, 2, 3, 0, 1, 0, 0, 0, 2, 3]","[[[260.0, 0.0], [460.0, 0.0], [460.0, 200.0], [260.0, 200.0], [260.0, 0.0]], [[460.0, 0.0], [660.0, 0.0], [660.0, 200.0], [460.0, 200.0], [460.0, 0.0]], [[180.0, 180.0], [180.0, 460.0], [0.0, 460.0], [0.0, 180.0], [180.0, 180.0]], [[345.71428571428584, 760.0], [65.71428571428584, 760.0], [205.71428571428584, 620.0], [345.71428571428584, 760.0]], [[649.6544345506195, 759.9999999999999], [469.6544345506195, 759.9999999999999], [649.6544345506195, 479.9999999999999], [649.6544345506195, 759.9999999999999]], [[380.0, 199.83074345336468], [660.0, 199.83074345336468], [660.0, 479.8307434533647], [380.0, 479.8307434533647], [380.0, 199.83074345336468]], [[601.0830059791908, 480.0000000000001], [521.0830059791908, 680.0000000000001], [421.08300597919083, 680.0000000000001], [421.08300597919083, 480.0000000000001], [601.0830059791908, 480.0000000000001]], [[0.0, 0.0], [100.0, 0.0], [100.0, 180.0], [0.0, 180.0], [0.0, 0.0]], [[119.83074345336468, 479.8307434533647], [399.8307434533647, 479.8307434533647], [399.8307434533647, 759.8307434533647], [119.83074345336468, 479.8307434533647]], [[180.0, 199.83074345336468], [380.0, 199.83074345336468], [380.0, 399.8307434533647], [180.0, 479.8307434533647], [180.0, 199.83074345336468]], [[260.0, 0.0], [180.0, 160.0], [100.0, 0.0], [260.0, 0.0]], [[0.0, 740.0], [0.0, 460.0], [240.0, 600.0], [0.0, 740.0]]]"
Wed Jul 22 21:38:16 2020,2,0,True,656.1509788961257,0.8687025064855323,"[0, 0, 1, 2, 3, 0, 1, 0, 0, 0, 0, 3]","[[[256.1509788961257, 0.0], [456.1509788961257, 0.0], [456.1509788961257, 200.0], [256.1509788961257, 200.0], [256.1509788961257, 0.0]], [[456.1509788961257, 0.0], [656.1509788961257, 0.0], [656.1509788961257, 200.0], [456.1509788961257, 200.0], [456.1509788961257, 0.0]], [[180.0, 187.69804220774859], [180.0, 467.6980422077486], [0.0, 467.6980422077486], [0.0, 187.69804220774859], [180.0, 187.69804220774859]], [[358.9109294989977, 760.0], [78.91092949899769, 760.0], [218.9109294989977, 620.0], [358.9109294989977, 760.0]], [[649.6544345506195, 759.9999999999999], [469.6544345506195, 759.9999999999999], [649.6544345506195, 479.9999999999999], [649.6544345506195, 759.9999999999999]], [[376.1509788961257, 199.83074345336468], [656.1509788961257, 199.83074345336468], [656.1509788961257, 479.8307434533647], [376.1509788961257, 479.8307434533647], [376.1509788961257, 199.83074345336468]], [[601.0830059791908, 480.0000000000001], [521.0830059791908, 680.0000000000001], [421.08300597919083, 680.0000000000001], [421.08300597919083, 480.0000000000001], [601.0830059791908, 480.0000000000001]], [[0.0, 0.0], [100.0, 0.0], [100.0, 180.0], [0.0, 180.0], [0.0, 0.0]], [[119.83074345336468, 479.8307434533647], [399.8307434533647, 479.8307434533647], [399.8307434533647, 759.8307434533647], [119.83074345336468, 479.8307434533647]], [[180.0, 199.83074345336468], [380.0, 199.83074345336468], [380.0, 399.8307434533647], [180.0, 479.8307434533647], [180.0, 199.83074345336468]], [[96.15097889612571, 187.69804220774859], [176.1509788961257, 27.698042207748585], [256.1509788961257, 187.69804220774859], [96.15097889612571, 187.69804220774859]], [[0.0, 747.6980422077486], [0.0, 467.6980422077486], [240.0, 607.6980422077486], [0.0, 747.6980422077486]]]"
Wed Jul 22 21:38:42 2020,2,1,True,662.712488685087,0.8601014915698338,"[0, 0, 1, 2, 1, 0, 3, 0, 0, 0, 0, 3]","[[[200.0, 280.0], [400.0, 280.0], [400.0, 480.0], [200.0, 480.0], [200.0, 280.0]], [[400.0, 280.0], [600.0, 280.0], [600.0, 480.0], [400.0, 480.0], [400.0, 280.0]], [[380.0, 480.0], [380.0, 760.0], [200.0, 760.0], [200.0, 480.0], [380.0, 480.0]], [[560.0, 280.0], [280.0, 280.0], [420.0, 140.0], [560.0, 280.0]], [[0.0, 0.0], [180.0, 0.0], [0.0, 280.0], [0.0, 0.0]], [[380.0, 480.0], [660.0, 480.0], [660.0, 760.0], [380.0, 760.0], [380.0, 480.0]], [[0.0, 355.55555555555554], [80.0, 155.55555555555554], [180.0, 155.55555555555554], [180.0, 355.55555555555554], [0.0, 355.55555555555554]], [[562.712488685087, 20.0], [662.712488685087, 20.0], [662.712488685087, 200.0], [562.712488685087, 200.0], [562.712488685087, 20.0]], [[280.0, 0.0], [560.0, 0.0], [560.0, 280.0], [280.0, 0.0]], [[0.0, 355.55555555555554], [200.0, 355.55555555555554], [200.0, 555.5555555555555], [0.0, 635.5555555555555], [0.0, 355.55555555555554]], [[8.888888888888857, 760.0], [88.88888888888886, 600.0], [168.88888888888886, 760.0], [8.888888888888857, 760.0]], [[180.0, 280.0], [180.0, 0.0], [420.0, 140.0], [180.0, 280.0]]]"
Wed Jul 22 21:39:09 2020,2,1,True,669.3396135719379,0.8515856352176573,"[0, 0, 0, 0, 3, 0, 3, 1, 0, 3, 1, 3]","[[[189.3396135719379, 530.6603864280621], [389.3396135719379, 530.6603864280621], [389.3396135719379, 730.6603864280621], [189.3396135719379, 730.6603864280621], [189.3396135719379, 530.6603864280621]], [[0.0, 0.0], [200.0, 0.0], [200.0, 200.0], [0.0, 200.0], [0.0, 0.0]], [[196.00628023860457, 210.6603864280621], [476.0062802386046, 210.6603864280621], [476.0062802386046, 390.6603864280621], [196.00628023860457, 390.6603864280621], [196.00628023860457, 210.6603864280621]], [[190.6603864280621, 390.6603864280621], [470.6603864280621, 390.6603864280621], [330.6603864280621, 530.6603864280621], [190.6603864280621, 390.6603864280621]], [[189.3396135719379, 760.0], [9.339613571937889, 760.0], [189.3396135719379, 480.0], [189.3396135719379, 760.0]], [[389.3396135719379, 480.0], [669.3396135719379, 480.0], [669.3396135719379, 760.0], [389.3396135719379, 760.0], [389.3396135719379, 480.0]], [[489.3396135719379, 480.0], [569.3396135719379, 280.0], [669.3396135719379, 280.0], [669.3396135719379, 480.0], [489.3396135719379, 480.0]], [[180.0, 200.0], [180.0, 300.0], [0.0, 300.0], [0.0, 200.0], [180.0, 200.0]], [[389.3396135719379, 0.0], [669.3396135719379, 0.0], [669.3396135719379, 280.0], [389.3396135719379, 0.0]], [[200.0, 210.6603864280621], [200.0, 10.660386428062111], [400.0, 10.660386428062111], [480.0, 210.6603864280621], [200.0, 210.6603864280621]], [[476.0062802386046, 166.66666666666663], [636.0062802386046, 246.66666666666663], [476.0062802386046, 326.66666666666663], [476.0062802386046, 166.66666666666663]], [[0.0, 580.0], [0.0, 300.0], [240.0, 440.0], [0.0, 580.0]]]"
Wed Jul 22 21:39:36 2020,2,1,True,676.0330097076572,0.8431540942749082,"[0, 0, 0, 1, 3, 0, 1, 0, 2, 0, 2, 2]","[[[190.0, 180.0], [390.0, 180.0], [390.0, 380.0], [190.0, 380.0], [190.0, 180.0]], [[470.0, 0.0], [670.0, 0.0], [670.0, 200.0], [470.0, 200.0], [470.0, 0.0]], [[190.0, 0.0], [470.0, 0.0], [470.0, 180.0], [190.0, 180.0], [190.0, 0.0]], [[190.0, 110.0], [190.0, 390.0], [50.0, 250.0], [190.0, 110.0]], [[396.03300970765724, 759.9999999999999], [216.03300970765724, 759.9999999999999], [396.03300970765724, 479.9999999999999], [396.03300970765724, 759.9999999999999]], [[396.03300970765724, 479.9999999999999], [676.0330097076572, 479.9999999999999], [676.0330097076572, 759.9999999999999], [396.03300970765724, 759.9999999999999], [396.03300970765724, 479.9999999999999]], [[180.0, 0.0], [100.0, 200.0], [0.0, 200.0], [0.0, 0.0], [180.0, 0.0]], [[553.3333333333331, 200.0], [653.3333333333331, 200.0], [653.3333333333331, 380.0], [553.3333333333331, 380.0], [553.3333333333331, 200.0]], [[280.0, 480.0], [0.0, 480.0], [0.0, 200.0], [280.0, 480.0]], [[0.0, 480.0], [200.0, 480.0], [200.0, 680.0], [0.0, 760.0], [0.0, 480.0]], [[360.0, 500.0000000000002], [280.0, 660.0000000000002], [200.0, 500.0000000000002], [360.0, 500.0000000000002]], [[611.6666666666666, 480.0], [331.66666666666663, 480.0], [471.66666666666663, 240.0], [611.6666666666666, 480.0]]]"
Wed Jul 22 21:39:49 2020,2,1,True,682.7933398047338,0.8348060339355527,"[0, 0, 0, 0, 3, 0, 0, 0, 1, 0, 2, 3]","[[[0.0, 0.0], [200.0, 0.0], [200.0, 200.0], [0.0, 200.0], [0.0, 0.0]], [[0.0, 479.99999999999955], [200.0, 479.99999999999955], [200.0, 679.9999999999995], [0.0, 679.9999999999995], [0.0, 479.99999999999955]], [[200.0, 0.0], [480.0, 0.0], [480.0, 180.0], [200.0, 180.0], [200.0, 0.0]], [[299.99999999999955, 480.0], [579.9999999999995, 480.0], [439.99999999999955, 620.0], [299.99999999999955, 480.0]], [[636.0000000000001, 480.0], [456.0000000000001, 480.0], [636.0000000000001, 200.0], [636.0000000000001, 480.0]], [[0.0, 199.99999999999955], [280.0, 199.99999999999955], [280.0, 479.99999999999955], [0.0, 479.99999999999955], [0.0, 199.99999999999955]], [[480.0, 0.0], [680.0, 80.0], [680.0, 180.0], [480.0, 180.0], [480.0, 0.0]], [[582.7933398047338, 544.7274368968889], [682.7933398047338, 544.7274368968889], [682.7933398047338, 724.7274368968889], [582.7933398047338, 724.7274368968889], [582.7933398047338, 544.7274368968889]], [[579.9999999999995, 480.0], [579.9999999999995, 760.0], [299.99999999999955, 760.0], [579.9999999999995, 480.0]], [[280.0, 207.99999999999977], [480.0, 207.99999999999977], [480.0, 407.9999999999998], [280.0, 487.9999999999998], [280.0, 207.99999999999977]], [[626.0000000000001, 180.0], [546.0000000000001, 340.0], [466.0000000000001, 180.0], [626.0000000000001, 180.0]], [[200.0, 759.9999999999995], [200.0, 479.99999999999955], [440.0, 619.9999999999995], [200.0, 759.9999999999995]]]"
Wed Jul 22 21:40:08 2020,2,0,True,655.4816062125444,0.8695896186828675,"[0, 0, 0, 3, 1, 0, 3, 0, 1, 0, 0, 0]","[[[0.0, 0.0], [200.0, 0.0], [200.0, 200.0], [0.0, 200.0], [0.0, 0.0]], [[451.02237516961384, 507.6923076923076], [651.0223751696138, 507.6923076923076], [651.0223751696138, 707.6923076923076], [451.02237516961384, 707.6923076923076], [451.02237516961384, 507.6923076923076]], [[200.0, 0.0], [480.0, 0.0], [480.0, 180.0], [200.0, 180.0], [200.0, 0.0]], [[480.0, 384.5183937874556], [480.0, 104.51839378745558], [620.0, 244.51839378745558], [480.0, 384.5183937874556]], [[0.0, 480.0], [180.0, 480.0], [0.0, 760.0], [0.0, 480.0]], [[0.0, 200.0], [280.0, 200.0], [280.0, 480.0], [0.0, 480.0], [0.0, 200.0]], [[48.57142857142856, 760.0], [128.57142857142856, 560.0], [228.57142857142856, 560.0], [228.57142857142856, 760.0], [48.57142857142856, 760.0]], [[555.4816062125444, 0.0], [655.4816062125444, 0.0], [655.4816062125444, 180.0], [555.4816062125444, 180.0], [555.4816062125444, 0.0]], [[655.4816062125444, 204.51839378745558], [655.4816062125444, 484.5183937874556], [375.4816062125444, 484.5183937874556], [655.4816062125444, 204.51839378745558]], [[280.0, 180.0], [480.0, 180.0], [480.0, 380.0], [280.0, 460.0], [280.0, 180.0]], [[317.17622132346, 760.0], [397.17622132346, 600.0], [477.17622132346, 760.0], [317.17622132346, 760.0]], [[184.54049161411098, 484.5183937874556], [464.540491614111, 484.5183937874556], [324.540491614111, 724.5183937874556], [184.54049161411098, 484.5183937874556]]]"
Wed Jul 22 21:40:28 2020,2,1,True,662.0364222746699,0.8609798204780865,"[0, 0, 0, 2, 3, 0, 1, 1, 3, 1, 2, 1]","[[[280.0, 180.0], [480.0, 180.0], [480.0, 380.0], [280.0, 380.0], [280.0, 180.0]], [[0.0, 0.0], [200.0, 0.0], [200.0, 200.0], [0.0, 200.0], [0.0, 0.0]], [[197.96357772532997, 0.0], [477.96357772532997, 0.0], [477.96357772532997, 180.0], [197.96357772532997, 180.0], [197.96357772532997, 0.0]], [[280.0, 760.0], [0.0, 760.0], [140.0, 620.0], [280.0, 760.0]], [[660.0, 352.38778757273565], [480.0, 352.38778757273565], [660.0, 72.38778757273565], [660.0, 352.38778757273565]], [[0.0, 200.0], [280.0, 200.0], [280.0, 480.0], [0.0, 480.0], [0.0, 200.0]], [[657.96357772533, 1.1368683772161603e-13], [577.96357772533, 200.0000000000001], [477.96357772532997, 200.0000000000001], [477.96357772532997, 1.1368683772161603e-13], [657.96357772533, 1.1368683772161603e-13]], [[629.9999999999999, 460.0], [629.9999999999999, 560.0], [449.9999999999999, 560.0], [449.9999999999999, 460.0], [629.9999999999999, 460.0]], [[0.0, 760.0], [0.0, 480.0], [280.0, 480.0], [0.0, 760.0]], [[659.9999999999998, 560.0], [659.9999999999998, 760.0], [459.9999999999998, 760.0], [379.9999999999998, 560.0], [659.9999999999998, 560.0]], [[489.9999999999999, 380.0], [409.9999999999999, 540.0], [329.9999999999999, 380.0], [489.9999999999999, 380.0]], [[379.9999999999998, 479.9999999999999], [379.9999999999998, 759.9999999999999], [139.99999999999977, 619.9999999999999], [379.9999999999998, 479.9999999999999]]]"
Wed Jul 22 21:40:42 2020,2,1,True,668.6567864974166,0.8524552678000856,"[0, 0, 1, 2, 3, 0, 3, 0, 3, 0, 1, 1]","[[[180.0, 491.34321350258335], [380.0, 491.34321350258335], [380.0, 691.3432135025834], [180.0, 691.3432135025834], [180.0, 491.34321350258335]], [[468.65678649741665, 0.0], [668.6567864974166, 0.0], [668.6567864974166, 200.0], [468.65678649741665, 200.0], [468.65678649741665, 0.0]], [[180.0, 480.0], [180.0, 760.0], [0.0, 760.0], [0.0, 480.0], [180.0, 480.0]], [[668.6567864974166, 760.0], [388.65678649741665, 760.0], [528.6567864974166, 620.0], [668.6567864974166, 760.0]], [[180.0, 480.0], [0.0, 480.0], [180.0, 200.0], [180.0, 480.0]], [[180.0, 211.34321350258335], [460.0, 211.34321350258335], [460.0, 491.34321350258335], [180.0, 491.34321350258335], [180.0, 211.34321350258335]], [[188.65678649741665, 211.34321350258335], [268.65678649741665, 11.343213502583353], [368.65678649741665, 11.343213502583353], [368.65678649741665, 211.34321350258335], [188.65678649741665, 211.34321350258335]], [[368.65678649741665, 0.0], [468.65678649741665, 0.0], [468.65678649741665, 180.0], [368.65678649741665, 180.0], [368.65678649741665, 0.0]], [[0.0, 280.0], [0.0, 0.0], [280.0, 0.0], [0.0, 280.0]], [[460.0, 200.0], [660.0, 200.0], [660.0, 400.0], [460.0, 480.0], [460.0, 200.0]], [[380.0, 534.3283932487084], [540.0, 614.3283932487084], [380.0, 694.3283932487084], [380.0, 534.3283932487084]], [[655.5982441538558, 401.7607023384576], [655.5982441538558, 681.7607023384576], [415.59824415385583, 541.7607023384576], [655.5982441538558, 401.7607023384576]]]"
Wed Jul 22 21:40:54 2020,2,1,True,675.3433543623909,0.8440151166337482,"[0, 0, 1, 2, 2, 0, 1, 0, 2, 0, 0, 1]","[[[100.0, 0.0], [300.0, 0.0], [300.0, 200.0], [100.0, 200.0], [100.0, 0.0]], [[460.0, 0.0], [660.0, 0.0], [660.0, 200.0], [460.0, 200.0], [460.0, 0.0]], [[180.0, 200.0], [180.0, 480.0], [0.0, 480.0], [0.0, 200.0], [180.0, 200.0]], [[580.0, 760.0], [300.0, 760.0], [440.0, 620.0], [580.0, 760.0]], [[280.0, 480.0], [280.0, 660.0], [0.0, 480.0], [280.0, 480.0]], [[180.0, 200.0], [460.0, 200.0], [460.0, 480.0], [180.0, 480.0], [180.0, 200.0]], [[460.0, 480.0], [380.0, 680.0], [280.0, 680.0], [280.0, 480.0], [460.0, 480.0]], [[0.0, 20.0], [100.0, 20.0], [100.0, 200.0], [0.0, 200.0], [0.0, 20.0]], [[280.0, 760.0], [0.0, 760.0], [0.0, 480.0], [280.0, 760.0]], [[460.0, 200.0], [660.0, 200.0], [660.0, 400.0], [460.0, 480.0], [460.0, 200.0]], [[300.0, 160.0], [380.0, 0.0], [460.0, 160.0], [300.0, 160.0]], [[650.8108108108108, 462.9729729729729], [650.8108108108108, 742.9729729729729], [410.81081081081084, 602.9729729729729], [650.8108108108108, 462.9729729729729]]]"
Wed Jul 22 21:41:04 2020,2,1,True,682.0967879060148,0.8356585313205427,"[0, 0, 1, 3, 0, 0, 0, 0, 1, 1, 3, 3]","[[[480.0, 560.0], [680.0, 560.0], [680.0, 760.0], [480.0, 760.0], [480.0, 560.0]], [[300.0, 0.0], [500.0, 0.0], [500.0, 200.0], [300.0, 200.0], [300.0, 0.0]], [[680.0, 0.0], [680.0, 280.0], [500.0, 280.0], [500.0, 0.0], [680.0, 0.0]], [[450.0, 510.0], [450.0, 230.0], [590.0, 370.0], [450.0, 510.0]], [[0.0, 560.0], [0.0, 380.0], [280.0, 560.0], [0.0, 560.0]], [[170.0, 200.0], [450.0, 200.0], [450.0, 480.0], [170.0, 480.0], [170.0, 200.0]], [[0.0, 580.0], [200.0, 660.0], [200.0, 760.0], [0.0, 760.0], [0.0, 580.0]], [[70.79464670672945, 245.51084431146893], [170.79464670672945, 245.51084431146893], [170.79464670672945, 425.51084431146893], [70.79464670672945, 425.51084431146893], [70.79464670672945, 245.51084431146893]], [[680.0, 280.0], [680.0, 560.0], [400.0, 560.0], [680.0, 280.0]], [[440.0, 560.0], [440.0, 760.0], [240.0, 760.0], [160.0, 560.0], [440.0, 560.0]], [[285.47247733075244, 160.0], [125.47247733075244, 80.0], [285.47247733075244, 0.0], [285.47247733075244, 160.0]], [[0.0, 286.8077215570611], [0.0, 6.807721557061086], [240.0, 146.8077215570611], [0.0, 286.8077215570611]]]"
Wed Jul 22 21:41:18 2020,2,1,True,688.917755785075,0.8273846844757847,"[0, 0, 1, 1, 0, 0, 2, 0, 0, 0, 1, 2]","[[[0.0, 280.0], [200.0, 280.0], [200.0, 480.0], [0.0, 480.0], [0.0, 280.0]], [[480.0, 280.0], [680.0, 280.0], [680.0, 480.0], [480.0, 480.0], [480.0, 280.0]], [[180.0, 480.0], [180.0, 760.0], [0.0, 760.0], [0.0, 480.0], [180.0, 480.0]], [[671.6666666666666, 480.0], [671.6666666666666, 760.0], [531.6666666666666, 620.0], [671.6666666666666, 480.0]], [[300.0, 200.0], [300.0, 20.0], [580.0, 200.0], [300.0, 200.0]], [[200.0, 200.0], [480.0, 200.0], [480.0, 480.0], [200.0, 480.0], [200.0, 200.0]], [[200.0, 180.0], [0.0, 100.0], [0.0, 0.0], [200.0, 0.0], [200.0, 180.0]], [[200.0, 0.0], [300.0, 0.0], [300.0, 180.0], [200.0, 180.0], [200.0, 0.0]], [[380.0, 0.0], [660.0, 0.0], [660.0, 280.0], [380.0, 0.0]], [[180.0, 480.0], [380.0, 480.0], [380.0, 680.0], [180.0, 760.0], [180.0, 480.0]], [[0.0, 100.0], [160.0, 180.0], [0.0, 260.0], [0.0, 100.0]], [[613.3333333333333, 760.0], [333.33333333333326, 760.0], [473.33333333333326, 520.0], [613.3333333333333, 760.0]]]"
Wed Jul 22 21:41:26 2020,2,0,True,661.3610455536719,0.8618590463289425,"[0, 0, 1, 2, 0, 0, 1, 1, 0, 3, 2, 1]","[[[0.0, 200.0], [200.0, 200.0], [200.0, 400.0], [0.0, 400.0], [0.0, 200.0]], [[0.0, 400.0], [200.0, 400.0], [200.0, 600.0], [0.0, 600.0], [0.0, 400.0]], [[380.0, 480.0], [380.0, 760.0], [200.0, 760.0], [200.0, 480.0], [380.0, 480.0]], [[548.5714285714286, 171.42857142857133], [268.57142857142856, 171.42857142857133], [408.57142857142856, 31.42857142857133], [548.5714285714286, 171.42857142857133]], [[380.0, 760.0], [380.0, 580.0], [660.0, 760.0], [380.0, 760.0]], [[200.0, 200.0], [480.0, 200.0], [480.0, 480.0], [200.0, 480.0], [200.0, 200.0]], [[660.0, 278.63895444632806], [580.0, 478.63895444632806], [480.0, 478.63895444632806], [480.0, 278.63895444632806], [660.0, 278.63895444632806]], [[180.0, 600.0], [180.0, 700.0], [0.0, 700.0], [0.0, 600.0], [180.0, 600.0]], [[381.36104555367194, 0.0], [661.3610455536719, 0.0], [661.3610455536719, 280.0], [381.36104555367194, 0.0]], [[0.0, 200.0], [0.0, 0.0], [200.0, 0.0], [280.0, 200.0], [0.0, 200.0]], [[360.0, 0.0], [280.0, 160.0], [200.0, 0.0], [360.0, 0.0]], [[661.3610455536719, 466.5892435702176], [661.3610455536719, 746.5892435702176], [421.36104555367194, 606.5892435702176], [661.3610455536719, 466.5892435702176]]]"
Wed Jul 22 21:43:03 2020,2,5,True,667.9746560092086,0.8533257884444976,"[0, 0, 0, 3, 0, 0, 1, 0, 0, 2, 1, 1]","[[[0.0, 45.093396268474976], [200.0, 45.093396268474976], [200.0, 245.09339626847498], [0.0, 245.09339626847498], [0.0, 45.093396268474976]], [[466.6666666666664, 0.0], [666.6666666666664, 0.0], [666.6666666666664, 200.0], [466.6666666666664, 200.0], [466.6666666666664, 0.0]], [[0.0, 245.09339626847498], [280.0, 245.09339626847498], [280.0, 425.093396268475], [0.0, 425.093396268475], [0.0, 245.09339626847498]], [[280.0, 373.3333333333336], [280.0, 93.3333333333336], [420.0, 233.3333333333336], [280.0, 373.3333333333336]], [[380.0, 760.0], [380.0, 580.0], [660.0, 760.0], [380.0, 760.0]], [[0.0, 480.0], [280.0, 480.0], [280.0, 760.0], [0.0, 760.0], [0.0, 480.0]], [[660.0, 200.0], [580.0, 400.0], [480.0, 400.0], [480.0, 200.0], [660.0, 200.0]], [[280.0, 573.3333333333336], [380.0, 573.3333333333336], [380.0, 753.3333333333336], [280.0, 753.3333333333336], [280.0, 573.3333333333336]], [[186.6666666666664, 0.0], [466.6666666666664, 0.0], [466.6666666666664, 280.0], [186.6666666666664, 0.0]], [[480.0, 573.3333333333336], [280.0, 573.3333333333336], [280.0, 373.3333333333336], [480.0, 293.3333333333336], [480.0, 573.3333333333336]], [[480.0, 400.0], [640.0, 480.0], [480.0, 560.0], [480.0, 400.0]], [[662.1359223300973, 467.0873786407768], [662.1359223300973, 747.0873786407768], [422.1359223300973, 607.0873786407768], [662.1359223300973, 467.0873786407768]]]"
Wed Jul 22 21:43:19 2020,2,1,True,674.6544025693007,0.8448770182618788,"[0, 0, 1, 1, 3, 0, 0, 1, 2, 1, 0, 0]","[[[200.0, 560.0], [400.0, 560.0], [400.0, 760.0], [200.0, 760.0], [200.0, 560.0]], [[0.0, 560.0], [200.0, 560.0], [200.0, 760.0], [0.0, 760.0], [0.0, 560.0]], [[460.0, 259.456043776284], [460.0, 539.456043776284], [280.0, 539.456043776284], [280.0, 259.456043776284], [460.0, 259.456043776284]], [[622.2222222222222, 402.2222222222222], [622.2222222222222, 682.2222222222222], [482.2222222222222, 542.2222222222222], [622.2222222222222, 402.2222222222222]], [[674.6544025693007, 302.2222222222222], [494.6544025693007, 302.2222222222222], [674.6544025693007, 22.22222222222217], [674.6544025693007, 302.2222222222222]], [[0.0, 280.0], [280.0, 280.0], [280.0, 560.0], [0.0, 560.0], [0.0, 280.0]], [[400.0, 580.0], [600.0, 660.0], [600.0, 760.0], [400.0, 760.0], [400.0, 580.0]], [[640.0, 302.2222222222222], [640.0, 402.2222222222222], [460.0, 402.2222222222222], [460.0, 302.2222222222222], [640.0, 302.2222222222222]], [[280.0, 280.0], [0.0, 280.0], [0.0, 0.0], [280.0, 280.0]], [[394.6544025693007, 0.0], [394.6544025693007, 200.0], [194.65440256930071, 200.0], [114.65440256930071, 0.0], [394.6544025693007, 0.0]], [[367.6641113071647, 250.87378640776694], [447.6641113071647, 90.87378640776694], [527.6641113071647, 250.87378640776694], [367.6641113071647, 250.87378640776694]], [[394.6544025693007, 0.0], [674.6544025693007, 0.0], [534.6544025693007, 240.0], [394.6544025693007, 0.0]]]"
Wed Jul 22 21:43:30 2020,2,1,True,681.4009465949937,0.8365118992691869,"[0, 0, 0, 0, 1, 0, 1, 0, 2, 0, 3, 2]","[[[434.28571428571433, 360.0], [634.2857142857143, 360.0], [634.2857142857143, 560.0], [434.28571428571433, 560.0], [434.28571428571433, 360.0]], [[479.9999999999998, 560.0], [679.9999999999998, 560.0], [679.9999999999998, 760.0], [479.9999999999998, 760.0], [479.9999999999998, 560.0]], [[200.0, 0.0], [480.0, 0.0], [480.0, 180.0], [200.0, 180.0], [200.0, 0.0]], [[180.0, 180.0], [460.0, 180.0], [320.0, 320.0], [180.0, 180.0]], [[280.0, 320.0], [460.0, 320.0], [280.0, 600.0], [280.0, 320.0]], [[0.0, 280.0], [280.0, 280.0], [280.0, 560.0], [0.0, 560.0], [0.0, 280.0]], [[280.0, 560.0], [200.0, 760.0], [100.0, 760.0], [100.0, 560.0], [280.0, 560.0]], [[0.0, 560.0], [100.0, 560.0], [100.0, 740.0], [0.0, 740.0], [0.0, 560.0]], [[280.0, 280.0], [0.0, 280.0], [0.0, 0.0], [280.0, 280.0]], [[480.0, 0.0], [680.0, 0.0], [680.0, 200.0], [480.0, 280.0], [480.0, 0.0]], [[654.6031746031746, 370.1587301587301], [494.6031746031746, 290.1587301587301], [654.6031746031746, 210.15873015873012], [654.6031746031746, 370.1587301587301]], [[479.9999999999999, 760.0], [199.9999999999999, 760.0], [339.9999999999999, 520.0], [479.9999999999999, 760.0]]]"
Wed Jul 22 21:43:48 2020,2,1,True,688.2149560609437,0.8282296032368187,"[0, 0, 1, 1, 1, 0, 3, 0, 3, 0, 1, 2]","[[[0.0, 0.0], [200.0, 0.0], [200.0, 200.0], [0.0, 200.0], [0.0, 0.0]], [[454.14490873119394, 560.0], [654.1449087311939, 560.0], [654.1449087311939, 760.0], [454.14490873119394, 760.0], [454.14490873119394, 560.0]], [[682.8571428571429, 280.0], [682.8571428571429, 560.0], [502.8571428571429, 560.0], [502.8571428571429, 280.0], [682.8571428571429, 280.0]], [[426.6666666666667, 460.0], [426.6666666666667, 740.0], [286.6666666666667, 600.0], [426.6666666666667, 460.0]], [[200.0, 160.0], [380.0, 160.0], [200.0, 440.0], [200.0, 160.0]], [[380.0, 0.0], [660.0, 0.0], [660.0, 280.0], [380.0, 280.0], [380.0, 0.0]], [[222.8571428571429, 480.0], [302.8571428571429, 280.0], [402.8571428571429, 280.0], [402.8571428571429, 480.0], [222.8571428571429, 480.0]], [[402.8571428571429, 280.0], [502.8571428571429, 280.0], [502.8571428571429, 460.0], [402.8571428571429, 460.0], [402.8571428571429, 280.0]], [[0.0, 760.0], [0.0, 480.0], [280.0, 480.0], [0.0, 760.0]], [[0.0, 200.0], [200.0, 200.0], [200.0, 400.0], [0.0, 480.0], [0.0, 200.0]], [[200.0, 0.0], [360.0, 80.0], [200.0, 160.0], [200.0, 0.0]], [[380.0, 760.0], [100.0, 760.0], [240.0, 520.0], [380.0, 760.0]]]"
Wed Jul 22 21:43:58 2020,2,1,True,695.0971056215532,0.8200293101354641,"[0, 0, 1, 0, 3, 0, 2, 0, 3, 0, 3, 2]","[[[0.0, 0.0], [200.0, 0.0], [200.0, 200.0], [0.0, 200.0], [0.0, 0.0]], [[200.0, 180.0], [400.0, 180.0], [400.0, 380.0], [200.0, 380.0], [200.0, 180.0]], [[678.6222515596551, 280.0], [678.6222515596551, 560.0], [498.62225155965507, 560.0], [498.62225155965507, 280.0], [678.6222515596551, 280.0]], [[200.0, 380.0], [480.0, 380.0], [340.0, 520.0], [200.0, 380.0]], [[498.6222515596551, 631.0320531294254], [318.6222515596551, 631.0320531294254], [498.6222515596551, 351.03205312942544], [498.6222515596551, 631.0320531294254]], [[400.0, 0.0], [680.0, 0.0], [680.0, 280.0], [400.0, 280.0], [400.0, 0.0]], [[400.0, 180.0], [200.0, 100.0], [200.0, 0.0], [400.0, 0.0], [400.0, 180.0]], [[560.6863578185059, 560.0], [660.6863578185059, 560.0], [660.6863578185059, 740.0], [560.6863578185059, 740.0], [560.6863578185059, 560.0]], [[0.0, 760.0], [0.0, 480.0], [280.0, 480.0], [0.0, 760.0]], [[0.0, 200.0], [200.0, 200.0], [200.0, 400.0], [0.0, 480.0], [0.0, 200.0]], [[560.6863578185059, 760.0], [400.68635781850594, 680.0], [560.6863578185059, 600.0], [560.6863578185059, 760.0]], [[380.0, 760.0], [100.0, 760.0], [240.0, 520.0], [380.0, 760.0]]]"
Wed Jul 22 21:44:12 2020,2,1,True,702.0480766777687,0.8119102080549148,"[0, 0, 1, 1, 0, 0, 2, 1, 1, 0, 2, 2]","[[[0.0, 0.0], [200.0, 0.0], [200.0, 200.0], [0.0, 200.0], [0.0, 0.0]], [[480.2627379586485, 560.0], [680.2627379586485, 560.0], [680.2627379586485, 760.0], [480.2627379586485, 760.0], [480.2627379586485, 560.0]], [[702.0480766777687, 280.0], [702.0480766777687, 560.0], [522.0480766777687, 560.0], [522.0480766777687, 280.0], [702.0480766777687, 280.0]], [[387.293221396691, 11.666920160583004], [387.293221396691, 291.666920160583], [247.29322139669102, 151.666920160583], [387.293221396691, 11.666920160583004]], [[0.0, 660.0], [0.0, 480.0], [280.0, 660.0], [0.0, 660.0]], [[387.293221396691, 0.0], [667.293221396691, 0.0], [667.293221396691, 280.0], [387.293221396691, 280.0], [387.293221396691, 0.0]], [[321.89905788787286, 638.3636800707754], [121.89905788787286, 558.3636800707754], [121.89905788787286, 458.36368007077544], [321.89905788787286, 458.36368007077544], [321.89905788787286, 638.3636800707754]], [[187.29322139669102, 660.0], [187.29322139669102, 760.0], [7.293221396691024, 760.0], [7.293221396691024, 660.0], [187.29322139669102, 660.0]], [[480.2627379586485, 480.0], [480.2627379586485, 760.0], [200.26273795864847, 760.0], [480.2627379586485, 480.0]], [[0.0, 200.0], [200.0, 200.0], [200.0, 400.0], [0.0, 480.0], [0.0, 200.0]], [[522.0480766777687, 291.666920160583], [442.0480766777687, 451.666920160583], [362.0480766777687, 291.666920160583], [522.0480766777687, 291.666920160583]], [[445.95451995871423, 458.36368007077544], [165.95451995871423, 458.36368007077544], [305.95451995871423, 218.36368007077544], [445.95451995871423, 458.36368007077544]]]"
Wed Jul 22 21:44:13 2020,2,0,True,673.9661536106579,0.8457398000572031,"[0, 0, 1, 1, 1, 0, 1, 0, 1, 0, 0, 2]","[[[0.0, 0.0], [200.0, 0.0], [200.0, 200.0], [0.0, 200.0], [0.0, 0.0]], [[473.9661536106579, 560.0], [673.9661536106579, 560.0], [673.9661536106579, 760.0], [473.9661536106579, 760.0], [473.9661536106579, 560.0]], [[673.9661536106579, 280.0], [673.9661536106579, 560.0], [493.9661536106579, 560.0], [493.9661536106579, 280.0], [673.9661536106579, 280.0]], [[390.6659533583986, 61.18629477582442], [390.6659533583986, 341.1862947758244], [250.6659533583986, 201.18629477582442], [390.6659533583986, 61.18629477582442]], [[200.0, 0.0], [380.0, 0.0], [200.0, 280.0], [200.0, 0.0]], [[390.6659533583986, 0.0], [670.6659533583986, 0.0], [670.6659533583986, 280.0], [390.6659533583986, 280.0], [390.6659533583986, 0.0]], [[327.39411363214253, 506.57203997851536], [247.39411363214253, 706.5720399785154], [147.39411363214253, 706.5720399785154], [147.39411363214253, 506.57203997851536], [327.39411363214253, 506.57203997851536]], [[390.6659533583986, 280.0], [490.6659533583986, 280.0], [490.6659533583986, 460.0], [390.6659533583986, 460.0], [390.6659533583986, 280.0]], [[473.9661536106579, 480.0], [473.9661536106579, 760.0], [193.9661536106579, 760.0], [473.9661536106579, 480.0]], [[0.0, 200.0], [200.0, 200.0], [200.0, 400.0], [0.0, 480.0], [0.0, 200.0]], [[0.0, 731.7838127142303], [80.0, 571.7838127142303], [160.0, 731.7838127142303], [0.0, 731.7838127142303]], [[417.8329766791992, 506.57203997851536], [137.8329766791992, 506.57203997851536], [277.8329766791992, 266.57203997851536], [417.8329766791992, 506.57203997851536]]]"
Wed Jul 22 21:44:39 2020,2,1,True,680.7058151467645,0.837366138670498,"[0, 0, 1, 1, 0, 0, 0, 0, 3, 2, 3, 1]","[[[270.2973684798277, 553.7625940227465], [470.2973684798277, 553.7625940227465], [470.2973684798277, 753.7625940227465], [270.2973684798277, 753.7625940227465], [270.2973684798277, 553.7625940227465]], [[480.7058151467645, 560.0], [680.7058151467645, 560.0], [680.7058151467645, 760.0], [480.7058151467645, 760.0], [480.7058151467645, 560.0]], [[209.59838848225968, 321.25494116438745], [209.59838848225968, 601.2549411643874], [29.59838848225968, 601.2549411643874], [29.59838848225968, 321.25494116438745], [209.59838848225968, 321.25494116438745]], [[480.7058151467645, 288.8925733354952], [480.7058151467645, 568.8925733354952], [340.7058151467645, 428.8925733354952], [480.7058151467645, 288.8925733354952]], [[0.0, 760.0], [0.0, 580.0], [280.0, 760.0], [0.0, 760.0]], [[400.7058151467645, 0.0], [680.7058151467645, 0.0], [680.7058151467645, 280.0], [400.7058151467645, 280.0], [400.7058151467645, 0.0]], [[0.0, 141.2549411643874], [200.0, 221.2549411643874], [200.0, 321.2549411643874], [0.0, 321.2549411643874], [0.0, 141.2549411643874]], [[300.7058151467645, 0.0], [400.7058151467645, 0.0], [400.7058151467645, 180.0], [300.7058151467645, 180.0], [300.7058151467645, 0.0]], [[209.59838848225968, 560.0], [209.59838848225968, 280.0], [489.5983884822597, 280.0], [209.59838848225968, 560.0]], [[680.7058151467645, 560.0], [480.7058151467645, 560.0], [480.7058151467645, 360.0], [680.7058151467645, 280.0], [680.7058151467645, 560.0]], [[270.2973684798277, 730.9054511656034], [110.2973684798277, 650.9054511656034], [270.2973684798277, 570.9054511656034], [270.2973684798277, 730.9054511656034]], [[300.7058151467645, 0.0], [300.7058151467645, 280.0], [60.70581514676451, 140.0], [300.7058151467645, 0.0]]]"
Wed Jul 22 21:44:56 2020,2,1,True,687.5128732982322,0.8290753848222752,"[0, 0, 0, 3, 3, 0, 3, 0, 2, 1, 1, 0]","[[[0.0, 0.0], [200.0, 0.0], [200.0, 200.0], [0.0, 200.0], [0.0, 0.0]], [[0.0, 200.0], [200.0, 200.0], [200.0, 400.0], [0.0, 400.0], [0.0, 200.0]], [[386.95516508178775, 280.0], [666.9551650817878, 280.0], [666.9551650817878, 460.0], [386.95516508178775, 460.0], [386.95516508178775, 280.0]], [[0.0, 760.0], [0.0, 480.0], [140.0, 620.0], [0.0, 760.0]], [[249.07407407407402, 760.0], [69.07407407407402, 760.0], [249.07407407407402, 480.0], [249.07407407407402, 760.0]], [[380.0, 0.0], [660.0, 0.0], [660.0, 280.0], [380.0, 280.0], [380.0, 0.0]], [[200.0, 320.0], [280.0, 120.0], [380.0, 120.0], [380.0, 320.0], [200.0, 320.0]], [[286.95516508178775, 320.0], [386.95516508178775, 320.0], [386.95516508178775, 500.0], [286.95516508178775, 500.0], [286.95516508178775, 320.0]], [[529.074074074074, 744.9390131560807], [249.07407407407402, 744.9390131560807], [249.07407407407402, 464.9390131560807], [529.074074074074, 744.9390131560807]], [[666.9551650817878, 460.0], [666.9551650817878, 660.0], [466.95516508178775, 660.0], [386.95516508178775, 460.0], [666.9551650817878, 460.0]], [[200.0, 0.0], [360.0, 80.0], [200.0, 160.0], [200.0, 0.0]], [[6.955165081787754, 400.0], [286.95516508178775, 400.0], [146.95516508178775, 640.0], [6.955165081787754, 400.0]]]"
Wed Jul 22 21:45:00 2020,2,0,True,660.0123583663029,0.8636201925232033,"[0, 0, 1, 3, 3, 0, 2, 1, 2, 0, 3, 0]","[[[0.0, 0.0], [200.0, 0.0], [200.0, 200.0], [0.0, 200.0], [0.0, 0.0]], [[0.0, 200.0], [200.0, 200.0], [200.0, 400.0], [0.0, 400.0], [0.0, 200.0]], [[380.0, 20.0], [380.0, 300.0], [200.0, 300.0], [200.0, 20.0], [380.0, 20.0]], [[0.0, 760.0], [0.0, 480.0], [140.0, 620.0], [0.0, 760.0]], [[254.52380952380963, 760.0], [74.52380952380963, 760.0], [254.52380952380963, 480.0], [254.52380952380963, 760.0]], [[380.0, 0.0], [660.0, 0.0], [660.0, 280.0], [380.0, 280.0], [380.0, 0.0]], [[654.5238095238096, 760.0], [454.52380952380963, 680.0], [454.52380952380963, 580.0], [654.5238095238096, 580.0], [654.5238095238096, 760.0]], [[380.0, 300.0], [380.0, 400.0], [200.0, 400.0], [200.0, 300.0], [380.0, 300.0]], [[534.5238095238096, 760.0], [254.52380952380963, 760.0], [254.52380952380963, 480.0], [534.5238095238096, 760.0]], [[407.1505376344086, 280.0], [607.1505376344086, 280.0], [607.1505376344086, 480.0], [407.1505376344086, 560.0], [407.1505376344086, 280.0]], [[407.1505376344086, 556.3133640552994], [247.15053763440858, 476.3133640552994], [407.1505376344086, 396.3133640552994], [407.1505376344086, 556.3133640552994]], [[11.666666666666686, 400.0], [291.6666666666667, 400.0], [151.66666666666669, 640.0], [11.666666666666686, 400.0]]]"
Wed Jul 22 21:45:49 2020,2,3,True,666.612481949966,0.8550694975477261,"[0, 0, 1, 1, 1, 0, 1, 0, 1, 1, 0, 2]","[[[0.0, 0.0], [200.0, 0.0], [200.0, 200.0], [0.0, 200.0], [0.0, 0.0]], [[450.0, 0.0], [650.0, 0.0], [650.0, 200.0], [450.0, 200.0], [450.0, 0.0]], [[180.0, 400.0], [180.0, 680.0], [0.0, 680.0], [0.0, 400.0], [180.0, 400.0]], [[666.612481949966, 183.38751805003403], [666.612481949966, 463.38751805003403], [526.612481949966, 323.38751805003403], [666.612481949966, 183.38751805003403]], [[180.0, 400.0], [360.0, 400.0], [180.0, 680.0], [180.0, 400.0]], [[380.0, 480.0], [660.0, 480.0], [660.0, 760.0], [380.0, 760.0], [380.0, 480.0]], [[464.6364297541126, 200.0], [384.6364297541126, 400.0], [284.6364297541126, 400.0], [284.6364297541126, 200.0], [464.6364297541126, 200.0]], [[350.0, 0.0], [450.0, 0.0], [450.0, 180.0], [350.0, 180.0], [350.0, 0.0]], [[380.0, 480.0], [380.0, 760.0], [100.0, 760.0], [380.0, 480.0]], [[280.0, 200.0], [280.0, 400.0], [80.0, 400.0], [0.0, 200.0], [280.0, 200.0]], [[200.0, 200.0], [280.0, 40.0], [360.0, 200.0], [200.0, 200.0]], [[617.969763087446, 480.0], [337.96976308744604, 480.0], [477.96976308744604, 240.0], [617.969763087446, 480.0]]]"
Wed Jul 22 21:46:12 2020,2,1,True,673.2786067694657,0.8466034629185406,"[0, 0, 0, 3, 3, 0, 1, 0, 0, 2, 2, 2]","[[[280.0, 0.0], [480.0, 0.0], [480.0, 200.0], [280.0, 200.0], [280.0, 0.0]], [[266.6393033847328, 542.3521524011946], [466.6393033847328, 542.3521524011946], [466.6393033847328, 742.3521524011946], [266.6393033847328, 742.3521524011946], [266.6393033847328, 542.3521524011946]], [[0.0, 0.0], [280.0, 0.0], [280.0, 180.0], [0.0, 180.0], [0.0, 0.0]], [[466.6393033847328, 566.6393033847328], [466.6393033847328, 286.6393033847328], [606.6393033847328, 426.6393033847328], [466.6393033847328, 566.6393033847328]], [[455.63075917066055, 542.3521524011946], [275.63075917066055, 542.3521524011946], [455.63075917066055, 262.35215240119464], [455.63075917066055, 542.3521524011946]], [[0.0, 200.0], [280.0, 200.0], [280.0, 480.0], [0.0, 480.0], [0.0, 200.0]], [[660.0, 0.0], [580.0, 200.0], [480.0, 200.0], [480.0, 0.0], [660.0, 0.0]], [[280.0, 200.0], [380.0, 200.0], [380.0, 380.0], [280.0, 380.0], [280.0, 200.0]], [[393.2786067694657, 200.0], [673.2786067694657, 200.0], [673.2786067694657, 480.0], [393.2786067694657, 200.0]], [[673.2786067694657, 760.0], [473.2786067694657, 760.0], [473.2786067694657, 560.0], [673.2786067694657, 480.0], [673.2786067694657, 760.0]], [[289.99999999999994, 480.0], [209.99999999999994, 640.0], [129.99999999999994, 480.0], [289.99999999999994, 480.0]], [[280.0, 760.0], [0.0, 760.0], [140.0, 520.0], [280.0, 760.0]]]"
Wed Jul 22 21:46:42 2020,2,1,True,680.0113928371603,0.8382212504143967,"[0, 0, 0, 1, 0, 0, 0, 1, 1, 0, 2, 1]","[[[0.0, 560.0], [200.0, 560.0], [200.0, 760.0], [0.0, 760.0], [0.0, 560.0]], [[300.0, 0.0], [500.0, 0.0], [500.0, 200.0], [300.0, 200.0], [300.0, 0.0]], [[0.0, 0.0], [280.0, 0.0], [280.0, 180.0], [0.0, 180.0], [0.0, 0.0]], [[385.7142857142857, 374.2857142857142], [385.7142857142857, 654.2857142857142], [245.71428571428572, 514.2857142857142], [385.7142857142857, 374.2857142857142]], [[400.0, 760.0], [400.0, 580.0], [680.0, 760.0], [400.0, 760.0]], [[0.0, 180.0], [280.0, 180.0], [280.0, 460.0], [0.0, 460.0], [0.0, 180.0]], [[200.0, 580.0], [400.0, 660.0], [400.0, 760.0], [200.0, 760.0], [200.0, 580.0]], [[180.0, 460.0], [180.0, 560.0], [0.0, 560.0], [0.0, 460.0], [180.0, 460.0]], [[680.0113928371603, 19.988607162839685], [680.0113928371603, 299.9886071628397], [400.0113928371603, 299.9886071628397], [680.0113928371603, 19.988607162839685]], [[385.7142857142857, 299.9886071628397], [585.7142857142858, 299.9886071628397], [585.7142857142858, 499.9886071628397], [385.7142857142857, 579.9886071628397], [385.7142857142857, 299.9886071628397]], [[440.0, 200.0], [360.0, 360.0], [280.0, 200.0], [440.0, 200.0]], [[663.0975048706653, 454.8483959882849], [663.0975048706653, 734.8483959882849], [423.09750487066526, 594.8483959882849], [663.0975048706653, 454.8483959882849]]]"
Wed Jul 22 21:47:04 2020,2,1,True,686.8115067655319,0.8299220301132639,"[0, 0, 1, 2, 1, 0, 3, 1, 1, 1, 1, 0]","[[[460.0, 0.0], [660.0, 0.0], [660.0, 200.0], [460.0, 200.0], [460.0, 0.0]], [[0.0, 100.0], [200.0, 100.0], [200.0, 300.0], [0.0, 300.0], [0.0, 100.0]], [[389.18918918918916, 340.0], [389.18918918918916, 620.0], [209.18918918918916, 620.0], [209.18918918918916, 340.0], [389.18918918918916, 340.0]], [[355.55555555555566, 760.0], [75.55555555555566, 760.0], [215.55555555555566, 620.0], [355.55555555555566, 760.0]], [[0.0, 300.0], [180.0, 300.0], [0.0, 580.0], [0.0, 300.0]], [[389.18918918918916, 480.0], [669.1891891891892, 480.0], [669.1891891891892, 760.0], [389.18918918918916, 760.0], [389.18918918918916, 480.0]], [[29.189189189189136, 610.1501501501502], [109.18918918918914, 410.15015015015024], [209.18918918918914, 410.15015015015024], [209.18918918918914, 610.1501501501502], [29.189189189189136, 610.1501501501502]], [[180.0, 0.0], [180.0, 100.0], [0.0, 100.0], [0.0, 0.0], [180.0, 0.0]], [[686.8115067655319, 200.71101575699072], [686.8115067655319, 480.7110157569907], [406.81150676553193, 480.7110157569907], [686.8115067655319, 200.71101575699072]], [[460.0, 0.0], [460.0, 200.0], [260.0, 200.0], [180.0, 0.0], [460.0, 0.0]], [[0.0, 595.5555555555557], [160.0, 675.5555555555557], [0.0, 755.5555555555557], [0.0, 595.5555555555557]], [[307.52252252252254, 200.0], [587.5225225225225, 200.0], [447.52252252252254, 440.0], [307.52252252252254, 200.0]]]"
Wed Jul 22 21:47:09 2020,2,0,True,659.3390464949106,0.8645021147013167,"[0, 0, 1, 2, 1, 0, 3, 1, 1, 1, 1, 0]","[[[459.3390464949106, 0.0], [659.3390464949106, 0.0], [659.3390464949106, 200.0], [459.3390464949106, 200.0], [459.3390464949106, 0.0]], [[0.0, 51.6523837627235], [200.0, 51.6523837627235], [200.0, 251.6523837627235], [0.0, 251.6523837627235], [0.0, 51.6523837627235]], [[379.3390464949106, 380.0], [379.3390464949106, 660.0], [199.33904649491058, 660.0], [199.33904649491058, 380.0], [379.3390464949106, 380.0]], [[379.4913657458554, 380.2611187159054], [99.49136574585538, 380.2611187159054], [239.49136574585538, 240.2611187159054], [379.4913657458554, 380.2611187159054]], [[0.0, 255.02546543168046], [180.0, 255.02546543168046], [0.0, 535.0254654316805], [0.0, 255.02546543168046]], [[379.3390464949106, 480.0], [659.3390464949106, 480.0], [659.3390464949106, 760.0], [379.3390464949106, 760.0], [379.3390464949106, 480.0]], [[19.339046494910576, 605.225078803011], [99.33904649491058, 405.225078803011], [199.33904649491058, 405.225078803011], [199.33904649491058, 605.225078803011], [19.339046494910576, 605.225078803011]], [[340.0, 660.0], [340.0, 760.0], [160.0, 760.0], [160.0, 660.0], [340.0, 660.0]], [[659.3390464949106, 200.0], [659.3390464949106, 480.0], [379.3390464949106, 480.0], [659.3390464949106, 200.0]], [[459.3390464949106, 0.0], [459.3390464949106, 200.0], [259.3390464949106, 200.0], [179.33904649491058, 0.0], [459.3390464949106, 0.0]], [[0.0, 595.5555555555557], [160.0, 675.5555555555557], [0.0, 755.5555555555557], [0.0, 595.5555555555557]], [[274.3390464949106, 200.0], [554.3390464949106, 200.0], [414.3390464949106, 440.0], [274.3390464949106, 200.0]]]"
Wed Jul 22 21:48:06 2020,2,3,True,665.9324369598597,0.8559426878230858,"[0, 0, 0, 0, 1, 0, 0, 1, 2, 1, 0, 1]","[[[0.0, 560.0], [200.0, 560.0], [200.0, 760.0], [0.0, 760.0], [0.0, 560.0]], [[0.0, 180.0], [200.0, 180.0], [200.0, 380.0], [0.0, 380.0], [0.0, 180.0]], [[375.7142857142858, 0.0], [655.7142857142858, 0.0], [655.7142857142858, 180.0], [375.7142857142858, 180.0], [375.7142857142858, 0.0]], [[0.0, 0.0], [280.0, 0.0], [140.0, 140.0], [0.0, 0.0]], [[200.0, 470.7701339628501], [380.0, 470.7701339628501], [200.0, 750.7701339628501], [200.0, 470.7701339628501]], [[385.93243695985973, 480.0], [665.9324369598597, 480.0], [665.9324369598597, 760.0], [385.93243695985973, 760.0], [385.93243695985973, 480.0]], [[0.0, 380.0], [200.0, 460.0], [200.0, 560.0], [0.0, 560.0], [0.0, 380.0]], [[659.9999999999999, 380.0], [659.9999999999999, 480.0], [479.9999999999999, 480.0], [479.9999999999999, 380.0], [659.9999999999999, 380.0]], [[479.9999999999999, 470.7701339628501], [199.9999999999999, 470.7701339628501], [199.9999999999999, 190.77013396285008], [479.9999999999999, 470.7701339628501]], [[655.7142857142858, 180.0], [655.7142857142858, 380.0], [455.7142857142858, 380.0], [375.7142857142858, 180.0], [655.7142857142858, 180.0]], [[216.92365754754644, 760.0], [296.92365754754644, 600.0], [376.92365754754644, 760.0], [216.92365754754644, 760.0]], [[375.7142857142857, 2.5], [375.7142857142857, 282.5], [135.71428571428572, 142.5], [375.7142857142857, 2.5]]]"
Wed Jul 22 21:48:28 2020,2,1,True,672.5917613294583,0.8474680077456295,"[0, 0, 1, 1, 1, 0, 1, 0, 1, 3, 2, 2]","[[[360.0, 0.0], [560.0, 0.0], [560.0, 200.0], [360.0, 200.0], [360.0, 0.0]], [[0.0, 200.0], [200.0, 200.0], [200.0, 400.0], [0.0, 400.0], [0.0, 200.0]], [[660.0, 200.0], [660.0, 480.0], [480.0, 480.0], [480.0, 200.0], [660.0, 200.0]], [[345.0000000000001, 480.0], [345.0000000000001, 760.0], [205.0000000000001, 620.0], [345.0000000000001, 480.0]], [[200.0, 200.0], [380.0, 200.0], [200.0, 480.0], [200.0, 200.0]], [[392.59176132945834, 480.0], [672.5917613294583, 480.0], [672.5917613294583, 760.0], [392.59176132945834, 760.0], [392.59176132945834, 480.0]], [[180.0, 400.0], [100.0, 600.0], [0.0, 600.0], [0.0, 400.0], [180.0, 400.0]], [[560.0, 0.0], [660.0, 0.0], [660.0, 180.0], [560.0, 180.0], [560.0, 0.0]], [[480.0, 200.0], [480.0, 480.0], [200.0, 480.0], [480.0, 200.0]], [[0.0, 200.0], [0.0, 0.0], [200.0, 0.0], [280.0, 200.0], [0.0, 200.0]], [[360.0, 0.0], [280.0, 160.0], [200.0, 0.0], [360.0, 0.0]], [[286.66666666666674, 760.0], [6.6666666666667425, 760.0], [146.66666666666674, 520.0], [286.66666666666674, 760.0]]]"
Wed Jul 22 21:48:58 2020,2,2,True,645.68809087628,0.8827791747350309,"[0, 0, 0, 2, 2, 0, 0, 1, 0, 0, 0, 3]","[[[0.0, 100.0], [200.0, 100.0], [200.0, 300.0], [0.0, 300.0], [0.0, 100.0]], [[285.68809087627994, 560.0], [485.68809087627994, 560.0], [485.68809087627994, 760.0], [285.68809087627994, 760.0], [285.68809087627994, 560.0]], [[5.688090876279944, 580.0], [285.68809087627994, 580.0], [285.68809087627994, 760.0], [5.688090876279944, 760.0], [5.688090876279944, 580.0]], [[645.68809087628, 560.0], [365.68809087627994, 560.0], [505.68809087627994, 420.0], [645.68809087628, 560.0]], [[645.68809087628, 0.0], [645.68809087628, 180.0], [365.68809087627994, 0.0], [645.68809087628, 0.0]], [[0.0, 302.05765586524865], [280.0, 302.05765586524865], [280.0, 582.0576558652486], [0.0, 582.0576558652486], [0.0, 302.05765586524865]], [[400.0, 70.62908443667715], [600.0, 150.62908443667715], [600.0, 250.62908443667715], [400.0, 250.62908443667715], [400.0, 70.62908443667715]], [[180.0, 0.0], [180.0, 100.0], [0.0, 100.0], [0.0, 0.0], [180.0, 0.0]], [[360.57142857142856, 250.6290844366772], [640.5714285714286, 250.6290844366772], [640.5714285714286, 530.6290844366772], [360.57142857142856, 250.6290844366772]], [[200.0, 22.05765586524865], [400.0, 22.05765586524865], [400.0, 222.05765586524865], [200.0, 302.05765586524865], [200.0, 22.05765586524865]], [[485.68809087627994, 760.0], [565.68809087628, 600.0], [645.68809087628, 760.0], [485.68809087627994, 760.0]], [[280.0, 550.0576558652486], [280.0, 270.05765586524865], [520.0, 410.05765586524865], [280.0, 550.0576558652486]]]"
Wed Jul 22 21:50:53 2020,2,5,False,652.1449717850428,0.874038786866367,"[0, 0, 1, 2, 0, 0, 2, 0, 0, 0, 3, 3]","[[[0.0, 559.7575461086977], [200.0, 559.7575461086977], [200.0, 759.7575461086977], [0.0, 759.7575461086977], [0.0, 559.7575461086977]], [[200.0, 559.7575461086977], [400.0, 559.7575461086977], [400.0, 759.7575461086977], [200.0, 759.7575461086977], [200.0, 559.7575461086977]], [[380.0, 279.75754610869774], [380.0, 559.7575461086977], [200.0, 559.7575461086977], [200.0, 279.75754610869774], [380.0, 279.75754610869774]], [[280.0, 279.75754610869774], [0.0, 279.75754610869774], [140.0, 139.75754610869774], [280.0, 279.75754610869774]], [[372.1449717850428, 753.564955276036], [372.1449717850428, 573.564955276036], [652.1449717850428, 753.564955276036], [372.1449717850428, 753.564955276036]], [[366.59218469744894, 229.2792409903218], [646.5921846974489, 229.2792409903218], [646.5921846974489, 509.2792409903218], [366.59218469744894, 509.2792409903218], [366.59218469744894, 229.2792409903218]], [[651.0708835380007, 180.0], [451.07088353800066, 100.0], [451.07088353800066, 0.0], [651.0708835380007, 0.0], [651.0708835380007, 180.0]], [[552.1449717850428, 509.2792409903218], [652.1449717850428, 509.2792409903218], [652.1449717850428, 689.2792409903218], [552.1449717850428, 689.2792409903218], [552.1449717850428, 509.2792409903218]], [[0.0, 0.0], [280.0, 0.0], [280.0, 280.0], [0.0, 0.0]], [[0.0, 280.0], [200.0, 280.0], [200.0, 480.0], [0.0, 560.0], [0.0, 280.0]], [[556.5894162294874, 669.2792409903218], [396.58941622948737, 589.2792409903218], [556.5894162294874, 509.2792409903218], [556.5894162294874, 669.2792409903218]], [[279.64231210942927, 280.0], [279.64231210942927, 0.0], [519.6423121094292, 140.0], [279.64231210942927, 280.0]]]"
Wed Jul 22 21:51:18 2020,2,1,True,658.6664215028933,0.8653849374914524,"[0, 0, 0, 1, 3, 0, 1, 1, 2, 2, 0, 0]","[[[228.57142857142867, 560.0], [428.57142857142867, 560.0], [428.57142857142867, 760.0], [228.57142857142867, 760.0], [228.57142857142867, 560.0]], [[0.0, 281.3335784971067], [200.0, 281.3335784971067], [200.0, 481.3335784971067], [0.0, 481.3335784971067], [0.0, 281.3335784971067]], [[378.6664215028933, 0.0], [658.6664215028933, 0.0], [658.6664215028933, 180.0], [378.6664215028933, 180.0], [378.6664215028933, 0.0]], [[379.1577398965642, 99.15773989656418], [379.1577398965642, 379.1577398965642], [239.15773989656418, 239.15773989656418], [379.1577398965642, 99.15773989656418]], [[228.57142857142867, 760.0], [48.57142857142867, 760.0], [228.57142857142867, 480.0], [228.57142857142867, 760.0]], [[378.6664215028933, 180.0], [658.6664215028933, 180.0], [658.6664215028933, 460.0], [378.6664215028933, 460.0], [378.6664215028933, 180.0]], [[180.0, 481.3335784971067], [100.0, 681.3335784971067], [0.0, 681.3335784971067], [0.0, 481.3335784971067], [180.0, 481.3335784971067]], [[408.57142857142867, 460.0], [408.57142857142867, 560.0], [228.57142857142867, 560.0], [228.57142857142867, 460.0], [408.57142857142867, 460.0]], [[280.0, 281.3335784971067], [0.0, 281.3335784971067], [0.0, 1.3335784971067142], [280.0, 281.3335784971067]], [[658.6664215028933, 760.0], [458.6664215028933, 760.0], [458.6664215028933, 560.0], [658.6664215028933, 480.0], [658.6664215028933, 760.0]], [[200.0, 441.3335784971067], [280.0, 281.3335784971067], [360.0, 441.3335784971067], [200.0, 441.3335784971067]], [[98.66642150289326, 0.0], [378.6664215028933, 0.0], [238.66642150289326, 240.0], [98.66642150289326, 0.0]]]"
Wed Jul 22 21:51:37 2020,2,1,True,665.2530857179222,0.8568167697935173,"[0, 0, 1, 1, 3, 0, 3, 1, 3, 0, 0, 0]","[[[200.0, 560.0], [400.0, 560.0], [400.0, 760.0], [200.0, 760.0], [200.0, 560.0]], [[380.0, 0.0], [580.0, 0.0], [580.0, 200.0], [380.0, 200.0], [380.0, 0.0]], [[180.0, 0.0], [180.0, 280.0], [0.0, 280.0], [0.0, 0.0], [180.0, 0.0]], [[380.0, 200.0], [380.0, 480.0], [240.0, 340.0], [380.0, 200.0]], [[665.2530857179222, 760.0], [485.2530857179222, 760.0], [665.2530857179222, 480.0], [665.2530857179222, 760.0]], [[380.0, 200.0], [660.0, 200.0], [660.0, 480.0], [380.0, 480.0], [380.0, 200.0]], [[20.0, 760.0], [100.0, 560.0], [200.0, 560.0], [200.0, 760.0], [20.0, 760.0]], [[180.0, 280.0], [180.0, 380.0], [0.0, 380.0], [0.0, 280.0], [180.0, 280.0]], [[0.0, 660.0], [0.0, 380.0], [280.0, 380.0], [0.0, 660.0]], [[180.0, 0.0], [380.0, 0.0], [380.0, 200.0], [180.0, 280.0], [180.0, 0.0]], [[180.0, 560.0], [260.0, 400.0], [340.0, 560.0], [180.0, 560.0]], [[353.3333333333333, 480.0], [633.3333333333333, 480.0], [493.3333333333333, 720.0], [353.3333333333333, 480.0]]]"
Wed Jul 22 21:52:28 2020,2,3,True,671.9056165751015,0.848333435439126,"[0, 0, 0, 2, 1, 0, 0, 1, 3, 1, 0, 1]","[[[448.0, 0.0], [648.0, 0.0], [648.0, 200.0], [448.0, 200.0], [448.0, 0.0]], [[166.60714285714283, 200.83333333333337], [366.60714285714283, 200.83333333333337], [366.60714285714283, 400.83333333333337], [166.60714285714283, 400.83333333333337], [166.60714285714283, 200.83333333333337]], [[364.5610307686419, 580.0], [644.5610307686419, 580.0], [644.5610307686419, 760.0], [364.5610307686419, 760.0], [364.5610307686419, 580.0]], [[280.0, 760.0], [0.0, 760.0], [140.0, 620.0], [280.0, 760.0]], [[0.0, 180.0], [180.0, 180.0], [0.0, 460.0], [0.0, 180.0]], [[366.6071428571429, 200.0], [646.6071428571429, 200.0], [646.6071428571429, 480.0], [366.6071428571429, 480.0], [366.6071428571429, 200.0]], [[0.0, 0.0], [200.0, 80.0], [200.0, 180.0], [0.0, 180.0], [0.0, 0.0]], [[588.4334805382207, 480.0], [588.4334805382207, 580.0], [408.4334805382207, 580.0], [408.4334805382207, 480.0], [588.4334805382207, 480.0]], [[7.499999999999975, 728.3333333333334], [7.499999999999975, 448.33333333333337], [287.5, 448.33333333333337], [7.499999999999975, 728.3333333333334]], [[448.0, 0.0], [448.0, 200.0], [248.0, 200.0], [168.0, 0.0], [448.0, 0.0]], [[30.357142857142833, 448.33333333333337], [110.35714285714283, 288.33333333333337], [190.35714285714283, 448.33333333333337], [30.357142857142833, 448.33333333333337]], [[364.7368421052632, 471.09649122807025], [364.7368421052632, 751.0964912280702], [124.73684210526318, 611.0964912280702], [364.7368421052632, 471.09649122807025]]]"
Wed Jul 22 21:52:29 2020,2,0,True,645.0293919120974,0.8836806619157563,"[0, 0, 0, 2, 1, 0, 0, 1, 3, 1, 0, 1]","[[[445.02939191209737, 0.0], [645.0293919120974, 0.0], [645.0293919120974, 200.0], [445.02939191209737, 200.0], [445.02939191209737, 0.0]], [[166.19047619047615, 200.0], [366.19047619047615, 200.0], [366.19047619047615, 400.0], [166.19047619047615, 400.0], [166.19047619047615, 200.0]], [[364.5610307686419, 580.0], [644.5610307686419, 580.0], [644.5610307686419, 760.0], [364.5610307686419, 760.0], [364.5610307686419, 580.0]], [[280.0, 760.0], [0.0, 760.0], [140.0, 620.0], [280.0, 760.0]], [[0.0, 180.0], [180.0, 180.0], [0.0, 460.0], [0.0, 180.0]], [[365.02939191209737, 200.0], [645.0293919120974, 200.0], [645.0293919120974, 480.0], [365.02939191209737, 480.0], [365.02939191209737, 200.0]], [[0.0, 0.0], [200.0, 80.0], [200.0, 180.0], [0.0, 180.0], [0.0, 0.0]], [[588.4334805382207, 480.0], [588.4334805382207, 580.0], [408.4334805382207, 580.0], [408.4334805382207, 480.0], [588.4334805382207, 480.0]], [[7.499999999999975, 728.3333333333334], [7.499999999999975, 448.33333333333337], [287.5, 448.33333333333337], [7.499999999999975, 728.3333333333334]], [[445.02939191209737, 0.0], [445.02939191209737, 200.0], [245.02939191209737, 200.0], [165.02939191209737, 0.0], [445.02939191209737, 0.0]], [[30.357142857142826, 448.33333333333337], [110.35714285714283, 288.33333333333337], [190.35714285714283, 448.33333333333337], [30.357142857142826, 448.33333333333337]], [[364.5610307686419, 470.9939346150411], [364.5610307686419, 750.9939346150411], [124.5610307686419, 610.9939346150411], [364.5610307686419, 470.9939346150411]]]"
Wed Jul 22 21:54:44 2020,2,5,False,651.4796858312184,0.8749313484314418,"[0, 0, 0, 3, 0, 0, 0, 1, 0, 2, 3, 3]","[[[451.42966372701767, 280.0], [651.4296637270177, 280.0], [651.4296637270177, 480.0], [451.42966372701767, 480.0], [451.42966372701767, 280.0]], [[240.0, 0.0], [440.0, 0.0], [440.0, 200.0], [240.0, 200.0], [240.0, 0.0]], [[160.0, 200.0], [440.0, 200.0], [440.0, 380.0], [160.0, 380.0], [160.0, 200.0]], [[280.0, 760.0], [280.0, 480.0], [420.0, 620.0], [280.0, 760.0]], [[0.0, 488.57033627298233], [0.0, 308.57033627298233], [280.0, 488.57033627298233], [0.0, 488.57033627298233]], [[0.0, 480.0], [280.0, 480.0], [280.0, 760.0], [0.0, 760.0], [0.0, 480.0]], [[451.42966372701767, 100.0], [651.4296637270177, 180.0], [651.4296637270177, 280.0], [451.42966372701767, 280.0], [451.42966372701767, 100.0]], [[620.0, 0.0], [620.0, 100.0], [440.0, 100.0], [440.0, 0.0], [620.0, 0.0]], [[171.42966372701767, 380.0], [451.42966372701767, 380.0], [451.42966372701767, 660.0], [171.42966372701767, 380.0]], [[651.4296637270177, 760.0], [451.42966372701767, 760.0], [451.42966372701767, 560.0], [651.4296637270177, 480.0], [651.4296637270177, 760.0]], [[160.0, 374.2857142857143], [0.0, 294.2857142857143], [160.0, 214.28571428571428], [160.0, 374.2857142857143]], [[0.0, 291.4303009011113], [0.0, 11.430300901111309], [240.0, 151.4303009011113], [0.0, 291.4303009011113]]]"
Wed Jul 22 21:54:59 2020,2,1,True,657.9944826895305,0.8662686618133089,"[0, 0, 0, 3, 1, 0, 3, 1, 0, 3, 2, 2]","[[[180.0, 0.0], [380.0, 0.0], [380.0, 200.0], [180.0, 200.0], [180.0, 0.0]], [[457.9944826895305, 280.0], [657.9944826895305, 280.0], [657.9944826895305, 480.0], [457.9944826895305, 480.0], [457.9944826895305, 280.0]], [[0.0, 580.0], [280.0, 580.0], [280.0, 760.0], [0.0, 760.0], [0.0, 580.0]], [[280.0, 714.5795016020304], [280.0, 434.5795016020304], [420.0, 574.5795016020304], [280.0, 714.5795016020304]], [[0.0, 0.0], [180.0, 0.0], [0.0, 280.0], [0.0, 0.0]], [[377.9944826895305, 0.0], [657.9944826895305, 0.0], [657.9944826895305, 280.0], [377.9944826895305, 280.0], [377.9944826895305, 0.0]], [[0.0, 355.55555555555554], [80.0, 155.55555555555554], [180.0, 155.55555555555554], [180.0, 355.55555555555554], [0.0, 355.55555555555554]], [[360.0, 200.0], [360.0, 300.0], [180.0, 300.0], [180.0, 200.0], [360.0, 200.0]], [[180.0, 300.0], [460.0, 300.0], [460.0, 580.0], [180.0, 300.0]], [[0.0, 580.0], [0.0, 380.0], [200.0, 380.0], [280.0, 580.0], [0.0, 580.0]], [[645.0, 480.0], [565.0, 640.0], [485.0, 480.0], [645.0, 480.0]], [[635.0, 760.0], [355.0, 760.0], [495.0, 520.0], [635.0, 760.0]]]"
Wed Jul 22 21:55:39 2020,2,3,True,664.5744275164258,0.8576917443696128,"[0, 0, 1, 1, 1, 0, 0, 1, 3, 2, 3, 2]","[[[0.0, 460.0], [200.0, 460.0], [200.0, 660.0], [0.0, 660.0], [0.0, 460.0]], [[460.0, 560.0], [660.0, 560.0], [660.0, 760.0], [460.0, 760.0], [460.0, 560.0]], [[640.0, 0.0], [640.0, 280.0], [460.0, 280.0], [460.0, 0.0], [640.0, 0.0]], [[431.67470338194926, 328.32529661805074], [431.67470338194926, 608.3252966180507], [291.67470338194926, 468.32529661805074], [431.67470338194926, 328.32529661805074]], [[0.0, 0.0], [180.0, 0.0], [0.0, 280.0], [0.0, 0.0]], [[180.0, 0.0], [460.0, 0.0], [460.0, 280.0], [180.0, 280.0], [180.0, 0.0]], [[0.0, 279.99999999999994], [200.0, 359.99999999999994], [200.0, 459.99999999999994], [0.0, 459.99999999999994], [0.0, 279.99999999999994]], [[180.0, 660.0], [180.0, 760.0], [0.0, 760.0], [0.0, 660.0], [180.0, 660.0]], [[200.0, 560.0], [200.0, 280.0], [480.0, 280.0], [200.0, 560.0]], [[631.6747033819493, 560.0], [431.67470338194926, 560.0], [431.67470338194926, 360.0], [631.6747033819493, 280.0], [631.6747033819493, 560.0]], [[175.48701298701297, 335.90909090909093], [15.487012987012974, 255.90909090909093], [175.48701298701297, 175.90909090909093], [175.48701298701297, 335.90909090909093]], [[459.99999999999994, 760.0], [179.99999999999994, 760.0], [319.99999999999994, 520.0], [459.99999999999994, 760.0]]]"
Wed Jul 22 21:56:07 2020,2,3,True,671.22017179159,0.8491997469006067,"[0, 0, 1, 1, 3, 0, 1, 0, 3, 3, 2, 2]","[[[0.0, 560.0], [200.0, 560.0], [200.0, 760.0], [0.0, 760.0], [0.0, 560.0]], [[0.0, 360.0], [200.0, 360.0], [200.0, 560.0], [0.0, 560.0], [0.0, 360.0]], [[640.0, 0.0], [640.0, 280.0], [460.0, 280.0], [460.0, 0.0], [640.0, 0.0]], [[638.2073764689674, 279.7840739468013], [638.2073764689674, 559.7840739468013], [498.20737646896737, 419.7840739468013], [638.2073764689674, 279.7840739468013]], [[180.0, 355.55555555555554], [0.0, 355.55555555555554], [180.0, 75.55555555555554], [180.0, 355.55555555555554]], [[180.0, 0.0], [460.0, 0.0], [460.0, 280.0], [180.0, 280.0], [180.0, 0.0]], [[180.0, 0.0], [100.0, 200.0], [0.0, 200.0], [0.0, 0.0], [180.0, 0.0]], [[200.0, 560.0], [300.0, 560.0], [300.0, 740.0], [200.0, 740.0], [200.0, 560.0]], [[200.0, 560.0], [200.0, 280.0], [480.0, 280.0], [200.0, 560.0]], [[300.0, 760.0], [300.0, 560.0], [500.0, 560.0], [580.0, 760.0], [300.0, 760.0]], [[659.8920369734006, 559.7840739468013], [579.8920369734006, 719.7840739468013], [499.89203697340065, 559.7840739468013], [659.8920369734006, 559.7840739468013]], [[580.0, 560.0], [300.0, 560.0], [440.0, 320.0], [580.0, 560.0]]]"
Wed Jul 22 21:56:13 2020,2,1,True,677.932373509506,0.840791828614462,"[0, 0, 1, 1, 3, 0, 3, 0, 2, 2, 2, 0]","[[[200.0, 560.0], [400.0, 560.0], [400.0, 760.0], [200.0, 760.0], [200.0, 560.0]], [[0.0, 560.0], [200.0, 560.0], [200.0, 760.0], [0.0, 760.0], [0.0, 560.0]], [[675.7142857142857, 0.0], [675.7142857142857, 280.0], [495.71428571428567, 280.0], [495.71428571428567, 0.0], [675.7142857142857, 0.0]], [[638.3333333333334, 280.0], [638.3333333333334, 560.0], [498.33333333333337, 420.0], [638.3333333333334, 280.0]], [[215.71428571428567, 280.0], [35.714285714285666, 280.0], [215.71428571428567, 0.0], [215.71428571428567, 280.0]], [[215.71428571428567, 0.0], [495.71428571428567, 0.0], [495.71428571428567, 280.0], [215.71428571428567, 280.0], [215.71428571428567, 0.0]], [[480.0, 760.0], [560.0, 560.0], [660.0, 560.0], [660.0, 760.0], [480.0, 760.0]], [[0.0, 0.0], [100.0, 0.0], [100.0, 180.0], [0.0, 180.0], [0.0, 0.0]], [[480.0, 560.0], [200.0, 560.0], [200.0, 280.0], [480.0, 560.0]], [[200.0, 560.0], [0.0, 560.0], [0.0, 360.0], [200.0, 280.0], [200.0, 560.0]], [[560.0, 560.0], [480.0, 720.0], [400.0, 560.0], [560.0, 560.0]], [[299.99999999999994, 280.0000000000001], [580.0, 280.0000000000001], [439.99999999999994, 520.0000000000001], [299.99999999999994, 280.0000000000001]]]"
Wed Jul 22 21:56:21 2020,2,1,True,684.711697244601,0.8324671570440217,"[0, 0, 1, 0, 2, 0, 0, 1, 2, 0, 2, 2]","[[[440.0, 280.0], [640.0, 280.0], [640.0, 480.0], [440.0, 480.0], [440.0, 280.0]], [[0.0, 100.0], [200.0, 100.0], [200.0, 300.0], [0.0, 300.0], [0.0, 100.0]], [[659.8605672412288, 0.0], [659.8605672412288, 280.0], [479.86056724122875, 280.0], [479.86056724122875, 0.0], [659.8605672412288, 0.0]], [[163.33333333333337, 560.0], [443.33333333333337, 560.0], [303.33333333333337, 700.0], [163.33333333333337, 560.0]], [[680.0, 480.0], [680.0, 660.0], [400.0, 480.0], [680.0, 480.0]], [[200.0, 0.0], [480.0, 0.0], [480.0, 280.0], [200.0, 280.0], [200.0, 0.0]], [[423.3333333333335, 580.0], [623.3333333333335, 660.0], [623.3333333333335, 760.0], [423.3333333333335, 760.0], [423.3333333333335, 580.0]], [[190.81507856912572, 0.0], [190.81507856912572, 100.0], [10.815078569125717, 100.0], [10.815078569125717, 0.0], [190.81507856912572, 0.0]], [[480.0, 560.0], [200.0, 560.0], [200.0, 280.0], [480.0, 560.0]], [[0.0, 300.0], [200.0, 300.0], [200.0, 500.0], [0.0, 580.0], [0.0, 300.0]], [[440.0, 280.0], [360.0, 440.0], [280.0, 280.0], [440.0, 280.0]], [[280.0, 760.0], [0.0, 760.0], [140.0, 520.0], [280.0, 760.0]]]"
Wed Jul 22 21:56:41 2020,2,1,True,691.558814217047,0.8242249079643781,"[0, 0, 1, 1, 1, 0, 0, 0, 2, 2, 3, 2]","[[[0.0, 0.0], [200.0, 0.0], [200.0, 200.0], [0.0, 200.0], [0.0, 0.0]], [[457.32322935481704, 280.0], [657.323229354817, 280.0], [657.323229354817, 480.0], [457.32322935481704, 480.0], [457.32322935481704, 280.0]], [[660.0, 0.0], [660.0, 280.0], [480.0, 280.0], [480.0, 0.0], [660.0, 0.0]], [[457.32322935481704, 280.0], [457.32322935481704, 560.0], [317.32322935481704, 420.0], [457.32322935481704, 280.0]], [[0.0, 480.0], [180.0, 480.0], [0.0, 760.0], [0.0, 480.0]], [[200.0, 0.0], [480.0, 0.0], [480.0, 280.0], [200.0, 280.0], [200.0, 0.0]], [[457.32322935481704, 580.0], [657.323229354817, 660.0], [657.323229354817, 760.0], [457.32322935481704, 760.0], [457.32322935481704, 580.0]], [[294.00004685629176, 579.5102844067042], [394.00004685629176, 579.5102844067042], [394.00004685629176, 759.5102844067042], [294.00004685629176, 759.5102844067042], [294.00004685629176, 579.5102844067042]], [[480.0, 579.5102844067042], [200.0, 579.5102844067042], [200.0, 299.51028440670416], [480.0, 579.5102844067042]], [[200.0, 480.0], [0.0, 480.0], [0.0, 280.0], [200.0, 200.0], [200.0, 480.0]], [[620.4897155932958, 640.0], [460.48971559329584, 560.0], [620.4897155932958, 480.0], [620.4897155932958, 640.0]], [[294.2857142857143, 760.0], [14.285714285714278, 760.0], [154.28571428571428, 520.0], [294.2857142857143, 760.0]]]"
Wed Jul 22 21:56:41 2020,2,0,True,663.8964616483652,0.8585676124628937,"[0, 0, 1, 1, 1, 0, 0, 0, 2, 2, 3, 2]","[[[0.0, 0.0], [200.0, 0.0], [200.0, 200.0], [0.0, 200.0], [0.0, 0.0]], [[457.32322935481704, 280.0], [657.323229354817, 280.0], [657.323229354817, 480.0], [457.32322935481704, 480.0], [457.32322935481704, 280.0]], [[660.0, 0.0], [660.0, 280.0], [480.0, 280.0], [480.0, 0.0], [660.0, 0.0]], [[457.32322935481704, 280.0], [457.32322935481704, 560.0], [317.32322935481704, 420.0], [457.32322935481704, 280.0]], [[0.0, 480.0], [180.0, 480.0], [0.0, 760.0], [0.0, 480.0]], [[200.0, 0.0], [480.0, 0.0], [480.0, 280.0], [200.0, 280.0], [200.0, 0.0]], [[457.32322935481704, 580.0], [657.323229354817, 660.0], [657.323229354817, 760.0], [457.32322935481704, 760.0], [457.32322935481704, 580.0]], [[294.00004685629176, 579.5102844067042], [394.00004685629176, 579.5102844067042], [394.00004685629176, 759.5102844067042], [294.00004685629176, 759.5102844067042], [294.00004685629176, 579.5102844067042]], [[480.0, 579.5102844067042], [200.0, 579.5102844067042], [200.0, 299.51028440670416], [480.0, 579.5102844067042]], [[200.0, 480.0], [0.0, 480.0], [0.0, 280.0], [200.0, 200.0], [200.0, 480.0]], [[620.4897155932958, 640.0], [460.48971559329584, 560.0], [620.4897155932958, 480.0], [620.4897155932958, 640.0]], [[294.2857142857143, 760.0], [14.285714285714278, 760.0], [154.28571428571428, 520.0], [294.2857142857143, 760.0]]]"
Wed Jul 22 21:57:23 2020,2,3,True,670.5354262648489,0.850066943032568,"[0, 0, 1, 3, 0, 0, 3, 1, 3, 0, 2, 1]","[[[240.0, 320.0], [440.0, 320.0], [440.0, 520.0], [240.0, 520.0], [240.0, 320.0]], [[240.0, 532.5761020458482], [440.0, 532.5761020458482], [440.0, 732.5761020458482], [240.0, 732.5761020458482], [240.0, 532.5761020458482]], [[180.0, 0.0], [180.0, 280.0], [0.0, 280.0], [0.0, 0.0], [180.0, 0.0]], [[460.0, 309.46457373515113], [460.0, 29.464573735151134], [600.0, 169.46457373515113], [460.0, 309.46457373515113]], [[0.0, 758.2903877601339], [0.0, 578.2903877601339], [280.0, 758.2903877601339], [0.0, 758.2903877601339]], [[180.0, 0.0], [460.0, 0.0], [460.0, 280.0], [180.0, 280.0], [180.0, 0.0]], [[490.53542626484887, 398.92914747030227], [570.5354262648489, 198.92914747030227], [670.5354262648489, 198.92914747030227], [670.5354262648489, 398.92914747030227], [490.53542626484887, 398.92914747030227]], [[667.3228686757557, 660.0], [667.3228686757557, 760.0], [487.32286867575567, 760.0], [487.32286867575567, 660.0], [667.3228686757557, 660.0]], [[0.0, 560.0], [0.0, 280.0], [280.0, 280.0], [0.0, 560.0]], [[440.0, 398.92914747030227], [640.0, 398.92914747030227], [640.0, 598.9291474703023], [440.0, 678.9291474703023], [440.0, 398.92914747030227]], [[670.5354262648489, 0.0], [590.5354262648489, 160.0], [510.53542626484887, 0.0], [670.5354262648489, 0.0]], [[240.0, 420.0], [240.0, 700.0], [0.0, 560.0], [240.0, 420.0]]]"
Wed Jul 22 21:57:31 2020,2,1,True,677.2407805274973,0.841650438646107,"[0, 0, 1, 3, 3, 0, 0, 1, 3, 2, 1, 1]","[[[440.0, 560.0], [640.0, 560.0], [640.0, 760.0], [440.0, 760.0], [440.0, 560.0]], [[240.0, 560.0], [440.0, 560.0], [440.0, 760.0], [240.0, 760.0], [240.0, 560.0]], [[180.0, 0.0], [180.0, 280.0], [0.0, 280.0], [0.0, 0.0], [180.0, 0.0]], [[460.0, 380.0], [460.0, 100.0], [600.0, 240.0], [460.0, 380.0]], [[675.6818181818181, 402.27272727272725], [495.68181818181813, 402.27272727272725], [675.6818181818181, 122.27272727272725], [675.6818181818181, 402.27272727272725]], [[180.0, 0.0], [460.0, 0.0], [460.0, 280.0], [180.0, 280.0], [180.0, 0.0]], [[440.0, 380.0], [640.0, 460.0], [640.0, 560.0], [440.0, 560.0], [440.0, 380.0]], [[640.0, 0.0], [640.0, 100.0], [460.0, 100.0], [460.0, 0.0], [640.0, 0.0]], [[0.0, 560.0], [0.0, 280.0], [280.0, 280.0], [0.0, 560.0]], [[440.0, 560.0], [240.0, 560.0], [240.0, 360.0], [440.0, 280.0], [440.0, 560.0]], [[0.0, 573.3333333333334], [160.0, 653.3333333333334], [0.0, 733.3333333333334], [0.0, 573.3333333333334]], [[240.0, 420.0], [240.0, 700.0], [0.0, 560.0], [240.0, 420.0]]]"
Wed Jul 22 21:57:36 2020,2,1,True,684.0131883327723,0.8333172659862446,"[0, 0, 1, 1, 3, 0, 0, 1, 3, 2, 2, 2]","[[[480.0, 560.0], [680.0, 560.0], [680.0, 760.0], [480.0, 760.0], [480.0, 560.0]], [[280.0, 560.0], [480.0, 560.0], [480.0, 760.0], [280.0, 760.0], [280.0, 560.0]], [[180.0, 0.0], [180.0, 280.0], [0.0, 280.0], [0.0, 0.0], [180.0, 0.0]], [[230.0, 330.0], [230.0, 610.0], [90.0, 470.0], [230.0, 330.0]], [[640.258189630854, 384.04281612978264], [460.25818963085396, 384.04281612978264], [640.258189630854, 104.04281612978264], [640.258189630854, 384.04281612978264]], [[180.0, 0.0], [460.0, 0.0], [460.0, 280.0], [180.0, 280.0], [180.0, 0.0]], [[450.15114930639743, 380.0], [650.1511493063974, 460.0], [650.1511493063974, 560.0], [450.15114930639743, 560.0], [450.15114930639743, 380.0]], [[650.1511493063974, 0.0], [650.1511493063974, 100.0], [470.15114930639743, 100.0], [470.15114930639743, 0.0], [650.1511493063974, 0.0]], [[0.0, 560.0], [0.0, 280.0], [280.0, 280.0], [0.0, 560.0]], [[430.0, 560.0], [230.0, 560.0], [230.0, 360.0], [430.0, 280.0], [430.0, 560.0]], [[620.0, 100.0], [540.0, 260.0], [460.0, 100.0], [620.0, 100.0]], [[280.0, 760.0], [0.0, 760.0], [140.0, 520.0], [280.0, 760.0]]]"
Wed Jul 22 21:57:44 2020,2,1,True,690.8533202161001,0.8250665999863805,"[0, 0, 1, 1, 0, 0, 3, 0, 3, 2, 1, 1]","[[[470.1442062230201, 560.0], [670.1442062230201, 560.0], [670.1442062230201, 760.0], [470.1442062230201, 760.0], [470.1442062230201, 560.0]], [[270.1442062230201, 553.6641325719415], [470.1442062230201, 553.6641325719415], [470.1442062230201, 753.6641325719415], [270.1442062230201, 753.6641325719415], [270.1442062230201, 553.6641325719415]], [[180.0, 0.0], [180.0, 280.0], [0.0, 280.0], [0.0, 0.0], [180.0, 0.0]], [[668.5534210278789, 71.44657897212107], [668.5534210278789, 351.4465789721211], [528.5534210278789, 211.44657897212107], [668.5534210278789, 71.44657897212107]], [[0.0, 760.0], [0.0, 580.0], [280.0, 760.0], [0.0, 760.0]], [[180.0, 0.0], [460.0, 0.0], [460.0, 280.0], [180.0, 280.0], [180.0, 0.0]], [[473.3053215989228, 560.0], [553.3053215989228, 360.0], [653.3053215989228, 360.0], [653.3053215989228, 560.0], [473.3053215989228, 560.0]], [[460.0, 0.0], [560.0, 0.0], [560.0, 180.0], [460.0, 180.0], [460.0, 0.0]], [[0.0, 560.0], [0.0, 280.0], [280.0, 280.0], [0.0, 560.0]], [[475.8396685701462, 553.6641325719415], [275.8396685701462, 553.6641325719415], [275.8396685701462, 353.66413257194154], [475.8396685701462, 273.66413257194154], [475.8396685701462, 553.6641325719415]], [[475.8396685701462, 238.7328265143883], [635.8396685701462, 318.7328265143883], [475.8396685701462, 398.7328265143883], [475.8396685701462, 238.7328265143883]], [[240.0, 420.0], [240.0, 700.0], [0.0, 560.0], [240.0, 420.0]]]"
Wed Jul 22 21:57:48 2020,2,1,True,697.7618534182611,0.8168976237488916,"[0, 0, 1, 1, 1, 0, 3, 0, 2, 2, 1, 0]","[[[469.21233476193606, 560.0], [669.2123347619361, 560.0], [669.2123347619361, 760.0], [469.21233476193606, 760.0], [469.21233476193606, 560.0]], [[269.21233476193606, 549.2123347619361], [469.21233476193606, 549.2123347619361], [469.21233476193606, 749.2123347619361], [269.21233476193606, 749.2123347619361], [269.21233476193606, 549.2123347619361]], [[180.0, 0.0], [180.0, 280.0], [0.0, 280.0], [0.0, 0.0], [180.0, 0.0]], [[663.219187407456, 54.37503646844431], [663.219187407456, 334.3750364684443], [523.219187407456, 194.3750364684443], [663.219187407456, 54.37503646844431]], [[460.0, 0.0], [640.0, 0.0], [460.0, 280.0], [460.0, 0.0]], [[180.0, 0.0], [460.0, 0.0], [460.0, 280.0], [180.0, 280.0], [180.0, 0.0]], [[483.21918740745605, 560.0], [563.219187407456, 360.0], [663.219187407456, 360.0], [663.219187407456, 560.0], [483.21918740745605, 560.0]], [[169.47368421052636, 469.47368421052636], [269.47368421052636, 469.47368421052636], [269.47368421052636, 649.4736842105264], [169.47368421052636, 649.4736842105264], [169.47368421052636, 469.47368421052636]], [[280.0, 760.0], [0.0, 760.0], [0.0, 480.0], [280.0, 760.0]], [[486.96916309515984, 549.2123347619361], [286.96916309515984, 549.2123347619361], [286.96916309515984, 349.21233476193606], [486.96916309515984, 269.21233476193606], [486.96916309515984, 549.2123347619361]], [[486.96916309515984, 238.1250121561481], [646.9691630951598, 318.1250121561481], [486.96916309515984, 398.1250121561481], [486.96916309515984, 238.1250121561481]], [[0.0, 280.0], [280.0, 280.0], [140.0, 520.0], [0.0, 280.0]]]"
Wed Jul 22 21:57:48 2020,2,0,True,669.8513792815306,0.8509350247384289,"[0, 0, 1, 1, 1, 0, 3, 0, 2, 2, 1, 0]","[[[469.21233476193606, 560.0], [669.2123347619361, 560.0], [669.2123347619361, 760.0], [469.21233476193606, 760.0], [469.21233476193606, 560.0]], [[269.21233476193606, 549.2123347619361], [469.21233476193606, 549.2123347619361], [469.21233476193606, 749.2123347619361], [269.21233476193606, 749.2123347619361], [269.21233476193606, 549.2123347619361]], [[180.0, 0.0], [180.0, 280.0], [0.0, 280.0], [0.0, 0.0], [180.0, 0.0]], [[663.219187407456, 54.37503646844431], [663.219187407456, 334.3750364684443], [523.219187407456, 194.3750364684443], [663.219187407456, 54.37503646844431]], [[460.0, 0.0], [640.0, 0.0], [460.0, 280.0], [460.0, 0.0]], [[180.0, 0.0], [460.0, 0.0], [460.0, 280.0], [180.0, 280.0], [180.0, 0.0]], [[483.21918740745605, 560.0], [563.219187407456, 360.0], [663.219187407456, 360.0], [663.219187407456, 560.0], [483.21918740745605, 560.0]], [[169.47368421052636, 469.47368421052636], [269.47368421052636, 469.47368421052636], [269.47368421052636, 649.4736842105264], [169.47368421052636, 649.4736842105264], [169.47368421052636, 469.47368421052636]], [[280.0, 760.0], [0.0, 760.0], [0.0, 480.0], [280.0, 760.0]], [[486.96916309515984, 549.2123347619361], [286.96916309515984, 549.2123347619361], [286.96916309515984, 349.21233476193606], [486.96916309515984, 269.21233476193606], [486.96916309515984, 549.2123347619361]], [[486.96916309515984, 238.1250121561481], [646.9691630951598, 318.1250121561481], [486.96916309515984, 398.1250121561481], [486.96916309515984, 238.1250121561481]], [[0.0, 280.0], [280.0, 280.0], [140.0, 520.0], [0.0, 280.0]]]"
Wed Jul 22 21:58:27 2020,2,3,True,676.549893074346,0.8425099254835929,"[0, 0, 1, 1, 1, 0, 0, 1, 1, 0, 3, 3]","[[[460.0, 100.0], [660.0, 100.0], [660.0, 300.0], [460.0, 300.0], [460.0, 100.0]], [[200.0, 553.1818181818182], [400.0, 553.1818181818182], [400.0, 753.1818181818182], [200.0, 753.1818181818182], [200.0, 553.1818181818182]], [[180.0, 0.0], [180.0, 280.0], [0.0, 280.0], [0.0, 0.0], [180.0, 0.0]], [[182.95454545454547, 353.18181818181824], [182.95454545454547, 633.1818181818182], [42.95454545454547, 493.18181818181824], [182.95454545454547, 353.18181818181824]], [[0.0, 280.0], [180.0, 280.0], [0.0, 560.0], [0.0, 280.0]], [[180.0, 0.0], [460.0, 0.0], [460.0, 280.0], [180.0, 280.0], [180.0, 0.0]], [[0.0, 560.0], [200.0, 640.0], [200.0, 740.0], [0.0, 740.0], [0.0, 560.0]], [[640.0, 0.0], [640.0, 100.0], [460.0, 100.0], [460.0, 0.0], [640.0, 0.0]], [[673.1818181818182, 480.0], [673.1818181818182, 760.0], [393.18181818181824, 760.0], [673.1818181818182, 480.0]], [[182.95454545454547, 280.0], [382.9545454545455, 280.0], [382.9545454545455, 480.0], [182.95454545454547, 560.0], [182.95454545454547, 280.0]], [[623.3303015252525, 460.0], [463.3303015252525, 380.0], [623.3303015252525, 300.0], [623.3303015252525, 460.0]], [[400.0, 623.0573241102694], [400.0, 343.0573241102694], [640.0, 483.0573241102694], [400.0, 623.0573241102694]]]"
Wed Jul 22 21:58:37 2020,2,1,True,683.3153920050894,0.8341682430530624,"[0, 0, 0, 3, 1, 0, 1, 1, 1, 0, 3, 2]","[[[221.66666666666663, 460.0], [421.66666666666663, 460.0], [421.66666666666663, 660.0], [221.66666666666663, 660.0], [221.66666666666663, 460.0]], [[460.0, 0.0], [660.0, 0.0], [660.0, 200.0], [460.0, 200.0], [460.0, 0.0]], [[180.0, 280.0], [460.0, 280.0], [460.0, 460.0], [180.0, 460.0], [180.0, 280.0]], [[421.66666666666663, 740.0], [421.66666666666663, 460.0], [561.6666666666666, 600.0], [421.66666666666663, 740.0]], [[0.0, 457.7777777777778], [180.0, 457.7777777777778], [0.0, 737.7777777777778], [0.0, 457.7777777777778]], [[180.0, 0.0], [460.0, 0.0], [460.0, 280.0], [180.0, 280.0], [180.0, 0.0]], [[180.0, 257.7777777777778], [100.0, 457.7777777777778], [0.0, 457.7777777777778], [0.0, 257.7777777777778], [180.0, 257.7777777777778]], [[180.0, 160.0], [180.0, 260.0], [0.0, 260.0], [0.0, 160.0], [180.0, 160.0]], [[681.6666666666665, 480.0], [681.6666666666665, 760.0], [401.6666666666665, 760.0], [681.6666666666665, 480.0]], [[460.0, 200.0], [660.0, 200.0], [660.0, 400.0], [460.0, 480.0], [460.0, 200.0]], [[169.4878973513721, 160.0], [9.487897351372112, 80.0], [169.4878973513721, 0.0], [169.4878973513721, 160.0]], [[280.0, 760.0], [0.0, 760.0], [140.0, 520.0], [280.0, 760.0]]]"
Wed Jul 22 21:58:54 2020,2,0,True,655.9827763248858,0.8689252531802734,"[0, 0, 0, 1, 1, 0, 1, 0, 1, 1, 2, 2]","[[[455.9827763248858, 200.0], [655.9827763248858, 200.0], [655.9827763248858, 400.0], [455.9827763248858, 400.0], [455.9827763248858, 200.0]], [[455.9827763248858, 0.0], [655.9827763248858, 0.0], [655.9827763248858, 200.0], [455.9827763248858, 200.0], [455.9827763248858, 0.0]], [[175.98277632488578, 280.0], [455.9827763248858, 280.0], [455.9827763248858, 460.0], [175.98277632488578, 460.0], [175.98277632488578, 280.0]], [[170.0, 70.0], [170.0, 350.0], [30.0, 210.0], [170.0, 70.0]], [[463.33333333333337, 400.0], [643.3333333333334, 400.0], [463.33333333333337, 680.0], [463.33333333333337, 400.0]], [[175.98277632488578, 0.0], [455.9827763248858, 0.0], [455.9827763248858, 280.0], [175.98277632488578, 280.0], [175.98277632488578, 0.0]], [[180.0, 460.0], [100.0, 660.0], [0.0, 660.0], [0.0, 460.0], [180.0, 460.0]], [[0.0, 280.0], [100.0, 280.0], [100.0, 460.0], [0.0, 460.0], [0.0, 280.0]], [[655.9827763248858, 480.0], [655.9827763248858, 760.0], [375.9827763248858, 760.0], [655.9827763248858, 480.0]], [[463.33333333333337, 460.0], [463.33333333333337, 660.0], [263.33333333333337, 660.0], [183.33333333333337, 460.0], [463.33333333333337, 460.0]], [[160.0, 0.0], [80.0, 160.0], [0.0, 0.0], [160.0, 0.0]], [[321.66666666666674, 760.0], [41.66666666666674, 760.0], [181.66666666666674, 520.0], [321.66666666666674, 760.0]]]"
Wed Jul 22 21:59:26 2020,2,1,True,662.5426040881347,0.8603220328517557,"[0, 0, 1, 0, 3, 0, 0, 1, 1, 3, 1, 0]","[[[460.0, 200.0], [660.0, 200.0], [660.0, 400.0], [460.0, 400.0], [460.0, 200.0]], [[460.0, 0.0], [660.0, 0.0], [660.0, 200.0], [460.0, 200.0], [460.0, 0.0]], [[180.0, 0.0], [180.0, 280.0], [0.0, 280.0], [0.0, 0.0], [180.0, 0.0]], [[199.8717326359466, 559.8717326359466], [479.8717326359466, 559.8717326359466], [339.8717326359466, 699.8717326359466], [199.8717326359466, 559.8717326359466]], [[445.71428571428555, 559.8717326359466], [265.71428571428555, 559.8717326359466], [445.71428571428555, 279.8717326359466], [445.71428571428555, 559.8717326359466]], [[180.0, 0.0], [460.0, 0.0], [460.0, 280.0], [180.0, 280.0], [180.0, 0.0]], [[0.0, 280.0], [200.0, 360.0], [200.0, 460.0], [0.0, 460.0], [0.0, 280.0]], [[180.0, 460.0], [180.0, 560.0], [0.0, 560.0], [0.0, 460.0], [180.0, 460.0]], [[591.4285714285711, 480.0], [591.4285714285711, 760.0], [311.4285714285711, 760.0], [591.4285714285711, 480.0]], [[0.0, 760.0], [0.0, 560.0], [200.0, 560.0], [280.0, 760.0], [0.0, 760.0]], [[445.71428571428555, 392.8571428571428], [605.7142857142856, 472.8571428571428], [445.71428571428555, 552.8571428571428], [445.71428571428555, 392.8571428571428]], [[151.3461138373941, 280.0], [431.3461138373941, 280.0], [291.3461138373941, 520.0], [151.3461138373941, 280.0]]]"
Wed Jul 22 22:00:25 2020,2,5,True,669.1680301290161,0.8518039929225304,"[0, 0, 1, 1, 3, 0, 1, 1, 2, 1, 0, 0]","[[[469.1680301290161, 200.0], [669.1680301290161, 200.0], [669.1680301290161, 400.0], [469.1680301290161, 400.0], [469.1680301290161, 200.0]], [[469.1680301290161, 560.0], [669.1680301290161, 560.0], [669.1680301290161, 760.0], [469.1680301290161, 760.0], [469.1680301290161, 560.0]], [[460.0, 177.07992467745976], [460.0, 457.07992467745976], [280.0, 457.07992467745976], [280.0, 177.07992467745976], [460.0, 177.07992467745976]], [[190.0, 390.0], [190.0, 670.0], [50.0, 530.0], [190.0, 390.0]], [[469.1680301290161, 760.0], [289.1680301290161, 760.0], [469.1680301290161, 480.0], [469.1680301290161, 760.0]], [[0.0, 0.0], [280.0, 0.0], [280.0, 280.0], [0.0, 280.0], [0.0, 0.0]], [[180.0, 280.0], [100.0, 480.0], [0.0, 480.0], [0.0, 280.0], [180.0, 280.0]], [[669.1680301290161, 460.0], [669.1680301290161, 560.0], [489.1680301290161, 560.0], [489.1680301290161, 460.0], [669.1680301290161, 460.0]], [[280.0, 760.0], [0.0, 760.0], [0.0, 480.0], [280.0, 760.0]], [[669.1680301290161, 0.0], [669.1680301290161, 200.0], [469.1680301290161, 200.0], [389.1680301290161, 0.0], [669.1680301290161, 0.0]], [[280.0, 160.0], [360.0, 0.0], [440.0, 160.0], [280.0, 160.0]], [[189.61664997922048, 457.07992467745976], [469.6166499792205, 457.07992467745976], [329.6166499792205, 697.0799246774598], [189.61664997922048, 457.07992467745976]]]"
Wed Jul 22 22:01:02 2020,2,1,True,675.8597104303062,0.8433702900223073,"[0, 0, 1, 3, 3, 0, 1, 1, 1, 0, 0, 0]","[[[475.8597104303062, 460.0], [675.8597104303062, 460.0], [675.8597104303062, 660.0], [475.8597104303062, 660.0], [475.8597104303062, 460.0]], [[95.85971043030617, 280.0], [295.85971043030617, 280.0], [295.85971043030617, 480.0], [95.85971043030617, 480.0], [95.85971043030617, 280.0]], [[675.8597104303062, 0.0], [675.8597104303062, 280.0], [495.8597104303062, 280.0], [495.8597104303062, 0.0], [675.8597104303062, 0.0]], [[0.0, 664.1402895696938], [0.0, 384.1402895696938], [140.0, 524.1402895696938], [0.0, 664.1402895696938]], [[180.0, 760.0], [0.0, 760.0], [180.0, 480.0], [180.0, 760.0]], [[200.0, 0.0], [480.0, 0.0], [480.0, 280.0], [200.0, 280.0], [200.0, 0.0]], [[360.0, 475.8597104303062], [280.0, 675.8597104303062], [180.0, 675.8597104303062], [180.0, 475.8597104303062], [360.0, 475.8597104303062]], [[655.8597104303062, 660.0], [655.8597104303062, 760.0], [475.8597104303062, 760.0], [475.8597104303062, 660.0], [655.8597104303062, 660.0]], [[475.8597104303062, 480.0], [475.8597104303062, 760.0], [195.85971043030622, 760.0], [475.8597104303062, 480.0]], [[0.0, 0.0], [200.0, 0.0], [200.0, 200.0], [0.0, 280.0], [0.0, 0.0]], [[488.3333333333333, 460.0], [568.3333333333333, 300.0], [648.3333333333333, 460.0], [488.3333333333333, 460.0]], [[295.8597104303062, 280.0], [575.8597104303062, 280.0], [435.8597104303062, 520.0], [295.8597104303062, 280.0]]]"
Wed Jul 22 22:01:19 2020,2,1,True,682.6183075346092,0.8350200891309973,"[0, 0, 1, 1, 1, 0, 1, 0, 1, 1, 2, 2]","[[[180.0, 0.0], [380.0, 0.0], [380.0, 200.0], [180.0, 200.0], [180.0, 0.0]], [[380.0, 0.0], [580.0, 0.0], [580.0, 200.0], [380.0, 200.0], [380.0, 0.0]], [[180.0, 0.0], [180.0, 280.0], [0.0, 280.0], [0.0, 0.0], [180.0, 0.0]], [[140.0, 480.0], [140.0, 760.0], [0.0, 620.0], [140.0, 480.0]], [[420.0, 437.1183044981981], [600.0, 437.1183044981981], [420.0, 717.1183044981981], [420.0, 437.1183044981981]], [[140.0, 462.61830753460936], [420.0, 462.61830753460936], [420.0, 742.6183075346094], [140.0, 742.6183075346094], [140.0, 462.61830753460936]], [[180.0, 280.0], [100.0, 480.0], [0.0, 480.0], [0.0, 280.0], [180.0, 280.0]], [[582.6183075346092, 57.118304498198086], [682.6183075346092, 57.118304498198086], [682.6183075346092, 237.11830449819809], [582.6183075346092, 237.11830449819809], [582.6183075346092, 57.118304498198086]], [[682.6183075346092, 480.0], [682.6183075346092, 760.0], [402.61830753460924, 760.0], [682.6183075346092, 480.0]], [[668.5328453418683, 237.11830449819809], [668.5328453418683, 437.1183044981981], [468.5328453418683, 437.1183044981981], [388.5328453418683, 237.11830449819809], [668.5328453418683, 237.11830449819809]], [[407.0919975909674, 200.0], [327.0919975909674, 360.0], [247.09199759096742, 200.0], [407.0919975909674, 200.0]], [[386.95267698615623, 462.61830753460936], [106.95267698615623, 462.61830753460936], [246.95267698615623, 222.61830753460936], [386.95267698615623, 462.61830753460936]]]"
Wed Jul 22 22:01:26 2020,2,0,True,655.3135752332248,0.8698125928447891,"[0, 0, 1, 1, 2, 0, 3, 0, 1, 3, 2, 3]","[[[180.0, 0.0], [380.0, 0.0], [380.0, 200.0], [180.0, 200.0], [180.0, 0.0]], [[393.5780856972715, 341.7354895359533], [593.5780856972715, 341.7354895359533], [593.5780856972715, 541.7354895359533], [393.5780856972715, 541.7354895359533], [393.5780856972715, 341.7354895359533]], [[180.0, 0.0], [180.0, 280.0], [0.0, 280.0], [0.0, 0.0], [180.0, 0.0]], [[389.9092855772783, 259.5953561326239], [389.9092855772783, 539.5953561326239], [249.9092855772783, 399.5953561326239], [389.9092855772783, 259.5953561326239]], [[655.3135752332248, 200.0], [655.3135752332248, 380.0], [375.3135752332248, 200.0], [655.3135752332248, 200.0]], [[0.0, 480.0], [280.0, 480.0], [280.0, 760.0], [0.0, 760.0], [0.0, 480.0]], [[475.3135752332248, 200.0], [555.3135752332248, 0.0], [655.3135752332248, 0.0], [655.3135752332248, 200.0], [475.3135752332248, 200.0]], [[380.0, 0.0], [480.0, 0.0], [480.0, 180.0], [380.0, 180.0], [380.0, 0.0]], [[655.3135752332248, 480.0], [655.3135752332248, 760.0], [375.3135752332248, 760.0], [655.3135752332248, 480.0]], [[0.0, 480.0], [0.0, 280.0], [200.0, 280.0], [280.0, 480.0], [0.0, 480.0]], [[369.5046417099022, 200.0], [289.5046417099022, 360.0], [209.50464170990222, 200.0], [369.5046417099022, 200.0]], [[280.0, 755.4816062125449], [280.0, 475.4816062125449], [520.0, 615.4816062125449], [280.0, 755.4816062125449]]]"
Wed Jul 22 22:01:50 2020,2,1,True,661.8667109855571,0.8612005869750387,"[0, 0, 0, 0, 0, 0, 3, 1, 2, 3, 2, 0]","[[[261.8667109855571, 200.0], [461.8667109855571, 200.0], [461.8667109855571, 400.0], [261.8667109855571, 400.0], [261.8667109855571, 200.0]], [[461.8667109855571, 200.0], [661.8667109855571, 200.0], [661.8667109855571, 400.0], [461.8667109855571, 400.0], [461.8667109855571, 200.0]], [[0.0, 0.0], [280.0, 0.0], [280.0, 180.0], [0.0, 180.0], [0.0, 0.0]], [[0.0, 180.0], [280.0, 180.0], [140.0, 320.0], [0.0, 180.0]], [[295.2000443188905, 760.0], [295.2000443188905, 580.0], [575.2000443188905, 760.0], [295.2000443188905, 760.0]], [[0.0, 460.0], [280.0, 460.0], [280.0, 740.0], [0.0, 740.0], [0.0, 460.0]], [[479.9999999999999, 600.0], [559.9999999999999, 400.0], [659.9999999999999, 400.0], [659.9999999999999, 600.0], [479.9999999999999, 600.0]], [[661.8667109855571, 600.0], [661.8667109855571, 700.0], [481.8667109855571, 700.0], [481.8667109855571, 600.0], [661.8667109855571, 600.0]], [[280.0, 460.0], [0.0, 460.0], [0.0, 180.0], [280.0, 460.0]], [[294.26668882611193, 200.0], [294.26668882611193, 0.0], [494.26668882611193, 0.0], [574.2666888261119, 200.0], [294.26668882611193, 200.0]], [[654.2666888261119, 0.0], [574.2666888261119, 160.0], [494.26668882611193, 0.0], [654.2666888261119, 0.0]], [[280.0, 400.0], [560.0, 400.0], [420.0, 640.0], [280.0, 400.0]]]"
Wed Jul 22 22:02:15 2020,2,1,True,668.4853780954127,0.8526738484901373,"[0, 0, 1, 1, 2, 0, 1, 0, 2, 0, 3, 0]","[[[0.0, 280.0], [200.0, 280.0], [200.0, 480.0], [0.0, 480.0], [0.0, 280.0]], [[0.0, 80.0], [200.0, 80.0], [200.0, 280.0], [0.0, 280.0], [0.0, 80.0]], [[380.0, 0.0], [380.0, 280.0], [200.0, 280.0], [200.0, 0.0], [380.0, 0.0]], [[470.0, 390.0], [470.0, 670.0], [330.0, 530.0], [470.0, 390.0]], [[660.0, 200.0], [660.0, 380.0], [380.0, 200.0], [660.0, 200.0]], [[0.0, 480.0], [280.0, 480.0], [280.0, 760.0], [0.0, 760.0], [0.0, 480.0]], [[560.0, 0.0], [480.0, 200.0], [380.0, 200.0], [380.0, 0.0], [560.0, 0.0]], [[568.4853780954127, 0.0], [668.4853780954127, 0.0], [668.4853780954127, 180.0], [568.4853780954127, 180.0], [568.4853780954127, 0.0]], [[560.0, 760.0], [280.0, 760.0], [280.0, 480.0], [560.0, 760.0]], [[468.48537809541267, 388.48537809541267], [668.4853780954127, 388.48537809541267], [668.4853780954127, 588.4853780954127], [468.48537809541267, 668.4853780954127], [468.48537809541267, 388.48537809541267]], [[668.4853780954126, 760.0], [508.48537809541256, 680.0], [668.4853780954126, 600.0], [668.4853780954126, 760.0]], [[200.0, 280.0], [480.0, 280.0], [340.0, 520.0], [200.0, 280.0]]]"
Wed Jul 22 22:02:38 2020,2,1,True,675.1702318763668,0.8442315331585518,"[0, 0, 0, 1, 1, 0, 3, 1, 3, 1, 0, 2]","[[[446.75275646791715, 0.0], [646.7527564679172, 0.0], [646.7527564679172, 200.0], [446.75275646791715, 200.0], [446.75275646791715, 0.0]], [[441.7459629715961, 441.7459629715959], [641.7459629715961, 441.7459629715959], [641.7459629715961, 641.7459629715959], [441.7459629715961, 641.7459629715959], [441.7459629715961, 441.7459629715959]], [[0.0, 580.0], [280.0, 580.0], [280.0, 760.0], [0.0, 760.0], [0.0, 580.0]], [[441.7459629715961, 361.7459629715959], [441.7459629715961, 641.7459629715959], [301.7459629715961, 501.7459629715959], [441.7459629715961, 361.7459629715959]], [[0.0, 36.800584135278655], [180.0, 36.800584135278655], [0.0, 316.80058413527865], [0.0, 36.800584135278655]], [[10.800375515536246, 300.0], [290.80037551553625, 300.0], [290.80037551553625, 580.0], [10.800375515536246, 580.0], [10.800375515536246, 300.0]], [[463.34012682965476, 441.7459629715959], [543.3401268296548, 241.74596297159587], [643.3401268296548, 241.74596297159587], [643.3401268296548, 441.7459629715959], [463.34012682965476, 441.7459629715959]], [[641.7459629715961, 641.7459629715959], [641.7459629715961, 741.7459629715959], [461.7459629715961, 741.7459629715959], [461.7459629715961, 641.7459629715959], [641.7459629715961, 641.7459629715959]], [[305.08608980125047, 480.0], [305.08608980125047, 200.0], [585.0860898012504, 200.0], [305.08608980125047, 480.0]], [[446.75275646791715, 0.0], [446.75275646791715, 200.0], [246.75275646791715, 200.0], [166.75275646791715, 0.0], [446.75275646791715, 0.0]], [[280.0, 719.9999999999998], [360.0, 559.9999999999998], [440.0, 719.9999999999998], [280.0, 719.9999999999998]], [[305.0860898012505, 300.0], [25.086089801250523, 300.0], [165.08608980125052, 60.0], [305.0860898012505, 300.0]]]"
Wed Jul 22 22:02:38 2020,2,0,True,648.163422601312,0.8794078470401582,"[0, 0, 0, 1, 1, 0, 3, 1, 3, 1, 0, 2]","[[[446.75275646791715, 0.0], [646.7527564679172, 0.0], [646.7527564679172, 200.0], [446.75275646791715, 200.0], [446.75275646791715, 0.0]], [[441.7459629715961, 441.7459629715959], [641.7459629715961, 441.7459629715959], [641.7459629715961, 641.7459629715959], [441.7459629715961, 641.7459629715959], [441.7459629715961, 441.7459629715959]], [[0.0, 580.0], [280.0, 580.0], [280.0, 760.0], [0.0, 760.0], [0.0, 580.0]], [[441.7459629715961, 361.7459629715959], [441.7459629715961, 641.7459629715959], [301.7459629715961, 501.7459629715959], [441.7459629715961, 361.7459629715959]], [[0.0, 33.11810883020712], [180.0, 33.11810883020712], [0.0, 313.1181088302071], [0.0, 33.11810883020712]], [[10.800375515536246, 300.0], [290.80037551553625, 300.0], [290.80037551553625, 580.0], [10.800375515536246, 580.0], [10.800375515536246, 300.0]], [[463.34012682965476, 441.7459629715959], [543.3401268296548, 241.74596297159587], [643.3401268296548, 241.74596297159587], [643.3401268296548, 441.7459629715959], [463.34012682965476, 441.7459629715959]], [[641.7459629715961, 641.7459629715959], [641.7459629715961, 741.7459629715959], [461.7459629715961, 741.7459629715959], [461.7459629715961, 641.7459629715959], [641.7459629715961, 641.7459629715959]], [[305.08608980125047, 480.0], [305.08608980125047, 200.0], [585.0860898012504, 200.0], [305.08608980125047, 480.0]], [[446.75275646791715, 0.0], [446.75275646791715, 200.0], [246.75275646791715, 200.0], [166.75275646791715, 0.0], [446.75275646791715, 0.0]], [[280.0, 719.9999999999998], [360.0, 559.9999999999998], [440.0, 719.9999999999998], [280.0, 719.9999999999998]], [[305.0860898012505, 300.0], [25.086089801250523, 300.0], [165.08608980125052, 60.0], [305.0860898012505, 300.0]]]"
Wed Jul 22 22:02:59 2020,2,1,True,654.6450568273252,0.8707008386536218,"[0, 0, 1, 3, 1, 0, 2, 0, 0, 2, 0, 3]","[[[454.6450568273252, 8.329911601938647], [654.6450568273252, 8.329911601938647], [654.6450568273252, 208.32991160193865], [454.6450568273252, 208.32991160193865], [454.6450568273252, 8.329911601938647]], [[354.6450568273252, 265.465154245597], [554.6450568273252, 265.465154245597], [554.6450568273252, 465.465154245597], [354.6450568273252, 465.465154245597], [354.6450568273252, 265.465154245597]], [[654.6450568273252, 480.0], [654.6450568273252, 760.0], [474.6450568273252, 760.0], [474.6450568273252, 480.0], [654.6450568273252, 480.0]], [[209.1799025817283, 760.0], [209.1799025817283, 480.0], [349.1799025817283, 620.0], [209.1799025817283, 760.0]], [[280.0, 0.0], [460.0, 0.0], [280.0, 280.0], [280.0, 0.0]], [[0.0, 0.0], [280.0, 0.0], [280.0, 280.0], [0.0, 280.0], [0.0, 0.0]], [[354.6450568273252, 460.0], [154.64505682732522, 380.0], [154.64505682732522, 280.0], [354.6450568273252, 280.0], [354.6450568273252, 460.0]], [[554.6450568273252, 208.32991160193865], [654.6450568273252, 208.32991160193865], [654.6450568273252, 388.32991160193865], [554.6450568273252, 388.32991160193865], [554.6450568273252, 208.32991160193865]], [[194.64505682732522, 465.465154245597], [474.6450568273252, 465.465154245597], [474.6450568273252, 745.465154245597], [194.64505682732522, 465.465154245597]], [[209.17990258172836, 760.0], [9.179902581728356, 760.0], [9.179902581728356, 560.0], [209.17990258172836, 480.0], [209.17990258172836, 760.0]], [[312.20097227068766, 265.465154245597], [392.20097227068766, 105.46515424559698], [472.20097227068766, 265.465154245597], [312.20097227068766, 265.465154245597]], [[0.0, 569.7903835173936], [0.0, 289.7903835173936], [240.0, 429.7903835173936], [0.0, 569.7903835173936]]]"
Wed Jul 22 22:03:37 2020,2,1,True,661.1915073955985,0.8620800382709127,"[0, 0, 1, 3, 3, 0, 0, 1, 3, 1, 2, 2]","[[[380.0, 0.0], [580.0, 0.0], [580.0, 200.0], [380.0, 200.0], [380.0, 0.0]], [[0.0, 180.0], [200.0, 180.0], [200.0, 380.0], [0.0, 380.0], [0.0, 180.0]], [[380.0, 0.0], [380.0, 280.0], [200.0, 280.0], [200.0, 0.0], [380.0, 0.0]], [[0.0, 660.0], [0.0, 380.0], [140.0, 520.0], [0.0, 660.0]], [[661.1915073955984, 760.0], [481.19150739559836, 760.0], [661.1915073955984, 480.0], [661.1915073955984, 760.0]], [[381.1915073955985, 200.0], [661.1915073955985, 200.0], [661.1915073955985, 480.0], [381.1915073955985, 480.0], [381.1915073955985, 200.0]], [[0.0, 0.0], [200.0, 80.0], [200.0, 180.0], [0.0, 180.0], [0.0, 0.0]], [[380.0, 280.0], [380.0, 380.0], [200.0, 380.0], [200.0, 280.0], [380.0, 280.0]], [[381.1915073955985, 760.0], [381.1915073955985, 480.0], [661.1915073955985, 480.0], [381.1915073955985, 760.0]], [[375.0, 380.0], [375.0, 580.0], [175.0, 580.0], [95.0, 380.0], [375.0, 380.0]], [[360.0, 600.0], [280.0, 760.0], [200.0, 600.0], [360.0, 600.0]], [[280.0, 760.0], [0.0, 760.0], [140.0, 520.0], [280.0, 760.0]]]"
Wed Jul 22 22:04:22 2020,2,1,True,667.8034224695544,0.8535445923474384,"[0, 0, 1, 3, 3, 0, 0, 1, 2, 1, 0, 0]","[[[434.7438470997745, 0.0], [634.7438470997745, 0.0], [634.7438470997745, 200.0], [434.7438470997745, 200.0], [434.7438470997745, 0.0]], [[79.35180455363968, 280.0], [279.3518045536397, 280.0], [279.3518045536397, 480.0], [79.35180455363968, 480.0], [79.35180455363968, 280.0]], [[460.0, 200.0], [460.0, 480.0], [280.0, 480.0], [280.0, 200.0], [460.0, 200.0]], [[0.0, 697.4811441420808], [0.0, 417.4811441420808], [140.0, 557.4811441420808], [0.0, 697.4811441420808]], [[387.80342246955445, 760.0], [207.80342246955445, 760.0], [387.80342246955445, 480.0], [387.80342246955445, 760.0]], [[387.80342246955445, 480.0], [667.8034224695544, 480.0], [667.8034224695544, 760.0], [387.80342246955445, 760.0], [387.80342246955445, 480.0]], [[459.3518045536397, 200.0], [659.3518045536397, 280.0], [659.3518045536397, 380.0], [459.3518045536397, 380.0], [459.3518045536397, 200.0]], [[640.0, 380.0], [640.0, 480.0], [460.0, 480.0], [460.0, 380.0], [640.0, 380.0]], [[280.0, 280.0], [0.0, 280.0], [0.0, 0.0], [280.0, 280.0]], [[434.7438470997745, 0.0], [434.7438470997745, 200.0], [234.74384709977448, 200.0], [154.74384709977448, 0.0], [434.7438470997745, 0.0]], [[17.48114414208078, 760.0], [97.48114414208078, 600.0], [177.48114414208078, 760.0], [17.48114414208078, 760.0]], [[94.80266591711955, 480.0], [374.80266591711955, 480.0], [234.80266591711955, 720.0], [94.80266591711955, 480.0]]]"
Wed Jul 22 22:05:21 2020,2,5,True,674.48145669425,0.8450936557895429,"[0, 0, 0, 2, 3, 0, 1, 0, 0, 3, 1, 0]","[[[280.0, 560.0], [480.0, 560.0], [480.0, 760.0], [280.0, 760.0], [280.0, 560.0]], [[0.0, 180.0], [200.0, 180.0], [200.0, 380.0], [0.0, 380.0], [0.0, 180.0]], [[0.0, 580.0], [280.0, 580.0], [280.0, 760.0], [0.0, 760.0], [0.0, 580.0]], [[280.0, 180.0], [0.0, 180.0], [140.0, 40.0], [280.0, 180.0]], [[674.48145669425, 280.0], [494.48145669425, 280.0], [674.48145669425, 0.0], [674.48145669425, 280.0]], [[361.09128557077224, 280.0], [641.0912855707722, 280.0], [641.0912855707722, 560.0], [361.09128557077224, 560.0], [361.09128557077224, 280.0]], [[660.0, 560.0], [580.0, 760.0], [480.0, 760.0], [480.0, 560.0], [660.0, 560.0]], [[252.96957147640927, 332.4239286910232], [352.96957147640927, 332.4239286910232], [352.96957147640927, 512.4239286910232], [252.96957147640927, 512.4239286910232], [252.96957147640927, 332.4239286910232]], [[100.0, 0.0], [380.0, 0.0], [380.0, 280.0], [100.0, 0.0]], [[0.0, 580.0], [0.0, 380.0], [200.0, 380.0], [280.0, 580.0], [0.0, 580.0]], [[200.0, 198.90871442922776], [360.0, 278.90871442922776], [200.0, 358.90871442922776], [200.0, 198.90871442922776]], [[380.0, 0.3044881910557251], [660.0, 0.3044881910557251], [520.0, 240.30448819105573], [380.0, 0.3044881910557251]]]"
Wed Jul 22 22:05:37 2020,2,1,True,681.2262712611926,0.8367263918708345,"[0, 0, 1, 1, 2, 0, 0, 0, 2, 1, 0, 0]","[[[279.82598245485144, 560.0], [479.82598245485144, 560.0], [479.82598245485144, 760.0], [279.82598245485144, 760.0], [279.82598245485144, 560.0]], [[0.0, 80.0], [200.0, 80.0], [200.0, 280.0], [0.0, 280.0], [0.0, 80.0]], [[379.82598245485144, 0.0], [379.82598245485144, 280.0], [199.82598245485144, 280.0], [199.82598245485144, 0.0], [379.82598245485144, 0.0]], [[679.8259824548514, 100.0], [679.8259824548514, 380.0], [539.8259824548514, 240.0], [679.8259824548514, 100.0]], [[329.99999999999994, 280.0], [329.99999999999994, 460.0], [49.99999999999994, 280.0], [329.99999999999994, 280.0]], [[0.0, 477.14160089915435], [280.0, 477.14160089915435], [280.0, 757.1416008991544], [0.0, 757.1416008991544], [0.0, 477.14160089915435]], [[0.0, 296.42857142857144], [200.0, 376.42857142857144], [200.0, 476.42857142857144], [0.0, 476.42857142857144], [0.0, 296.42857142857144]], [[479.82598245485144, 560.0], [579.8259824548514, 560.0], [579.8259824548514, 740.0], [479.82598245485144, 740.0], [479.82598245485144, 560.0]], [[659.8259824548514, 360.0], [379.82598245485144, 360.0], [379.82598245485144, 80.0], [659.8259824548514, 360.0]], [[639.8259824548514, 360.0], [639.8259824548514, 560.0], [439.82598245485144, 560.0], [359.82598245485144, 360.0], [639.8259824548514, 360.0]], [[280.0, 560.0], [360.0, 400.0], [440.0, 560.0], [280.0, 560.0]], [[399.82598245485144, 0.0], [679.8259824548514, 0.0], [539.8259824548514, 240.0], [399.82598245485144, 0.0]]]"
Wed Jul 22 22:05:50 2020,2,1,True,688.0385339738045,0.828441972149341,"[0, 0, 1, 1, 2, 0, 2, 1, 2, 3, 0, 0]","[[[202.85839910084565, 24.50841709639144], [402.85839910084565, 24.50841709639144], [402.85839910084565, 224.50841709639144], [202.85839910084565, 224.50841709639144], [202.85839910084565, 24.50841709639144]], [[460.0, 479.753121076305], [660.0, 479.753121076305], [660.0, 679.753121076305], [460.0, 679.753121076305], [460.0, 479.753121076305]], [[460.0, 479.753121076305], [460.0, 759.753121076305], [280.0, 759.753121076305], [280.0, 479.753121076305], [460.0, 479.753121076305]], [[665.8335502429123, 102.72827221837167], [665.8335502429123, 382.72827221837167], [525.8335502429123, 242.72827221837167], [665.8335502429123, 102.72827221837167]], [[362.85839910084565, 280.0], [362.85839910084565, 460.0], [82.85839910084565, 280.0], [362.85839910084565, 280.0]], [[0.0, 477.14160089915435], [280.0, 477.14160089915435], [280.0, 757.1416008991544], [0.0, 757.1416008991544], [0.0, 477.14160089915435]], [[202.85839910084565, 280.0], [2.858399100845645, 200.0], [2.858399100845645, 100.0], [202.85839910084565, 100.0], [202.85839910084565, 280.0]], [[180.0, 0.0], [180.0, 100.0], [0.0, 100.0], [0.0, 0.0], [180.0, 0.0]], [[280.0, 477.14160089915435], [0.0, 477.14160089915435], [0.0, 197.14160089915435], [280.0, 477.14160089915435]], [[362.85839910084565, 479.753121076305], [362.85839910084565, 279.753121076305], [562.8583991008456, 279.753121076305], [642.8583991008456, 479.753121076305], [362.85839910084565, 479.753121076305]], [[378.41780975579525, 279.753121076305], [458.41780975579525, 119.75312107630498], [538.4178097557952, 279.753121076305], [378.41780975579525, 279.753121076305]], [[388.561822461284, 0.0], [668.561822461284, 0.0], [528.561822461284, 240.0], [388.561822461284, 0.0]]]"
Wed Jul 22 22:05:54 2020,2,0,True,660.5169926148524,0.8629603876555635,"[0, 0, 1, 1, 2, 0, 2, 1, 2, 3, 0, 0]","[[[198.0366592188613, 30.033714178301125], [398.0366592188613, 30.033714178301125], [398.0366592188613, 230.03371417830112], [198.0366592188613, 230.03371417830112], [198.0366592188613, 30.033714178301125]], [[460.0, 482.3414064859933], [660.0, 482.3414064859933], [660.0, 682.3414064859933], [460.0, 682.3414064859933], [460.0, 482.3414064859933]], [[460.0, 480.0], [460.0, 760.0], [280.0, 760.0], [280.0, 480.0], [460.0, 480.0]], [[660.5169926148524, 100.0], [660.5169926148524, 380.0], [520.5169926148524, 240.0], [660.5169926148524, 100.0]], [[362.85839910084565, 280.0], [362.85839910084565, 460.0], [82.85839910084565, 280.0], [362.85839910084565, 280.0]], [[0.0, 480.0], [280.0, 480.0], [280.0, 760.0], [0.0, 760.0], [0.0, 480.0]], [[200.0, 280.0], [0.0, 200.0], [0.0, 100.0], [200.0, 100.0], [200.0, 280.0]], [[180.0, 0.0], [180.0, 100.0], [0.0, 100.0], [0.0, 0.0], [180.0, 0.0]], [[280.0, 480.0], [0.0, 480.0], [0.0, 200.0], [280.0, 480.0]], [[362.85839910084565, 482.3414064859933], [362.85839910084565, 282.3414064859933], [562.8583991008456, 282.3414064859933], [642.8583991008456, 482.3414064859933], [362.85839910084565, 482.3414064859933]], [[371.88281306501517, 282.3414064859933], [451.88281306501517, 122.34140648599328], [531.8828130650152, 282.3414064859933], [371.88281306501517, 282.3414064859933]], [[380.51699261485237, 0.0], [660.5169926148524, 0.0], [520.5169926148524, 240.0], [380.51699261485237, 0.0]]]"
Wed Jul 22 22:07:23 2020,2,5,True,667.1221625410009,0.854416225401548,"[0, 0, 0, 0, 3, 0, 0, 1, 1, 1, 0, 0]","[[[200.0, 67.12216254100088], [400.0, 67.12216254100088], [400.0, 267.1221625410009], [200.0, 267.1221625410009], [200.0, 67.12216254100088]], [[0.0, 0.0], [200.0, 0.0], [200.0, 200.0], [0.0, 200.0], [0.0, 0.0]], [[0.0, 300.0], [280.0, 300.0], [280.0, 480.0], [0.0, 480.0], [0.0, 300.0]], [[332.8778374589991, 0.0], [612.8778374589991, 0.0], [472.8778374589991, 140.0], [332.8778374589991, 0.0]], [[667.1221625410009, 560.0], [487.1221625410009, 560.0], [667.1221625410009, 280.0], [667.1221625410009, 560.0]], [[0.0, 480.0], [280.0, 480.0], [280.0, 760.0], [0.0, 760.0], [0.0, 480.0]], [[280.0, 374.8488650164004], [480.0, 454.8488650164004], [480.0, 554.8488650164004], [280.0, 554.8488650164004], [280.0, 374.8488650164004]], [[180.0, 200.0], [180.0, 300.0], [0.0, 300.0], [0.0, 200.0], [180.0, 200.0]], [[667.1221625410009, 0.0], [667.1221625410009, 280.0], [387.1221625410009, 280.0], [667.1221625410009, 0.0]], [[658.0604539934399, 560.0], [658.0604539934399, 760.0], [458.06045399343986, 760.0], [378.06045399343986, 560.0], [658.0604539934399, 560.0]], [[280.0, 714.8488650164004], [360.0, 554.8488650164004], [440.0, 714.8488650164004], [280.0, 714.8488650164004]], [[375.5460846261401, 275.78501008978355], [655.5460846261401, 275.78501008978355], [515.5460846261401, 515.7850100897836], [375.5460846261401, 275.78501008978355]]]"
Wed Jul 22 22:08:11 2020,2,3,True,673.7933841664109,0.845956658813414,"[0, 0, 1, 3, 3, 0, 3, 0, 2, 2, 3, 0]","[[[453.70642763617457, 200.0], [653.7064276361746, 200.0], [653.7064276361746, 400.0], [453.70642763617457, 400.0], [453.70642763617457, 200.0]], [[0.0, 279.6589965654184], [200.0, 279.6589965654184], [200.0, 479.6589965654184], [0.0, 479.6589965654184], [0.0, 279.6589965654184]], [[180.0, 0.0], [180.0, 280.0], [0.0, 280.0], [0.0, 0.0], [180.0, 0.0]], [[480.0, 680.0], [480.0, 400.0], [620.0, 540.0], [480.0, 680.0]], [[673.7933841664109, 760.0], [493.7933841664109, 760.0], [673.7933841664109, 480.0], [673.7933841664109, 760.0]], [[0.0, 479.6589965654184], [280.0, 479.6589965654184], [280.0, 759.6589965654184], [0.0, 759.6589965654184], [0.0, 479.6589965654184]], [[468.53225200350596, 200.0], [548.532252003506, 0.0], [648.532252003506, 0.0], [648.532252003506, 200.0], [468.53225200350596, 200.0]], [[180.0, 19.65899656541842], [280.0, 19.65899656541842], [280.0, 199.65899656541842], [180.0, 199.65899656541842], [180.0, 19.65899656541842]], [[480.0, 479.6589965654184], [200.0, 479.6589965654184], [200.0, 199.65899656541842], [480.0, 479.6589965654184]], [[480.0, 760.0], [280.0, 760.0], [280.0, 560.0], [480.0, 480.0], [480.0, 760.0]], [[456.4047529575564, 376.06374952297483], [296.4047529575564, 296.06374952297483], [456.4047529575564, 216.06374952297483], [456.4047529575564, 376.06374952297483]], [[268.53225200350596, 0.0], [548.532252003506, 0.0], [408.53225200350596, 240.0], [268.53225200350596, 0.0]]]"
Wed Jul 22 22:08:15 2020,2,0,True,646.8416487997545,0.8812048529306394,"[0, 0, 1, 3, 3, 0, 2, 0, 2, 0, 3, 3]","[[[446.84164879975447, 181.75367591072916], [646.8416487997545, 181.75367591072916], [646.8416487997545, 381.75367591072916], [446.84164879975447, 381.75367591072916], [446.84164879975447, 181.75367591072916]], [[0.0, 279.6589965654184], [200.0, 279.6589965654184], [200.0, 479.6589965654184], [0.0, 479.6589965654184], [0.0, 279.6589965654184]], [[180.0, 0.0], [180.0, 280.0], [0.0, 280.0], [0.0, 0.0], [180.0, 0.0]], [[480.0, 661.7536759107292], [480.0, 381.75367591072916], [620.0, 521.7536759107292], [480.0, 661.7536759107292]], [[646.8416487997545, 760.0], [466.84164879975447, 760.0], [646.8416487997545, 480.0], [646.8416487997545, 760.0]], [[0.0, 479.6589965654184], [280.0, 479.6589965654184], [280.0, 759.6589965654184], [0.0, 759.6589965654184], [0.0, 479.6589965654184]], [[646.8416487997545, 180.0], [446.84164879975447, 100.0], [446.84164879975447, 0.0], [646.8416487997545, 0.0], [646.8416487997545, 180.0]], [[180.0, 19.65899656541842], [280.0, 19.65899656541842], [280.0, 199.65899656541842], [180.0, 199.65899656541842], [180.0, 19.65899656541842]], [[479.7746853765441, 479.6589965654184], [199.77468537654408, 479.6589965654184], [199.77468537654408, 199.65899656541842], [479.7746853765441, 479.6589965654184]], [[280.0, 479.6589965654184], [480.0, 479.6589965654184], [480.0, 679.6589965654184], [280.0, 759.6589965654184], [280.0, 479.6589965654184]], [[446.84164879975447, 366.5006453651729], [286.84164879975447, 286.5006453651729], [446.84164879975447, 206.5006453651729], [446.84164879975447, 366.5006453651729]], [[280.0, 280.0], [280.0, 0.0], [520.0, 140.0], [280.0, 280.0]]]"
Wed Jul 22 22:09:41 2020,2,5,False,653.310065287752,0.8724800524065739,"[0, 0, 1, 1, 1, 0, 1, 1, 3, 3, 3, 2]","[[[453.31006528775197, 0.0], [653.310065287752, 0.0], [653.310065287752, 200.0], [453.31006528775197, 200.0], [453.31006528775197, 0.0]], [[373.31006528775197, 560.0], [573.310065287752, 560.0], [573.310065287752, 760.0], [373.31006528775197, 760.0], [373.31006528775197, 560.0]], [[373.31006528775197, 340.601500153678], [373.31006528775197, 620.601500153678], [193.31006528775197, 620.601500153678], [193.31006528775197, 340.601500153678], [373.31006528775197, 340.601500153678]], [[193.31006528775197, 286.68993471224803], [193.31006528775197, 566.689934712248], [53.31006528775197, 426.68993471224803], [193.31006528775197, 286.68993471224803]], [[280.0, 0.0], [460.0, 0.0], [280.0, 280.0], [280.0, 0.0]], [[373.31006528775197, 340.601500153678], [653.310065287752, 340.601500153678], [653.310065287752, 620.601500153678], [373.31006528775197, 620.601500153678], [373.31006528775197, 340.601500153678]], [[186.62013057550394, 560.0], [106.62013057550394, 760.0], [6.620130575503936, 760.0], [6.620130575503936, 560.0], [186.62013057550394, 560.0]], [[326.62013057550394, 660.0], [326.62013057550394, 760.0], [146.62013057550394, 760.0], [146.62013057550394, 660.0], [326.62013057550394, 660.0]], [[0.0, 480.0], [0.0, 200.0], [280.0, 200.0], [0.0, 480.0]], [[0.0, 200.0], [0.0, 0.0], [200.0, 0.0], [280.0, 200.0], [0.0, 200.0]], [[653.310065287752, 348.57142857142856], [493.31006528775197, 268.57142857142856], [653.310065287752, 188.57142857142856], [653.310065287752, 348.57142857142856]], [[535.3276070440642, 340.601500153678], [255.32760704406417, 340.601500153678], [395.32760704406417, 100.60150015367799], [535.3276070440642, 340.601500153678]]]"
Wed Jul 22 22:10:32 2020,2,1,True,659.8431659406295,0.8638416360461126,"[0, 0, 1, 0, 3, 0, 0, 1, 1, 3, 0, 0]","[[[459.84316594062955, 280.0], [659.8431659406295, 280.0], [659.8431659406295, 480.0], [459.84316594062955, 480.0], [459.84316594062955, 280.0]], [[0.0, 539.8431659406295], [200.0, 539.8431659406295], [200.0, 739.8431659406295], [0.0, 739.8431659406295], [0.0, 539.8431659406295]], [[180.0, 200.0], [180.0, 480.0], [0.0, 480.0], [0.0, 200.0], [180.0, 200.0]], [[140.15683405937045, 480.0], [420.15683405937045, 480.0], [280.15683405937045, 620.0], [140.15683405937045, 480.0]], [[659.8431659406295, 280.0], [479.84316594062955, 280.0], [659.8431659406295, 0.0], [659.8431659406295, 280.0]], [[180.0, 200.0], [460.0, 200.0], [460.0, 480.0], [180.0, 480.0], [180.0, 200.0]], [[459.84316594062955, 480.0], [659.8431659406295, 560.0], [659.8431659406295, 660.0], [459.84316594062955, 660.0], [459.84316594062955, 480.0]], [[659.8431659406295, 660.0], [659.8431659406295, 760.0], [479.84316594062955, 760.0], [479.84316594062955, 660.0], [659.8431659406295, 660.0]], [[459.84316594062955, 480.0], [459.84316594062955, 760.0], [179.84316594062955, 760.0], [459.84316594062955, 480.0]], [[159.9187229249489, 200.0], [159.9187229249489, 0.0], [359.9187229249489, 0.0], [439.9187229249489, 200.0], [159.9187229249489, 200.0]], [[0.0, 200.0], [80.0, 40.0], [160.0, 200.0], [0.0, 200.0]], [[359.9187229249489, 0.0], [639.918722924949, 0.0], [499.9187229249489, 240.0], [359.9187229249489, 0.0]]]"
Wed Jul 22 22:11:00 2020,2,1,True,666.4415976000358,0.8552887485605075,"[0, 0, 0, 1, 0, 0, 1, 1, 1, 3, 2, 0]","[[[466.44159760003583, 280.0], [666.4415976000358, 280.0], [666.4415976000358, 480.0], [466.44159760003583, 480.0], [466.44159760003583, 280.0]], [[450.35255450620843, 480.0], [650.3525545062084, 480.0], [650.3525545062084, 680.0], [450.35255450620843, 680.0], [450.35255450620843, 480.0]], [[0.0, 0.0], [280.0, 0.0], [280.0, 180.0], [0.0, 180.0], [0.0, 0.0]], [[450.35255450620843, 402.8571428571429], [450.35255450620843, 682.8571428571429], [310.35255450620843, 542.8571428571429], [450.35255450620843, 402.8571428571429]], [[290.0, 760.0], [290.0, 580.0], [570.0, 760.0], [290.0, 760.0]], [[0.0, 180.0], [280.0, 180.0], [280.0, 460.0], [0.0, 460.0], [0.0, 180.0]], [[460.0, 280.0], [380.0, 480.0], [280.0, 480.0], [280.0, 280.0], [460.0, 280.0]], [[180.0, 460.0], [180.0, 560.0], [0.0, 560.0], [0.0, 460.0], [180.0, 460.0]], [[666.4415976000358, 0.0], [666.4415976000358, 280.0], [386.44159760003583, 280.0], [666.4415976000358, 0.0]], [[0.0, 760.0], [0.0, 560.0], [200.0, 560.0], [280.0, 760.0], [0.0, 760.0]], [[340.0, 480.0], [260.0, 640.0], [180.0, 480.0], [340.0, 480.0]], [[280.0, 0.0], [560.0, 0.0], [420.0, 240.0], [280.0, 0.0]]]"
Wed Jul 22 22:11:20 2020,2,1,True,673.1060135760362,0.8468205431292155,"[0, 0, 1, 3, 1, 0, 3, 0, 1, 3, 1, 1]","[[[466.79270534397995, 0.0], [666.79270534398, 0.0], [666.79270534398, 200.0], [466.79270534397995, 200.0], [466.79270534397995, 0.0]], [[466.79270534397995, 200.0], [666.79270534398, 200.0], [666.79270534398, 400.0], [466.79270534397995, 400.0], [466.79270534397995, 200.0]], [[640.0, 400.0], [640.0, 680.0], [460.0, 680.0], [460.0, 400.0], [640.0, 400.0]], [[279.7983081311344, 450.9199349591735], [279.7983081311344, 170.91993495917347], [419.7983081311344, 310.9199349591735], [279.7983081311344, 450.9199349591735]], [[0.0, 460.0], [180.0, 460.0], [0.0, 740.0], [0.0, 460.0]], [[0.0, 180.0], [280.0, 180.0], [280.0, 460.0], [0.0, 460.0], [0.0, 180.0]], [[29.95273549600753, 760.0], [109.95273549600753, 560.0], [209.95273549600753, 560.0], [209.95273549600753, 760.0], [29.95273549600753, 760.0]], [[0.0, 0.0], [100.0, 0.0], [100.0, 180.0], [0.0, 180.0], [0.0, 0.0]], [[460.0, 280.0], [460.0, 560.0], [180.0, 560.0], [460.0, 280.0]], [[209.95273549600753, 760.0], [209.95273549600753, 560.0], [409.95273549600756, 560.0], [489.95273549600756, 760.0], [209.95273549600753, 760.0]], [[100.0, 0.0], [260.0, 80.0], [100.0, 160.0], [100.0, 0.0]], [[466.79270534397995, 0.0], [466.79270534397995, 280.0], [226.79270534397995, 140.0], [466.79270534397995, 0.0]]]"
Wed Jul 22 22:11:35 2020,2,1,True,679.8370737117965,0.8384361813160549,"[0, 0, 1, 1, 3, 0, 1, 0, 2, 0, 2, 0]","[[[479.8370737117965, 280.0], [679.8370737117965, 280.0], [679.8370737117965, 480.0], [479.8370737117965, 480.0], [479.8370737117965, 280.0]], [[280.0, 0.0], [480.0, 0.0], [480.0, 200.0], [280.0, 200.0], [280.0, 0.0]], [[180.0, 480.0], [180.0, 760.0], [0.0, 760.0], [0.0, 480.0], [180.0, 480.0]], [[618.3333333333334, 480.0], [618.3333333333334, 760.0], [478.33333333333337, 620.0], [618.3333333333334, 480.0]], [[679.8370737117965, 280.0], [499.8370737117965, 280.0], [679.8370737117965, 0.0], [679.8370737117965, 280.0]], [[0.0, 200.0], [280.0, 200.0], [280.0, 480.0], [0.0, 480.0], [0.0, 200.0]], [[280.0, 0.0], [200.0, 200.0], [100.0, 200.0], [100.0, 0.0], [280.0, 0.0]], [[0.0, 20.0], [100.0, 20.0], [100.0, 200.0], [0.0, 200.0], [0.0, 20.0]], [[460.0, 760.0], [180.0, 760.0], [180.0, 480.0], [460.0, 760.0]], [[280.0, 200.0], [480.0, 200.0], [480.0, 400.0], [280.0, 480.0], [280.0, 200.0]], [[656.9799308546537, 0.0], [576.9799308546537, 160.0], [496.97993085465373, 0.0], [656.9799308546537, 0.0]], [[280.0, 480.0], [560.0, 480.0], [420.0, 720.0], [280.0, 480.0]]]"
Wed Jul 22 22:11:45 2020,2,1,True,686.6354444489144,0.8301348329861931,"[0, 0, 1, 0, 3, 0, 1, 0, 2, 0, 2, 0]","[[[0.0, 0.0], [200.0, 0.0], [200.0, 200.0], [0.0, 200.0], [0.0, 0.0]], [[380.0, 493.8461538461536], [580.0, 493.8461538461536], [580.0, 693.8461538461536], [380.0, 693.8461538461536], [380.0, 493.8461538461536]], [[180.0, 480.0], [180.0, 760.0], [0.0, 760.0], [0.0, 480.0], [180.0, 480.0]], [[378.8571428571429, 2.8571428571426623], [658.8571428571429, 2.8571428571426623], [518.8571428571429, 142.85714285714266], [378.8571428571429, 2.8571428571426623]], [[671.4468864468867, 333.8461538461536], [491.44688644688665, 333.8461538461536], [671.4468864468867, 53.846153846153584], [671.4468864468867, 333.8461538461536]], [[0.0, 200.0], [280.0, 200.0], [280.0, 480.0], [0.0, 480.0], [0.0, 200.0]], [[380.0, 0.0], [300.0, 200.0], [200.0, 200.0], [200.0, 0.0], [380.0, 0.0]], [[580.0, 476.7399267399269], [680.0, 476.7399267399269], [680.0, 656.7399267399269], [580.0, 656.7399267399269], [580.0, 476.7399267399269]], [[560.0, 480.0], [280.0, 480.0], [280.0, 200.0], [560.0, 480.0]], [[180.0, 480.0], [380.0, 480.0], [380.0, 680.0], [180.0, 760.0], [180.0, 480.0]], [[651.4468864468867, 333.8461538461536], [571.4468864468867, 493.8461538461536], [491.44688644688665, 333.8461538461536], [651.4468864468867, 333.8461538461536]], [[322.85714285714266, 142.85714285714266], [602.8571428571427, 142.85714285714266], [462.85714285714266, 382.85714285714266], [322.85714285714266, 142.85714285714266]]]"
Wed Jul 22 22:11:57 2020,2,1,True,693.5017988934036,0.8219156762239535,"[0, 0, 0, 1, 1, 0, 0, 0, 2, 0, 1, 1]","[[[200.0, 0.0], [400.0, 0.0], [400.0, 200.0], [200.0, 200.0], [200.0, 0.0]], [[490.5985980995291, 391.42857142857133], [690.5985980995291, 391.42857142857133], [690.5985980995291, 591.4285714285713], [490.5985980995291, 591.4285714285713], [490.5985980995291, 391.42857142857133]], [[0.0, 300.0], [280.0, 300.0], [280.0, 480.0], [0.0, 480.0], [0.0, 300.0]], [[458.80566261037484, 279.63563593941706], [458.80566261037484, 559.635635939417], [318.80566261037484, 419.63563593941706], [458.80566261037484, 279.63563593941706]], [[280.0, 200.0], [460.0, 200.0], [280.0, 480.0], [280.0, 200.0]], [[99.17002667095778, 480.0], [379.1700266709578, 480.0], [379.1700266709578, 760.0], [99.17002667095778, 760.0], [99.17002667095778, 480.0]], [[459.1700266709578, 211.42857142857133], [659.1700266709578, 291.42857142857133], [659.1700266709578, 391.42857142857133], [459.1700266709578, 391.42857142857133], [459.1700266709578, 211.42857142857133]], [[0.0, 480.0], [100.0, 480.0], [100.0, 660.0], [0.0, 660.0], [0.0, 480.0]], [[659.1700266709578, 760.0], [379.1700266709578, 760.0], [379.1700266709578, 480.0], [659.1700266709578, 760.0]], [[0.0, 0.0], [200.0, 0.0], [200.0, 200.0], [0.0, 280.0], [0.0, 0.0]], [[400.0, 0.0], [560.0, 80.0], [400.0, 160.0], [400.0, 0.0]], [[668.3605235395607, 16.78969460192303], [668.3605235395607, 296.78969460192303], [428.36052353956075, 156.78969460192303], [668.3605235395607, 16.78969460192303]]]"
Wed Jul 22 22:12:08 2020,2,1,True,700.4368168823377,0.813777897251439,"[0, 0, 0, 0, 1, 0, 3, 1, 1, 0, 1, 1]","[[[490.3393523983748, 560.0], [690.3393523983748, 560.0], [690.3393523983748, 760.0], [490.3393523983748, 760.0], [490.3393523983748, 560.0]], [[480.0, 360.0], [680.0, 360.0], [680.0, 560.0], [480.0, 560.0], [480.0, 360.0]], [[0.0, 300.0], [280.0, 300.0], [280.0, 480.0], [0.0, 480.0], [0.0, 300.0]], [[285.76172693766733, 2.842170943040401e-14], [565.7617269376674, 2.842170943040401e-14], [425.76172693766733, 140.00000000000003], [285.76172693766733, 2.842170943040401e-14]], [[280.0, 451.638992619694], [460.0, 451.638992619694], [280.0, 731.638992619694], [280.0, 451.638992619694]], [[0.0, 480.0], [280.0, 480.0], [280.0, 760.0], [0.0, 760.0], [0.0, 480.0]], [[310.3393523983748, 760.0], [390.3393523983748, 560.0], [490.3393523983748, 560.0], [490.3393523983748, 760.0], [310.3393523983748, 760.0]], [[200.0, 0.0], [200.0, 100.0], [20.0, 100.0], [20.0, 0.0], [200.0, 0.0]], [[280.0, 20.0], [280.0, 300.0], [0.0, 300.0], [280.0, 20.0]], [[280.0, 171.63899261969402], [480.0, 171.63899261969402], [480.0, 371.638992619694], [280.0, 451.638992619694], [280.0, 171.63899261969402]], [[480.0, 200.0], [640.0, 280.0], [480.0, 360.0], [480.0, 200.0]], [[665.7617269376673, 0.0], [665.7617269376673, 280.0], [425.7617269376673, 140.0], [665.7617269376673, 0.0]]]"
Wed Jul 22 22:12:12 2020,2,0,True,672.4193442070441,0.8476853096369158,"[0, 0, 0, 0, 1, 0, 3, 0, 1, 3, 1, 0]","[[[472.4193442070441, 560.0], [672.4193442070441, 560.0], [672.4193442070441, 760.0], [472.4193442070441, 760.0], [472.4193442070441, 560.0]], [[472.4193442070441, 360.0], [672.4193442070441, 360.0], [672.4193442070441, 560.0], [472.4193442070441, 560.0], [472.4193442070441, 360.0]], [[0.0, 300.0], [280.0, 300.0], [280.0, 480.0], [0.0, 480.0], [0.0, 300.0]], [[20.0, 0.0], [300.0, 0.0], [160.0, 140.0], [20.0, 0.0]], [[280.0, 423.76342432206854], [460.0, 423.76342432206854], [280.0, 703.7634243220685], [280.0, 423.76342432206854]], [[0.0, 480.0], [280.0, 480.0], [280.0, 760.0], [0.0, 760.0], [0.0, 480.0]], [[292.4193442070441, 760.0], [372.4193442070441, 560.0], [472.4193442070441, 560.0], [472.4193442070441, 760.0], [292.4193442070441, 760.0]], [[561.6666666666666, 180.0], [661.6666666666666, 180.0], [661.6666666666666, 360.0], [561.6666666666666, 360.0], [561.6666666666666, 180.0]], [[280.0, 20.0], [280.0, 300.0], [0.0, 300.0], [280.0, 20.0]], [[280.0, 360.0], [280.0, 160.0], [480.0, 160.0], [560.0, 360.0], [280.0, 360.0]], [[0.0, 60.0], [160.0, 140.0], [0.0, 220.0], [0.0, 60.0]], [[386.66666666666663, 0.0], [666.6666666666666, 0.0], [526.6666666666666, 240.0], [386.66666666666663, 0.0]]]"
Wed Jul 22 22:13:30 2020,2,5,True,679.1435376491146,0.8392923857791245,"[0, 0, 1, 3, 0, 0, 3, 0, 1, 0, 1, 1]","[[[0.0, 560.0], [200.0, 560.0], [200.0, 760.0], [0.0, 760.0], [0.0, 560.0]], [[200.0, 560.0], [400.0, 560.0], [400.0, 760.0], [200.0, 760.0], [200.0, 560.0]], [[477.14285714285717, 280.0], [477.14285714285717, 560.0], [297.14285714285717, 560.0], [297.14285714285717, 280.0], [477.14285714285717, 280.0]], [[280.0000000000001, 280.0], [280.0000000000001, 0.0], [420.0000000000001, 140.0], [280.0000000000001, 280.0]], [[0.0, 560.0], [0.0, 380.0], [280.0, 560.0], [0.0, 560.0]], [[1.1368683772161603e-13, 0.0], [280.0000000000001, 0.0], [280.0000000000001, 280.0], [1.1368683772161603e-13, 280.0], [1.1368683772161603e-13, 0.0]], [[499.1435376491146, 760.0], [579.1435376491146, 560.0], [679.1435376491146, 560.0], [679.1435376491146, 760.0], [499.1435376491146, 760.0]], [[400.0, 560.0], [500.0, 560.0], [500.0, 740.0], [400.0, 740.0], [400.0, 560.0]], [[679.1435376491146, 0.0], [679.1435376491146, 280.0], [399.1435376491146, 280.0], [679.1435376491146, 0.0]], [[477.14285714285717, 280.0], [677.1428571428571, 280.0], [677.1428571428571, 480.0], [477.14285714285717, 560.0], [477.14285714285717, 280.0]], [[420.0000000000001, 0.0], [580.0000000000001, 80.0], [420.0000000000001, 160.0], [420.0000000000001, 0.0]], [[297.14285714285717, 280.0], [297.14285714285717, 560.0], [57.14285714285717, 420.0], [297.14285714285717, 280.0]]]"
Wed Jul 22 22:13:39 2020,2,1,True,685.9349730256057,0.830982560177351,"[0, 0, 1, 3, 0, 0, 3, 1, 0, 0, 0, 1]","[[[485.9349730256057, 43.47446093160829], [685.9349730256057, 43.47446093160829], [685.9349730256057, 243.4744609316083], [485.9349730256057, 243.4744609316083], [485.9349730256057, 43.47446093160829]], [[310.0, 560.0], [510.0, 560.0], [510.0, 760.0], [310.0, 760.0], [310.0, 560.0]], [[442.4605120939974, 280.0], [442.4605120939974, 560.0], [262.4605120939974, 560.0], [262.4605120939974, 280.0], [442.4605120939974, 280.0]], [[442.4605120939974, 560.0], [442.4605120939974, 280.0], [582.4605120939974, 420.0], [442.4605120939974, 560.0]], [[0.0, 585.5610993681445], [0.0, 405.5610993681445], [280.0, 585.5610993681445], [0.0, 585.5610993681445]], [[0.0, 0.0], [280.0, 0.0], [280.0, 280.0], [0.0, 280.0], [0.0, 0.0]], [[505.9349730256057, 760.0], [585.9349730256057, 560.0], [685.9349730256057, 560.0], [685.9349730256057, 760.0], [505.9349730256057, 760.0]], [[310.0, 585.5610993681445], [310.0, 685.5610993681445], [130.0, 685.5610993681445], [130.0, 585.5610993681445], [310.0, 585.5610993681445]], [[405.9349730256057, 243.4744609316083], [685.9349730256057, 243.4744609316083], [685.9349730256057, 523.4744609316083], [405.9349730256057, 243.4744609316083]], [[285.9349730256057, 0.0], [485.9349730256057, 0.0], [485.9349730256057, 200.0], [285.9349730256057, 280.0], [285.9349730256057, 0.0]], [[0.0, 745.5610993681445], [80.0, 585.5610993681445], [160.0, 745.5610993681445], [0.0, 745.5610993681445]], [[262.4605120939974, 280.0], [262.4605120939974, 560.0], [22.46051209399741, 420.0], [262.4605120939974, 280.0]]]"
Wed Jul 22 22:13:54 2020,2,1,True,692.7943227558618,0.8227550100765851,"[0, 0, 0, 0, 0, 0, 3, 1, 1, 0, 2, 1]","[[[272.1962042415678, 314.2967486512804], [472.1962042415678, 314.2967486512804], [472.1962042415678, 514.2967486512804], [272.1962042415678, 514.2967486512804], [272.1962042415678, 314.2967486512804]], [[472.1962042415678, 301.5024258954186], [672.1962042415678, 301.5024258954186], [672.1962042415678, 501.5024258954186], [472.1962042415678, 501.5024258954186], [472.1962042415678, 301.5024258954186]], [[0.0, 580.0], [280.0, 580.0], [280.0, 760.0], [0.0, 760.0], [0.0, 580.0]], [[280.0, 614.2967486512804], [560.0, 614.2967486512804], [420.0, 754.2967486512804], [280.0, 614.2967486512804]], [[0.0, 580.0], [0.0, 400.0], [280.0, 580.0], [0.0, 580.0]], [[0.0, 0.0], [280.0, 0.0], [280.0, 280.0], [0.0, 280.0], [0.0, 0.0]], [[501.7186994605121, 760.0], [581.7186994605121, 560.0], [681.7186994605121, 560.0], [681.7186994605121, 760.0], [501.7186994605121, 760.0]], [[460.0, 514.2967486512804], [460.0, 614.2967486512804], [280.0, 614.2967486512804], [280.0, 514.2967486512804], [460.0, 514.2967486512804]], [[692.7943227558618, 21.502425895418583], [692.7943227558618, 301.5024258954186], [412.7943227558618, 301.5024258954186], [692.7943227558618, 21.502425895418583]], [[280.0, 34.29674865128038], [480.0, 34.29674865128038], [480.0, 234.29674865128038], [280.0, 314.2967486512804], [280.0, 34.29674865128038]], [[622.8516256743599, 1.1368683772161603e-13], [542.8516256743599, 160.0000000000001], [462.85162567435987, 1.1368683772161603e-13], [622.8516256743599, 1.1368683772161603e-13]], [[272.19620424156784, 280.6975598695793], [272.19620424156784, 560.6975598695793], [32.19620424156784, 420.6975598695793], [272.19620424156784, 280.6975598695793]]]"
Wed Jul 22 22:14:09 2020,2,1,True,699.7222659834205,0.814608920867906,"[0, 0, 0, 3, 3, 0, 0, 1, 0, 0, 3, 3]","[[[0.0, 0.0], [200.0, 0.0], [200.0, 200.0], [0.0, 200.0], [0.0, 0.0]], [[0.0, 200.0], [200.0, 200.0], [200.0, 400.0], [0.0, 400.0], [0.0, 200.0]], [[0.0, 580.0], [280.0, 580.0], [280.0, 760.0], [0.0, 760.0], [0.0, 580.0]], [[200.0, 560.0], [200.0, 280.0], [340.0, 420.0], [200.0, 560.0]], [[628.1649928649621, 760.0], [448.1649928649621, 760.0], [628.1649928649621, 480.0], [628.1649928649621, 760.0]], [[200.0, 0.0], [480.0, 0.0], [480.0, 280.0], [200.0, 280.0], [200.0, 0.0]], [[0.0, 400.0], [200.0, 480.0], [200.0, 580.0], [0.0, 580.0], [0.0, 400.0]], [[660.0, 0.0], [660.0, 100.0], [480.0, 100.0], [480.0, 0.0], [660.0, 0.0]], [[200.0, 280.0], [480.0, 280.0], [480.0, 560.0], [200.0, 280.0]], [[480.0, 165.6397695509395], [680.0, 165.6397695509395], [680.0, 365.6397695509395], [480.0, 445.6397695509395], [480.0, 165.6397695509395]], [[699.7222659834205, 515.7786365592292], [539.7222659834205, 435.7786365592292], [699.7222659834205, 355.7786365592292], [699.7222659834205, 515.7786365592292]], [[280.0, 760.0], [280.0, 480.0], [520.0, 620.0], [280.0, 760.0]]]"
Wed Jul 22 22:14:11 2020,2,0,True,671.7333753440836,0.8485509592374022,"[0, 0, 0, 3, 3, 0, 1, 1, 0, 2, 2, 3]","[[[0.0, 0.0], [200.0, 0.0], [200.0, 200.0], [0.0, 200.0], [0.0, 0.0]], [[0.0, 300.0], [200.0, 300.0], [200.0, 500.0], [0.0, 500.0], [0.0, 300.0]], [[0.0, 580.0], [280.0, 580.0], [280.0, 760.0], [0.0, 760.0], [0.0, 580.0]], [[200.0, 568.2666246559164], [200.0, 288.2666246559164], [340.0, 428.2666246559164], [200.0, 568.2666246559164]], [[671.7333753440836, 760.0], [491.7333753440836, 760.0], [671.7333753440836, 480.0], [671.7333753440836, 760.0]], [[200.0, 0.0], [480.0, 0.0], [480.0, 280.0], [200.0, 280.0], [200.0, 0.0]], [[660.0, 0.0], [580.0, 200.0], [480.0, 200.0], [480.0, 0.0], [660.0, 0.0]], [[180.0, 200.0], [180.0, 300.0], [0.0, 300.0], [0.0, 200.0], [180.0, 200.0]], [[191.73337534408347, 279.9999999999999], [471.73337534408347, 279.9999999999999], [471.73337534408347, 559.9999999999999], [191.73337534408347, 279.9999999999999]], [[671.7333753440836, 483.30664986236656], [471.7333753440836, 483.30664986236656], [471.7333753440836, 283.30664986236656], [671.7333753440836, 203.30664986236656], [671.7333753440836, 483.30664986236656]], [[631.6583280819897, 506.78340685214596], [551.6583280819897, 666.783406852146], [471.6583280819897, 506.78340685214596], [631.6583280819897, 506.78340685214596]], [[288.26662465591653, 760.0], [288.26662465591653, 480.0], [528.2666246559165, 620.0], [288.26662465591653, 760.0]]]"
Wed Jul 22 22:14:29 2020,2,1,True,678.4507090975244,0.8401494645914873,"[0, 0, 1, 1, 0, 0, 1, 1, 0, 3, 1, 1]","[[[180.0, 560.0], [380.0, 560.0], [380.0, 760.0], [180.0, 760.0], [180.0, 560.0]], [[0.0, 60.0], [200.0, 60.0], [200.0, 260.0], [0.0, 260.0], [0.0, 60.0]], [[180.0, 480.0], [180.0, 760.0], [0.0, 760.0], [0.0, 480.0], [180.0, 480.0]], [[635.3658084166219, 152.63419158337808], [635.3658084166219, 432.6341915833781], [495.3658084166219, 292.6341915833781], [635.3658084166219, 152.63419158337808]], [[380.0, 760.0], [380.0, 580.0], [660.0, 760.0], [380.0, 760.0]], [[208.0, 0.0], [488.0, 0.0], [488.0, 280.0], [208.0, 280.0], [208.0, 0.0]], [[668.0, 0.0], [588.0, 200.0], [488.0, 200.0], [488.0, 0.0], [668.0, 0.0]], [[360.0, 460.0], [360.0, 560.0], [180.0, 560.0], [180.0, 460.0], [360.0, 460.0]], [[208.0, 280.0], [488.0, 280.0], [488.0, 560.0], [208.0, 280.0]], [[0.0, 460.0], [0.0, 260.0], [200.0, 260.0], [280.0, 460.0], [0.0, 460.0]], [[510.5494436591704, 370.2260092046522], [670.5494436591704, 450.2260092046522], [510.5494436591704, 530.2260092046522], [510.5494436591704, 370.2260092046522]], [[655.0679611650486, 462.54368932038835], [655.0679611650486, 742.5436893203884], [415.0679611650486, 602.5436893203884], [655.0679611650486, 462.54368932038835]]]"
Wed Jul 22 22:14:42 2020,2,1,True,685.2352161884996,0.8318311530608785,"[0, 0, 1, 2, 2, 0, 0, 1, 0, 0, 3, 3]","[[[205.23521618849963, 560.0], [405.23521618849963, 560.0], [405.23521618849963, 760.0], [205.23521618849963, 760.0], [205.23521618849963, 560.0]], [[0.0, 0.0], [200.0, 0.0], [200.0, 200.0], [0.0, 200.0], [0.0, 0.0]], [[180.0, 299.8704195283849], [180.0, 579.8704195283849], [0.0, 579.8704195283849], [0.0, 299.8704195283849], [180.0, 299.8704195283849]], [[685.2352161884996, 760.0], [405.23521618849963, 760.0], [545.2352161884996, 620.0], [685.2352161884996, 760.0]], [[460.0, 280.0], [460.0, 460.0], [180.0, 280.0], [460.0, 280.0]], [[200.0, 0.0], [480.0, 0.0], [480.0, 280.0], [200.0, 280.0], [200.0, 0.0]], [[0.0, 580.0], [200.0, 660.0], [200.0, 760.0], [0.0, 760.0], [0.0, 580.0]], [[180.0, 199.8704195283849], [180.0, 299.8704195283849], [0.0, 299.8704195283849], [0.0, 199.8704195283849], [180.0, 199.8704195283849]], [[385.32987518961136, 460.0946590011117], [665.3298751896114, 460.0946590011117], [665.3298751896114, 740.0946590011117], [385.32987518961136, 460.0946590011117]], [[480.0, 160.0], [680.0, 160.0], [680.0, 360.0], [480.0, 440.0], [480.0, 160.0]], [[651.3126807336234, 160.0], [491.31268073362344, 80.0], [651.3126807336234, 0.0], [651.3126807336234, 160.0]], [[180.0, 579.8704195283849], [180.0, 299.8704195283849], [420.0, 439.8704195283849], [180.0, 579.8704195283849]]]"
Wed Jul 22 22:14:54 2020,2,1,True,692.0875683503847,0.8235952010503746,"[0, 0, 1, 1, 2, 0, 0, 1, 2, 0, 0, 3]","[[[177.82580754095966, 560.0], [377.82580754095966, 560.0], [377.82580754095966, 760.0], [177.82580754095966, 760.0], [177.82580754095966, 560.0]], [[0.0, 0.0], [200.0, 0.0], [200.0, 200.0], [0.0, 200.0], [0.0, 0.0]], [[180.0, 299.8704195283849], [180.0, 579.8704195283849], [0.0, 579.8704195283849], [0.0, 299.8704195283849], [180.0, 299.8704195283849]], [[692.0875683503847, 480.0], [692.0875683503847, 760.0], [552.0875683503847, 620.0], [692.0875683503847, 480.0]], [[482.2222222222222, 280.0], [482.2222222222222, 460.0], [202.22222222222217, 280.0], [482.2222222222222, 280.0]], [[200.0, 0.0], [480.0, 0.0], [480.0, 280.0], [200.0, 280.0], [200.0, 0.0]], [[480.0, 0.0], [680.0, 80.0], [680.0, 180.0], [480.0, 180.0], [480.0, 0.0]], [[180.0, 200.0], [180.0, 300.0], [0.0, 300.0], [0.0, 200.0], [180.0, 200.0]], [[657.8258075409597, 736.2682789344401], [377.82580754095966, 736.2682789344401], [377.82580754095966, 456.2682789344401], [657.8258075409597, 736.2682789344401]], [[482.2222222222222, 180.0], [682.2222222222222, 180.0], [682.2222222222222, 380.0], [482.2222222222222, 460.0], [482.2222222222222, 180.0]], [[0.0, 739.8704195283849], [80.0, 579.8704195283849], [160.0, 739.8704195283849], [0.0, 739.8704195283849]], [[180.0, 560.0], [180.0, 280.0], [420.0, 420.0], [180.0, 560.0]]]"
Wed Jul 22 22:15:00 2020,2,0,True,664.4040656163693,0.857911667760807,"[0, 0, 1, 0, 1, 0, 1, 1, 1, 1, 0, 2]","[[[182.21198156682027, 558.7096774193549], [382.21198156682027, 558.7096774193549], [382.21198156682027, 758.7096774193549], [182.21198156682027, 758.7096774193549], [182.21198156682027, 558.7096774193549]], [[0.0, 0.0], [200.0, 0.0], [200.0, 200.0], [0.0, 200.0], [0.0, 0.0]], [[180.0, 200.0], [180.0, 480.0], [0.0, 480.0], [0.0, 200.0], [180.0, 200.0]], [[343.50230414746534, 520.0], [623.5023041474653, 520.0], [483.50230414746534, 660.0], [343.50230414746534, 520.0]], [[0.0, 480.0], [180.0, 480.0], [0.0, 760.0], [0.0, 480.0]], [[200.0, 0.0], [480.0, 0.0], [480.0, 280.0], [200.0, 280.0], [200.0, 0.0]], [[660.0, 0.0], [580.0, 200.0], [480.0, 200.0], [480.0, 0.0], [660.0, 0.0]], [[660.0, 200.0], [660.0, 300.0], [480.0, 300.0], [480.0, 200.0], [660.0, 200.0]], [[664.4040656163693, 480.0], [664.4040656163693, 760.0], [384.4040656163693, 760.0], [664.4040656163693, 480.0]], [[644.4040656163693, 300.0], [644.4040656163693, 500.0], [444.4040656163693, 500.0], [364.4040656163693, 300.0], [644.4040656163693, 300.0]], [[22.857142857142847, 760.0], [102.85714285714285, 600.0], [182.85714285714283, 760.0], [22.857142857142847, 760.0]], [[436.66666666666663, 520.0], [156.66666666666663, 520.0], [296.66666666666663, 280.0], [436.66666666666663, 520.0]]]"
Wed Jul 22 22:15:26 2020,2,1,True,671.048106272533,0.849417492832482,"[0, 0, 1, 1, 0, 0, 1, 0, 3, 1, 0, 0]","[[[291.048106272533, 0.0], [491.048106272533, 0.0], [491.048106272533, 200.0], [291.048106272533, 200.0], [291.048106272533, 0.0]], [[460.0, 548.951893727467], [660.0, 548.951893727467], [660.0, 748.951893727467], [460.0, 748.951893727467], [460.0, 548.951893727467]], [[671.048106272533, 0.0], [671.048106272533, 280.0], [491.048106272533, 280.0], [491.048106272533, 0.0], [671.048106272533, 0.0]], [[671.048106272533, 280.0], [671.048106272533, 560.0], [531.048106272533, 420.0], [671.048106272533, 280.0]], [[0.0, 560.0], [0.0, 380.0], [280.0, 560.0], [0.0, 560.0]], [[11.048106272533005, 0.0], [291.048106272533, 0.0], [291.048106272533, 280.0], [11.048106272533005, 280.0], [11.048106272533005, 0.0]], [[180.0, 560.0], [100.0, 760.0], [0.0, 760.0], [0.0, 560.0], [180.0, 560.0]], [[291.048106272533, 380.0], [391.048106272533, 380.0], [391.048106272533, 560.0], [291.048106272533, 560.0], [291.048106272533, 380.0]], [[391.048106272533, 560.0], [391.048106272533, 280.0], [671.048106272533, 280.0], [391.048106272533, 560.0]], [[460.0, 560.0], [460.0, 760.0], [260.0, 760.0], [180.0, 560.0], [460.0, 560.0]], [[100.0, 760.0], [180.0, 600.0], [260.0, 760.0], [100.0, 760.0]], [[69.38143960586635, 280.0], [349.3814396058664, 280.0], [209.38143960586635, 520.0], [69.38143960586635, 280.0]]]"
Wed Jul 22 22:15:42 2020,2,1,True,677.7585873352583,0.841007418646022,"[0, 0, 1, 0, 3, 0, 0, 0, 1, 0, 2, 3]","[[[180.0, 539.533876445358], [380.0, 539.533876445358], [380.0, 739.533876445358], [180.0, 739.533876445358], [180.0, 539.533876445358]], [[380.0, 560.0], [580.0, 560.0], [580.0, 760.0], [380.0, 760.0], [380.0, 560.0]], [[180.0, 460.0], [180.0, 740.0], [0.0, 740.0], [0.0, 460.0], [180.0, 460.0]], [[364.20618202163166, 0.0], [644.2061820216317, 0.0], [504.20618202163166, 140.0], [364.20618202163166, 0.0]], [[644.2061820216317, 280.0], [464.20618202163166, 280.0], [644.2061820216317, 0.0], [644.2061820216317, 280.0]], [[0.0, 0.0], [280.0, 0.0], [280.0, 280.0], [0.0, 280.0], [0.0, 0.0]], [[25.71428571428578, 280.0], [225.71428571428578, 360.0], [225.71428571428578, 460.0], [25.71428571428578, 460.0], [25.71428571428578, 280.0]], [[577.7585873352583, 560.0], [677.7585873352583, 560.0], [677.7585873352583, 740.0], [577.7585873352583, 740.0], [577.7585873352583, 560.0]], [[460.0, 259.53387644535803], [460.0, 539.533876445358], [180.0, 539.533876445358], [460.0, 259.53387644535803]], [[460.0, 280.0], [660.0, 280.0], [660.0, 480.0], [460.0, 560.0], [460.0, 280.0]], [[350.3208159579765, 289.21306048738154], [270.3208159579765, 449.21306048738154], [190.3208159579765, 289.21306048738154], [350.3208159579765, 289.21306048738154]], [[280.0, 289.21306048738154], [280.0, 9.21306048738154], [520.0, 149.21306048738154], [280.0, 289.21306048738154]]]"
Wed Jul 22 22:15:58 2020,2,1,True,684.5361732086109,0.8326806125208138,"[0, 0, 0, 1, 1, 0, 0, 1, 1, 0, 3, 3]","[[[0.0, 116.66666666666663], [200.0, 116.66666666666663], [200.0, 316.66666666666663], [0.0, 316.66666666666663], [0.0, 116.66666666666663]], [[484.5361732086109, 555.4638267913891], [684.5361732086109, 555.4638267913891], [684.5361732086109, 755.4638267913891], [484.5361732086109, 755.4638267913891], [484.5361732086109, 555.4638267913891]], [[220.0, 300.0], [500.0, 300.0], [500.0, 480.0], [220.0, 480.0], [220.0, 300.0]], [[684.5361732086109, 275.4638267913891], [684.5361732086109, 555.4638267913891], [544.5361732086109, 415.4638267913891], [684.5361732086109, 275.4638267913891]], [[503.0486332887896, 200.0], [683.0486332887896, 200.0], [503.0486332887896, 480.0], [503.0486332887896, 200.0]], [[200.0, 20.0], [480.0, 20.0], [480.0, 300.0], [200.0, 300.0], [200.0, 20.0]], [[480.0, 20.0], [680.0, 100.0], [680.0, 200.0], [480.0, 200.0], [480.0, 20.0]], [[180.0, 16.66666666666663], [180.0, 116.66666666666663], [0.0, 116.66666666666663], [0.0, 16.66666666666663], [180.0, 16.66666666666663]], [[280.0, 480.0], [280.0, 760.0], [0.0, 760.0], [280.0, 480.0]], [[280.0, 480.0], [480.0, 480.0], [480.0, 680.0], [280.0, 760.0], [280.0, 480.0]], [[220.0, 466.66666666666663], [60.0, 386.66666666666663], [220.0, 306.66666666666663], [220.0, 466.66666666666663]], [[0.0, 631.6666666666666], [0.0, 351.66666666666663], [240.0, 491.66666666666663], [0.0, 631.6666666666666]]]"
Wed Jul 22 22:16:11 2020,2,1,True,691.381534940697,0.8244362500206077,"[0, 0, 0, 3, 1, 0, 3, 0, 1, 1, 1, 2]","[[[100.0, 558.0801186139179], [300.0, 558.0801186139179], [300.0, 758.0801186139179], [100.0, 758.0801186139179], [100.0, 558.0801186139179]], [[463.83976277216425, 0.0], [663.8397627721642, 0.0], [663.8397627721642, 200.0], [463.83976277216425, 200.0], [463.83976277216425, 0.0]], [[411.38153494069695, 579.9999999999998], [691.381534940697, 579.9999999999998], [691.381534940697, 759.9999999999998], [411.38153494069695, 759.9999999999998], [411.38153494069695, 579.9999999999998]], [[463.83976277216425, 480.0], [463.83976277216425, 200.0], [603.8397627721642, 340.0], [463.83976277216425, 480.0]], [[295.66724922641106, 480.0], [475.66724922641106, 480.0], [295.66724922641106, 760.0], [295.66724922641106, 480.0]], [[183.83976277216425, 0.0], [463.83976277216425, 0.0], [463.83976277216425, 280.0], [183.83976277216425, 280.0], [183.83976277216425, 0.0]], [[3.8397627721642493, 318.0801186139179], [83.83976277216425, 118.08011861391788], [183.83976277216425, 118.08011861391788], [183.83976277216425, 318.0801186139179], [3.8397627721642493, 318.0801186139179]], [[0.0, 580.0], [100.0, 580.0], [100.0, 760.0], [0.0, 760.0], [0.0, 580.0]], [[691.381534940697, 299.9999999999998], [691.381534940697, 579.9999999999998], [411.38153494069695, 579.9999999999998], [691.381534940697, 299.9999999999998]], [[463.83976277216425, 280.0], [463.83976277216425, 480.0], [263.83976277216425, 480.0], [183.83976277216425, 280.0], [463.83976277216425, 280.0]], [[0.0, 0.0], [160.0, 80.0], [0.0, 160.0], [0.0, 0.0]], [[280.0, 558.0801186139179], [0.0, 558.0801186139179], [140.0, 318.0801186139179], [280.0, 558.0801186139179]]]"
Wed Jul 22 22:16:15 2020,2,0,True,663.726273543069,0.8587877604381331,"[0, 0, 0, 3, 1, 0, 1, 1, 1, 1, 3, 3]","[[[68.01198782878316, 560.0], [268.01198782878316, 560.0], [268.01198782878316, 760.0], [68.01198782878316, 760.0], [68.01198782878316, 560.0]], [[463.72627354306906, 0.0], [663.726273543069, 0.0], [663.726273543069, 200.0], [463.72627354306906, 200.0], [463.72627354306906, 0.0]], [[383.72627354306906, 580.0], [663.726273543069, 580.0], [663.726273543069, 760.0], [383.72627354306906, 760.0], [383.72627354306906, 580.0]], [[463.83976277216425, 500.0], [463.83976277216425, 220.0], [603.8397627721642, 360.0], [463.83976277216425, 500.0]], [[268.01198782878316, 480.0], [448.01198782878316, 480.0], [268.01198782878316, 760.0], [268.01198782878316, 480.0]], [[183.83976277216425, 0.0], [463.83976277216425, 0.0], [463.83976277216425, 280.0], [183.83976277216425, 280.0], [183.83976277216425, 0.0]], [[180.0, 100.0], [100.0, 300.0], [0.0, 300.0], [0.0, 100.0], [180.0, 100.0]], [[183.83976277216425, 0.0], [183.83976277216425, 100.0], [3.8397627721642493, 100.0], [3.8397627721642493, 0.0], [183.83976277216425, 0.0]], [[663.726273543069, 299.9999999999998], [663.726273543069, 579.9999999999998], [383.72627354306906, 579.9999999999998], [663.726273543069, 299.9999999999998]], [[463.83976277216425, 280.0], [463.83976277216425, 480.0], [263.83976277216425, 480.0], [183.83976277216425, 280.0], [463.83976277216425, 280.0]], [[183.83976277216425, 418.0801186139179], [23.83976277216425, 338.0801186139179], [183.83976277216425, 258.0801186139179], [183.83976277216425, 418.0801186139179]], [[0.0, 604.1735903301554], [0.0, 324.17359033015543], [240.0, 464.17359033015543], [0.0, 604.1735903301554]]]"
Wed Jul 22 22:17:36 2020,2,5,True,670.3635362784997,0.8502849113248844,"[0, 0, 1, 1, 2, 0, 0, 0, 2, 2, 2, 3]","[[[0.0, 200.0], [200.0, 200.0], [200.0, 400.0], [0.0, 400.0], [0.0, 200.0]], [[157.17722260134622, 0.0], [357.1772226013462, 0.0], [357.1772226013462, 200.0], [157.17722260134622, 200.0], [157.17722260134622, 0.0]], [[400.0, 407.528928327706], [400.0, 687.528928327706], [220.0, 687.528928327706], [220.0, 407.528928327706], [400.0, 407.528928327706]], [[220.0, 420.0], [220.0, 700.0], [80.0, 560.0], [220.0, 420.0]], [[668.4873350469265, 280.0], [668.4873350469265, 460.0], [388.48733504692655, 280.0], [668.4873350469265, 280.0]], [[357.1772226013462, 0.0], [637.1772226013462, 0.0], [637.1772226013462, 280.0], [357.1772226013462, 280.0], [357.1772226013462, 0.0]], [[200.0, 227.528928327706], [400.0, 307.528928327706], [400.0, 407.528928327706], [200.0, 407.528928327706], [200.0, 227.528928327706]], [[0.0, 20.0], [100.0, 20.0], [100.0, 200.0], [0.0, 200.0], [0.0, 20.0]], [[280.0, 760.0], [0.0, 760.0], [0.0, 480.0], [280.0, 760.0]], [[637.1772226013462, 760.0], [437.1772226013462, 760.0], [437.1772226013462, 560.0], [637.1772226013462, 480.0], [637.1772226013462, 760.0]], [[160.0, 400.0], [80.0, 560.0], [0.0, 400.0], [160.0, 400.0]], [[400.0, 581.6867131841186], [400.0, 301.6867131841186], [640.0, 441.6867131841186], [400.0, 581.6867131841186]]]"
Wed Jul 22 22:17:49 2020,2,1,True,677.0671716412847,0.8418662488365191,"[0, 0, 1, 1, 2, 0, 1, 1, 2, 2, 1, 3]","[[[0.0, 200.0], [200.0, 200.0], [200.0, 400.0], [0.0, 400.0], [0.0, 200.0]], [[180.0, 0.0], [380.0, 0.0], [380.0, 200.0], [180.0, 200.0], [180.0, 0.0]], [[382.82277739865367, 358.58861130067316], [382.82277739865367, 638.5886113006732], [202.82277739865367, 638.5886113006732], [202.82277739865367, 358.58861130067316], [382.82277739865367, 358.58861130067316]], [[200.0, 400.0], [200.0, 680.0], [60.0, 540.0], [200.0, 400.0]], [[643.5489948273597, 280.0], [643.5489948273597, 460.0], [363.5489948273597, 280.0], [643.5489948273597, 280.0]], [[380.0, 0.0], [660.0, 0.0], [660.0, 280.0], [380.0, 280.0], [380.0, 0.0]], [[180.0, 0.0], [100.0, 200.0], [0.0, 200.0], [0.0, 0.0], [180.0, 0.0]], [[438.58861130067316, 638.5886113006732], [438.58861130067316, 738.5886113006732], [258.58861130067316, 738.5886113006732], [258.58861130067316, 638.5886113006732], [438.58861130067316, 638.5886113006732]], [[280.0, 760.0], [0.0, 760.0], [0.0, 480.0], [280.0, 760.0]], [[643.5489948273599, 760.0], [443.54899482735993, 760.0], [443.54899482735993, 560.0], [643.5489948273599, 480.0], [643.5489948273599, 760.0]], [[200.0, 200.0], [360.0, 280.0], [200.0, 360.0], [200.0, 200.0]], [[389.956761817651, 591.2621359223301], [389.956761817651, 311.2621359223301], [629.956761817651, 451.2621359223301], [389.956761817651, 591.2621359223301]]]"
Wed Jul 22 22:17:58 2020,2,1,True,683.8378433576976,0.8335309394420981,"[0, 0, 1, 1, 2, 0, 0, 0, 2, 2, 2, 3]","[[[0.0, 208.4369784925292], [200.0, 208.4369784925292], [200.0, 408.4369784925292], [0.0, 408.4369784925292], [0.0, 208.4369784925292]], [[169.9844847756333, 8.436978492529192], [369.9844847756333, 8.436978492529192], [369.9844847756333, 208.4369784925292], [169.9844847756333, 208.4369784925292], [169.9844847756333, 8.436978492529192]], [[404.2184892462646, 399.2956883585214], [404.2184892462646, 679.2956883585214], [224.2184892462646, 679.2956883585214], [224.2184892462646, 399.2956883585214], [404.2184892462646, 399.2956883585214]], [[224.2184892462646, 424.21848924626465], [224.2184892462646, 704.2184892462647], [84.2184892462646, 564.2184892462647], [224.2184892462646, 424.21848924626465]], [[664.9123081177634, 280.0], [664.9123081177634, 460.0], [384.91230811776336, 280.0], [664.9123081177634, 280.0]], [[369.9844847756333, 0.0], [649.9844847756333, 0.0], [649.9844847756333, 280.0], [369.9844847756333, 280.0], [369.9844847756333, 0.0]], [[200.0, 219.29568835852143], [400.0, 299.29568835852143], [400.0, 399.29568835852143], [200.0, 399.29568835852143], [200.0, 219.29568835852143]], [[0.0, 28.436978492529192], [100.0, 28.436978492529192], [100.0, 208.4369784925292], [0.0, 208.4369784925292], [0.0, 28.436978492529192]], [[280.0, 760.0], [0.0, 760.0], [0.0, 480.0], [280.0, 760.0]], [[649.9844847756333, 760.0], [449.9844847756333, 760.0], [449.9844847756333, 560.0], [649.9844847756333, 480.0], [649.9844847756333, 760.0]], [[164.2184892462646, 404.21848924626465], [84.2184892462646, 564.2184892462647], [4.218489246264596, 404.21848924626465], [164.2184892462646, 404.21848924626465]], [[404.2184892462646, 586.6968307254651], [404.2184892462646, 306.69683072546513], [644.2184892462647, 446.69683072546513], [404.2184892462646, 586.6968307254651]]]"
Wed Jul 22 22:18:00 2020,2,0,True,656.4843296233896,0.8682613952521856,"[0, 0, 1, 1, 2, 0, 0, 0, 2, 2, 2, 3]","[[[0.0, 200.0], [200.0, 200.0], [200.0, 400.0], [0.0, 400.0], [0.0, 200.0]], [[100.0, 0.0], [300.0, 0.0], [300.0, 200.0], [100.0, 200.0], [100.0, 0.0]], [[400.0, 399.2956883585214], [400.0, 679.2956883585214], [220.0, 679.2956883585214], [220.0, 399.2956883585214], [400.0, 399.2956883585214]], [[220.0, 420.0], [220.0, 700.0], [80.0, 560.0], [220.0, 420.0]], [[656.4843296233896, 280.0], [656.4843296233896, 460.0], [376.4843296233896, 280.0], [656.4843296233896, 280.0]], [[369.9844847756333, 0.0], [649.9844847756333, 0.0], [649.9844847756333, 280.0], [369.9844847756333, 280.0], [369.9844847756333, 0.0]], [[200.0, 219.29568835852143], [400.0, 299.29568835852143], [400.0, 399.29568835852143], [200.0, 399.29568835852143], [200.0, 219.29568835852143]], [[0.0, 0.0], [100.0, 0.0], [100.0, 180.0], [0.0, 180.0], [0.0, 0.0]], [[280.0, 760.0], [0.0, 760.0], [0.0, 480.0], [280.0, 760.0]], [[656.4843296233896, 760.0], [456.4843296233896, 760.0], [456.4843296233896, 560.0], [656.4843296233896, 480.0], [656.4843296233896, 760.0]], [[160.0, 400.0], [80.0, 560.0], [0.0, 400.0], [160.0, 400.0]], [[400.0, 589.4029309563924], [400.0, 309.4029309563924], [640.0, 449.4029309563924], [400.0, 589.4029309563924]]]"
Wed Jul 22 22:18:21 2020,2,1,True,663.0491729196235,0.8596647477744411,"[0, 0, 1, 2, 1, 0, 3, 1, 1, 1, 0, 0]","[[[0.0, 204.44444444444446], [200.0, 204.44444444444446], [200.0, 404.44444444444446], [0.0, 404.44444444444446], [0.0, 204.44444444444446]], [[183.04917291962352, 560.0], [383.0491729196235, 560.0], [383.0491729196235, 760.0], [183.04917291962352, 760.0], [183.04917291962352, 560.0]], [[663.0491729196235, 0.0], [663.0491729196235, 280.0], [483.0491729196235, 280.0], [483.0491729196235, 0.0], [663.0491729196235, 0.0]], [[382.8571428571429, 560.0], [102.85714285714289, 560.0], [242.8571428571429, 420.0], [382.8571428571429, 560.0]], [[0.0, 404.44444444444446], [180.0, 404.44444444444446], [0.0, 684.4444444444445], [0.0, 404.44444444444446]], [[383.0491729196235, 480.0], [663.0491729196235, 480.0], [663.0491729196235, 760.0], [383.0491729196235, 760.0], [383.0491729196235, 480.0]], [[0.0, 760.0], [80.0, 560.0], [180.0, 560.0], [180.0, 760.0], [0.0, 760.0]], [[380.0, 280.0], [380.0, 380.0], [200.0, 380.0], [200.0, 280.0], [380.0, 280.0]], [[480.0, 0.0], [480.0, 280.0], [200.0, 280.0], [480.0, 0.0]], [[660.0, 280.0], [660.0, 480.0], [460.0, 480.0], [380.0, 280.0], [660.0, 280.0]], [[0.0, 204.44444444444446], [80.0, 44.44444444444446], [160.0, 204.44444444444446], [0.0, 204.44444444444446]], [[80.74074074074073, 0.0], [360.74074074074076, 0.0], [220.74074074074073, 240.0], [80.74074074074073, 0.0]]]"
Wed Jul 22 22:18:33 2020,2,1,True,669.6796646488198,0.8511532156182586,"[0, 0, 1, 3, 0, 0, 1, 1, 1, 1, 3, 2]","[[[186.25, 490.0], [386.25, 490.0], [386.25, 690.0], [186.25, 690.0], [186.25, 490.0]], [[180.0, 240.0], [380.0, 240.0], [380.0, 440.0], [180.0, 440.0], [180.0, 240.0]], [[180.0, 240.0], [180.0, 520.0], [0.0, 520.0], [0.0, 240.0], [180.0, 240.0]], [[379.67966464881977, 490.0], [379.67966464881977, 210.0], [519.6796646488198, 350.0], [379.67966464881977, 490.0]], [[0.0, 760.0], [0.0, 580.0], [280.0, 760.0], [0.0, 760.0]], [[389.67966464881965, 480.0], [669.6796646488197, 480.0], [669.6796646488197, 760.0], [389.67966464881965, 760.0], [389.67966464881965, 480.0]], [[649.6796646488198, 100.0], [569.6796646488198, 300.0], [469.67966464881977, 300.0], [469.67966464881977, 100.0], [649.6796646488198, 100.0]], [[636.5272060028385, 0.0], [636.5272060028385, 100.0], [456.5272060028385, 100.0], [456.5272060028385, 0.0], [636.5272060028385, 0.0]], [[669.6796646488198, 200.0], [669.6796646488198, 480.0], [389.67966464881977, 480.0], [669.6796646488198, 200.0]], [[456.66666666666663, 0.0], [456.66666666666663, 200.0], [256.66666666666663, 200.0], [176.66666666666663, 0.0], [456.66666666666663, 0.0]], [[186.25000000000003, 676.875], [26.25000000000003, 596.875], [186.25000000000003, 516.875], [186.25000000000003, 676.875]], [[280.0, 240.0], [0.0, 240.0], [140.0, 0.0], [280.0, 240.0]]]"
Wed Jul 22 22:18:42 2020,2,1,True,676.376461295308,0.8427259560576817,"[0, 0, 1, 0, 1, 0, 1, 1, 1, 1, 0, 2]","[[[178.12050469932666, 560.0], [378.12050469932666, 560.0], [378.12050469932666, 760.0], [178.12050469932666, 760.0], [178.12050469932666, 560.0]], [[182.89247806286699, 260.0], [382.892478062867, 260.0], [382.892478062867, 460.0], [182.89247806286699, 460.0], [182.89247806286699, 260.0]], [[182.89247806286699, 275.3012617483166], [182.89247806286699, 555.3012617483166], [2.892478062866985, 555.3012617483166], [2.892478062866985, 275.3012617483166], [182.89247806286699, 275.3012617483166]], [[322.892478062867, 200.0], [602.892478062867, 200.0], [462.892478062867, 340.0], [322.892478062867, 200.0]], [[0.0, 5.684341886080802e-14], [180.0, 5.684341886080802e-14], [0.0, 280.00000000000006], [0.0, 5.684341886080802e-14]], [[378.1205046993266, 480.0], [658.1205046993266, 480.0], [658.1205046993266, 760.0], [378.1205046993266, 760.0], [378.1205046993266, 480.0]], [[180.0, 555.3012617483166], [100.0, 755.3012617483166], [0.0, 755.3012617483166], [0.0, 555.3012617483166], [180.0, 555.3012617483166]], [[362.892478062867, 460.0], [362.892478062867, 560.0], [182.89247806286699, 560.0], [182.89247806286699, 460.0], [362.892478062867, 460.0]], [[642.892478062867, 200.0], [642.892478062867, 480.0], [362.892478062867, 480.0], [642.892478062867, 200.0]], [[472.14285714285717, 0.0], [472.14285714285717, 200.0], [272.14285714285717, 200.0], [192.14285714285717, 0.0], [472.14285714285717, 0.0]], [[472.1428571428571, 200.0], [552.1428571428571, 40.0], [632.1428571428571, 200.0], [472.1428571428571, 200.0]], [[307.14285714285717, 260.0], [27.142857142857167, 260.0], [167.14285714285717, 20.0], [307.14285714285717, 260.0]]]"
Wed Jul 22 22:18:48 2020,2,1,True,683.1402259082611,0.834382134710576,"[0, 0, 1, 3, 1, 0, 1, 1, 1, 1, 1, 2]","[[[174.20001600849162, 560.0], [374.2000160084916, 560.0], [374.2000160084916, 760.0], [174.20001600849162, 760.0], [174.20001600849162, 560.0]], [[197.162031144382, 252.15937169911365], [397.162031144382, 252.15937169911365], [397.162031144382, 452.15937169911365], [197.162031144382, 452.15937169911365], [197.162031144382, 252.15937169911365]], [[189.32140284349566, 265.5000400212291], [189.32140284349566, 545.5000400212291], [9.321402843495662, 545.5000400212291], [9.321402843495662, 265.5000400212291], [189.32140284349566, 265.5000400212291]], [[509.32140284349566, 280.0], [509.32140284349566, 0.0], [649.3214028434957, 140.0], [509.32140284349566, 280.0]], [[0.0, 1.1368683772161603e-13], [180.0, 1.1368683772161603e-13], [0.0, 280.0000000000001], [0.0, 1.1368683772161603e-13]], [[374.2000160084916, 480.0], [654.2000160084916, 480.0], [654.2000160084916, 760.0], [374.2000160084916, 760.0], [374.2000160084916, 480.0]], [[180.0, 545.5000400212291], [100.0, 745.5000400212291], [0.0, 745.5000400212291], [0.0, 545.5000400212291], [180.0, 545.5000400212291]], [[369.32140284349566, 452.15937169911365], [369.32140284349566, 552.1593716991136], [189.32140284349566, 552.1593716991136], [189.32140284349566, 452.15937169911365], [369.32140284349566, 452.15937169911365]], [[661.0823452948251, 200.0], [661.0823452948251, 480.0], [381.08234529482513, 480.0], [661.0823452948251, 200.0]], [[480.35403294999844, 0.0], [480.35403294999844, 200.0], [280.35403294999844, 200.0], [200.35403294999844, 0.0], [480.35403294999844, 0.0]], [[397.162031144382, 223.92031415044318], [557.162031144382, 303.9203141504432], [397.162031144382, 383.9203141504432], [397.162031144382, 223.92031415044318]], [[311.4477454300963, 253.3035071087392], [31.44774543009629, 253.3035071087392], [171.4477454300963, 13.303507108739211], [311.4477454300963, 253.3035071087392]]]"
Wed Jul 22 22:18:49 2020,2,0,True,655.8146168719306,0.8691480569901834,"[0, 0, 1, 3, 1, 0, 1, 1, 1, 1, 1, 2]","[[[174.20001600849162, 560.0], [374.2000160084916, 560.0], [374.2000160084916, 760.0], [174.20001600849162, 760.0], [174.20001600849162, 560.0]], [[197.162031144382, 252.15937169911365], [397.162031144382, 252.15937169911365], [397.162031144382, 452.15937169911365], [197.162031144382, 452.15937169911365], [197.162031144382, 252.15937169911365]], [[189.32140284349566, 265.5000400212291], [189.32140284349566, 545.5000400212291], [9.321402843495662, 545.5000400212291], [9.321402843495662, 265.5000400212291], [189.32140284349566, 265.5000400212291]], [[509.32140284349566, 280.0], [509.32140284349566, 0.0], [649.3214028434957, 140.0], [509.32140284349566, 280.0]], [[0.0, 1.1368683772161603e-13], [180.0, 1.1368683772161603e-13], [0.0, 280.0000000000001], [0.0, 1.1368683772161603e-13]], [[374.2000160084916, 480.0], [654.2000160084916, 480.0], [654.2000160084916, 760.0], [374.2000160084916, 760.0], [374.2000160084916, 480.0]], [[180.0, 545.5000400212291], [100.0, 745.5000400212291], [0.0, 745.5000400212291], [0.0, 545.5000400212291], [180.0, 545.5000400212291]], [[369.32140284349566, 452.15937169911365], [369.32140284349566, 552.1593716991136], [189.32140284349566, 552.1593716991136], [189.32140284349566, 452.15937169911365], [369.32140284349566, 452.15937169911365]], [[655.8146168719306, 200.0], [655.8146168719306, 480.0], [375.81461687193064, 480.0], [655.8146168719306, 200.0]], [[480.35403294999844, 0.0], [480.35403294999844, 200.0], [280.35403294999844, 200.0], [200.35403294999844, 0.0], [480.35403294999844, 0.0]], [[397.162031144382, 223.92031415044318], [557.162031144382, 303.9203141504432], [397.162031144382, 383.9203141504432], [397.162031144382, 223.92031415044318]], [[311.4477454300963, 253.3035071087392], [31.44774543009629, 253.3035071087392], [171.4477454300963, 13.303507108739211], [311.4477454300963, 253.3035071087392]]]"
Wed Jul 22 22:19:11 2020,2,1,True,662.3727630406499,0.8605426306833498,"[0, 0, 0, 2, 0, 0, 1, 0, 0, 0, 0, 1]","[[[180.0, 0.0], [380.0, 0.0], [380.0, 200.0], [180.0, 200.0], [180.0, 0.0]], [[213.9744569244457, 211.60169388379575], [413.9744569244457, 211.60169388379575], [413.9744569244457, 411.60169388379575], [213.9744569244457, 411.60169388379575], [213.9744569244457, 211.60169388379575]], [[382.37276304064994, 0.0], [662.3727630406499, 0.0], [662.3727630406499, 180.0], [382.37276304064994, 180.0], [382.37276304064994, 0.0]], [[627.9489138488914, 477.62723695935006], [347.9489138488914, 477.62723695935006], [487.9489138488914, 337.62723695935006], [627.9489138488914, 477.62723695935006]], [[0.0, 760.0], [0.0, 580.0], [280.0, 760.0], [0.0, 760.0]], [[280.0, 480.0], [560.0, 480.0], [560.0, 760.0], [280.0, 760.0], [280.0, 480.0]], [[180.0, 1.6121134120685383], [100.0, 201.61211341206854], [0.0, 201.61211341206854], [0.0, 1.6121134120685383], [180.0, 1.6121134120685383]], [[560.0, 477.62723695935006], [660.0, 477.62723695935006], [660.0, 657.6272369593501], [560.0, 657.6272369593501], [560.0, 477.62723695935006]], [[382.37276304064994, 180.0], [662.3727630406499, 180.0], [662.3727630406499, 460.0], [382.37276304064994, 180.0]], [[0.0, 293.66319956317716], [200.0, 293.66319956317716], [200.0, 493.66319956317716], [0.0, 573.6631995631772], [0.0, 293.66319956317716]], [[53.97445692444569, 293.66319956317716], [133.9744569244457, 133.66319956317716], [213.9744569244457, 293.66319956317716], [53.97445692444569, 293.66319956317716]], [[280.0, 465.71428571428567], [280.0, 745.7142857142857], [40.0, 605.7142857142857], [280.0, 465.71428571428567]]]"
Wed Jul 22 22:19:55 2020,2,3,True,668.9964906710564,0.852022406617178,"[0, 0, 0, 2, 1, 0, 3, 1, 2, 0, 3, 1]","[[[468.99649067105645, 0.0], [668.9964906710564, 0.0], [668.9964906710564, 200.0], [468.99649067105645, 200.0], [468.99649067105645, 0.0]], [[228.99649067105645, 480.0], [428.99649067105645, 480.0], [428.99649067105645, 680.0], [228.99649067105645, 680.0], [228.99649067105645, 480.0]], [[180.0, 0.0], [460.0, 0.0], [460.0, 180.0], [180.0, 180.0], [180.0, 0.0]], [[628.9964906710566, 760.0], [348.99649067105656, 760.0], [488.99649067105656, 620.0], [628.9964906710566, 760.0]], [[0.0, 100.0], [180.0, 100.0], [0.0, 380.0], [0.0, 100.0]], [[188.99649067105645, 180.0], [468.99649067105645, 180.0], [468.99649067105645, 460.0], [188.99649067105645, 460.0], [188.99649067105645, 180.0]], [[8.99649067105645, 488.99649067105645], [88.99649067105645, 288.99649067105645], [188.99649067105645, 288.99649067105645], [188.99649067105645, 488.99649067105645], [8.99649067105645, 488.99649067105645]], [[180.0, 0.0], [180.0, 100.0], [0.0, 100.0], [0.0, 0.0], [180.0, 0.0]], [[280.0, 760.0], [0.0, 760.0], [0.0, 480.0], [280.0, 760.0]], [[468.99649067105645, 200.0], [668.9964906710564, 200.0], [668.9964906710564, 400.0], [468.99649067105645, 480.0], [468.99649067105645, 200.0]], [[228.99649067105642, 628.9964906710564], [68.99649067105642, 548.9964906710564], [228.99649067105642, 468.99649067105645], [228.99649067105642, 628.9964906710564]], [[668.9964906710564, 445.0], [668.9964906710564, 725.0], [428.99649067105645, 585.0], [668.9964906710564, 445.0]]]"
Wed Jul 22 22:20:06 2020,2,1,True,675.686455577767,0.8435865412051268,"[0, 0, 1, 0, 3, 0, 2, 0, 2, 3, 2, 1]","[[[442.23663104421416, 0.0], [642.2366310442142, 0.0], [642.2366310442142, 200.0], [442.23663104421416, 200.0], [442.23663104421416, 0.0]], [[442.23663104421416, 560.0], [642.2366310442142, 560.0], [642.2366310442142, 760.0], [442.23663104421416, 760.0], [442.23663104421416, 560.0]], [[180.0, 200.0], [180.0, 480.0], [0.0, 480.0], [0.0, 200.0], [180.0, 200.0]], [[62.23663104421411, 480.0], [342.2366310442141, 480.0], [202.2366310442141, 620.0], [62.23663104421411, 480.0]], [[675.686455577767, 560.0], [495.686455577767, 560.0], [675.686455577767, 280.0], [675.686455577767, 560.0]], [[180.0, 200.0], [460.0, 200.0], [460.0, 480.0], [180.0, 480.0], [180.0, 200.0]], [[440.0, 180.0], [240.0, 100.0], [240.0, 0.0], [440.0, 0.0], [440.0, 180.0]], [[457.561455577767, 283.75], [557.561455577767, 283.75], [557.561455577767, 463.75], [457.561455577767, 463.75], [457.561455577767, 283.75]], [[342.23663104421416, 760.0], [62.236631044214164, 760.0], [62.236631044214164, 480.0], [342.23663104421416, 760.0]], [[0.0, 200.0], [0.0, 0.0], [200.0, 0.0], [280.0, 200.0], [0.0, 200.0]], [[675.686455577767, 200.0], [595.686455577767, 360.0], [515.686455577767, 200.0], [675.686455577767, 200.0]], [[442.23663104421416, 480.0], [442.23663104421416, 760.0], [202.23663104421416, 620.0], [442.23663104421416, 480.0]]]"
Wed Jul 22 22:20:23 2020,2,1,True,682.4433201335447,0.8352341992129968,"[0, 0, 1, 3, 3, 0, 0, 1, 0, 3, 3, 0]","[[[482.4433201335447, 560.0], [682.4433201335447, 560.0], [682.4433201335447, 760.0], [482.4433201335447, 760.0], [482.4433201335447, 560.0]], [[11.709394589119427, 560.0], [211.70939458911943, 560.0], [211.70939458911943, 760.0], [11.709394589119427, 760.0], [11.709394589119427, 560.0]], [[180.0, 200.0], [180.0, 480.0], [0.0, 480.0], [0.0, 200.0], [180.0, 200.0]], [[472.0, 349.5566798664553], [472.0, 69.55667986645528], [612.0, 209.55667986645528], [472.0, 349.5566798664553]], [[458.9576095406833, 760.0], [278.9576095406833, 760.0], [458.9576095406833, 480.0], [458.9576095406833, 760.0]], [[179.8663123816109, 200.0], [459.8663123816109, 200.0], [459.8663123816109, 480.0], [179.8663123816109, 480.0], [179.8663123816109, 200.0]], [[272.0, 0.0], [472.0, 80.0], [472.0, 180.0], [272.0, 180.0], [272.0, 0.0]], [[639.8663123816109, 460.0], [639.8663123816109, 560.0], [459.8663123816109, 560.0], [459.8663123816109, 460.0], [639.8663123816109, 460.0]], [[402.4433201335447, 0.0], [682.4433201335447, 0.0], [682.4433201335447, 280.0], [402.4433201335447, 0.0]], [[0.0, 200.0], [0.0, 0.0], [200.0, 0.0], [280.0, 200.0], [0.0, 200.0]], [[640.0, 431.3410026453437], [480.0, 351.3410026453437], [640.0, 271.3410026453437], [640.0, 431.3410026453437]], [[164.86631238161095, 479.69757335855684], [444.86631238161095, 479.69757335855684], [304.86631238161095, 719.6975733585568], [164.86631238161095, 479.69757335855684]]]"
Wed Jul 22 22:20:24 2020,2,0,True,655.1455873282029,0.870035624180205,"[0, 0, 1, 3, 3, 0, 0, 1, 0, 3, 0, 0]","[[[455.14558732820285, 560.0], [655.1455873282029, 560.0], [655.1455873282029, 760.0], [455.14558732820285, 760.0], [455.14558732820285, 560.0]], [[0.0, 547.0973604985911], [200.0, 547.0973604985911], [200.0, 747.0973604985911], [0.0, 747.0973604985911], [0.0, 547.0973604985911]], [[180.0, 200.0], [180.0, 480.0], [0.0, 480.0], [0.0, 200.0], [180.0, 200.0]], [[479.8663123816109, 384.72072505340805], [479.8663123816109, 104.72072505340805], [619.8663123816109, 244.72072505340805], [479.8663123816109, 384.72072505340805]], [[455.14558732820285, 760.0], [275.14558732820285, 760.0], [455.14558732820285, 480.0], [455.14558732820285, 760.0]], [[179.8663123816109, 200.0], [459.8663123816109, 200.0], [459.8663123816109, 480.0], [179.8663123816109, 480.0], [179.8663123816109, 200.0]], [[279.8663123816109, 20.0], [479.8663123816109, 100.0], [479.8663123816109, 200.0], [279.8663123816109, 200.0], [279.8663123816109, 20.0]], [[639.8663123816109, 460.0], [639.8663123816109, 560.0], [459.8663123816109, 560.0], [459.8663123816109, 460.0], [639.8663123816109, 460.0]], [[375.14558732820285, 0.0], [655.1455873282029, 0.0], [655.1455873282029, 280.0], [375.14558732820285, 0.0]], [[0.0, 200.0], [0.0, 0.0], [200.0, 0.0], [280.0, 200.0], [0.0, 200.0]], [[484.58703743501894, 460.0], [564.5870374350189, 300.0], [644.5870374350189, 460.0], [484.58703743501894, 460.0]], [[160.85987304248852, 480.0], [440.8598730424885, 480.0], [300.8598730424885, 720.0], [160.85987304248852, 480.0]]]"
Wed Jul 22 22:21:38 2020,2,5,True,661.6970432014849,0.8614214100794109,"[0, 0, 1, 3, 3, 0, 0, 0, 1, 3, 1, 0]","[[[351.89982107215235, 558.3029567985151], [551.8998210721523, 558.3029567985151], [551.8998210721523, 758.3029567985151], [351.89982107215235, 758.3029567985151], [351.89982107215235, 558.3029567985151]], [[280.0, 0.0], [480.0, 0.0], [480.0, 200.0], [280.0, 200.0], [280.0, 0.0]], [[660.0, 0.0], [660.0, 280.0], [480.0, 280.0], [480.0, 0.0], [660.0, 0.0]], [[0.0, 632.5786383527463], [0.0, 352.57863835274634], [140.0, 492.57863835274634], [0.0, 632.5786383527463]], [[310.2815085799456, 560.0], [130.28150857994558, 560.0], [310.2815085799456, 280.0], [310.2815085799456, 560.0]], [[0.0, 0.0], [280.0, 0.0], [280.0, 280.0], [0.0, 280.0], [0.0, 0.0]], [[334.22262869918325, 221.6890514796733], [534.2226286991832, 301.6890514796733], [534.2226286991832, 401.6890514796733], [334.22262869918325, 401.6890514796733], [334.22262869918325, 221.6890514796733]], [[561.6970432014849, 558.3029567985151], [661.6970432014849, 558.3029567985151], [661.6970432014849, 738.3029567985151], [561.6970432014849, 738.3029567985151], [561.6970432014849, 558.3029567985151]], [[661.6970432014849, 278.3029567985151], [661.6970432014849, 558.3029567985151], [381.6970432014849, 558.3029567985151], [661.6970432014849, 278.3029567985151]], [[72.57863835274634, 760.0], [72.57863835274634, 560.0], [272.57863835274634, 560.0], [352.57863835274634, 760.0], [72.57863835274634, 760.0]], [[310.2815085799456, 389.7184914200544], [470.2815085799456, 469.7184914200544], [310.2815085799456, 549.7184914200544], [310.2815085799456, 389.7184914200544]], [[15.995794294231274, 280.0], [295.99579429423125, 280.0], [155.99579429423127, 520.0], [15.995794294231274, 280.0]]]"
Wed Jul 22 22:21:57 2020,2,1,True,668.3140136334998,0.8528924852271395,"[0, 0, 1, 2, 2, 0, 0, 0, 2, 1, 0, 3]","[[[460.0, 180.0], [660.0, 180.0], [660.0, 380.0], [460.0, 380.0], [460.0, 180.0]], [[467.44617233292365, 560.0], [667.4461723329237, 560.0], [667.4461723329237, 760.0], [467.44617233292365, 760.0], [467.44617233292365, 560.0]], [[460.0, 0.0], [460.0, 280.0], [280.0, 280.0], [280.0, 0.0], [460.0, 0.0]], [[492.55382766707635, 547.4461723329237], [212.55382766707635, 547.4461723329237], [352.55382766707635, 407.44617233292365], [492.55382766707635, 547.4461723329237]], [[435.2291614734255, 280.0], [435.2291614734255, 460.0], [155.2291614734255, 280.0], [435.2291614734255, 280.0]], [[0.0, 0.0], [280.0, 0.0], [280.0, 280.0], [0.0, 280.0], [0.0, 0.0]], [[460.0, 0.0], [660.0, 80.0], [660.0, 180.0], [460.0, 180.0], [460.0, 0.0]], [[0.0, 300.0], [100.0, 300.0], [100.0, 480.0], [0.0, 480.0], [0.0, 300.0]], [[280.0, 760.0], [0.0, 760.0], [0.0, 480.0], [280.0, 760.0]], [[467.44617233292365, 547.4461723329237], [467.44617233292365, 747.4461723329237], [267.44617233292365, 747.4461723329237], [187.44617233292365, 547.4461723329237], [467.44617233292365, 547.4461723329237]], [[485.1076553341527, 540.0], [565.1076553341527, 380.0], [645.1076553341527, 540.0], [485.1076553341527, 540.0]], [[100.0, 560.0], [100.0, 280.0], [340.0, 420.0], [100.0, 560.0]]]"
Wed Jul 22 22:22:12 2020,2,1,True,674.9971537698349,0.8444480051753854,"[0, 0, 1, 2, 3, 0, 0, 1, 3, 0, 3, 0]","[[[241.58145308815983, 560.0], [441.58145308815983, 560.0], [441.58145308815983, 760.0], [241.58145308815983, 760.0], [241.58145308815983, 560.0]], [[0.0, 560.0], [200.0, 560.0], [200.0, 760.0], [0.0, 760.0], [0.0, 560.0]], [[180.0, 280.0], [180.0, 560.0], [0.0, 560.0], [0.0, 280.0], [180.0, 280.0]], [[640.0, 200.0], [360.0, 200.0], [500.0, 60.0], [640.0, 200.0]], [[474.28571428571433, 560.0], [294.28571428571433, 560.0], [474.28571428571433, 280.0], [474.28571428571433, 560.0]], [[0.0, 0.0], [280.0, 0.0], [280.0, 280.0], [0.0, 280.0], [0.0, 0.0]], [[474.28571428571433, 480.0], [674.2857142857143, 560.0], [674.2857142857143, 660.0], [474.28571428571433, 660.0], [474.28571428571433, 480.0]], [[621.5814530881598, 660.0], [621.5814530881598, 760.0], [441.58145308815983, 760.0], [441.58145308815983, 660.0], [621.5814530881598, 660.0]], [[280.0, 280.0], [280.0, 0.0], [560.0, 0.0], [280.0, 280.0]], [[474.28571428571433, 200.0], [674.2857142857143, 200.0], [674.2857142857143, 400.0], [474.28571428571433, 480.0], [474.28571428571433, 200.0]], [[674.2857142857142, 560.0], [514.2857142857142, 480.0], [674.2857142857142, 400.0], [674.2857142857142, 560.0]], [[180.0, 279.9999999999999], [460.0, 279.9999999999999], [320.0, 519.9999999999999], [180.0, 279.9999999999999]]]"
Wed Jul 22 22:22:16 2020,2,0,True,647.9972676190415,0.8796333387243599,"[0, 0, 1, 2, 0, 0, 3, 1, 3, 0, 3, 1]","[[[241.58145308815983, 560.0], [441.58145308815983, 560.0], [441.58145308815983, 760.0], [241.58145308815983, 760.0], [241.58145308815983, 560.0]], [[0.0, 560.0], [200.0, 560.0], [200.0, 760.0], [0.0, 760.0], [0.0, 560.0]], [[180.0, 280.0], [180.0, 560.0], [0.0, 560.0], [0.0, 280.0], [180.0, 280.0]], [[623.9986338095207, 216.0013661904793], [343.9986338095207, 216.0013661904793], [483.9986338095207, 76.0013661904793], [623.9986338095207, 216.0013661904793]], [[180.0, 520.0], [180.0, 340.0], [460.0, 520.0], [180.0, 520.0]], [[0.0, 0.0], [280.0, 0.0], [280.0, 280.0], [0.0, 280.0], [0.0, 0.0]], [[441.58145308815983, 660.0], [521.5814530881598, 460.0], [621.5814530881598, 460.0], [621.5814530881598, 660.0], [441.58145308815983, 660.0]], [[621.5814530881598, 660.0], [621.5814530881598, 760.0], [441.58145308815983, 760.0], [441.58145308815983, 660.0], [621.5814530881598, 660.0]], [[280.0, 280.0], [280.0, 0.0], [560.0, 0.0], [280.0, 280.0]], [[444.8910140740789, 216.0013661904793], [644.8910140740788, 216.0013661904793], [644.8910140740788, 416.0013661904793], [444.8910140740789, 496.0013661904793], [444.8910140740789, 216.0013661904793]], [[647.9972676190415, 160.0], [487.9972676190415, 80.0], [647.9972676190415, 0.0], [647.9972676190415, 160.0]], [[444.8910140740789, 216.0013661904793], [444.8910140740789, 496.0013661904793], [204.8910140740789, 356.0013661904793], [444.8910140740789, 216.0013661904793]]]"
Wed Jul 22 22:22:23 2020,2,1,True,654.4772402952319,0.870924097746891,"[0, 0, 1, 2, 0, 0, 1, 0, 3, 0, 3, 1]","[[[417.9089611809277, 560.0], [617.9089611809277, 560.0], [617.9089611809277, 760.0], [417.9089611809277, 760.0], [417.9089611809277, 560.0]], [[180.0, 560.0], [380.0, 560.0], [380.0, 760.0], [180.0, 760.0], [180.0, 560.0]], [[180.0, 480.0], [180.0, 760.0], [0.0, 760.0], [0.0, 480.0], [180.0, 480.0]], [[604.4772402952319, 235.52275970476808], [324.4772402952319, 235.52275970476808], [464.4772402952319, 95.52275970476808], [604.4772402952319, 235.52275970476808]], [[180.0, 560.0], [180.0, 380.0], [460.0, 560.0], [180.0, 560.0]], [[0.0, 0.0], [280.0, 0.0], [280.0, 280.0], [0.0, 280.0], [0.0, 0.0]], [[180.0, 280.0], [100.0, 480.0], [0.0, 480.0], [0.0, 280.0], [180.0, 280.0]], [[554.4772402952319, 5.522759704768077], [654.4772402952319, 5.522759704768077], [654.4772402952319, 185.52275970476808], [554.4772402952319, 185.52275970476808], [554.4772402952319, 5.522759704768077]], [[280.0, 280.0], [280.0, 0.0], [560.0, 0.0], [280.0, 280.0]], [[419.99999999999994, 235.52275970476808], [620.0, 235.52275970476808], [620.0, 435.5227597047681], [419.99999999999994, 515.5227597047681], [419.99999999999994, 235.52275970476808]], [[654.4772402952319, 578.2841395571521], [494.4772402952319, 498.2841395571521], [654.4772402952319, 418.2841395571521], [654.4772402952319, 578.2841395571521]], [[419.99999999999994, 240.0], [419.99999999999994, 520.0], [179.99999999999994, 380.0], [419.99999999999994, 240.0]]]"
Wed Jul 22 22:23:18 2020,2,3,True,661.0220126981842,0.8623010868781099,"[0, 0, 1, 3, 0, 0, 0, 1, 0, 0, 0, 1]","[[[460.0, 358.9779873018158], [660.0, 358.9779873018158], [660.0, 558.9779873018158], [460.0, 558.9779873018158], [460.0, 358.9779873018158]], [[461.0220126981842, 558.9779873018158], [661.0220126981842, 558.9779873018158], [661.0220126981842, 758.9779873018158], [461.0220126981842, 758.9779873018158], [461.0220126981842, 558.9779873018158]], [[460.0, 200.0], [460.0, 480.0], [280.0, 480.0], [280.0, 200.0], [460.0, 200.0]], [[460.0, 358.9779873018158], [460.0, 78.9779873018158], [600.0, 218.9779873018158], [460.0, 358.9779873018158]], [[0.0, 480.0], [0.0, 300.0], [280.0, 480.0], [0.0, 480.0]], [[0.0, 480.0], [280.0, 480.0], [280.0, 760.0], [0.0, 760.0], [0.0, 480.0]], [[255.51020408163248, 0.0], [455.5102040816325, 80.0], [455.5102040816325, 180.0], [255.51020408163248, 180.0], [255.51020408163248, 0.0]], [[460.0, 660.0], [460.0, 760.0], [280.0, 760.0], [280.0, 660.0], [460.0, 660.0]], [[381.0220126981842, 0.0], [661.0220126981842, 0.0], [661.0220126981842, 280.0], [381.0220126981842, 0.0]], [[55.5102040816325, 0.0], [255.5102040816325, 0.0], [255.5102040816325, 200.0], [55.5102040816325, 280.0], [55.5102040816325, 0.0]], [[280.0, 656.7557650795936], [360.0, 496.75576507959363], [440.0, 656.7557650795936], [280.0, 656.7557650795936]], [[280.0, 185.71428571428567], [280.0, 465.71428571428567], [40.0, 325.71428571428567], [280.0, 185.71428571428567]]]"
Wed Jul 22 22:23:39 2020,2,1,True,667.632232825166,0.8537634523545642,"[0, 0, 0, 2, 2, 0, 1, 0, 2, 2, 2, 3]","[[[458.09995488350125, 458.09995488350125], [658.0999548835013, 458.09995488350125], [658.0999548835013, 658.0999548835013], [458.09995488350125, 658.0999548835013], [458.09995488350125, 458.09995488350125]], [[180.0, 0.0], [380.0, 0.0], [380.0, 200.0], [180.0, 200.0], [180.0, 0.0]], [[0.0, 300.0], [280.0, 300.0], [280.0, 480.0], [0.0, 480.0], [0.0, 300.0]], [[280.0, 300.0], [0.0, 300.0], [140.0, 160.0], [280.0, 300.0]], [[667.632232825166, 4.417059705297845], [667.632232825166, 184.41705970529785], [387.63223282516606, 4.417059705297845], [667.632232825166, 4.417059705297845]], [[0.0, 480.0], [280.0, 480.0], [280.0, 760.0], [0.0, 760.0], [0.0, 480.0]], [[180.0, 0.0], [100.0, 200.0], [0.0, 200.0], [0.0, 0.0], [180.0, 0.0]], [[340.0, 360.0], [440.0, 360.0], [440.0, 540.0], [340.0, 540.0], [340.0, 360.0]], [[560.0, 760.0], [280.0, 760.0], [280.0, 480.0], [560.0, 760.0]], [[657.8056253245936, 458.09995488350125], [457.8056253245936, 458.09995488350125], [457.8056253245936, 258.09995488350125], [657.8056253245936, 178.09995488350125], [657.8056253245936, 458.09995488350125]], [[390.0, 200.0], [310.0, 360.0], [230.0, 200.0], [390.0, 200.0]], [[387.9027127032344, 298.8766539126275], [387.9027127032344, 18.87665391262749], [627.9027127032343, 158.8766539126275], [387.9027127032344, 298.8766539126275]]]"
Wed Jul 22 22:23:56 2020,2,1,True,674.3085551534177,0.8453103488659052,"[0, 0, 1, 1, 1, 0, 1, 0, 1, 0, 0, 3]","[[[78.32819116556965, 280.0], [278.32819116556965, 280.0], [278.32819116556965, 480.0], [78.32819116556965, 480.0], [78.32819116556965, 280.0]], [[278.32819116556965, 280.0], [478.32819116556965, 280.0], [478.32819116556965, 480.0], [278.32819116556965, 480.0], [278.32819116556965, 280.0]], [[180.0, 0.0], [180.0, 280.0], [0.0, 280.0], [0.0, 0.0], [180.0, 0.0]], [[674.3085551534177, 384.019636012152], [674.3085551534177, 664.019636012152], [534.3085551534177, 524.019636012152], [674.3085551534177, 384.019636012152]], [[178.59426943913198, 0.0], [358.59426943913195, 0.0], [178.59426943913198, 280.0], [178.59426943913198, 0.0]], [[394.30855515341773, 0.0], [674.3085551534177, 0.0], [674.3085551534177, 280.0], [394.30855515341773, 280.0], [394.30855515341773, 0.0]], [[658.3281911655697, 280.0], [578.3281911655697, 480.0], [478.3281911655697, 480.0], [478.3281911655697, 280.0], [658.3281911655697, 280.0]], [[294.30855515341773, 100.0], [394.30855515341773, 100.0], [394.30855515341773, 280.0], [294.30855515341773, 280.0], [294.30855515341773, 100.0]], [[334.30855515341773, 480.0], [334.30855515341773, 760.0], [54.30855515341773, 760.0], [334.30855515341773, 480.0]], [[334.30855515341773, 480.0], [534.3085551534177, 480.0], [534.3085551534177, 680.0], [334.30855515341773, 760.0], [334.30855515341773, 480.0]], [[504.4592829512403, 760.0], [584.4592829512403, 600.0], [664.4592829512403, 760.0], [504.4592829512403, 760.0]], [[0.0, 714.3085551534177], [0.0, 434.30855515341773], [240.0, 574.3085551534177], [0.0, 714.3085551534177]]]"
Wed Jul 22 22:24:05 2020,2,0,True,647.336212947281,0.8805316134019846,"[0, 0, 1, 2, 1, 0, 0, 0, 0, 1, 3, 3]","[[[447.33621294728096, 200.0], [647.336212947281, 200.0], [647.336212947281, 400.0], [447.33621294728096, 400.0], [447.33621294728096, 200.0]], [[447.33621294728096, 0.0], [647.336212947281, 0.0], [647.336212947281, 200.0], [447.33621294728096, 200.0], [447.33621294728096, 0.0]], [[180.0, 480.0], [180.0, 760.0], [0.0, 760.0], [0.0, 480.0], [180.0, 480.0]], [[447.33621294728096, 280.0], [167.33621294728096, 280.0], [307.33621294728096, 140.0], [447.33621294728096, 280.0]], [[460.0, 400.0], [640.0, 400.0], [460.0, 680.0], [460.0, 400.0]], [[180.0, 480.0], [460.0, 480.0], [460.0, 760.0], [180.0, 760.0], [180.0, 480.0]], [[0.0, 297.6127908859139], [200.0, 377.6127908859139], [200.0, 477.6127908859139], [0.0, 477.6127908859139], [0.0, 297.6127908859139]], [[547.336212947281, 544.143668748674], [647.336212947281, 544.143668748674], [647.336212947281, 724.143668748674], [547.336212947281, 724.143668748674], [547.336212947281, 544.143668748674]], [[167.33621294728096, 0.0], [447.33621294728096, 0.0], [447.33621294728096, 280.0], [167.33621294728096, 0.0]], [[447.33621294728096, 280.0], [447.33621294728096, 480.0], [247.33621294728096, 480.0], [167.33621294728096, 280.0], [447.33621294728096, 280.0]], [[167.33621294728096, 364.5472760648263], [7.336212947280956, 284.5472760648263], [167.33621294728096, 204.5472760648263], [167.33621294728096, 364.5472760648263]], [[0.0, 288.82673361740683], [0.0, 8.82673361740683], [240.0, 148.82673361740683], [0.0, 288.82673361740683]]]"
Wed Jul 22 22:25:37 2020,2,5,False,653.8095750767537,0.8718134786158265,"[0, 0, 0, 0, 1, 0, 1, 1, 0, 1, 1, 2]","[[[180.0, 0.0], [380.0, 0.0], [380.0, 200.0], [180.0, 200.0], [180.0, 0.0]], [[0.0, 400.0], [200.0, 400.0], [200.0, 600.0], [0.0, 600.0], [0.0, 400.0]], [[80.0, 580.0], [360.0, 580.0], [360.0, 760.0], [80.0, 760.0], [80.0, 580.0]], [[360.0, 620.0], [640.0, 620.0], [500.0, 760.0], [360.0, 620.0]], [[280.0, 200.0], [460.0, 200.0], [280.0, 480.0], [280.0, 200.0]], [[370.0, 340.0], [650.0, 340.0], [650.0, 620.0], [370.0, 620.0], [370.0, 340.0]], [[180.0, 0.0], [100.0, 200.0], [0.0, 200.0], [0.0, 0.0], [180.0, 0.0]], [[370.0, 480.0], [370.0, 580.0], [190.0, 580.0], [190.0, 480.0], [370.0, 480.0]], [[373.80957507675373, 0.0], [653.8095750767537, 0.0], [653.8095750767537, 280.0], [373.80957507675373, 0.0]], [[280.0, 200.0], [280.0, 400.0], [80.0, 400.0], [0.0, 200.0], [280.0, 200.0]], [[380.0, 6.9047875383768655], [540.0, 86.90478753837687], [380.0, 166.90478753837687], [380.0, 6.9047875383768655]], [[653.8095750767537, 340.0], [373.80957507675373, 340.0], [513.8095750767537, 100.0], [653.8095750767537, 340.0]]]"
Wed Jul 22 22:26:37 2020,2,3,True,660.3476708275213,0.8631816619958678,"[0, 0, 1, 0, 1, 0, 3, 1, 1, 1, 3, 3]","[[[460.34767082752126, 200.0], [660.3476708275213, 200.0], [660.3476708275213, 400.0], [460.34767082752126, 400.0], [460.34767082752126, 200.0]], [[180.0, 0.0], [380.0, 0.0], [380.0, 200.0], [180.0, 200.0], [180.0, 0.0]], [[460.0, 480.0], [460.0, 760.0], [280.0, 760.0], [280.0, 480.0], [460.0, 480.0]], [[180.0, 200.0], [460.0, 200.0], [320.0, 340.0], [180.0, 200.0]], [[460.0, 400.0], [640.0, 400.0], [460.0, 680.0], [460.0, 400.0]], [[0.0, 480.0], [280.0, 480.0], [280.0, 760.0], [0.0, 760.0], [0.0, 480.0]], [[460.0, 760.0], [540.0, 560.0], [640.0, 560.0], [640.0, 760.0], [460.0, 760.0]], [[180.0, 0.0], [180.0, 100.0], [0.0, 100.0], [0.0, 0.0], [180.0, 0.0]], [[460.34767082752126, 200.0], [460.34767082752126, 480.0], [180.34767082752126, 480.0], [460.34767082752126, 200.0]], [[660.3476708275213, 0.0], [660.3476708275213, 200.0], [460.34767082752126, 200.0], [380.34767082752126, 0.0], [660.3476708275213, 0.0]], [[160.0, 260.0], [0.0, 180.0], [160.0, 100.0], [160.0, 260.0]], [[0.0, 480.0], [0.0, 200.0], [240.0, 340.0], [0.0, 480.0]]]"
Wed Jul 22 22:26:52 2020,2,1,True,666.9511475357965,0.8546353089067997,"[0, 0, 0, 2, 3, 0, 1, 1, 3, 2, 2, 1]","[[[160.0, 0.0], [360.0, 0.0], [360.0, 200.0], [160.0, 200.0], [160.0, 0.0]], [[440.7142857142858, 180.0], [640.7142857142858, 180.0], [640.7142857142858, 380.0], [440.7142857142858, 380.0], [440.7142857142858, 180.0]], [[386.9511475357965, 0.0], [666.9511475357965, 0.0], [666.9511475357965, 180.0], [386.9511475357965, 180.0], [386.9511475357965, 0.0]], [[280.0, 760.0], [0.0, 760.0], [140.0, 620.0], [280.0, 760.0]], [[440.7142857142858, 480.0], [260.7142857142858, 480.0], [440.7142857142858, 200.0], [440.7142857142858, 480.0]], [[380.0, 480.0], [660.0, 480.0], [660.0, 760.0], [380.0, 760.0], [380.0, 480.0]], [[380.0, 200.0], [300.0, 400.0], [200.0, 400.0], [200.0, 200.0], [380.0, 200.0]], [[620.7142857142858, 380.0], [620.7142857142858, 480.0], [440.7142857142858, 480.0], [440.7142857142858, 380.0], [620.7142857142858, 380.0]], [[0.0, 760.0], [0.0, 480.0], [280.0, 480.0], [0.0, 760.0]], [[200.0, 480.0], [0.0, 480.0], [0.0, 280.0], [200.0, 200.0], [200.0, 480.0]], [[160.0, 0.0], [80.0, 160.0], [0.0, 0.0], [160.0, 0.0]], [[380.0, 480.0], [380.0, 760.0], [140.0, 620.0], [380.0, 480.0]]]"
Wed Jul 22 22:27:04 2020,2,1,True,673.6206590111544,0.8461735731750493,"[0, 0, 1, 2, 3, 0, 2, 1, 3, 3, 2, 1]","[[[200.0, 0.0], [400.0, 0.0], [400.0, 200.0], [200.0, 200.0], [200.0, 0.0]], [[0.0, 38.49264262004624], [200.0, 38.49264262004624], [200.0, 238.49264262004624], [0.0, 238.49264262004624], [0.0, 38.49264262004624]], [[600.0, 0.0], [600.0, 280.0], [420.0, 280.0], [420.0, 0.0], [600.0, 0.0]], [[280.0, 760.0], [0.0, 760.0], [140.0, 620.0], [280.0, 760.0]], [[654.2857142857143, 480.0], [474.28571428571433, 480.0], [654.2857142857143, 200.0], [654.2857142857143, 480.0]], [[379.9999999999999, 480.0], [659.9999999999999, 480.0], [659.9999999999999, 760.0], [379.9999999999999, 760.0], [379.9999999999999, 480.0]], [[420.4937022982357, 380.0], [220.4937022982357, 300.0], [220.4937022982357, 200.0], [420.4937022982357, 200.0], [420.4937022982357, 380.0]], [[460.0, 380.0], [460.0, 480.0], [280.0, 480.0], [280.0, 380.0], [460.0, 380.0]], [[0.0, 728.7657442544107], [0.0, 448.7657442544107], [280.0, 448.7657442544107], [0.0, 728.7657442544107]], [[0.0, 448.7657442544107], [0.0, 248.76574425441072], [200.0, 248.76574425441072], [280.0, 448.7657442544107], [0.0, 448.7657442544107]], [[580.0, 280.0], [500.0, 440.0], [420.0, 280.0], [580.0, 280.0]], [[379.9999999999999, 480.0], [379.9999999999999, 760.0], [139.9999999999999, 620.0], [379.9999999999999, 480.0]]]"
Wed Jul 22 22:27:19 2020,2,1,True,680.356865601266,0.8377956170049993,"[0, 0, 1, 0, 0, 0, 1, 1, 2, 0, 3, 1]","[[[179.9999999999999, 280.0], [379.9999999999999, 280.0], [379.9999999999999, 480.0], [179.9999999999999, 480.0], [179.9999999999999, 280.0]], [[380.0, 560.0], [580.0, 560.0], [580.0, 760.0], [380.0, 760.0], [380.0, 560.0]], [[180.0, 0.0], [180.0, 280.0], [0.0, 280.0], [0.0, 0.0], [180.0, 0.0]], [[0.0, 480.0], [280.0, 480.0], [140.0, 620.0], [0.0, 480.0]], [[0.0, 710.0], [0.0, 530.0], [280.0, 710.0], [0.0, 710.0]], [[180.0, 0.0], [460.0, 0.0], [460.0, 280.0], [180.0, 280.0], [180.0, 0.0]], [[180.0, 279.9999999999998], [100.0, 479.9999999999998], [0.0, 479.9999999999998], [0.0, 279.9999999999998], [180.0, 279.9999999999998]], [[640.0, 0.0], [640.0, 100.0], [460.0, 100.0], [460.0, 0.0], [640.0, 0.0]], [[659.9999999999999, 560.0], [379.9999999999999, 560.0], [379.9999999999999, 280.0], [659.9999999999999, 560.0]], [[479.9999999999999, 100.0], [679.9999999999999, 100.0], [679.9999999999999, 300.0], [479.9999999999999, 380.0], [479.9999999999999, 100.0]], [[651.4285714285714, 471.42857142857156], [491.42857142857144, 391.42857142857156], [651.4285714285714, 311.42857142857156], [651.4285714285714, 471.42857142857156]], [[380.0, 480.0], [380.0, 760.0], [140.0, 620.0], [380.0, 480.0]]]"
Wed Jul 22 22:27:33 2020,2,1,True,687.1604342572787,0.8295006108960388,"[0, 0, 1, 0, 1, 0, 0, 0, 2, 0, 0, 1]","[[[460.0, 0.0], [660.0, 0.0], [660.0, 200.0], [460.0, 200.0], [460.0, 0.0]], [[376.2144853385171, 560.0], [576.2144853385171, 560.0], [576.2144853385171, 760.0], [376.2144853385171, 760.0], [376.2144853385171, 560.0]], [[180.0, 290.3330228067513], [180.0, 570.3330228067513], [0.0, 570.3330228067513], [0.0, 290.3330228067513], [180.0, 290.3330228067513]], [[400.0, 300.0], [680.0, 300.0], [540.0, 440.0], [400.0, 300.0]], [[0.0, 0.0], [180.0, 0.0], [0.0, 280.0], [0.0, 0.0]], [[180.0, 0.0], [460.0, 0.0], [460.0, 280.0], [180.0, 280.0], [180.0, 0.0]], [[0.0, 580.0], [200.0, 660.0], [200.0, 760.0], [0.0, 760.0], [0.0, 580.0]], [[576.2144853385171, 560.0], [676.2144853385171, 560.0], [676.2144853385171, 740.0], [576.2144853385171, 740.0], [576.2144853385171, 560.0]], [[660.0, 560.0], [380.0, 560.0], [380.0, 280.0], [660.0, 560.0]], [[180.0, 280.0], [380.0, 280.0], [380.0, 480.0], [180.0, 560.0], [180.0, 280.0]], [[16.214485338517022, 290.3330228067513], [96.21448533851702, 130.33302280675127], [176.21448533851702, 290.3330228067513], [16.214485338517022, 290.3330228067513]], [[376.2144853385171, 480.0], [376.2144853385171, 760.0], [136.21448533851708, 620.0], [376.2144853385171, 480.0]]]"
Wed Jul 22 22:27:33 2020,2,0,True,659.6740168869875,0.8640631363500406,"[0, 0, 1, 1, 1, 0, 0, 1, 2, 0, 0, 1]","[[[459.6740168869875, 0.0], [659.6740168869875, 0.0], [659.6740168869875, 200.0], [459.6740168869875, 200.0], [459.6740168869875, 0.0]], [[371.42857142857133, 560.0], [571.4285714285713, 560.0], [571.4285714285713, 760.0], [371.42857142857133, 760.0], [371.42857142857133, 560.0]], [[180.0, 290.3330228067513], [180.0, 570.3330228067513], [0.0, 570.3330228067513], [0.0, 290.3330228067513], [180.0, 290.3330228067513]], [[659.6740168869874, 280.0], [659.6740168869874, 560.0], [519.6740168869874, 420.0], [659.6740168869874, 280.0]], [[0.0, 0.0], [180.0, 0.0], [0.0, 280.0], [0.0, 0.0]], [[180.0, 0.0], [460.0, 0.0], [460.0, 280.0], [180.0, 280.0], [180.0, 0.0]], [[0.0, 580.0], [200.0, 660.0], [200.0, 760.0], [0.0, 760.0], [0.0, 580.0]], [[639.6740168869875, 200.0], [639.6740168869875, 300.0], [459.6740168869875, 300.0], [459.6740168869875, 200.0], [639.6740168869875, 200.0]], [[659.6740168869875, 560.0], [379.6740168869875, 560.0], [379.6740168869875, 280.0], [659.6740168869875, 560.0]], [[179.9999999999999, 280.0], [379.9999999999999, 280.0], [379.9999999999999, 480.0], [179.9999999999999, 560.0], [179.9999999999999, 280.0]], [[16.214485338517022, 290.3330228067513], [96.21448533851702, 130.33302280675127], [176.21448533851702, 290.3330228067513], [16.214485338517022, 290.3330228067513]], [[371.42857142857133, 480.0], [371.42857142857133, 760.0], [131.42857142857133, 620.0], [371.42857142857133, 480.0]]]"
Wed Jul 22 22:27:58 2020,2,1,True,666.2707570558574,0.8555080557921193,"[0, 0, 0, 2, 3, 0, 1, 1, 3, 0, 2, 1]","[[[200.0, 279.9999999999998], [400.0, 279.9999999999998], [400.0, 479.9999999999998], [200.0, 479.9999999999998], [200.0, 279.9999999999998]], [[0.0, 279.9999999999999], [200.0, 279.9999999999999], [200.0, 479.9999999999999], [0.0, 479.9999999999999], [0.0, 279.9999999999999]], [[380.0, 0.0], [660.0, 0.0], [660.0, 180.0], [380.0, 180.0], [380.0, 0.0]], [[280.0, 760.0], [0.0, 760.0], [140.0, 620.0], [280.0, 760.0]], [[666.2707570558574, 479.9999999999998], [486.2707570558574, 479.9999999999998], [666.2707570558574, 199.99999999999977], [666.2707570558574, 479.9999999999998]], [[386.2707570558574, 479.9999999999998], [666.2707570558574, 479.9999999999998], [666.2707570558574, 759.9999999999998], [386.2707570558574, 759.9999999999998], [386.2707570558574, 479.9999999999998]], [[580.0, 258.64339986466666], [500.0, 458.64339986466666], [400.0, 458.64339986466666], [400.0, 258.64339986466666], [580.0, 258.64339986466666]], [[180.0, 0.0], [180.0, 100.0], [0.0, 100.0], [0.0, 0.0], [180.0, 0.0]], [[0.0, 759.9999999999999], [0.0, 479.9999999999999], [280.0, 479.9999999999999], [0.0, 759.9999999999999]], [[180.0, 0.0], [380.0, 0.0], [380.0, 200.0], [180.0, 280.0], [180.0, 0.0]], [[160.0, 100.0], [80.0, 260.0], [0.0, 100.0], [160.0, 100.0]], [[379.99999999999955, 479.9999999999998], [379.99999999999955, 759.9999999999998], [139.99999999999955, 619.9999999999998], [379.99999999999955, 479.9999999999998]]]"
Wed Jul 22 22:28:57 2020,2,3,True,672.933464626416,0.8470376790020983,"[0, 0, 0, 3, 3, 0, 1, 0, 0, 0, 2, 2]","[[[280.0, 560.0], [480.0, 560.0], [480.0, 760.0], [280.0, 760.0], [280.0, 560.0]], [[0.0, 380.0], [200.0, 380.0], [200.0, 580.0], [0.0, 580.0], [0.0, 380.0]], [[0.0, 580.0], [280.0, 580.0], [280.0, 760.0], [0.0, 760.0], [0.0, 580.0]], [[0.0, 280.0], [0.0, 0.0], [140.0, 140.0], [0.0, 280.0]], [[672.933464626416, 544.3257216922416], [492.933464626416, 544.3257216922416], [672.933464626416, 264.3257216922416], [672.933464626416, 544.3257216922416]], [[280.0, 0.0], [560.0, 0.0], [560.0, 280.0], [280.0, 280.0], [280.0, 0.0]], [[660.0, 544.3257216922416], [580.0, 744.3257216922416], [480.0, 744.3257216922416], [480.0, 544.3257216922416], [660.0, 544.3257216922416]], [[560.0, 0.0], [660.0, 0.0], [660.0, 180.0], [560.0, 180.0], [560.0, 0.0]], [[0.0, 0.0], [280.0, 0.0], [280.0, 280.0], [0.0, 0.0]], [[280.0, 280.0], [480.0, 280.0], [480.0, 480.0], [280.0, 560.0], [280.0, 280.0]], [[639.9999999999998, 280.0000000000001], [559.9999999999998, 440.0000000000001], [479.9999999999998, 280.0000000000001], [639.9999999999998, 280.0000000000001]], [[280.0, 380.0], [0.0, 380.0], [140.0, 140.0], [280.0, 380.0]]]"
Wed Jul 22 22:29:55 2020,2,3,True,679.6627992726802,0.8386511673288101,"[0, 0, 1, 0, 0, 0, 3, 0, 1, 0, 2, 3]","[[[0.0, 560.0], [200.0, 560.0], [200.0, 760.0], [0.0, 760.0], [0.0, 560.0]], [[379.6627992726802, 300.3372007273198], [579.6627992726802, 300.3372007273198], [579.6627992726802, 500.3372007273198], [379.6627992726802, 500.3372007273198], [379.6627992726802, 300.3372007273198]], [[460.0, 0.0], [460.0, 280.0], [280.0, 280.0], [280.0, 0.0], [460.0, 0.0]], [[99.66279927268022, 280.0], [379.6627992726802, 280.0], [239.66279927268022, 420.0], [99.66279927268022, 280.0]], [[199.56521739130437, 759.5652173913043], [199.56521739130437, 579.5652173913043], [479.5652173913044, 759.5652173913043], [199.56521739130437, 759.5652173913043]], [[0.0, 0.0], [280.0, 0.0], [280.0, 280.0], [0.0, 280.0], [0.0, 0.0]], [[479.5652173913044, 759.5652173913043], [559.5652173913044, 559.5652173913043], [659.5652173913044, 559.5652173913043], [659.5652173913044, 759.5652173913043], [479.5652173913044, 759.5652173913043]], [[579.6627992726802, 379.56521739130426], [679.6627992726802, 379.56521739130426], [679.6627992726802, 559.5652173913043], [579.6627992726802, 559.5652173913043], [579.6627992726802, 379.56521739130426]], [[379.6627992726802, 280.0], [379.6627992726802, 560.0], [99.66279927268022, 560.0], [379.6627992726802, 280.0]], [[460.0, 0.0], [660.0, 0.0], [660.0, 200.0], [460.0, 280.0], [460.0, 0.0]], [[540.0, 560.8026097055168], [460.0, 720.8026097055168], [380.0, 560.8026097055168], [540.0, 560.8026097055168]], [[0.0, 560.0], [0.0, 280.0], [240.0, 420.0], [0.0, 560.0]]]"
Wed Jul 22 22:30:15 2020,2,1,True,686.459427265407,0.8303476904245645,"[0, 0, 0, 0, 0, 0, 2, 1, 1, 0, 0, 3]","[[[481.30310820472084, 0.0], [681.3031082047208, 0.0], [681.3031082047208, 200.0], [481.30310820472084, 200.0], [481.30310820472084, 0.0]], [[481.30310820472084, 200.0], [681.3031082047208, 200.0], [681.3031082047208, 400.0], [481.30310820472084, 400.0], [481.30310820472084, 200.0]], [[390.36231884057963, 400.0], [670.3623188405796, 400.0], [670.3623188405796, 580.0], [390.36231884057963, 580.0], [390.36231884057963, 400.0]], [[77.77777777777783, 580.0], [357.7777777777778, 580.0], [217.77777777777783, 720.0], [77.77777777777783, 580.0]], [[0.0, 760.0], [0.0, 580.0], [280.0, 760.0], [0.0, 760.0]], [[1.3031082047208429, 0.0], [281.30310820472084, 0.0], [281.30310820472084, 280.0], [1.3031082047208429, 280.0], [1.3031082047208429, 0.0]], [[645.4640921442181, 760.0], [445.46409214421806, 680.0], [445.46409214421806, 580.0], [645.4640921442181, 580.0], [645.4640921442181, 760.0]], [[315.7971014492753, 280.0], [315.7971014492753, 380.0], [135.79710144927532, 380.0], [135.79710144927532, 280.0], [315.7971014492753, 280.0]], [[390.36231884057963, 300.0], [390.36231884057963, 580.0], [110.36231884057963, 580.0], [390.36231884057963, 300.0]], [[281.30310820472084, 0.0], [481.30310820472084, 0.0], [481.30310820472084, 200.0], [281.30310820472084, 280.0], [281.30310820472084, 0.0]], [[266.47342995169083, 751.304347826087], [346.47342995169083, 591.304347826087], [426.47342995169083, 751.304347826087], [266.47342995169083, 751.304347826087]], [[6.048817696414922, 584.3135011441647], [6.048817696414922, 304.31350114416466], [246.04881769641491, 444.31350114416466], [6.048817696414922, 584.3135011441647]]]"
Wed Jul 22 22:30:33 2020,2,1,True,693.3240215380612,0.822126426162935,"[0, 0, 0, 0, 1, 0, 3, 0, 3, 0, 3, 2]","[[[0.0, 559.9999999999999], [200.0, 559.9999999999999], [200.0, 759.9999999999999], [0.0, 759.9999999999999], [0.0, 559.9999999999999]], [[0.0, 359.9999999999999], [200.0, 359.9999999999999], [200.0, 559.9999999999999], [0.0, 559.9999999999999], [0.0, 359.9999999999999]], [[413.3240215380612, 201.5539219503255], [693.3240215380612, 201.5539219503255], [693.3240215380612, 381.5539219503255], [413.3240215380612, 381.5539219503255], [413.3240215380612, 201.5539219503255]], [[120.0, 280.0], [400.0, 280.0], [260.0, 420.0], [120.0, 280.0]], [[280.0, 0.0], [460.0, 0.0], [280.0, 280.0], [280.0, 0.0]], [[0.0, 0.0], [280.0, 0.0], [280.0, 280.0], [0.0, 280.0], [0.0, 0.0]], [[379.00105017479075, 201.5539219503255], [459.00105017479075, 1.5539219503255026], [559.0010501747907, 1.5539219503255026], [559.0010501747907, 201.5539219503255], [379.00105017479075, 201.5539219503255]], [[559.0010501747907, 0.0], [659.0010501747907, 0.0], [659.0010501747907, 180.0], [559.0010501747907, 180.0], [559.0010501747907, 0.0]], [[200.0, 730.7509004003713], [200.0, 450.7509004003713], [480.0, 450.7509004003713], [200.0, 730.7509004003713]], [[493.3240215380612, 381.5539219503255], [693.3240215380612, 381.5539219503255], [693.3240215380612, 581.5539219503255], [493.3240215380612, 661.5539219503255], [493.3240215380612, 381.5539219503255]], [[660.8915891056287, 754.5268949232985], [500.89158910562867, 674.5268949232985], [660.8915891056287, 594.5268949232985], [660.8915891056287, 754.5268949232985]], [[550.7509004003713, 760.0], [270.7509004003713, 760.0], [410.7509004003713, 520.0], [550.7509004003713, 760.0]]]"
Wed Jul 22 22:30:46 2020,2,0,True,665.5910606765387,0.856381693919724,"[0, 0, 1, 3, 1, 0, 3, 1, 0, 2, 2, 2]","[[[465.59106067653875, 560.0], [665.5910606765387, 560.0], [665.5910606765387, 760.0], [465.59106067653875, 760.0], [465.59106067653875, 560.0]], [[180.0, 160.0], [380.0, 160.0], [380.0, 360.0], [180.0, 360.0], [180.0, 160.0]], [[180.0, 380.0], [180.0, 660.0], [0.0, 660.0], [0.0, 380.0], [180.0, 380.0]], [[180.0, 665.7882936942638], [180.0, 385.78829369426376], [320.0, 525.7882936942638], [180.0, 665.7882936942638]], [[0.0, 0.0], [180.0, 0.0], [0.0, 280.0], [0.0, 0.0]], [[385.59106067653875, 0.0], [665.5910606765387, 0.0], [665.5910606765387, 280.0], [385.59106067653875, 280.0], [385.59106067653875, 0.0]], [[0.0, 380.0], [80.0, 180.0], [180.0, 180.0], [180.0, 380.0], [0.0, 380.0]], [[180.0, 660.0], [180.0, 760.0], [0.0, 760.0], [0.0, 660.0], [180.0, 660.0]], [[180.0, 360.0], [460.0, 360.0], [460.0, 640.0], [180.0, 360.0]], [[665.5910606765387, 560.0], [465.59106067653875, 560.0], [465.59106067653875, 360.0], [665.5910606765387, 280.0], [665.5910606765387, 560.0]], [[385.59106067653875, 0.0], [305.59106067653875, 160.0], [225.59106067653875, 0.0], [385.59106067653875, 0.0]], [[463.3765046549871, 760.0], [183.37650465498712, 760.0], [323.3765046549871, 520.0], [463.3765046549871, 760.0]]]"
Wed Jul 22 22:31:26 2020,2,3,True,672.2469712833041,0.8479026672472514,"[0, 0, 1, 3, 3, 0, 1, 1, 1, 0, 2, 0]","[[[0.0, 0.0], [200.0, 0.0], [200.0, 200.0], [0.0, 200.0], [0.0, 0.0]], [[0.0, 560.0], [200.0, 560.0], [200.0, 760.0], [0.0, 760.0], [0.0, 560.0]], [[392.2469712833041, 200.0], [392.2469712833041, 480.0], [212.2469712833041, 480.0], [212.2469712833041, 200.0], [392.2469712833041, 200.0]], [[400.0, 752.246971283304], [400.0, 472.246971283304], [540.0, 612.246971283304], [400.0, 752.246971283304]], [[212.2469712833041, 460.0], [32.246971283304106, 460.0], [212.2469712833041, 180.0], [212.2469712833041, 460.0]], [[392.2469712833041, 0.0], [672.2469712833041, 0.0], [672.2469712833041, 280.0], [392.2469712833041, 280.0], [392.2469712833041, 0.0]], [[392.2469712833041, 0.0], [312.2469712833041, 200.0], [212.2469712833041, 200.0], [212.2469712833041, 0.0], [392.2469712833041, 0.0]], [[180.0, 460.0], [180.0, 560.0], [0.0, 560.0], [0.0, 460.0], [180.0, 460.0]], [[672.2469712833041, 480.0], [672.2469712833041, 760.0], [392.2469712833041, 760.0], [672.2469712833041, 480.0]], [[200.0, 480.0], [400.0, 480.0], [400.0, 680.0], [200.0, 760.0], [200.0, 480.0]], [[160.0, 200.0], [80.0, 360.0], [0.0, 200.0], [160.0, 200.0]], [[392.2469712833041, 280.0], [672.2469712833041, 280.0], [532.2469712833041, 520.0], [392.2469712833041, 280.0]]]"
Wed Jul 22 22:31:45 2020,2,1,True,678.9694409961371,0.8395075913339124,"[0, 0, 0, 1, 3, 0, 0, 0, 0, 0, 2, 0]","[[[0.0, 81.03055900386289], [200.0, 81.03055900386289], [200.0, 281.0305590038629], [0.0, 281.0305590038629], [0.0, 81.03055900386289]], [[478.9694409961371, 560.0], [678.9694409961371, 560.0], [678.9694409961371, 760.0], [478.9694409961371, 760.0], [478.9694409961371, 560.0]], [[105.28488612934257, 281.0305590038629], [385.28488612934257, 281.0305590038629], [385.28488612934257, 461.0305590038629], [105.28488612934257, 461.0305590038629], [105.28488612934257, 281.0305590038629]], [[281.0305590038629, 461.0305590038629], [281.0305590038629, 741.0305590038629], [141.0305590038629, 601.0305590038629], [281.0305590038629, 461.0305590038629]], [[678.9694409961371, 560.0], [498.9694409961371, 560.0], [678.9694409961371, 280.0], [678.9694409961371, 560.0]], [[398.9694409961371, 0.0], [678.9694409961371, 0.0], [678.9694409961371, 280.0], [398.9694409961371, 280.0], [398.9694409961371, 0.0]], [[0.0, 580.0], [200.0, 660.0], [200.0, 760.0], [0.0, 760.0], [0.0, 580.0]], [[0.0, 281.0305590038629], [100.0, 281.0305590038629], [100.0, 461.0305590038629], [0.0, 461.0305590038629], [0.0, 281.0305590038629]], [[118.96944099613711, 0.0], [398.9694409961371, 0.0], [398.9694409961371, 280.0], [118.96944099613711, 0.0]], [[278.9694409961371, 461.0305590038629], [478.9694409961371, 461.0305590038629], [478.9694409961371, 661.0305590038629], [278.9694409961371, 741.0305590038629], [278.9694409961371, 461.0305590038629]], [[182.57639750965723, 461.0305590038629], [102.57639750965723, 621.0305590038629], [22.576397509657227, 461.0305590038629], [182.57639750965723, 461.0305590038629]], [[384.68372671042255, 280.0], [664.6837267104225, 280.0], [524.6837267104225, 520.0], [384.68372671042255, 280.0]]]"
Wed Jul 22 22:32:02 2020,2,1,True,685.7591354060985,0.8311956349840717,"[0, 0, 1, 1, 3, 0, 1, 0, 2, 0, 3, 0]","[[[180.0, 0.0], [380.0, 0.0], [380.0, 200.0], [180.0, 200.0], [180.0, 0.0]], [[380.0, 0.0], [580.0, 0.0], [580.0, 200.0], [380.0, 200.0], [380.0, 0.0]], [[379.99999999999994, 200.0], [379.99999999999994, 480.0], [199.99999999999994, 480.0], [199.99999999999994, 200.0], [379.99999999999994, 200.0]], [[279.99999999999994, 480.0], [279.99999999999994, 760.0], [139.99999999999994, 620.0], [279.99999999999994, 480.0]], [[685.7591354060985, 462.1524560349578], [505.7591354060985, 462.1524560349578], [685.7591354060985, 182.15245603495782], [685.7591354060985, 462.1524560349578]], [[280.0, 480.0], [560.0, 480.0], [560.0, 760.0], [280.0, 760.0], [280.0, 480.0]], [[180.0, 0.0], [100.0, 200.0], [0.0, 200.0], [0.0, 0.0], [180.0, 0.0]], [[560.0, 462.1524560349578], [660.0, 462.1524560349578], [660.0, 642.1524560349578], [560.0, 642.1524560349578], [560.0, 462.1524560349578]], [[280.0, 760.0], [0.0, 760.0], [0.0, 480.0], [280.0, 760.0]], [[0.0, 200.0], [200.0, 200.0], [200.0, 400.0], [0.0, 480.0], [0.0, 200.0]], [[171.42857142857144, 571.4285714285714], [11.428571428571445, 491.42857142857144], [171.42857142857144, 411.42857142857144], [171.42857142857144, 571.4285714285714]], [[380.0, 200.0], [660.0, 200.0], [520.0, 440.0], [380.0, 200.0]]]"
Wed Jul 22 22:32:11 2020,2,1,True,692.6167267601595,0.822965975231754,"[0, 0, 1, 3, 0, 0, 3, 0, 3, 0, 3, 1]","[[[200.0, 0.0], [400.0, 0.0], [400.0, 200.0], [200.0, 200.0], [200.0, 0.0]], [[0.0, 0.0], [200.0, 0.0], [200.0, 200.0], [0.0, 200.0], [0.0, 0.0]], [[378.32876998985455, 200.0], [378.32876998985455, 480.0], [198.32876998985455, 480.0], [198.32876998985455, 200.0], [378.32876998985455, 200.0]], [[0.0, 760.0], [0.0, 480.0], [140.0, 620.0], [0.0, 760.0]], [[378.32876998985455, 460.0], [378.32876998985455, 280.0], [658.3287699898545, 460.0], [378.32876998985455, 460.0]], [[278.32876998985455, 480.0], [558.3287699898545, 480.0], [558.3287699898545, 760.0], [278.32876998985455, 760.0], [278.32876998985455, 480.0]], [[96.0, 760.0], [176.0, 560.0], [276.0, 560.0], [276.0, 760.0], [96.0, 760.0]], [[558.3287699898545, 499.3572564905444], [658.3287699898545, 499.3572564905444], [658.3287699898545, 679.3572564905444], [558.3287699898545, 679.3572564905444], [558.3287699898545, 499.3572564905444]], [[400.0, 280.0], [400.0, 0.0], [680.0, 0.0], [400.0, 280.0]], [[0.0, 200.0], [200.0, 200.0], [200.0, 400.0], [0.0, 480.0], [0.0, 200.0]], [[171.42857142857144, 571.4285714285714], [11.428571428571445, 491.42857142857144], [171.42857142857144, 411.42857142857144], [171.42857142857144, 571.4285714285714]], [[658.3287699898545, 163.33333333333331], [658.3287699898545, 443.3333333333333], [418.32876998985455, 303.3333333333333], [658.3287699898545, 163.33333333333331]]]"
Wed Jul 22 22:32:16 2020,2,1,True,699.5428940277611,0.8148177972591625,"[0, 0, 1, 3, 1, 0, 3, 0, 0, 0, 1, 1]","[[[200.0, 0.0], [400.0, 0.0], [400.0, 200.0], [200.0, 200.0], [200.0, 0.0]], [[0.0, 0.0], [200.0, 0.0], [200.0, 200.0], [0.0, 200.0], [0.0, 0.0]], [[380.0, 200.0], [380.0, 480.0], [200.0, 480.0], [200.0, 200.0], [380.0, 200.0]], [[400.0, 280.0], [400.0, 0.0], [540.0, 140.0], [400.0, 280.0]], [[0.0, 480.0], [180.0, 480.0], [0.0, 760.0], [0.0, 480.0]], [[252.68125823664911, 480.0], [532.6812582366491, 480.0], [532.6812582366491, 760.0], [252.68125823664911, 760.0], [252.68125823664911, 480.0]], [[72.68125823664911, 760.0], [152.68125823664911, 560.0], [252.68125823664911, 560.0], [252.68125823664911, 760.0], [72.68125823664911, 760.0]], [[532.6812582366491, 538.3333333333334], [632.6812582366491, 538.3333333333334], [632.6812582366491, 718.3333333333334], [532.6812582366491, 718.3333333333334], [532.6812582366491, 538.3333333333334]], [[400.0, 0.0], [680.0, 0.0], [680.0, 280.0], [400.0, 0.0]], [[0.0, 200.0], [200.0, 200.0], [200.0, 400.0], [0.0, 480.0], [0.0, 200.0]], [[380.0, 279.53387644535803], [540.0, 359.53387644535803], [380.0, 439.53387644535803], [380.0, 279.53387644535803]], [[673.0839517857744, 281.90157123698964], [673.0839517857744, 561.9015712369896], [433.0839517857744, 421.90157123698964], [673.0839517857744, 281.90157123698964]]]"
Wed Jul 22 22:32:36 2020,2,3,True,706.5383229680388,0.8067502943160024,"[0, 0, 1, 3, 3, 0, 1, 1, 1, 3, 3, 0]","[[[191.5611782666507, 0.0], [391.5611782666507, 0.0], [391.5611782666507, 200.0], [191.5611782666507, 200.0], [191.5611782666507, 0.0]], [[248.0, 200.0], [448.0, 200.0], [448.0, 400.0], [248.0, 400.0], [248.0, 200.0]], [[191.5611782666507, 0.0], [191.5611782666507, 280.0], [11.5611782666507, 280.0], [11.5611782666507, 0.0], [191.5611782666507, 0.0]], [[448.0, 436.4388217333493], [448.0, 156.4388217333493], [588.0, 296.4388217333493], [448.0, 436.4388217333493]], [[688.5714285714286, 760.0], [508.57142857142856, 760.0], [688.5714285714286, 480.0], [688.5714285714286, 760.0]], [[180.0, 480.0], [460.0, 480.0], [460.0, 760.0], [180.0, 760.0], [180.0, 480.0]], [[640.0, 480.0], [560.0, 680.0], [460.0, 680.0], [460.0, 480.0], [640.0, 480.0]], [[180.0, 480.0], [180.0, 580.0], [0.0, 580.0], [0.0, 480.0], [180.0, 480.0]], [[684.4388217333494, 200.0], [684.4388217333494, 480.0], [404.4388217333494, 480.0], [684.4388217333494, 200.0]], [[0.0, 480.0], [0.0, 280.0], [200.0, 280.0], [280.0, 480.0], [0.0, 480.0]], [[160.0, 760.0], [0.0, 680.0], [160.0, 600.0], [160.0, 760.0]], [[391.5611782666507, 0.0], [671.5611782666507, 0.0], [531.5611782666507, 240.0], [391.5611782666507, 0.0]]]"
Wed Jul 22 22:32:43 2020,2,1,True,713.6037061977191,0.7987626676396063,"[0, 0, 1, 3, 3, 0, 3, 0, 1, 2, 2, 3]","[[[200.0, 0.0], [400.0, 0.0], [400.0, 200.0], [200.0, 200.0], [200.0, 0.0]], [[0.0, 0.0], [200.0, 0.0], [200.0, 200.0], [0.0, 200.0], [0.0, 0.0]], [[180.0, 480.0], [180.0, 760.0], [0.0, 760.0], [0.0, 480.0], [180.0, 480.0]], [[448.0, 429.7232099506829], [448.0, 149.72320995068287], [588.0, 289.7232099506829], [448.0, 429.7232099506829]], [[678.2767900493171, 760.0], [498.2767900493171, 760.0], [678.2767900493171, 480.0], [678.2767900493171, 760.0]], [[180.0, 480.0], [460.0, 480.0], [460.0, 760.0], [180.0, 760.0], [180.0, 480.0]], [[497.56521739130426, 200.1579925593786], [577.5652173913043, 0.1579925593786129], [677.5652173913043, 0.1579925593786129], [677.5652173913043, 200.1579925593786], [497.56521739130426, 200.1579925593786]], [[460.0, 480.1579925593786], [560.0, 480.1579925593786], [560.0, 660.1579925593786], [460.0, 660.1579925593786], [460.0, 480.1579925593786]], [[677.5652173913043, 200.1579925593786], [677.5652173913043, 480.1579925593786], [397.56521739130426, 480.1579925593786], [677.5652173913043, 200.1579925593786]], [[208.0, 480.0], [8.0, 480.0], [8.0, 280.0], [208.0, 200.0], [208.0, 480.0]], [[560.0, 0.0], [480.0, 160.0], [400.0, 0.0], [560.0, 0.0]], [[208.0, 480.0], [208.0, 200.0], [448.0, 340.0], [208.0, 480.0]]]"
Wed Jul 22 22:32:43 2020,2,0,True,685.0595579498104,0.8320444454579232,"[0, 0, 1, 3, 3, 0, 3, 0, 1, 2, 2, 3]","[[[200.0, 0.0], [400.0, 0.0], [400.0, 200.0], [200.0, 200.0], [200.0, 0.0]], [[0.0, 0.0], [200.0, 0.0], [200.0, 200.0], [0.0, 200.0], [0.0, 0.0]], [[180.0, 480.0], [180.0, 760.0], [0.0, 760.0], [0.0, 480.0], [180.0, 480.0]], [[448.0, 429.7232099506829], [448.0, 149.72320995068287], [588.0, 289.7232099506829], [448.0, 429.7232099506829]], [[678.2767900493171, 760.0], [498.2767900493171, 760.0], [678.2767900493171, 480.0], [678.2767900493171, 760.0]], [[180.0, 480.0], [460.0, 480.0], [460.0, 760.0], [180.0, 760.0], [180.0, 480.0]], [[497.56521739130426, 200.1579925593786], [577.5652173913043, 0.1579925593786129], [677.5652173913043, 0.1579925593786129], [677.5652173913043, 200.1579925593786], [497.56521739130426, 200.1579925593786]], [[460.0, 480.1579925593786], [560.0, 480.1579925593786], [560.0, 660.1579925593786], [460.0, 660.1579925593786], [460.0, 480.1579925593786]], [[677.5652173913043, 200.1579925593786], [677.5652173913043, 480.1579925593786], [397.56521739130426, 480.1579925593786], [677.5652173913043, 200.1579925593786]], [[208.0, 480.0], [8.0, 480.0], [8.0, 280.0], [208.0, 200.0], [208.0, 480.0]], [[560.0, 0.0], [480.0, 160.0], [400.0, 0.0], [560.0, 0.0]], [[208.0, 480.0], [208.0, 200.0], [448.0, 340.0], [208.0, 480.0]]]"
Wed Jul 22 22:32:47 2020,2,1,True,691.9101535293084,0.8238063816415083,"[0, 0, 1, 0, 3, 0, 1, 0, 1, 0, 2, 3]","[[[200.0, 0.0], [400.0, 0.0], [400.0, 200.0], [200.0, 200.0], [200.0, 0.0]], [[0.0, 0.0], [200.0, 0.0], [200.0, 200.0], [0.0, 200.0], [0.0, 0.0]], [[180.0, 480.0], [180.0, 760.0], [0.0, 760.0], [0.0, 480.0], [180.0, 480.0]], [[377.65717563181795, 200.0], [657.657175631818, 200.0], [517.657175631818, 340.0], [377.65717563181795, 200.0]], [[657.657175631818, 760.0], [477.65717563181795, 760.0], [657.657175631818, 480.0], [657.657175631818, 760.0]], [[180.0, 480.0], [460.0, 480.0], [460.0, 760.0], [180.0, 760.0], [180.0, 480.0]], [[580.0, 0.0], [500.0, 200.0], [400.0, 200.0], [400.0, 0.0], [580.0, 0.0]], [[591.9101535293084, 20.0], [691.9101535293084, 20.0], [691.9101535293084, 200.0], [591.9101535293084, 200.0], [591.9101535293084, 20.0]], [[657.657175631818, 200.0], [657.657175631818, 480.0], [377.65717563181795, 480.0], [657.657175631818, 200.0]], [[0.0, 200.0], [200.0, 200.0], [200.0, 400.0], [0.0, 480.0], [0.0, 200.0]], [[620.0, 480.0], [540.0, 640.0], [460.0, 480.0], [620.0, 480.0]], [[277.65717563181795, 480.0], [277.65717563181795, 200.0], [517.657175631818, 340.0], [277.65717563181795, 480.0]]]"
Wed Jul 22 22:32:49 2020,2,0,True,664.2337473881361,0.8581316475432378,"[0, 0, 1, 0, 3, 0, 3, 0, 1, 0, 2, 3]","[[[200.0, 0.0], [400.0, 0.0], [400.0, 200.0], [200.0, 200.0], [200.0, 0.0]], [[0.0, 0.0], [200.0, 0.0], [200.0, 200.0], [0.0, 200.0], [0.0, 0.0]], [[180.0, 480.0], [180.0, 760.0], [0.0, 760.0], [0.0, 480.0], [180.0, 480.0]], [[339.41563152965966, 239.41563152965978], [619.4156315296597, 239.41563152965978], [479.41563152965966, 379.4156315296598], [339.41563152965966, 239.41563152965978]], [[657.657175631818, 760.0], [477.65717563181795, 760.0], [657.657175631818, 480.0], [657.657175631818, 760.0]], [[180.0, 480.0], [460.0, 480.0], [460.0, 760.0], [180.0, 760.0], [180.0, 480.0]], [[384.23374738813607, 239.41563152965978], [464.23374738813607, 39.41563152965978], [564.2337473881361, 39.41563152965978], [564.2337473881361, 239.41563152965978], [384.23374738813607, 239.41563152965978]], [[564.2337473881361, 0.0], [664.2337473881361, 0.0], [664.2337473881361, 180.0], [564.2337473881361, 180.0], [564.2337473881361, 0.0]], [[655.5438182623151, 203.28744479700447], [655.5438182623151, 483.28744479700447], [375.5438182623151, 483.28744479700447], [655.5438182623151, 203.28744479700447]], [[0.0, 200.0], [200.0, 200.0], [200.0, 400.0], [0.0, 480.0], [0.0, 200.0]], [[620.0, 486.5765717563181], [540.0, 646.5765717563181], [460.0, 486.5765717563181], [620.0, 486.5765717563181]], [[199.99999999999991, 480.0], [199.99999999999991, 200.0], [439.9999999999999, 340.0], [199.99999999999991, 480.0]]]"
Wed Jul 22 22:33:05 2020,2,1,True,670.8760848620175,0.8496352945972651,"[0, 0, 1, 0, 3, 0, 1, 0, 2, 0, 2, 0]","[[[290.8760848620175, 510.3042318706896], [490.8760848620175, 510.3042318706896], [490.8760848620175, 710.3042318706896], [290.8760848620175, 710.3042318706896], [290.8760848620175, 510.3042318706896]], [[370.8760848620175, 0.0], [570.8760848620175, 0.0], [570.8760848620175, 200.0], [370.8760848620175, 200.0], [370.8760848620175, 0.0]], [[670.8760848620175, 480.0], [670.8760848620175, 760.0], [490.8760848620175, 760.0], [490.8760848620175, 480.0], [670.8760848620175, 480.0]], [[200.0, 370.3042318706896], [480.0, 370.3042318706896], [340.0, 510.3042318706896], [200.0, 370.3042318706896]], [[670.8760848620175, 480.0], [490.8760848620175, 480.0], [670.8760848620175, 200.0], [670.8760848620175, 480.0]], [[10.876084862017478, 480.0], [290.8760848620175, 480.0], [290.8760848620175, 760.0], [10.876084862017478, 760.0], [10.876084862017478, 480.0]], [[180.0, 0.0], [100.0, 200.0], [0.0, 200.0], [0.0, 0.0], [180.0, 0.0]], [[570.8760848620175, 0.0], [670.8760848620175, 0.0], [670.8760848620175, 180.0], [570.8760848620175, 180.0], [570.8760848620175, 0.0]], [[480.0, 370.3042318706896], [200.0, 370.3042318706896], [200.0, 90.30423187068959], [480.0, 370.3042318706896]], [[0.0, 199.73017698838987], [200.0, 199.73017698838987], [200.0, 399.73017698838987], [0.0, 479.73017698838987], [0.0, 199.73017698838987]], [[370.8760848620175, 0.0], [290.8760848620175, 160.0], [210.87608486201748, 0.0], [370.8760848620175, 0.0]], [[378.7217947020596, 196.68445135993454], [658.7217947020596, 196.68445135993454], [518.7217947020596, 436.68445135993454], [378.7217947020596, 196.68445135993454]]]"
Wed Jul 22 22:33:15 2020,2,1,True,677.5848457106376,0.8412230639576882,"[0, 0, 1, 1, 0, 0, 0, 1, 3, 0, 0, 1]","[[[444.04104146753673, 560.0], [644.0410414675367, 560.0], [644.0410414675367, 760.0], [444.04104146753673, 760.0], [444.04104146753673, 560.0]], [[240.0, 560.0], [440.0, 560.0], [440.0, 760.0], [240.0, 760.0], [240.0, 560.0]], [[197.58484571063764, 280.3672716175885], [197.58484571063764, 560.3672716175885], [17.584845710637637, 560.3672716175885], [17.584845710637637, 280.3672716175885], [197.58484571063764, 280.3672716175885]], [[674.0410414675367, 0.0], [674.0410414675367, 280.0], [534.0410414675367, 140.0], [674.0410414675367, 0.0]], [[0.0, 280.0], [0.0, 100.0], [280.0, 280.0], [0.0, 280.0]], [[197.58484571063764, 280.0], [477.58484571063764, 280.0], [477.58484571063764, 560.0], [197.58484571063764, 560.0], [197.58484571063764, 280.0]], [[0.0, 553.3333333333334], [200.0, 633.3333333333334], [200.0, 733.3333333333334], [0.0, 733.3333333333334], [0.0, 553.3333333333334]], [[180.0, 0.0], [180.0, 100.0], [0.0, 100.0], [0.0, 0.0], [180.0, 0.0]], [[364.04104146753673, 280.0], [364.04104146753673, 0.0], [644.0410414675367, 0.0], [364.04104146753673, 280.0]], [[477.58484571063764, 280.0], [677.5848457106376, 280.0], [677.5848457106376, 480.0], [477.58484571063764, 560.0], [477.58484571063764, 280.0]], [[444.04104146753673, 280.0], [524.0410414675367, 120.0], [604.0410414675367, 280.0], [444.04104146753673, 280.0]], [[351.4285714285714, 0.0], [351.4285714285714, 280.0], [111.42857142857139, 140.0], [351.4285714285714, 0.0]]]"
Wed Jul 22 22:33:22 2020,2,1,True,684.360694167744,0.8328941227303843,"[0, 0, 1, 1, 1, 0, 2, 1, 3, 1, 0, 3]","[[[180.0, 560.0], [380.0, 560.0], [380.0, 760.0], [180.0, 760.0], [180.0, 560.0]], [[200.0, 0.0], [400.0, 0.0], [400.0, 200.0], [200.0, 200.0], [200.0, 0.0]], [[180.0, 380.0], [180.0, 660.0], [0.0, 660.0], [0.0, 380.0], [180.0, 380.0]], [[665.2407259411061, 14.759274058893993], [665.2407259411061, 294.759274058894], [525.2407259411061, 154.759274058894], [665.2407259411061, 14.759274058893993]], [[460.0, 269.5185481177879], [640.0, 269.5185481177879], [460.0, 549.5185481177879], [460.0, 269.5185481177879]], [[180.0, 280.0], [460.0, 280.0], [460.0, 560.0], [180.0, 560.0], [180.0, 280.0]], [[200.0, 180.0], [0.0, 100.0], [0.0, 0.0], [200.0, 0.0], [200.0, 180.0]], [[180.0, 660.0], [180.0, 760.0], [0.0, 760.0], [0.0, 660.0], [180.0, 660.0]], [[400.0, 280.0], [400.0, 0.0], [680.0, 0.0], [400.0, 280.0]], [[660.0, 560.0], [660.0, 760.0], [460.0, 760.0], [380.0, 560.0], [660.0, 560.0]], [[476.1190666471494, 560.0], [556.1190666471493, 400.0], [636.1190666471493, 560.0], [476.1190666471494, 560.0]], [[0.0, 380.0], [0.0, 100.0], [240.0, 240.0], [0.0, 380.0]]]"
Wed Jul 22 22:33:33 2020,2,1,True,691.2043011094214,0.8246476462677074,"[0, 0, 1, 0, 1, 0, 2, 1, 1, 1, 0, 3]","[[[180.0, 560.0], [380.0, 560.0], [380.0, 760.0], [180.0, 760.0], [180.0, 560.0]], [[200.0, 16.66666666666663], [400.0, 16.66666666666663], [400.0, 216.66666666666663], [200.0, 216.66666666666663], [200.0, 16.66666666666663]], [[180.0, 380.0], [180.0, 660.0], [0.0, 660.0], [0.0, 380.0], [180.0, 380.0]], [[376.9862664010342, 0.0], [656.9862664010342, 0.0], [516.9862664010342, 140.0], [376.9862664010342, 0.0]], [[460.0, 280.0], [640.0, 280.0], [460.0, 560.0], [460.0, 280.0]], [[180.0, 280.0], [460.0, 280.0], [460.0, 560.0], [180.0, 560.0], [180.0, 280.0]], [[200.0, 180.0], [0.0, 100.0], [0.0, 0.0], [200.0, 0.0], [200.0, 180.0]], [[180.0, 660.0], [180.0, 760.0], [0.0, 760.0], [0.0, 660.0], [180.0, 660.0]], [[656.9862664010342, 0.0], [656.9862664010342, 280.0], [376.9862664010342, 280.0], [656.9862664010342, 0.0]], [[660.0, 560.0], [660.0, 760.0], [460.0, 760.0], [380.0, 560.0], [660.0, 560.0]], [[487.70064328405215, 552.4656660025855], [567.7006432840521, 392.4656660025855], [647.7006432840521, 552.4656660025855], [487.70064328405215, 552.4656660025855]], [[0.0, 380.0], [0.0, 100.0], [240.0, 240.0], [0.0, 380.0]]]"
Wed Jul 22 22:33:34 2020,2,0,True,663.5561290650445,0.8590079648621952,"[0, 0, 1, 0, 1, 0, 2, 1, 1, 1, 0, 3]","[[[180.0, 560.0], [380.0, 560.0], [380.0, 760.0], [180.0, 760.0], [180.0, 560.0]], [[200.0, 16.66666666666663], [400.0, 16.66666666666663], [400.0, 216.66666666666663], [200.0, 216.66666666666663], [200.0, 16.66666666666663]], [[180.0, 380.0], [180.0, 660.0], [0.0, 660.0], [0.0, 380.0], [180.0, 380.0]], [[376.9862664010342, 0.0], [656.9862664010342, 0.0], [516.9862664010342, 140.0], [376.9862664010342, 0.0]], [[460.0, 280.0], [640.0, 280.0], [460.0, 560.0], [460.0, 280.0]], [[180.0, 280.0], [460.0, 280.0], [460.0, 560.0], [180.0, 560.0], [180.0, 280.0]], [[200.0, 180.0], [0.0, 100.0], [0.0, 0.0], [200.0, 0.0], [200.0, 180.0]], [[180.0, 660.0], [180.0, 760.0], [0.0, 760.0], [0.0, 660.0], [180.0, 660.0]], [[656.9862664010342, 0.0], [656.9862664010342, 280.0], [376.9862664010342, 280.0], [656.9862664010342, 0.0]], [[660.0, 560.0], [660.0, 760.0], [460.0, 760.0], [380.0, 560.0], [660.0, 560.0]], [[487.70064328405215, 552.4656660025855], [567.7006432840521, 392.4656660025855], [647.7006432840521, 552.4656660025855], [487.70064328405215, 552.4656660025855]], [[0.0, 379.99999999999994], [0.0, 99.99999999999994], [240.0, 239.99999999999994], [0.0, 379.99999999999994]]]"
Wed Jul 22 22:33:51 2020,2,1,True,670.191690355695,0.850502935507124,"[0, 0, 1, 1, 3, 0, 3, 1, 3, 2, 0, 0]","[[[459.74152387188394, 284.85973862284754], [659.7415238718839, 284.85973862284754], [659.7415238718839, 484.85973862284754], [459.74152387188394, 484.85973862284754], [459.74152387188394, 284.85973862284754]], [[459.74152387188394, 560.0], [659.7415238718839, 560.0], [659.7415238718839, 760.0], [459.74152387188394, 760.0], [459.74152387188394, 560.0]], [[180.0, 380.0], [180.0, 660.0], [0.0, 660.0], [0.0, 380.0], [180.0, 380.0]], [[210.0, 70.0], [210.0, 350.0], [70.0, 210.0], [210.0, 70.0]], [[670.191690355695, 284.85973862284754], [490.19169035569496, 284.85973862284754], [670.191690355695, 4.859738622847544], [670.191690355695, 284.85973862284754]], [[179.74152387188394, 480.0], [459.74152387188394, 480.0], [459.74152387188394, 760.0], [179.74152387188394, 760.0], [179.74152387188394, 480.0]], [[210.0, 218.80555356097705], [290.0, 18.805553560977046], [390.0, 18.805553560977046], [390.0, 218.80555356097705], [210.0, 218.80555356097705]], [[180.0, 660.0], [180.0, 760.0], [0.0, 760.0], [0.0, 660.0], [180.0, 660.0]], [[0.0, 280.0], [0.0, 0.0], [280.0, 0.0], [0.0, 280.0]], [[437.01388390244267, 480.0], [237.01388390244267, 480.0], [237.01388390244267, 280.0], [437.01388390244267, 200.0], [437.01388390244267, 480.0]], [[0.0, 380.0], [80.0, 220.0], [160.0, 380.0], [0.0, 380.0]], [[379.0300937560968, 1.1368683772161603e-13], [659.0300937560968, 1.1368683772161603e-13], [519.0300937560968, 240.0000000000001], [379.0300937560968, 1.1368683772161603e-13]]]"
Wed Jul 22 22:34:05 2020,2,1,True,676.8936072592519,0.8420821143634891,"[0, 0, 1, 1, 3, 0, 0, 1, 3, 2, 2, 3]","[[[474.53496416931966, 0.0], [674.5349641693197, 0.0], [674.5349641693197, 200.0], [474.53496416931966, 200.0], [474.53496416931966, 0.0]], [[200.0, 280.0], [400.0, 280.0], [400.0, 480.0], [200.0, 480.0], [200.0, 280.0]], [[676.8936072592519, 380.0], [676.8936072592519, 660.0], [496.8936072592519, 660.0], [496.8936072592519, 380.0], [676.8936072592519, 380.0]], [[195.76497512241951, 84.23502487758049], [195.76497512241951, 364.2350248775805], [55.764975122419514, 224.23502487758049], [195.76497512241951, 84.23502487758049]], [[180.0, 750.373479273057], [0.0, 750.373479273057], [180.0, 470.373479273057], [180.0, 750.373479273057]], [[183.3840227414671, 480.0], [463.3840227414671, 480.0], [463.3840227414671, 760.0], [183.3840227414671, 760.0], [183.3840227414671, 480.0]], [[0.0, 285.92903482861266], [200.0, 365.92903482861266], [200.0, 465.92903482861266], [0.0, 465.92903482861266], [0.0, 285.92903482861266]], [[643.3840227414671, 660.0], [643.3840227414671, 760.0], [463.3840227414671, 760.0], [463.3840227414671, 660.0], [643.3840227414671, 660.0]], [[0.0, 280.0], [0.0, 0.0], [280.0, 0.0], [0.0, 280.0]], [[400.0, 280.0], [200.0, 280.0], [200.0, 80.0], [400.0, 0.0], [400.0, 280.0]], [[160.0, 465.92903482861254], [80.0, 625.9290348286125], [0.0, 465.92903482861254], [160.0, 465.92903482861254]], [[400.0, 436.5212709012302], [400.0, 156.5212709012302], [640.0, 296.5212709012302], [400.0, 436.5212709012302]]]"
Wed Jul 22 22:34:29 2020,2,1,True,683.6625433318444,0.8337446676866228,"[0, 0, 1, 0, 0, 0, 3, 1, 3, 3, 0, 1]","[[[3.490016312868647, 276.50998368713135], [203.49001631286865, 276.50998368713135], [203.49001631286865, 476.50998368713135], [3.490016312868647, 476.50998368713135], [3.490016312868647, 276.50998368713135]], [[460.0, 560.0], [660.0, 560.0], [660.0, 760.0], [460.0, 760.0], [460.0, 560.0]], [[180.0, 476.50998368713135], [180.0, 756.5099836871314], [0.0, 756.5099836871314], [0.0, 476.50998368713135], [180.0, 476.50998368713135]], [[239.63572593776337, 230.18213703111826], [519.6357259377634, 230.18213703111826], [379.63572593776337, 370.18213703111826], [239.63572593776337, 230.18213703111826]], [[203.49001631286865, 461.173811611513], [203.49001631286865, 281.173811611513], [483.49001631286865, 461.173811611513], [203.49001631286865, 461.173811611513]], [[180.0, 476.50998368713135], [460.0, 476.50998368713135], [460.0, 756.5099836871314], [180.0, 756.5099836871314], [180.0, 476.50998368713135]], [[501.8907177813291, 300.0], [581.8907177813292, 100.0], [681.8907177813292, 100.0], [681.8907177813292, 300.0], [501.8907177813291, 300.0]], [[657.7450081564344, 0.0], [657.7450081564344, 100.0], [477.74500815643444, 100.0], [477.74500815643444, 0.0], [657.7450081564344, 0.0]], [[0.0, 280.0], [0.0, 0.0], [280.0, 0.0], [0.0, 280.0]], [[249.81786296888174, 230.18213703111826], [249.81786296888174, 30.18213703111826], [449.81786296888174, 30.18213703111826], [529.8178629688817, 230.18213703111826], [249.81786296888174, 230.18213703111826]], [[83.49001631286865, 276.50998368713135], [163.49001631286865, 116.50998368713135], [243.49001631286865, 276.50998368713135], [83.49001631286865, 276.50998368713135]], [[683.6625433318444, 295.5704361237117], [683.6625433318444, 575.5704361237117], [443.6625433318444, 435.5704361237117], [683.6625433318444, 295.5704361237117]]]"
Wed Jul 22 22:34:32 2020,2,0,True,656.3160415985706,0.8684840288402322,"[0, 0, 1, 1, 0, 0, 1, 1, 3, 0, 1, 1]","[[[3.490016312868647, 276.50998368713135], [203.49001631286865, 276.50998368713135], [203.49001631286865, 476.50998368713135], [3.490016312868647, 476.50998368713135], [3.490016312868647, 276.50998368713135]], [[456.31604159857056, 560.0], [656.3160415985706, 560.0], [656.3160415985706, 760.0], [456.31604159857056, 760.0], [456.31604159857056, 560.0]], [[180.0, 480.0], [180.0, 760.0], [0.0, 760.0], [0.0, 480.0], [180.0, 480.0]], [[243.49001631286865, 36.50998368713135], [243.49001631286865, 316.50998368713135], [103.49001631286865, 176.50998368713135], [243.49001631286865, 36.50998368713135]], [[203.49001631286865, 476.50998368713135], [203.49001631286865, 296.50998368713135], [483.49001631286865, 476.50998368713135], [203.49001631286865, 476.50998368713135]], [[176.31604159857056, 476.50998368713135], [456.31604159857056, 476.50998368713135], [456.31604159857056, 756.5099836871314], [176.31604159857056, 756.5099836871314], [176.31604159857056, 476.50998368713135]], [[656.3160415985706, 100.0], [576.3160415985706, 300.0], [476.31604159857056, 300.0], [476.31604159857056, 100.0], [656.3160415985706, 100.0]], [[656.3160415985706, 0.0], [656.3160415985706, 100.0], [476.31604159857056, 100.0], [476.31604159857056, 0.0], [656.3160415985706, 0.0]], [[0.0, 280.0], [0.0, 0.0], [280.0, 0.0], [0.0, 280.0]], [[276.31604159857056, 3.683958401429436], [476.31604159857056, 3.683958401429436], [476.31604159857056, 203.68395840142944], [276.31604159857056, 283.68395840142944], [276.31604159857056, 3.683958401429436]], [[393.02904200299236, 258.3565002022109], [553.0290420029924, 338.3565002022109], [393.02904200299236, 418.3565002022109], [393.02904200299236, 258.3565002022109]], [[656.3160415985706, 280.0], [656.3160415985706, 560.0], [416.31604159857056, 420.0], [656.3160415985706, 280.0]]]"
Wed Jul 22 22:34:48 2020,2,1,True,662.8792020145563,0.8598851770695368,"[0, 0, 1, 0, 0, 0, 3, 0, 2, 0, 3, 1]","[[[0.0, 280.0], [200.0, 280.0], [200.0, 480.0], [0.0, 480.0], [0.0, 280.0]], [[200.0, 280.0], [400.0, 280.0], [400.0, 480.0], [200.0, 480.0], [200.0, 280.0]], [[180.0, 480.0], [180.0, 760.0], [0.0, 760.0], [0.0, 480.0], [180.0, 480.0]], [[282.8792020145563, 0.0], [562.8792020145563, 0.0], [422.8792020145563, 140.0], [282.8792020145563, 0.0]], [[0.0, 280.0], [0.0, 100.0], [280.0, 280.0], [0.0, 280.0]], [[180.0, 480.0], [460.0, 480.0], [460.0, 760.0], [180.0, 760.0], [180.0, 480.0]], [[482.8792020145563, 760.0], [562.8792020145563, 560.0], [662.8792020145563, 560.0], [662.8792020145563, 760.0], [482.8792020145563, 760.0]], [[160.0, 0.0], [260.0, 0.0], [260.0, 180.0], [160.0, 180.0], [160.0, 0.0]], [[560.0, 280.0], [280.0, 280.0], [280.0, 0.0], [560.0, 280.0]], [[460.0, 321.1516808058225], [660.0, 321.1516808058225], [660.0, 521.1516808058225], [460.0, 601.1516808058225], [460.0, 321.1516808058225]], [[160.0, 180.0], [0.0, 100.0], [160.0, 20.0], [160.0, 180.0]], [[662.8792020145563, 0.0], [662.8792020145563, 280.0], [422.8792020145563, 140.0], [662.8792020145563, 0.0]]]"
Wed Jul 22 22:35:02 2020,2,1,True,669.5079940347019,0.8513714624450859,"[0, 0, 1, 0, 1, 0, 1, 0, 2, 2, 0, 1]","[[[469.50799403470194, 536.6666666666666], [669.5079940347019, 536.6666666666666], [669.5079940347019, 736.6666666666666], [469.50799403470194, 736.6666666666666], [469.50799403470194, 536.6666666666666]], [[460.0, 336.66666666666663], [660.0, 336.66666666666663], [660.0, 536.6666666666666], [460.0, 536.6666666666666], [460.0, 336.66666666666663]], [[180.0, 480.0], [180.0, 760.0], [0.0, 760.0], [0.0, 480.0], [180.0, 480.0]], [[289.5079940347019, 55.22227974898766], [569.5079940347018, 55.22227974898766], [429.5079940347019, 195.22227974898766], [289.5079940347019, 55.22227974898766]], [[0.0, 0.0], [180.0, 0.0], [0.0, 280.0], [0.0, 0.0]], [[180.0, 480.0], [460.0, 480.0], [460.0, 760.0], [180.0, 760.0], [180.0, 480.0]], [[480.0, 280.0], [400.0, 480.0], [300.0, 480.0], [300.0, 280.0], [480.0, 280.0]], [[200.0, 280.0], [300.0, 280.0], [300.0, 460.0], [200.0, 460.0], [200.0, 280.0]], [[514.2857142857142, 280.0], [234.28571428571422, 280.0], [234.28571428571422, 0.0], [514.2857142857142, 280.0]], [[200.0, 479.99999999999994], [0.0, 479.99999999999994], [0.0, 279.99999999999994], [200.0, 199.99999999999994], [200.0, 479.99999999999994]], [[74.28571428571428, 200.0000000000001], [154.28571428571428, 40.000000000000114], [234.28571428571428, 200.0000000000001], [74.28571428571428, 200.0000000000001]], [[669.5079940347019, 55.22227974898772], [669.5079940347019, 335.2222797489877], [429.50799403470194, 195.22227974898772], [669.5079940347019, 55.22227974898772]]]"
Wed Jul 22 22:35:14 2020,2,1,True,676.2030739750489,0.8429420420248375,"[0, 0, 1, 3, 3, 0, 1, 0, 1, 3, 1, 1]","[[[476.20307397504894, 560.0], [676.2030739750489, 560.0], [676.2030739750489, 760.0], [476.20307397504894, 760.0], [476.20307397504894, 560.0]], [[299.80069223821215, 280.0], [499.80069223821215, 280.0], [499.80069223821215, 480.0], [299.80069223821215, 480.0], [299.80069223821215, 280.0]], [[479.6438581788417, 480.0], [479.6438581788417, 760.0], [299.6438581788417, 760.0], [299.6438581788417, 480.0], [479.6438581788417, 480.0]], [[499.80069223821215, 476.62592714619063], [499.80069223821215, 196.62592714619063], [639.8006922382122, 336.62592714619063], [499.80069223821215, 476.62592714619063]], [[676.2030739750489, 560.0], [496.20307397504894, 560.0], [676.2030739750489, 280.0], [676.2030739750489, 560.0]], [[0.0, 200.0], [280.0, 200.0], [280.0, 480.0], [0.0, 480.0], [0.0, 200.0]], [[180.0, 480.0], [100.0, 680.0], [0.0, 680.0], [0.0, 480.0], [180.0, 480.0]], [[280.0, 20.0], [380.0, 20.0], [380.0, 200.0], [280.0, 200.0], [280.0, 20.0]], [[299.80069223821215, 480.0], [299.80069223821215, 760.0], [19.80069223821215, 760.0], [299.80069223821215, 480.0]], [[0.0, 200.0], [0.0, 0.0], [200.0, 0.0], [280.0, 200.0], [0.0, 200.0]], [[380.0, 0.0], [540.0, 80.0], [380.0, 160.0], [380.0, 0.0]], [[659.9352657080855, 10.03776167028343], [659.9352657080855, 290.03776167028343], [419.93526570808547, 150.03776167028343], [659.9352657080855, 10.03776167028343]]]"
Wed Jul 22 22:35:33 2020,2,1,True,682.9651047147994,0.8345960812127103,"[0, 0, 1, 3, 1, 0, 1, 0, 0, 2, 0, 2]","[[[0.0, 488.0], [200.0, 488.0], [200.0, 688.0], [0.0, 688.0], [0.0, 488.0]], [[100.0, 0.0], [300.0, 0.0], [300.0, 200.0], [100.0, 200.0], [100.0, 0.0]], [[180.0, 208.0], [180.0, 488.0], [0.0, 488.0], [0.0, 208.0], [180.0, 208.0]], [[480.0, 659.4164775553818], [480.0, 379.4164775553818], [620.0, 519.4164775553818], [480.0, 659.4164775553818]], [[180.0, 200.0], [360.0, 200.0], [180.0, 480.0], [180.0, 200.0]], [[200.0, 480.0], [480.0, 480.0], [480.0, 760.0], [200.0, 760.0], [200.0, 480.0]], [[480.0, 0.0], [400.0, 200.0], [300.0, 200.0], [300.0, 0.0], [480.0, 0.0]], [[0.0, 28.0], [100.0, 28.0], [100.0, 208.0], [0.0, 208.0], [0.0, 28.0]], [[380.5835224446182, 280.0], [660.5835224446182, 280.0], [660.5835224446182, 560.0], [380.5835224446182, 280.0]], [[649.154951016047, 280.0], [449.154951016047, 280.0], [449.154951016047, 80.0], [649.154951016047, 0.0], [649.154951016047, 280.0]], [[480.0, 739.4164775553818], [560.0, 579.4164775553818], [640.0, 739.4164775553818], [480.0, 739.4164775553818]], [[474.28571428571433, 480.0], [194.28571428571433, 480.0], [334.28571428571433, 240.0], [474.28571428571433, 480.0]]]"
Wed Jul 22 22:35:33 2020,2,0,True,655.6465005262074,0.8693709179299067,"[0, 0, 1, 3, 1, 0, 1, 0, 0, 2, 0, 2]","[[[0.0, 488.0], [200.0, 488.0], [200.0, 688.0], [0.0, 688.0], [0.0, 488.0]], [[100.0, 0.0], [300.0, 0.0], [300.0, 200.0], [100.0, 200.0], [100.0, 0.0]], [[180.0, 208.0], [180.0, 488.0], [0.0, 488.0], [0.0, 208.0], [180.0, 208.0]], [[477.5314890407946, 661.8849885145871], [477.5314890407946, 381.8849885145871], [617.5314890407947, 521.8849885145871], [477.5314890407946, 661.8849885145871]], [[180.0, 200.0], [360.0, 200.0], [180.0, 480.0], [180.0, 200.0]], [[200.0, 480.0], [480.0, 480.0], [480.0, 760.0], [200.0, 760.0], [200.0, 480.0]], [[480.0, 0.0], [400.0, 200.0], [300.0, 200.0], [300.0, 0.0], [480.0, 0.0]], [[0.0, 28.0], [100.0, 28.0], [100.0, 208.0], [0.0, 208.0], [0.0, 28.0]], [[375.64650052620743, 280.0], [655.6465005262074, 280.0], [655.6465005262074, 560.0], [375.64650052620743, 280.0]], [[649.154951016047, 280.0], [449.154951016047, 280.0], [449.154951016047, 80.0], [649.154951016047, 0.0], [649.154951016047, 280.0]], [[480.0, 739.4164775553818], [560.0, 579.4164775553818], [640.0, 739.4164775553818], [480.0, 739.4164775553818]], [[474.28571428571433, 480.0], [194.28571428571433, 480.0], [334.28571428571433, 240.0], [474.28571428571433, 480.0]]]"
Wed Jul 22 22:36:08 2020,2,3,True,662.2029655314695,0.8607632850791155,"[0, 0, 1, 3, 2, 0, 2, 1, 1, 2, 1, 3]","[[[429.4206405051591, 0.0], [629.4206405051591, 0.0], [629.4206405051591, 200.0], [429.4206405051591, 200.0], [429.4206405051591, 0.0]], [[0.0, 0.0], [200.0, 0.0], [200.0, 200.0], [0.0, 200.0], [0.0, 0.0]], [[660.0, 435.95238095238096], [660.0, 715.952380952381], [480.0, 715.952380952381], [480.0, 435.95238095238096], [660.0, 435.95238095238096]], [[0.0, 557.6643974926105], [0.0, 277.66439749261053], [140.0, 417.66439749261053], [0.0, 557.6643974926105]], [[660.0, 200.0], [660.0, 380.0], [380.0, 200.0], [660.0, 200.0]], [[200.0, 479.9999999999999], [480.0, 479.9999999999999], [480.0, 759.9999999999999], [200.0, 759.9999999999999], [200.0, 479.9999999999999]], [[429.4206405051591, 180.0], [229.4206405051591, 100.0], [229.4206405051591, 0.0], [429.4206405051591, 0.0], [429.4206405051591, 180.0]], [[202.33560250738947, 200.0], [202.33560250738947, 300.0], [22.335602507389467, 300.0], [22.335602507389467, 200.0], [202.33560250738947, 200.0]], [[357.6643974926106, 199.9999999999999], [357.6643974926106, 479.9999999999999], [77.66439749261059, 479.9999999999999], [357.6643974926106, 199.9999999999999]], [[200.0, 759.9999999999999], [0.0, 759.9999999999999], [0.0, 559.9999999999999], [200.0, 479.9999999999999], [200.0, 759.9999999999999]], [[202.33560250738947, 86.45748100111518], [362.33560250738947, 166.45748100111518], [202.33560250738947, 246.45748100111518], [202.33560250738947, 86.45748100111518]], [[357.7777777777776, 479.9999999999999], [357.7777777777776, 199.9999999999999], [597.7777777777776, 339.9999999999999], [357.7777777777776, 479.9999999999999]]]"
Wed Jul 22 22:36:35 2020,2,1,True,668.8249951867842,0.8522408763159559,"[0, 0, 1, 3, 3, 0, 2, 1, 0, 0, 2, 2]","[[[0.0, 0.0], [200.0, 0.0], [200.0, 200.0], [0.0, 200.0], [0.0, 0.0]], [[207.24875534230682, 18.423760155522587], [407.2487553423068, 18.423760155522587], [407.2487553423068, 218.4237601555226], [207.24875534230682, 218.4237601555226], [207.24875534230682, 18.423760155522587]], [[640.0, 462.2541690732746], [640.0, 742.2541690732746], [460.0, 742.2541690732746], [460.0, 462.2541690732746], [640.0, 462.2541690732746]], [[428.57142857142856, 319.7464333846443], [428.57142857142856, 39.74643338464432], [568.5714285714286, 179.74643338464432], [428.57142857142856, 319.7464333846443]], [[180.0, 760.0], [0.0, 760.0], [180.0, 480.0], [180.0, 760.0]], [[180.0, 480.0], [460.0, 480.0], [460.0, 760.0], [180.0, 760.0], [180.0, 480.0]], [[426.05940038880635, 398.4237601555226], [226.05940038880635, 318.4237601555226], [226.05940038880635, 218.4237601555226], [426.05940038880635, 218.4237601555226], [426.05940038880635, 398.4237601555226]], [[380.0, 380.0], [380.0, 480.0], [200.0, 480.0], [200.0, 380.0], [380.0, 380.0]], [[388.82499518678424, 0.0], [668.8249951867842, 0.0], [668.8249951867842, 280.0], [388.82499518678424, 0.0]], [[0.0, 200.0], [200.0, 200.0], [200.0, 400.0], [0.0, 480.0], [0.0, 200.0]], [[160.0, 475.55555555555554], [80.0, 635.5555555555555], [0.0, 475.55555555555554], [160.0, 475.55555555555554]], [[668.8249951867842, 462.2541690732746], [388.82499518678424, 462.2541690732746], [528.8249951867842, 222.25416907327462], [668.8249951867842, 462.2541690732746]]]"
Wed Jul 22 22:36:49 2020,2,1,True,675.5132451386521,0.8438028478375801,"[0, 0, 0, 3, 3, 0, 0, 1, 0, 1, 0, 2]","[[[475.5132451386521, 560.0], [675.5132451386521, 560.0], [675.5132451386521, 760.0], [475.5132451386521, 760.0], [475.5132451386521, 560.0]], [[398.3975875495187, 199.95768958309645], [598.3975875495187, 199.95768958309645], [598.3975875495187, 399.95768958309645], [398.3975875495187, 399.95768958309645], [398.3975875495187, 199.95768958309645]], [[14.175564200825079, 0.0], [294.1755642008251, 0.0], [294.1755642008251, 180.0], [14.175564200825079, 180.0], [14.175564200825079, 0.0]], [[0.0, 445.8244357991749], [0.0, 165.82443579917492], [140.0, 305.8244357991749], [0.0, 445.8244357991749]], [[675.5132451386521, 560.0], [495.5132451386521, 560.0], [675.5132451386521, 280.0], [675.5132451386521, 560.0]], [[200.0, 480.0], [480.0, 480.0], [480.0, 760.0], [200.0, 760.0], [200.0, 480.0]], [[0.0, 580.0], [200.0, 660.0], [200.0, 760.0], [0.0, 760.0], [0.0, 580.0]], [[180.0, 480.0], [180.0, 580.0], [0.0, 580.0], [0.0, 480.0], [180.0, 480.0]], [[118.39758754951868, 179.95768958309645], [398.3975875495187, 179.95768958309645], [398.3975875495187, 459.95768958309645], [118.39758754951868, 179.95768958309645]], [[675.5132451386521, 0.0], [675.5132451386521, 200.0], [475.5132451386521, 200.0], [395.5132451386521, 0.0], [675.5132451386521, 0.0]], [[294.1755642008251, 160.0], [374.1755642008251, 0.0], [454.1755642008251, 160.0], [294.1755642008251, 160.0]], [[318.3975875495187, 480.0], [38.397587549518676, 480.0], [178.39758754951868, 240.0], [318.3975875495187, 480.0]]]"
Wed Jul 22 22:37:02 2020,2,0,True,648.492715333106,0.8789612998308125,"[0, 0, 1, 0, 0, 0, 1, 1, 0, 2, 1, 1]","[[[200.0, 280.0], [400.0, 280.0], [400.0, 480.0], [200.0, 480.0], [200.0, 280.0]], [[400.0, 270.09183211137633], [600.0, 270.09183211137633], [600.0, 470.09183211137633], [400.0, 470.09183211137633], [400.0, 270.09183211137633]], [[648.492715333106, 480.0], [648.492715333106, 760.0], [468.49271533310605, 760.0], [468.49271533310605, 480.0], [648.492715333106, 480.0]], [[300.0, 0.0], [580.0, 0.0], [440.0, 140.0], [300.0, 0.0]], [[300.0, 268.6339323891676], [300.0, 88.63393238916763], [580.0, 268.6339323891676], [300.0, 268.6339323891676]], [[188.49271533310605, 480.0], [468.49271533310605, 480.0], [468.49271533310605, 760.0], [188.49271533310605, 760.0], [188.49271533310605, 480.0]], [[188.49271533310605, 560.0], [108.49271533310605, 760.0], [8.492715333106048, 760.0], [8.492715333106048, 560.0], [188.49271533310605, 560.0]], [[180.0, 460.0], [180.0, 560.0], [0.0, 560.0], [0.0, 460.0], [180.0, 460.0]], [[20.0, 0.0], [300.0, 0.0], [300.0, 280.0], [20.0, 0.0]], [[200.0, 460.0], [0.0, 460.0], [0.0, 260.0], [200.0, 180.0], [200.0, 460.0]], [[0.0, 75.50728466689395], [160.0, 155.50728466689395], [0.0, 235.50728466689395], [0.0, 75.50728466689395]], [[648.492715333106, 18.37924938902154], [648.492715333106, 298.37924938902154], [408.49271533310605, 158.37924938902154], [648.492715333106, 18.37924938902154]]]"
Wed Jul 22 22:37:31 2020,2,1,True,654.9776424864372,0.8702587127037748,"[0, 0, 1, 0, 2, 0, 1, 1, 1, 0, 3, 3]","[[[200.0, 307.4888212432186], [400.0, 307.4888212432186], [400.0, 507.4888212432186], [200.0, 507.4888212432186], [200.0, 307.4888212432186]], [[454.97764248643716, 460.0], [654.9776424864372, 460.0], [654.9776424864372, 660.0], [454.97764248643716, 660.0], [454.97764248643716, 460.0]], [[654.9776424864372, 180.0], [654.9776424864372, 460.0], [474.97764248643716, 460.0], [474.97764248643716, 180.0], [654.9776424864372, 180.0]], [[147.48882124321858, 507.4888212432186], [427.4888212432186, 507.4888212432186], [287.4888212432186, 647.4888212432186], [147.48882124321858, 507.4888212432186]], [[603.2447074337248, 0.0], [603.2447074337248, 180.0], [323.2447074337248, 0.0], [603.2447074337248, 0.0]], [[0.0, 0.0], [280.0, 0.0], [280.0, 280.0], [0.0, 280.0], [0.0, 0.0]], [[180.0, 560.0], [100.0, 760.0], [0.0, 760.0], [0.0, 560.0], [180.0, 560.0]], [[646.2863919509215, 660.0], [646.2863919509215, 760.0], [466.2863919509215, 760.0], [466.2863919509215, 660.0], [646.2863919509215, 660.0]], [[454.97764248643716, 480.0], [454.97764248643716, 760.0], [174.97764248643716, 760.0], [454.97764248643716, 480.0]], [[0.0, 280.0], [200.0, 280.0], [200.0, 480.0], [0.0, 560.0], [0.0, 280.0]], [[470.0103188524136, 342.49398066942535], [310.0103188524136, 262.49398066942535], [470.0103188524136, 182.49398066942535], [470.0103188524136, 342.49398066942535]], [[280.0, 280.0], [280.0, 0.0], [520.0, 140.0], [280.0, 280.0]]]"
Wed Jul 22 22:37:54 2020,2,1,True,661.5274189113015,0.8616422898057176,"[0, 0, 1, 1, 2, 0, 0, 0, 1, 3, 2, 0]","[[[179.99999999999966, 294.93258798878946], [379.99999999999966, 294.93258798878946], [379.99999999999966, 494.93258798878946], [179.99999999999966, 494.93258798878946], [179.99999999999966, 294.93258798878946]], [[307.46629399439473, 560.0], [507.46629399439473, 560.0], [507.46629399439473, 760.0], [307.46629399439473, 760.0], [307.46629399439473, 560.0]], [[180.0, 280.0], [180.0, 560.0], [0.0, 560.0], [0.0, 280.0], [180.0, 280.0]], [[647.4662939943947, 480.0], [647.4662939943947, 760.0], [507.46629399439473, 620.0], [647.4662939943947, 480.0]], [[661.5274189113015, 311.42857142857133], [661.5274189113015, 491.42857142857133], [381.52741891130154, 311.42857142857133], [661.5274189113015, 311.42857142857133]], [[0.0, 0.0], [280.0, 0.0], [280.0, 280.0], [0.0, 280.0], [0.0, 0.0]], [[379.99999999999966, 359.9999999999999], [579.9999999999997, 439.9999999999999], [579.9999999999997, 539.9999999999999], [379.99999999999966, 539.9999999999999], [379.99999999999966, 359.9999999999999]], [[280.0, 114.93258798878946], [380.0, 114.93258798878946], [380.0, 294.93258798878946], [280.0, 294.93258798878946], [280.0, 114.93258798878946]], [[661.5274189113015, 31.42857142857133], [661.5274189113015, 311.42857142857133], [381.52741891130154, 311.42857142857133], [661.5274189113015, 31.42857142857133]], [[0.0, 760.0], [0.0, 560.0], [200.0, 560.0], [280.0, 760.0], [0.0, 760.0]], [[340.0, 494.93258798878946], [260.0, 654.9325879887895], [180.0, 494.93258798878946], [340.0, 494.93258798878946]], [[312.95599033987287, 0.0], [592.9559903398729, 0.0], [452.95599033987287, 240.0], [312.95599033987287, 0.0]]]"
Wed Jul 22 22:39:53 2020,2,5,False,668.1426931004146,0.8531111780254629,"[0, 0, 1, 3, 0, 0, 0, 0, 1, 0, 2, 1]","[[[388.1426931004146, 560.0], [588.1426931004146, 560.0], [588.1426931004146, 760.0], [388.1426931004146, 760.0], [388.1426931004146, 560.0]], [[0.0, 280.0], [200.0, 280.0], [200.0, 480.0], [0.0, 480.0], [0.0, 280.0]], [[180.0, 0.0], [180.0, 280.0], [0.0, 280.0], [0.0, 0.0], [180.0, 0.0]], [[449.1924795006082, 360.0], [449.1924795006082, 80.0], [589.1924795006082, 220.0], [449.1924795006082, 360.0]], [[388.1426931004146, 560.0], [388.1426931004146, 380.0], [668.1426931004146, 560.0], [388.1426931004146, 560.0]], [[169.19247950060821, 0.0], [449.1924795006082, 0.0], [449.1924795006082, 280.0], [169.19247950060821, 280.0], [169.19247950060821, 0.0]], [[0.0, 480.0], [200.0, 560.0], [200.0, 660.0], [0.0, 660.0], [0.0, 480.0]], [[568.1426931004146, 82.09957280038725], [668.1426931004146, 82.09957280038725], [668.1426931004146, 262.09957280038725], [568.1426931004146, 262.09957280038725], [568.1426931004146, 82.09957280038725]], [[388.1426931004146, 480.0], [388.1426931004146, 760.0], [108.14269310041459, 760.0], [388.1426931004146, 480.0]], [[188.1426931004146, 275.2570772401658], [388.1426931004146, 275.2570772401658], [388.1426931004146, 475.2570772401658], [188.1426931004146, 555.2570772401658], [188.1426931004146, 275.2570772401658]], [[609.1924795006082, 0.0], [529.1924795006082, 160.0], [449.1924795006082, 0.0], [609.1924795006082, 0.0]], [[668.1426931004146, 262.09957280038725], [668.1426931004146, 542.0995728003873], [428.1426931004146, 402.09957280038725], [668.1426931004146, 262.09957280038725]]]"
Wed Jul 22 22:40:02 2020,2,1,True,674.8241200314187,0.8446645326984782,"[0, 0, 1, 1, 0, 0, 2, 0, 3, 0, 3, 3]","[[[0.0, 280.0], [200.0, 280.0], [200.0, 480.0], [0.0, 480.0], [0.0, 280.0]], [[441.416985376398, 560.0], [641.416985376398, 560.0], [641.416985376398, 760.0], [441.416985376398, 760.0], [441.416985376398, 560.0]], [[665.793742229748, 74.20625777025202], [665.793742229748, 354.206257770252], [485.793742229748, 354.206257770252], [485.793742229748, 74.20625777025202], [665.793742229748, 74.20625777025202]], [[485.7937422297481, 74.20625777025191], [485.7937422297481, 354.2062577702519], [345.7937422297481, 214.2062577702519], [485.7937422297481, 74.20625777025191]], [[0.0, 760.0], [0.0, 580.0], [280.0, 760.0], [0.0, 760.0]], [[0.0, 0.0], [280.0, 0.0], [280.0, 280.0], [0.0, 280.0], [0.0, 0.0]], [[200.0, 660.0], [0.0, 580.0], [0.0, 480.0], [200.0, 480.0], [200.0, 660.0]], [[340.0, 580.0], [440.0, 580.0], [440.0, 760.0], [340.0, 760.0], [340.0, 580.0]], [[280.0, 280.0], [280.0, 0.0], [560.0, 0.0], [280.0, 280.0]], [[200.0, 317.1660292472043], [400.0, 317.1660292472043], [400.0, 517.1660292472043], [200.0, 597.1660292472043], [200.0, 317.1660292472043]], [[340.0, 750.0], [180.0, 670.0], [340.0, 590.0], [340.0, 750.0]], [[400.0, 584.1599081362322], [400.0, 304.15990813623216], [640.0, 444.15990813623216], [400.0, 584.1599081362322]]]"
Wed Jul 22 22:40:17 2020,2,1,True,681.5723612317329,0.8363015175232457,"[0, 0, 0, 2, 1, 0, 1, 1, 3, 0, 0, 2]","[[[280.0, 0.0], [480.0, 0.0], [480.0, 200.0], [280.0, 200.0], [280.0, 0.0]], [[460.0, 560.0], [660.0, 560.0], [660.0, 760.0], [460.0, 760.0], [460.0, 560.0]], [[0.0, 0.0], [280.0, 0.0], [280.0, 180.0], [0.0, 180.0], [0.0, 0.0]], [[359.14455746014585, 388.6865977700161], [79.14455746014585, 388.6865977700161], [219.14455746014585, 248.68659777001608], [359.14455746014585, 388.6865977700161]], [[0.0, 457.7777777777778], [180.0, 457.7777777777778], [0.0, 737.7777777777778], [0.0, 457.7777777777778]], [[366.5300675376134, 280.0], [646.5300675376134, 280.0], [646.5300675376134, 560.0], [366.5300675376134, 560.0], [366.5300675376134, 280.0]], [[366.5300675376134, 388.6865977700161], [286.5300675376134, 588.6865977700161], [186.53006753761338, 588.6865977700161], [186.53006753761338, 388.6865977700161], [366.5300675376134, 388.6865977700161]], [[460.0, 660.0], [460.0, 760.0], [280.0, 760.0], [280.0, 660.0], [460.0, 660.0]], [[0.0, 460.0], [0.0, 180.0], [280.0, 180.0], [0.0, 460.0]], [[480.0, 0.0], [680.0, 0.0], [680.0, 200.0], [480.0, 280.0], [480.0, 0.0]], [[250.87336642262142, 660.0], [330.8733664226214, 500.0], [410.8733664226214, 660.0], [250.87336642262142, 660.0]], [[280.0, 760.0], [0.0, 760.0], [140.0, 520.0], [280.0, 760.0]]]"
Wed Jul 22 22:40:45 2020,2,1,True,688.3880848440502,0.828021304478461,"[0, 0, 0, 2, 3, 0, 3, 1, 3, 0, 0, 0]","[[[0.0, 0.0], [200.0, 0.0], [200.0, 200.0], [0.0, 200.0], [0.0, 0.0]], [[400.0, 0.0], [600.0, 0.0], [600.0, 200.0], [400.0, 200.0], [400.0, 0.0]], [[0.0, 580.0], [280.0, 580.0], [280.0, 760.0], [0.0, 760.0], [0.0, 580.0]], [[280.0, 580.0], [0.0, 580.0], [140.0, 440.0], [280.0, 580.0]], [[385.7142857142857, 485.7142857142857], [205.71428571428572, 485.7142857142857], [385.7142857142857, 205.71428571428572], [385.7142857142857, 485.7142857142857]], [[388.38808484405024, 210.27621328701457], [668.3880848440502, 210.27621328701457], [668.3880848440502, 490.27621328701457], [388.38808484405024, 490.27621328701457], [388.38808484405024, 210.27621328701457]], [[474.30946678246363, 760.0], [554.3094667824637, 560.0], [654.3094667824637, 560.0], [654.3094667824637, 760.0], [474.30946678246363, 760.0]], [[180.0, 200.0], [180.0, 300.0], [0.0, 300.0], [0.0, 200.0], [180.0, 200.0]], [[0.0, 580.0], [0.0, 300.0], [280.0, 300.0], [0.0, 580.0]], [[200.0, 0.0], [400.0, 0.0], [400.0, 200.0], [200.0, 280.0], [200.0, 0.0]], [[280.0, 760.0], [360.0, 600.0], [440.0, 760.0], [280.0, 760.0]], [[295.99445775075844, 490.27621328701457], [575.9944577507584, 490.27621328701457], [435.99445775075844, 730.2762132870146], [295.99445775075844, 490.27621328701457]]]"
Wed Jul 22 22:40:46 2020,2,0,True,660.8525614502882,0.8625221921650635,"[0, 0, 0, 2, 3, 0, 3, 1, 3, 0, 0, 0]","[[[0.0, 0.0], [200.0, 0.0], [200.0, 200.0], [0.0, 200.0], [0.0, 0.0]], [[400.0, 0.0], [600.0, 0.0], [600.0, 200.0], [400.0, 200.0], [400.0, 0.0]], [[0.0, 580.0], [280.0, 580.0], [280.0, 760.0], [0.0, 760.0], [0.0, 580.0]], [[280.0, 580.0], [0.0, 580.0], [140.0, 440.0], [280.0, 580.0]], [[374.3094667824636, 490.27621328701457], [194.30946678246357, 490.27621328701457], [374.3094667824636, 210.27621328701457], [374.3094667824636, 490.27621328701457]], [[380.85256145028825, 210.27621328701457], [660.8525614502882, 210.27621328701457], [660.8525614502882, 490.27621328701457], [380.85256145028825, 490.27621328701457], [380.85256145028825, 210.27621328701457]], [[474.30946678246363, 760.0], [554.3094667824637, 560.0], [654.3094667824637, 560.0], [654.3094667824637, 760.0], [474.30946678246363, 760.0]], [[180.0, 200.0], [180.0, 300.0], [0.0, 300.0], [0.0, 200.0], [180.0, 200.0]], [[0.0, 580.0], [0.0, 300.0], [280.0, 300.0], [0.0, 580.0]], [[200.0, 0.0], [400.0, 0.0], [400.0, 200.0], [200.0, 280.0], [200.0, 0.0]], [[279.99999999999994, 760.0], [359.99999999999994, 600.0], [439.99999999999994, 760.0], [279.99999999999994, 760.0]], [[295.99445775075844, 490.27621328701457], [575.9944577507584, 490.27621328701457], [435.99445775075844, 730.2762132870146], [295.99445775075844, 490.27621328701457]]]"
Wed Jul 22 22:41:30 2020,2,3,True,667.4610870647912,0.8539823684802609,"[0, 0, 1, 0, 2, 0, 1, 0, 2, 2, 3, 3]","[[[280.0, 0.0], [480.0, 0.0], [480.0, 200.0], [280.0, 200.0], [280.0, 0.0]], [[434.41845899227667, 514.4184589922767], [634.4184589922767, 514.4184589922767], [634.4184589922767, 714.4184589922767], [434.41845899227667, 714.4184589922767], [434.41845899227667, 514.4184589922767]], [[662.2222222222223, 0.0], [662.2222222222223, 280.0], [482.2222222222223, 280.0], [482.2222222222223, 0.0], [662.2222222222223, 0.0]], [[194.41845899227667, 474.41845899227667], [474.41845899227667, 474.41845899227667], [334.41845899227667, 614.4184589922767], [194.41845899227667, 474.41845899227667]], [[302.2222222222223, 280.0], [302.2222222222223, 460.0], [22.222222222222285, 280.0], [302.2222222222223, 280.0]], [[0.0, 0.0], [280.0, 0.0], [280.0, 280.0], [0.0, 280.0], [0.0, 0.0]], [[482.2222222222223, 200.0], [402.2222222222223, 400.0], [302.2222222222223, 400.0], [302.2222222222223, 200.0], [482.2222222222223, 200.0]], [[567.4610870647912, 280.0], [667.4610870647912, 280.0], [667.4610870647912, 460.0], [567.4610870647912, 460.0], [567.4610870647912, 280.0]], [[480.0, 760.0], [200.0, 760.0], [200.0, 480.0], [480.0, 760.0]], [[200.0, 760.0], [0.0, 760.0], [0.0, 560.0], [200.0, 480.0], [200.0, 760.0]], [[553.0233869069509, 513.7209229496139], [393.0233869069509, 433.72092294961385], [553.0233869069509, 353.72092294961385], [553.0233869069509, 513.7209229496139]], [[0.0, 560.0], [0.0, 280.0], [240.0, 420.0], [0.0, 560.0]]]"
Wed Jul 22 22:41:49 2020,2,1,True,674.1356979354391,0.8455270975052088,"[0, 0, 0, 1, 3, 0, 1, 0, 1, 3, 1, 0]","[[[278.73769833965855, 277.7099213756481], [478.73769833965855, 277.7099213756481], [478.73769833965855, 477.7099213756481], [278.73769833965855, 477.7099213756481], [278.73769833965855, 277.7099213756481]], [[0.0, 79.99999999999989], [200.0, 79.99999999999989], [200.0, 279.9999999999999], [0.0, 279.9999999999999], [0.0, 79.99999999999989]], [[0.0, 279.9999999999999], [280.0, 279.9999999999999], [280.0, 459.9999999999999], [0.0, 459.9999999999999], [0.0, 279.9999999999999]], [[674.1356979354391, 314.29253199480945], [674.1356979354391, 594.2925319948095], [534.1356979354391, 454.29253199480945], [674.1356979354391, 314.29253199480945]], [[674.1356979354391, 280.0], [494.1356979354391, 280.0], [674.1356979354391, 0.0], [674.1356979354391, 280.0]], [[279.84316594062955, 479.9999999999999], [559.8431659406295, 479.9999999999999], [559.8431659406295, 759.9999999999999], [279.84316594062955, 759.9999999999999], [279.84316594062955, 479.9999999999999]], [[180.0, 459.9999999999999], [100.0, 659.9999999999999], [0.0, 659.9999999999999], [0.0, 459.9999999999999], [180.0, 459.9999999999999]], [[559.8431659406295, 579.9999999999999], [659.8431659406295, 579.9999999999999], [659.8431659406295, 759.9999999999999], [559.8431659406295, 759.9999999999999], [559.8431659406295, 579.9999999999999]], [[280.0, 479.9999999999999], [280.0, 759.9999999999999], [0.0, 759.9999999999999], [280.0, 479.9999999999999]], [[198.50728674309102, 277.7099213756481], [198.50728674309102, 77.7099213756481], [398.507286743091, 77.7099213756481], [478.507286743091, 277.7099213756481], [198.50728674309102, 277.7099213756481]], [[478.507286743091, 269.92094318715755], [638.5072867430911, 349.92094318715755], [478.507286743091, 429.92094318715755], [478.507286743091, 269.92094318715755]], [[353.176499273963, 0.0], [633.1764992739629, 0.0], [493.176499273963, 240.0], [353.176499273963, 0.0]]]"
Wed Jul 22 22:42:11 2020,2,1,True,680.8770549147935,0.8371555420843652,"[0, 0, 1, 2, 1, 0, 1, 0, 0, 0, 0, 1]","[[[468.857142857143, 279.9999999999999], [668.857142857143, 279.9999999999999], [668.857142857143, 479.9999999999999], [468.857142857143, 479.9999999999999], [468.857142857143, 279.9999999999999]], [[280.0, 559.9999999999999], [480.0, 559.9999999999999], [480.0, 759.9999999999999], [280.0, 759.9999999999999], [280.0, 559.9999999999999]], [[660.0, 479.9999999999999], [660.0, 759.9999999999999], [480.0, 759.9999999999999], [480.0, 479.9999999999999], [660.0, 479.9999999999999]], [[647.1702700180215, 279.9999999999999], [367.1702700180215, 279.9999999999999], [507.1702700180215, 139.9999999999999], [647.1702700180215, 279.9999999999999]], [[216.0, 160.0], [396.0, 160.0], [216.0, 440.0], [216.0, 160.0]], [[0.0, 479.9999999999999], [280.0, 479.9999999999999], [280.0, 759.9999999999999], [0.0, 759.9999999999999], [0.0, 479.9999999999999]], [[280.0, 0.0], [200.0, 200.0], [100.0, 200.0], [100.0, 0.0], [280.0, 0.0]], [[0.0, 0.0], [100.0, 0.0], [100.0, 180.0], [0.0, 180.0], [0.0, 0.0]], [[367.1702700180215, 0.0], [647.1702700180215, 0.0], [647.1702700180215, 280.0], [367.1702700180215, 0.0]], [[0.0, 199.9999999999999], [200.0, 199.9999999999999], [200.0, 399.9999999999999], [0.0, 479.9999999999999], [0.0, 199.9999999999999]], [[216.0, 160.0], [296.0, 0.0], [376.0, 160.0], [216.0, 160.0]], [[468.857142857143, 279.9999999999999], [468.857142857143, 559.9999999999999], [228.857142857143, 419.9999999999999], [468.857142857143, 279.9999999999999]]]"
Wed Jul 22 22:42:23 2020,2,1,True,687.6858254639415,0.8288668733508566,"[0, 0, 1, 2, 2, 0, 3, 1, 0, 3, 1, 2]","[[[280.0, 459.9999999999998], [480.0, 459.9999999999998], [480.0, 659.9999999999998], [280.0, 659.9999999999998], [280.0, 459.9999999999998]], [[0.0, 0.0], [200.0, 0.0], [200.0, 200.0], [0.0, 200.0], [0.0, 0.0]], [[180.0, 199.9999999999999], [180.0, 479.9999999999999], [0.0, 479.9999999999999], [0.0, 199.9999999999999], [180.0, 199.9999999999999]], [[679.9999999999999, 299.9999999999999], [399.9999999999999, 299.9999999999999], [539.9999999999999, 159.9999999999999], [679.9999999999999, 299.9999999999999]], [[653.1657822420109, 299.9999999999999], [653.1657822420109, 479.9999999999999], [373.1657822420109, 299.9999999999999], [653.1657822420109, 299.9999999999999]], [[0.0, 479.9999999999999], [280.0, 479.9999999999999], [280.0, 759.9999999999999], [0.0, 759.9999999999999], [0.0, 479.9999999999999]], [[459.9999999999999, 760.0], [539.9999999999999, 560.0], [639.9999999999999, 560.0], [639.9999999999999, 760.0], [459.9999999999999, 760.0]], [[460.0, 659.9999999999998], [460.0, 759.9999999999998], [280.0, 759.9999999999998], [280.0, 659.9999999999998], [460.0, 659.9999999999998]], [[380.0000000000002, 0.0], [660.0000000000002, 0.0], [660.0000000000002, 280.0], [380.0000000000002, 0.0]], [[200.0, 219.99999999999977], [200.0, 19.999999999999773], [400.0, 19.999999999999773], [480.0, 219.99999999999977], [200.0, 219.99999999999977]], [[480.0, 391.5362828444215], [640.0, 471.5362828444215], [480.0, 551.5362828444215], [480.0, 391.5362828444215]], [[466.4991155753439, 459.9999999999998], [186.49911557534392, 459.9999999999998], [326.4991155753439, 219.99999999999977], [466.4991155753439, 459.9999999999998]]]"
Wed Jul 22 22:42:25 2020,2,0,True,660.1783924453838,0.8634029930738089,"[0, 0, 1, 2, 2, 0, 3, 1, 0, 3, 1, 2]","[[[280.0, 459.9999999999998], [480.0, 459.9999999999998], [480.0, 659.9999999999998], [280.0, 659.9999999999998], [280.0, 459.9999999999998]], [[0.0, 0.0], [200.0, 0.0], [200.0, 200.0], [0.0, 200.0], [0.0, 0.0]], [[180.0, 199.9999999999999], [180.0, 479.9999999999999], [0.0, 479.9999999999999], [0.0, 199.9999999999999], [180.0, 199.9999999999999]], [[660.1783924453838, 312.0216174914963], [380.1783924453838, 312.0216174914963], [520.1783924453838, 172.02161749149627], [660.1783924453838, 312.0216174914963]], [[660.1783924453838, 312.0216174914963], [660.1783924453838, 492.0216174914963], [380.1783924453838, 312.0216174914963], [660.1783924453838, 312.0216174914963]], [[0.0, 479.9999999999999], [280.0, 479.9999999999999], [280.0, 759.9999999999999], [0.0, 759.9999999999999], [0.0, 479.9999999999999]], [[459.9999999999999, 760.0], [539.9999999999999, 560.0], [639.9999999999999, 560.0], [639.9999999999999, 760.0], [459.9999999999999, 760.0]], [[460.0, 659.9999999999998], [460.0, 759.9999999999998], [280.0, 759.9999999999998], [280.0, 659.9999999999998], [460.0, 659.9999999999998]], [[380.0000000000002, 0.0], [660.0000000000002, 0.0], [660.0000000000002, 280.0], [380.0000000000002, 0.0]], [[196.05290616340966, 216.1471037734704], [196.05290616340966, 16.147103773470405], [396.05290616340966, 16.147103773470405], [476.05290616340966, 216.1471037734704], [196.05290616340966, 216.1471037734704]], [[480.0, 399.04979377660675], [640.0, 479.04979377660675], [480.0, 559.0497937766067], [480.0, 399.04979377660675]], [[466.49911557534415, 459.9999999999998], [186.49911557534415, 459.9999999999998], [326.49911557534415, 219.99999999999977], [466.49911557534415, 459.9999999999998]]]"
Wed Jul 22 22:44:08 2020,2,5,True,666.7801763698376,0.8548544485879297,"[0, 0, 1, 3, 3, 0, 2, 1, 0, 2, 1, 3]","[[[460.0000000000002, 459.9999999999999], [660.0000000000002, 459.9999999999999], [660.0000000000002, 659.9999999999999], [460.0000000000002, 659.9999999999999], [460.0000000000002, 459.9999999999999]], [[240.0, 280.0], [440.0, 280.0], [440.0, 480.0], [240.0, 480.0], [240.0, 280.0]], [[180.0, 24.97212313963746], [180.0, 304.97212313963746], [0.0, 304.97212313963746], [0.0, 24.97212313963746], [180.0, 24.97212313963746]], [[193.77125674756826, 320.0], [193.77125674756826, 40.0], [333.77125674756826, 180.0], [193.77125674756826, 320.0]], [[180.0, 756.3665664360816], [0.0, 756.3665664360816], [180.0, 476.3665664360816], [180.0, 756.3665664360816]], [[180.00000000000023, 480.0], [460.0000000000002, 480.0], [460.0000000000002, 760.0], [180.00000000000023, 760.0], [180.00000000000023, 480.0]], [[633.7712567475683, 180.0], [433.77125674756826, 100.0], [433.77125674756826, 0.0], [633.7712567475683, 0.0], [633.7712567475683, 180.0]], [[640.0000000000002, 660.0], [640.0000000000002, 760.0], [460.0000000000002, 760.0], [460.0000000000002, 660.0], [640.0000000000002, 660.0]], [[153.7712567475682, 0.0], [433.7712567475682, 0.0], [433.7712567475682, 280.0], [153.7712567475682, 0.0]], [[666.7801763698376, 459.9999999999999], [466.7801763698376, 459.9999999999999], [466.7801763698376, 259.9999999999999], [666.7801763698376, 179.9999999999999], [666.7801763698376, 459.9999999999999]], [[433.7712567475682, 116.50445981113455], [593.7712567475683, 196.50445981113455], [433.7712567475682, 276.50445981113455], [433.7712567475682, 116.50445981113455]], [[0.0, 584.9721231396375], [0.0, 304.97212313963746], [240.0, 444.97212313963746], [0.0, 584.9721231396375]]]"
Wed Jul 22 22:44:19 2020,2,1,True,673.447978133536,0.846390543156366,"[0, 0, 1, 3, 3, 0, 3, 1, 0, 1, 2, 3]","[[[460.0, 459.9999999999999], [660.0, 459.9999999999999], [660.0, 659.9999999999999], [460.0, 659.9999999999999], [460.0, 459.9999999999999]], [[0.0, 0.0], [200.0, 0.0], [200.0, 200.0], [0.0, 200.0], [0.0, 0.0]], [[460.0, 200.0], [460.0, 480.0], [280.0, 480.0], [280.0, 200.0], [460.0, 200.0]], [[480.0, 360.0], [480.0, 80.0], [620.0, 220.0], [480.0, 360.0]], [[645.7142857142859, 459.9999999999999], [465.7142857142859, 459.9999999999999], [645.7142857142859, 179.9999999999999], [645.7142857142859, 459.9999999999999]], [[180.0, 479.9999999999999], [460.0, 479.9999999999999], [460.0, 759.9999999999999], [180.0, 759.9999999999999], [180.0, 479.9999999999999]], [[0.0, 726.6666666666667], [80.0, 526.6666666666667], [180.0, 526.6666666666667], [180.0, 726.6666666666667], [0.0, 726.6666666666667]], [[640.0, 659.9999999999999], [640.0, 759.9999999999999], [460.0, 759.9999999999999], [460.0, 659.9999999999999], [640.0, 659.9999999999999]], [[0.0, 200.0], [280.0, 200.0], [280.0, 480.0], [0.0, 200.0]], [[480.0, 0.0], [480.0, 200.0], [280.0, 200.0], [200.0, 0.0], [480.0, 0.0]], [[640.0, 0.0], [560.0, 160.0], [480.0, 0.0], [640.0, 0.0]], [[0.0, 573.3333333333334], [0.0, 293.33333333333337], [240.0, 433.33333333333337], [0.0, 573.3333333333334]]]"
Wed Jul 22 22:44:27 2020,2,1,True,680.1824579148714,0.8380104387686791,"[0, 0, 1, 3, 3, 0, 1, 0, 1, 1, 2, 0]","[[[180.0, 0.0], [380.0, 0.0], [380.0, 200.0], [180.0, 200.0], [180.0, 0.0]], [[100.0, 199.9999999999999], [300.0, 199.9999999999999], [300.0, 399.9999999999999], [100.0, 399.9999999999999], [100.0, 199.9999999999999]], [[480.0, 199.9999999999999], [480.0, 479.9999999999999], [300.0, 479.9999999999999], [300.0, 199.9999999999999], [480.0, 199.9999999999999]], [[0.0, 759.9999999999999], [0.0, 479.9999999999999], [140.0, 619.9999999999999], [0.0, 759.9999999999999]], [[659.8872180451126, 479.9999999999999], [479.8872180451126, 479.9999999999999], [659.8872180451126, 199.9999999999999], [659.8872180451126, 479.9999999999999]], [[311.6666666666665, 479.9999999999999], [591.6666666666665, 479.9999999999999], [591.6666666666665, 759.9999999999999], [311.6666666666665, 759.9999999999999], [311.6666666666665, 479.9999999999999]], [[180.0, 0.0], [100.0, 200.0], [0.0, 200.0], [0.0, 0.0], [180.0, 0.0]], [[0.0, 200.0], [100.0, 200.0], [100.0, 380.0], [0.0, 380.0], [0.0, 200.0]], [[311.6666666666665, 480.0], [311.6666666666665, 760.0], [31.666666666666515, 760.0], [311.6666666666665, 480.0]], [[659.8872180451126, 0.0], [659.8872180451126, 200.0], [459.8872180451126, 200.0], [379.8872180451126, 0.0], [659.8872180451126, 0.0]], [[638.7500000000001, 197.5000000000001], [558.7500000000001, 357.5000000000001], [478.7500000000001, 197.5000000000001], [638.7500000000001, 197.5000000000001]], [[11.666666666666686, 399.9999999999999], [291.6666666666667, 399.9999999999999], [151.66666666666669, 639.9999999999999], [11.666666666666686, 399.9999999999999]]]"
Wed Jul 22 22:44:38 2020,2,1,True,686.9842824940201,0.8297133057115634,"[0, 0, 1, 2, 1, 0, 1, 0, 0, 0, 2, 2]","[[[0.0, 279.9999999999999], [200.0, 279.9999999999999], [200.0, 479.9999999999999], [0.0, 479.9999999999999], [0.0, 279.9999999999999]], [[296.78894612625675, 0.0], [496.78894612625675, 0.0], [496.78894612625675, 200.0], [296.78894612625675, 200.0], [296.78894612625675, 0.0]], [[480.0, 199.9999999999999], [480.0, 479.9999999999999], [300.0, 479.9999999999999], [300.0, 199.9999999999999], [480.0, 199.9999999999999]], [[296.78894612625663, 279.9999999999999], [16.788946126256633, 279.9999999999999], [156.78894612625663, 139.9999999999999], [296.78894612625663, 279.9999999999999]], [[358.5441317651516, 480.0], [538.5441317651516, 480.0], [358.5441317651516, 760.0], [358.5441317651516, 480.0]], [[0.0, 479.9999999999999], [280.0, 479.9999999999999], [280.0, 759.9999999999999], [0.0, 759.9999999999999], [0.0, 479.9999999999999]], [[676.7889461262567, 0.0], [596.7889461262567, 200.0], [496.78894612625675, 200.0], [496.78894612625675, 0.0], [676.7889461262567, 0.0]], [[200.0, 279.9999999999999], [300.0, 279.9999999999999], [300.0, 459.9999999999999], [200.0, 459.9999999999999], [200.0, 279.9999999999999]], [[16.788946126256747, 0.0], [296.78894612625675, 0.0], [296.78894612625675, 280.0], [16.788946126256747, 0.0]], [[480.0, 200.0], [680.0, 200.0], [680.0, 400.0], [480.0, 480.0], [480.0, 200.0]], [[686.1631793841991, 520.0], [606.1631793841991, 680.0], [526.1631793841991, 520.0], [686.1631793841991, 520.0]], [[652.8298460508659, 760.0], [372.82984605086585, 760.0], [512.8298460508659, 520.0], [652.8298460508659, 760.0]]]"
Wed Jul 22 22:44:43 2020,2,1,True,693.8541253189603,0.8214983224866964,"[0, 0, 1, 3, 1, 0, 0, 0, 0, 3, 1, 1]","[[[480.0000000000001, 0.0], [680.0000000000001, 0.0], [680.0000000000001, 200.0], [480.0000000000001, 200.0], [480.0000000000001, 0.0]], [[280.0000000000001, 0.0], [480.0000000000001, 0.0], [480.0000000000001, 200.0], [280.0000000000001, 200.0], [280.0000000000001, 0.0]], [[459.5049111942593, 199.9999999999999], [459.5049111942593, 479.9999999999999], [279.5049111942593, 479.9999999999999], [279.5049111942593, 199.9999999999999], [459.5049111942593, 199.9999999999999]], [[459.5049111942593, 553.4999999999997], [459.5049111942593, 273.49999999999966], [599.5049111942593, 413.49999999999966], [459.5049111942593, 553.4999999999997]], [[279.50491119425925, 480.0], [459.50491119425925, 480.0], [279.50491119425925, 760.0], [279.50491119425925, 480.0]], [[0.0, 479.9999999999999], [280.0, 479.9999999999999], [280.0, 759.9999999999999], [0.0, 759.9999999999999], [0.0, 479.9999999999999]], [[395.219196908545, 579.9999999999999], [595.219196908545, 659.9999999999999], [595.219196908545, 759.9999999999999], [395.219196908545, 759.9999999999999], [395.219196908545, 579.9999999999999]], [[566.0049111942596, 200.0], [666.0049111942596, 200.0], [666.0049111942596, 380.0], [566.0049111942596, 380.0], [566.0049111942596, 200.0]], [[1.1368683772161603e-13, 0.0], [280.0000000000001, 0.0], [280.0000000000001, 280.0], [1.1368683772161603e-13, 0.0]], [[0.0, 439.9999999999999], [0.0, 239.9999999999999], [200.0, 239.9999999999999], [280.0, 439.9999999999999], [0.0, 439.9999999999999]], [[0.0, 79.99999999999989], [160.0, 159.9999999999999], [0.0, 239.9999999999999], [0.0, 79.99999999999989]], [[693.8541253189603, 416.79629176059086], [693.8541253189603, 696.7962917605909], [453.8541253189603, 556.7962917605909], [693.8541253189603, 416.79629176059086]]]"
Wed Jul 22 22:44:51 2020,2,1,True,700.7926665721499,0.8133646757294026,"[0, 0, 1, 3, 1, 0, 2, 1, 2, 0, 2, 1]","[[[0.0, 279.9999999999999], [200.0, 279.9999999999999], [200.0, 479.9999999999999], [0.0, 479.9999999999999], [0.0, 279.9999999999999]], [[300.0, 0.0], [500.0, 0.0], [500.0, 200.0], [300.0, 200.0], [300.0, 0.0]], [[459.50491119425925, 199.90495088805767], [459.50491119425925, 479.90495088805767], [279.50491119425925, 479.90495088805767], [279.50491119425925, 199.90495088805767], [459.50491119425925, 199.90495088805767]], [[459.50491119425925, 553.4049508880573], [459.50491119425925, 273.40495088805733], [599.5049111942592, 413.40495088805733], [459.50491119425925, 553.4049508880573]], [[279.50491119425925, 479.9999999999999], [459.50491119425925, 479.9999999999999], [279.50491119425925, 759.9999999999999], [279.50491119425925, 479.9999999999999]], [[0.0, 479.9999999999999], [280.0, 479.9999999999999], [280.0, 759.9999999999999], [0.0, 759.9999999999999], [0.0, 479.9999999999999]], [[300.0, 180.0], [100.0, 100.0], [100.0, 0.0], [300.0, 0.0], [300.0, 180.0]], [[523.7906254799734, 660.0], [523.7906254799734, 760.0], [343.7906254799734, 760.0], [343.7906254799734, 660.0], [523.7906254799734, 660.0]], [[280.0, 280.0], [0.0, 280.0], [0.0, 0.0], [280.0, 280.0]], [[500.0, 0.0], [700.0, 0.0], [700.0, 200.0], [500.0, 280.0], [500.0, 0.0]], [[687.3353631251921, 269.0658547499231], [607.3353631251921, 429.0658547499231], [527.3353631251921, 269.0658547499231], [687.3353631251921, 269.0658547499231]], [[640.3620540514019, 447.90495088805756], [640.3620540514019, 727.9049508880576], [400.36205405140186, 587.9049508880576], [640.3620540514019, 447.90495088805756]]]"
Wed Jul 22 22:44:57 2020,2,0,True,672.7609599092639,0.847254870551461,"[0, 0, 1, 0, 1, 0, 3, 0, 2, 0, 3, 2]","[[[0.0, 279.9999999999999], [200.0, 279.9999999999999], [200.0, 479.9999999999999], [0.0, 479.9999999999999], [0.0, 279.9999999999999]], [[260.0, 60.0], [460.0, 60.0], [460.0, 260.0], [260.0, 260.0], [260.0, 60.0]], [[672.7609599092639, 360.0], [672.7609599092639, 640.0], [492.7609599092639, 640.0], [492.7609599092639, 360.0], [672.7609599092639, 360.0]], [[0.0, 0.0], [280.0, 0.0], [140.0, 140.0], [0.0, 0.0]], [[280.0, 460.0], [460.0, 460.0], [280.0, 740.0], [280.0, 460.0]], [[0.0, 479.9999999999999], [280.0, 479.9999999999999], [280.0, 759.9999999999999], [0.0, 759.9999999999999], [0.0, 479.9999999999999]], [[208.0, 460.0], [288.0, 260.0], [388.0, 260.0], [388.0, 460.0], [208.0, 460.0]], [[392.7609599092639, 280.0], [492.7609599092639, 280.0], [492.7609599092639, 460.0], [392.7609599092639, 460.0], [392.7609599092639, 280.0]], [[280.0, 280.0], [0.0, 280.0], [0.0, 0.0], [280.0, 280.0]], [[472.7609599092639, 0.0], [672.7609599092639, 0.0], [672.7609599092639, 200.0], [472.7609599092639, 280.0], [472.7609599092639, 0.0]], [[672.7609599092639, 360.0], [512.7609599092639, 280.0], [672.7609599092639, 200.0], [672.7609599092639, 360.0]], [[561.4285714285716, 759.9999999999999], [281.42857142857156, 759.9999999999999], [421.42857142857156, 519.9999999999999], [561.4285714285716, 759.9999999999999]]]"
Wed Jul 22 22:45:12 2020,2,1,True,679.4885695083565,0.8388662084667932,"[0, 0, 0, 3, 0, 0, 1, 1, 0, 0, 0, 1]","[[[479.4885695083565, 233.6597913948426], [679.4885695083565, 233.6597913948426], [679.4885695083565, 433.6597913948426], [479.4885695083565, 433.6597913948426], [479.4885695083565, 233.6597913948426]], [[199.48856950835648, 0.0], [399.4885695083565, 0.0], [399.4885695083565, 200.0], [199.48856950835648, 200.0], [199.48856950835648, 0.0]], [[399.4885695083565, 20.0], [679.4885695083565, 20.0], [679.4885695083565, 200.0], [399.4885695083565, 200.0], [399.4885695083565, 20.0]], [[302.2222222222223, 669.2697361559287], [302.2222222222223, 389.26973615592874], [442.2222222222223, 529.2697361559287], [302.2222222222223, 669.2697361559287]], [[0.0, 479.9999999999999], [0.0, 299.9999999999999], [280.0, 479.9999999999999], [0.0, 479.9999999999999]], [[0.0, 479.9999999999999], [280.0, 479.9999999999999], [280.0, 759.9999999999999], [0.0, 759.9999999999999], [0.0, 479.9999999999999]], [[492.95248606629355, 200.0], [412.95248606629355, 400.0], [312.95248606629355, 400.0], [312.95248606629355, 200.0], [492.95248606629355, 200.0]], [[491.49195837815114, 660.0], [491.49195837815114, 760.0], [311.49195837815114, 760.0], [311.49195837815114, 660.0], [491.49195837815114, 660.0]], [[390.51688169502927, 433.6597913948426], [670.5168816950293, 433.6597913948426], [670.5168816950293, 713.6597913948426], [390.51688169502927, 433.6597913948426]], [[0.0, 0.0], [200.0, 0.0], [200.0, 200.0], [0.0, 280.0], [0.0, 0.0]], [[376.85709030018666, 660.0], [456.85709030018666, 500.0], [536.8570903001867, 660.0], [376.85709030018666, 660.0]], [[302.2222222222223, 200.0], [302.2222222222223, 480.0], [62.222222222222285, 340.0], [302.2222222222223, 200.0]]]"
Wed Jul 22 22:45:30 2020,2,1,True,686.2834552034401,0.8305606024423693,"[0, 0, 1, 3, 3, 0, 0, 0, 1, 0, 0, 0]","[[[280.0, 560.0], [480.0, 560.0], [480.0, 760.0], [280.0, 760.0], [280.0, 560.0]], [[0.0, 279.9999999999999], [200.0, 279.9999999999999], [200.0, 479.9999999999999], [0.0, 479.9999999999999], [0.0, 279.9999999999999]], [[660.0, 0.0], [660.0, 280.0], [480.0, 280.0], [480.0, 0.0], [660.0, 0.0]], [[0.0, 759.9999999999999], [0.0, 479.9999999999999], [140.0, 619.9999999999999], [0.0, 759.9999999999999]], [[660.0, 750.7407407407406], [480.0, 750.7407407407406], [660.0, 470.74074074074065], [660.0, 750.7407407407406]], [[0.0, 0.0], [280.0, 0.0], [280.0, 280.0], [0.0, 280.0], [0.0, 0.0]], [[380.0, 240.0], [580.0, 320.0], [580.0, 420.0], [380.0, 420.0], [380.0, 240.0]], [[200.0, 279.9999999999999], [300.0, 279.9999999999999], [300.0, 459.9999999999999], [200.0, 459.9999999999999], [200.0, 279.9999999999999]], [[280.0, 480.0], [280.0, 760.0], [0.0, 760.0], [280.0, 480.0]], [[280.0, 0.0], [480.0, 0.0], [480.0, 200.0], [280.0, 280.0], [280.0, 0.0]], [[280.0, 556.920141198351], [360.0, 396.92014119835096], [440.0, 556.920141198351], [280.0, 556.920141198351]], [[398.33333333333337, 420.0000000000001], [678.3333333333334, 420.0000000000001], [538.3333333333334, 660.0000000000001], [398.33333333333337, 420.0000000000001]]]"
Wed Jul 22 22:45:31 2020,2,0,True,658.8321169953025,0.8651672942108014,"[0, 0, 1, 3, 3, 0, 1, 1, 1, 0, 0, 0]","[[[280.0, 556.9201411983511], [480.0, 556.9201411983511], [480.0, 756.9201411983511], [280.0, 756.9201411983511], [280.0, 556.9201411983511]], [[0.0, 279.9999999999999], [200.0, 279.9999999999999], [200.0, 479.9999999999999], [0.0, 479.9999999999999], [0.0, 279.9999999999999]], [[658.8321169953025, 0.0], [658.8321169953025, 280.0], [478.8321169953025, 280.0], [478.8321169953025, 0.0], [658.8321169953025, 0.0]], [[0.0, 759.9999999999999], [0.0, 479.9999999999999], [140.0, 619.9999999999999], [0.0, 759.9999999999999]], [[658.8321169953025, 760.0], [478.8321169953025, 760.0], [658.8321169953025, 480.0], [658.8321169953025, 760.0]], [[0.0, 0.0], [280.0, 0.0], [280.0, 280.0], [0.0, 280.0], [0.0, 0.0]], [[420.22791084285035, 280.0], [340.22791084285035, 480.0], [240.22791084285035, 480.0], [240.22791084285035, 280.0], [420.22791084285035, 280.0]], [[598.8321169953025, 283.4894846188697], [598.8321169953025, 383.4894846188697], [418.8321169953025, 383.4894846188697], [418.8321169953025, 283.4894846188697], [598.8321169953025, 283.4894846188697]], [[280.0, 480.0], [280.0, 760.0], [0.0, 760.0], [280.0, 480.0]], [[280.0, 0.0], [480.0, 0.0], [480.0, 200.0], [280.0, 280.0], [280.0, 0.0]], [[301.76784024367487, 556.9201411983511], [381.76784024367487, 396.9201411983511], [461.76784024367487, 556.9201411983511], [301.76784024367487, 556.9201411983511]], [[378.8321169953025, 383.4894846188697], [658.8321169953025, 383.4894846188697], [518.8321169953025, 623.4894846188697], [378.8321169953025, 383.4894846188697]]]"
Wed Jul 22 22:46:58 2020,2,5,True,665.4204381652555,0.856601281396833,"[0, 0, 1, 3, 3, 0, 1, 1, 0, 3, 1, 2]","[[[0.0, 360.0], [200.0, 360.0], [200.0, 560.0], [0.0, 560.0], [0.0, 360.0]], [[280.0, 560.0], [480.0, 560.0], [480.0, 760.0], [280.0, 760.0], [280.0, 560.0]], [[665.4204381652555, 480.0], [665.4204381652555, 760.0], [485.4204381652555, 760.0], [485.4204381652555, 480.0], [665.4204381652555, 480.0]], [[465.4204381652555, 280.0], [465.4204381652555, 0.0], [605.4204381652555, 140.0], [465.4204381652555, 280.0]], [[665.4204381652555, 326.6666666666665], [485.4204381652555, 326.6666666666665], [665.4204381652555, 46.666666666666515], [665.4204381652555, 326.6666666666665]], [[200.0, 280.0], [480.0, 280.0], [480.0, 560.0], [200.0, 560.0], [200.0, 280.0]], [[185.42043816525552, 0.0], [105.42043816525552, 200.0], [5.4204381652555185, 200.0], [5.4204381652555185, 0.0], [185.42043816525552, 0.0]], [[180.0, 262.244571573882], [180.0, 362.244571573882], [0.0, 362.244571573882], [0.0, 262.244571573882], [180.0, 262.244571573882]], [[185.42043816525552, 0.0], [465.4204381652555, 0.0], [465.4204381652555, 280.0], [185.42043816525552, 0.0]], [[0.0, 760.0], [0.0, 560.0], [200.0, 560.0], [280.0, 760.0], [0.0, 760.0]], [[480.0, 322.71021908262776], [640.0, 402.71021908262776], [480.0, 482.71021908262776], [480.0, 322.71021908262776]], [[347.6650097391375, 262.244571573882], [67.66500973913747, 262.244571573882], [207.66500973913747, 22.244571573882013], [347.6650097391375, 262.244571573882]]]"
Wed Jul 22 22:47:53 2020,2,3,True,672.0746425469081,0.8481200805909239,"[0, 0, 0, 3, 0, 0, 1, 0, 1, 3, 0, 0]","[[[0.0, 180.0], [200.0, 180.0], [200.0, 380.0], [0.0, 380.0], [0.0, 180.0]], [[280.0, 560.0], [480.0, 560.0], [480.0, 760.0], [280.0, 760.0], [280.0, 560.0]], [[0.0, 0.0], [280.0, 0.0], [280.0, 180.0], [0.0, 180.0], [0.0, 0.0]], [[200.0, 474.61538461538464], [200.0, 194.61538461538464], [340.0, 334.61538461538464], [200.0, 474.61538461538464]], [[0.0, 560.0], [0.0, 380.0], [280.0, 560.0], [0.0, 560.0]], [[392.0746425469081, 280.0], [672.0746425469081, 280.0], [672.0746425469081, 560.0], [392.0746425469081, 560.0], [392.0746425469081, 280.0]], [[660.0, 560.0], [580.0, 760.0], [480.0, 760.0], [480.0, 560.0], [660.0, 560.0]], [[294.61538461538464, 380.0], [394.61538461538464, 380.0], [394.61538461538464, 560.0], [294.61538461538464, 560.0], [294.61538461538464, 380.0]], [[672.0746425469081, 0.0], [672.0746425469081, 280.0], [392.0746425469081, 280.0], [672.0746425469081, 0.0]], [[0.0, 760.0], [0.0, 560.0], [200.0, 560.0], [280.0, 760.0], [0.0, 760.0]], [[248.46153846153842, 243.07692307692315], [328.46153846153845, 83.07692307692315], [408.46153846153845, 243.07692307692315], [248.46153846153842, 243.07692307692315]], [[279.99999999999994, 0.0], [560.0, 0.0], [419.99999999999994, 240.0], [279.99999999999994, 0.0]]]"
Wed Jul 22 22:49:07 2020,2,3,True,678.7953889723772,0.8397228520702216,"[0, 0, 1, 0, 2, 0, 3, 1, 2, 1, 0, 3]","[[[445.19165684503173, 545.1916568450318], [645.1916568450317, 545.1916568450318], [645.1916568450317, 745.1916568450318], [445.19165684503173, 745.1916568450318], [445.19165684503173, 545.1916568450318]], [[0.0, 280.0], [200.0, 280.0], [200.0, 480.0], [0.0, 480.0], [0.0, 280.0]], [[180.0, 480.0], [180.0, 760.0], [0.0, 760.0], [0.0, 480.0], [180.0, 480.0]], [[180.0, 480.0], [460.0, 480.0], [320.0, 620.0], [180.0, 480.0]], [[678.7953889723772, 200.0], [678.7953889723772, 380.0], [398.79538897237717, 200.0], [678.7953889723772, 200.0]], [[0.0, 0.0], [280.0, 0.0], [280.0, 280.0], [0.0, 280.0], [0.0, 0.0]], [[196.573166750155, 480.0], [276.573166750155, 280.0], [376.573166750155, 280.0], [376.573166750155, 480.0], [196.573166750155, 480.0]], [[640.0, 431.3343472709238], [640.0, 531.3343472709238], [460.0, 531.3343472709238], [460.0, 431.3343472709238], [640.0, 431.3343472709238]], [[459.9999999999999, 760.0], [179.9999999999999, 760.0], [179.9999999999999, 480.0], [459.9999999999999, 760.0]], [[673.484279993822, 0.0], [673.484279993822, 200.0], [473.48427999382204, 200.0], [393.48427999382204, 0.0], [673.484279993822, 0.0]], [[297.48427999382204, 160.0], [377.48427999382204, 0.0], [457.48427999382204, 160.0], [297.48427999382204, 160.0]], [[376.573166750155, 480.0], [376.573166750155, 200.0], [616.573166750155, 340.0], [376.573166750155, 480.0]]]"
Wed Jul 22 22:49:08 2020,2,0,True,651.643573413482,0.8747113042398141,"[0, 0, 1, 1, 2, 0, 3, 1, 2, 1, 0, 3]","[[[445.19165684503173, 545.1916568450318], [645.1916568450317, 545.1916568450318], [645.1916568450317, 745.1916568450318], [445.19165684503173, 745.1916568450318], [445.19165684503173, 545.1916568450318]], [[0.0, 280.0], [200.0, 280.0], [200.0, 480.0], [0.0, 480.0], [0.0, 280.0]], [[180.0, 480.0], [180.0, 760.0], [0.0, 760.0], [0.0, 480.0], [180.0, 480.0]], [[438.51635794812427, 458.5163579481243], [438.51635794812427, 738.5163579481243], [298.51635794812427, 598.5163579481243], [438.51635794812427, 458.5163579481243]], [[651.643573413482, 200.0], [651.643573413482, 380.0], [371.64357341348204, 200.0], [651.643573413482, 200.0]], [[0.0, 0.0], [280.0, 0.0], [280.0, 280.0], [0.0, 280.0], [0.0, 0.0]], [[194.28571428571428, 494.28571428571433], [274.2857142857143, 294.28571428571433], [374.2857142857143, 294.28571428571433], [374.2857142857143, 494.28571428571433], [194.28571428571428, 494.28571428571433]], [[641.3587026962829, 445.19165684503184], [641.3587026962829, 545.1916568450318], [461.3587026962829, 545.1916568450318], [461.3587026962829, 445.19165684503184], [641.3587026962829, 445.19165684503184]], [[459.9999999999999, 760.0], [179.9999999999999, 760.0], [179.9999999999999, 480.0], [459.9999999999999, 760.0]], [[651.643573413482, 0.0], [651.643573413482, 200.0], [451.64357341348204, 200.0], [371.64357341348204, 0.0], [651.643573413482, 0.0]], [[280.0, 170.8910664662949], [360.0, 10.891066466294888], [440.0, 170.8910664662949], [280.0, 170.8910664662949]], [[374.2857142857143, 495.9842334178636], [374.2857142857143, 215.9842334178636], [614.2857142857142, 355.9842334178636], [374.2857142857143, 495.9842334178636]]]"
Wed Jul 22 22:49:25 2020,2,1,True,658.1600091476168,0.8660507962770437,"[0, 0, 0, 1, 1, 0, 0, 0, 1, 3, 1, 1]","[[[0.0, 0.0], [200.0, 0.0], [200.0, 200.0], [0.0, 200.0], [0.0, 0.0]], [[280.0, 180.0], [480.0, 180.0], [480.0, 380.0], [280.0, 380.0], [280.0, 180.0]], [[378.16000914761685, 580.0], [658.1600091476168, 580.0], [658.1600091476168, 760.0], [378.16000914761685, 760.0], [378.16000914761685, 580.0]], [[633.1355537768522, 272.8388844421306], [633.1355537768522, 552.8388844421306], [493.13555377685225, 412.8388844421306], [633.1355537768522, 272.8388844421306]], [[0.0, 480.0], [180.0, 480.0], [0.0, 760.0], [0.0, 480.0]], [[0.0, 200.0], [280.0, 200.0], [280.0, 480.0], [0.0, 480.0], [0.0, 200.0]], [[200.0, 0.0], [400.0, 80.0], [400.0, 180.0], [200.0, 180.0], [200.0, 0.0]], [[280.0, 580.0], [380.0, 580.0], [380.0, 760.0], [280.0, 760.0], [280.0, 580.0]], [[280.0, 480.0], [280.0, 760.0], [0.0, 760.0], [280.0, 480.0]], [[280.0, 580.0], [280.0, 380.0], [480.0, 380.0], [560.0, 580.0], [280.0, 580.0]], [[480.0, 189.4066613305568], [640.0, 269.4066613305568], [480.0, 349.4066613305568], [480.0, 189.4066613305568]], [[658.1600091476168, 0.0], [658.1600091476168, 280.0], [418.16000914761685, 140.0], [658.1600091476168, 0.0]]]"
Wed Jul 22 22:49:40 2020,2,1,True,664.741609239093,0.8574760359178651,"[0, 0, 1, 3, 3, 0, 2, 1, 0, 3, 2, 3]","[[[280.0, 6.047068150861151], [480.0, 6.047068150861151], [480.0, 206.04706815086115], [280.0, 206.04706815086115], [280.0, 6.047068150861151]], [[460.0, 380.0], [660.0, 380.0], [660.0, 580.0], [460.0, 580.0], [460.0, 380.0]], [[180.0, 380.0], [180.0, 660.0], [0.0, 660.0], [0.0, 380.0], [180.0, 380.0]], [[503.0235340754306, 280.0], [503.0235340754306, 0.0], [643.0235340754306, 140.0], [503.0235340754306, 280.0]], [[664.741609239093, 380.0], [484.741609239093, 380.0], [664.741609239093, 100.0], [664.741609239093, 380.0]], [[180.0, 480.0], [460.0, 480.0], [460.0, 760.0], [180.0, 760.0], [180.0, 480.0]], [[660.0, 760.0], [460.0, 680.0], [460.0, 580.0], [660.0, 580.0], [660.0, 760.0]], [[180.0, 660.0], [180.0, 760.0], [0.0, 760.0], [0.0, 660.0], [180.0, 660.0]], [[0.0, 0.0], [280.0, 0.0], [280.0, 280.0], [0.0, 0.0]], [[180.0, 480.0], [180.0, 280.0], [380.0, 280.0], [460.0, 480.0], [180.0, 480.0]], [[503.0235340754306, 206.04706815086115], [423.0235340754306, 366.04706815086115], [343.0235340754306, 206.04706815086115], [503.0235340754306, 206.04706815086115]], [[0.0, 380.0], [0.0, 100.0], [240.0, 240.0], [0.0, 380.0]]]"
Wed Jul 22 22:50:01 2020,2,1,True,671.3890253314839,0.8489861741761041,"[0, 0, 0, 0, 0, 0, 3, 0, 1, 2, 1, 1]","[[[441.8480551304707, 0.0], [641.8480551304707, 0.0], [641.8480551304707, 200.0], [441.8480551304707, 200.0], [441.8480551304707, 0.0]], [[0.0, 41.8480551304707], [200.0, 41.8480551304707], [200.0, 241.8480551304707], [0.0, 241.8480551304707], [0.0, 41.8480551304707]], [[100.0, 280.0], [380.0, 280.0], [380.0, 460.0], [100.0, 460.0], [100.0, 280.0]], [[158.1519448695293, 0.0], [438.1519448695293, 0.0], [298.1519448695293, 140.0], [158.1519448695293, 0.0]], [[380.0, 467.5759010650487], [380.0, 287.5759010650487], [660.0, 467.5759010650487], [380.0, 467.5759010650487]], [[180.0, 467.5759010650487], [460.0, 467.5759010650487], [460.0, 747.5759010650487], [180.0, 747.5759010650487], [180.0, 467.5759010650487]], [[0.0, 760.0], [80.0, 560.0], [180.0, 560.0], [180.0, 760.0], [0.0, 760.0]], [[0.0, 241.8480551304707], [100.0, 241.8480551304707], [100.0, 421.8480551304707], [0.0, 421.8480551304707], [0.0, 241.8480551304707]], [[441.8480551304707, 0.0], [441.8480551304707, 280.0], [161.8480551304707, 280.0], [441.8480551304707, 0.0]], [[660.0, 751.2607779478117], [460.0, 751.2607779478117], [460.0, 551.2607779478117], [660.0, 471.2607779478117], [660.0, 751.2607779478117]], [[0.0, 440.0], [160.0, 520.0], [0.0, 600.0], [0.0, 440.0]], [[671.3890253314839, 180.6117030638598], [671.3890253314839, 460.6117030638598], [431.38902533148394, 320.6117030638598], [671.3890253314839, 180.6117030638598]]]"
Wed Jul 22 22:50:17 2020,2,1,True,678.1029155847988,0.8405803704713902,"[0, 0, 1, 3, 3, 0, 1, 1, 0, 0, 0, 2]","[[[180.0, 280.0], [380.0, 280.0], [380.0, 480.0], [180.0, 480.0], [180.0, 280.0]], [[460.0, 460.0], [660.0, 460.0], [660.0, 660.0], [460.0, 660.0], [460.0, 460.0]], [[180.0, 280.0], [180.0, 560.0], [0.0, 560.0], [0.0, 280.0], [180.0, 280.0]], [[380.0, 480.0], [380.0, 200.0], [520.0, 340.0], [380.0, 480.0]], [[672.8571428571429, 460.0], [492.8571428571429, 460.0], [672.8571428571429, 180.0], [672.8571428571429, 460.0]], [[180.0, 480.0], [460.0, 480.0], [460.0, 760.0], [180.0, 760.0], [180.0, 480.0]], [[180.0, 15.46653568177544], [100.0, 215.46653568177544], [0.0, 215.46653568177544], [0.0, 15.46653568177544], [180.0, 15.46653568177544]], [[640.0, 660.0], [640.0, 760.0], [460.0, 760.0], [460.0, 660.0], [640.0, 660.0]], [[180.0, 0.0], [460.0, 0.0], [460.0, 280.0], [180.0, 0.0]], [[460.0, 0.0], [660.0, 0.0], [660.0, 200.0], [460.0, 280.0], [460.0, 0.0]], [[0.0, 720.0], [80.0, 560.0], [160.0, 720.0], [0.0, 720.0]], [[344.53346431822456, 280.0], [64.53346431822456, 280.0], [204.53346431822456, 40.0], [344.53346431822456, 280.0]]]"
Wed Jul 22 22:50:28 2020,2,1,True,684.8839447406468,0.8322577925459308,"[0, 0, 1, 3, 1, 0, 1, 0, 1, 2, 2, 2]","[[[250.9787989614067, 0.0], [450.9787989614067, 0.0], [450.9787989614067, 200.0], [250.9787989614067, 200.0], [250.9787989614067, 0.0]], [[450.9787989614067, 0.0], [650.9787989614067, 0.0], [650.9787989614067, 200.0], [450.9787989614067, 200.0], [450.9787989614067, 0.0]], [[180.0, 10.978798961406824], [180.0, 290.9787989614068], [0.0, 290.9787989614068], [0.0, 10.978798961406824], [180.0, 10.978798961406824]], [[0.0, 570.9787989614068], [0.0, 290.9787989614068], [140.0, 430.9787989614068], [0.0, 570.9787989614068]], [[180.0, 200.0], [360.0, 200.0], [180.0, 480.0], [180.0, 200.0]], [[100.0, 480.0], [380.0, 480.0], [380.0, 760.0], [100.0, 760.0], [100.0, 480.0]], [[560.0, 480.0], [480.0, 680.0], [380.0, 680.0], [380.0, 480.0], [560.0, 480.0]], [[0.0, 570.9787989614068], [100.0, 570.9787989614068], [100.0, 750.9787989614068], [0.0, 750.9787989614068], [0.0, 570.9787989614068]], [[680.0, 480.0], [680.0, 760.0], [400.0, 760.0], [680.0, 480.0]], [[675.8391123439667, 480.0], [475.8391123439667, 480.0], [475.8391123439667, 280.0], [675.8391123439667, 200.0], [675.8391123439667, 480.0]], [[501.2760055478503, 229.12621359223294], [421.2760055478503, 389.12621359223294], [341.2760055478503, 229.12621359223294], [501.2760055478503, 229.12621359223294]], [[474.28571428571433, 480.0], [194.28571428571433, 480.0], [334.28571428571433, 240.0], [474.28571428571433, 480.0]]]"
Wed Jul 22 22:50:46 2020,2,1,True,691.7327841880533,0.8240176163821097,"[0, 0, 1, 3, 3, 0, 1, 0, 1, 1, 0, 0]","[[[460.0, 200.0], [660.0, 200.0], [660.0, 400.0], [460.0, 400.0], [460.0, 200.0]], [[457.4885869510209, 0.0], [657.4885869510209, 0.0], [657.4885869510209, 200.0], [457.4885869510209, 200.0], [457.4885869510209, 0.0]], [[672.0642288729589, 400.0], [672.0642288729589, 680.0], [492.0642288729589, 680.0], [492.0642288729589, 400.0], [672.0642288729589, 400.0]], [[0.0, 280.0], [0.0, 0.0], [140.0, 140.0], [0.0, 280.0]], [[212.06422887295892, 760.0], [32.06422887295892, 760.0], [212.06422887295892, 480.0], [212.06422887295892, 760.0]], [[212.0642288729589, 480.0], [492.0642288729589, 480.0], [492.0642288729589, 760.0], [212.0642288729589, 760.0], [212.0642288729589, 480.0]], [[180.0, 454.3221338023807], [100.0, 654.3221338023807], [0.0, 654.3221338023807], [0.0, 454.3221338023807], [180.0, 454.3221338023807]], [[5.677866197619323, 274.3221338023807], [105.67786619761932, 274.3221338023807], [105.67786619761932, 454.3221338023807], [5.677866197619323, 454.3221338023807], [5.677866197619323, 274.3221338023807]], [[460.0, 200.0], [460.0, 480.0], [180.0, 480.0], [460.0, 200.0]], [[457.4885869510209, 0.0], [457.4885869510209, 200.0], [257.4885869510209, 200.0], [177.48858695102092, 0.0], [457.4885869510209, 0.0]], [[103.74429347551046, 212.51141304897908], [183.74429347551046, 52.51141304897908], [263.74429347551046, 212.51141304897908], [103.74429347551046, 212.51141304897908]], [[65.24974017807028, 214.75025982192972], [345.2497401780703, 214.75025982192972], [205.24974017807028, 454.7502598219297], [65.24974017807028, 214.75025982192972]]]"
Wed Jul 22 22:50:53 2020,2,1,True,698.6501120299339,0.8158590261209008,"[0, 0, 1, 3, 3, 0, 1, 0, 1, 1, 0, 0]","[[[457.33175289165047, 200.0], [657.3317528916505, 200.0], [657.3317528916505, 400.0], [457.33175289165047, 400.0], [457.33175289165047, 200.0]], [[457.4885869510209, 0.0], [657.4885869510209, 0.0], [657.4885869510209, 200.0], [457.4885869510209, 200.0], [457.4885869510209, 0.0]], [[671.0981869293588, 400.0], [671.0981869293588, 680.0], [491.0981869293588, 680.0], [491.0981869293588, 400.0], [671.0981869293588, 400.0]], [[0.0, 280.0], [0.0, 0.0], [140.0, 140.0], [0.0, 280.0]], [[211.09818692935877, 760.0], [31.098186929358775, 760.0], [211.09818692935877, 480.0], [211.09818692935877, 760.0]], [[211.0981869293588, 480.0], [491.0981869293588, 480.0], [491.0981869293588, 760.0], [211.0981869293588, 760.0], [211.0981869293588, 480.0]], [[180.0, 457.4436090225563], [100.0, 657.4436090225563], [0.0, 657.4436090225563], [0.0, 457.4436090225563], [180.0, 457.4436090225563]], [[2.5563909774436553, 277.4436090225563], [102.55639097744366, 277.4436090225563], [102.55639097744366, 457.4436090225563], [2.5563909774436553, 457.4436090225563], [2.5563909774436553, 277.4436090225563]], [[457.33175289165047, 200.0], [457.33175289165047, 480.0], [177.33175289165047, 480.0], [457.33175289165047, 200.0]], [[457.4885869510209, 0.0], [457.4885869510209, 200.0], [257.4885869510209, 200.0], [177.48858695102092, 0.0], [457.4885869510209, 0.0]], [[102.85714285714289, 214.28571428571422], [182.8571428571429, 54.28571428571422], [262.8571428571429, 214.28571428571422], [102.85714285714289, 214.28571428571422]], [[65.80337825101071, 214.1966217489893], [345.8033782510107, 214.1966217489893], [205.8033782510107, 454.1966217489893], [65.80337825101071, 214.1966217489893]]]"
Wed Jul 22 22:50:54 2020,2,0,True,670.7041075487365,0.8498531522092716,"[0, 0, 1, 3, 3, 0, 1, 0, 1, 1, 0, 0]","[[[457.33175289165047, 200.0], [657.3317528916505, 200.0], [657.3317528916505, 400.0], [457.33175289165047, 400.0], [457.33175289165047, 200.0]], [[457.4885869510209, 0.0], [657.4885869510209, 0.0], [657.4885869510209, 200.0], [457.4885869510209, 200.0], [457.4885869510209, 0.0]], [[670.7041075487365, 400.0], [670.7041075487365, 680.0], [490.7041075487365, 680.0], [490.7041075487365, 400.0], [670.7041075487365, 400.0]], [[0.0, 280.0], [0.0, 0.0], [140.0, 140.0], [0.0, 280.0]], [[211.09818692935877, 760.0], [31.098186929358775, 760.0], [211.09818692935877, 480.0], [211.09818692935877, 760.0]], [[211.0981869293588, 480.0], [491.0981869293588, 480.0], [491.0981869293588, 760.0], [211.0981869293588, 760.0], [211.0981869293588, 480.0]], [[180.0, 457.4436090225563], [100.0, 657.4436090225563], [0.0, 657.4436090225563], [0.0, 457.4436090225563], [180.0, 457.4436090225563]], [[2.5563909774436553, 277.4436090225563], [102.55639097744366, 277.4436090225563], [102.55639097744366, 457.4436090225563], [2.5563909774436553, 457.4436090225563], [2.5563909774436553, 277.4436090225563]], [[457.33175289165047, 200.0], [457.33175289165047, 480.0], [177.33175289165047, 480.0], [457.33175289165047, 200.0]], [[457.4885869510209, 0.0], [457.4885869510209, 200.0], [257.4885869510209, 200.0], [177.48858695102092, 0.0], [457.4885869510209, 0.0]], [[102.85714285714289, 214.28571428571422], [182.8571428571429, 54.28571428571422], [262.8571428571429, 214.28571428571422], [102.85714285714289, 214.28571428571422]], [[65.80337825101071, 214.1966217489893], [345.8033782510107, 214.1966217489893], [205.8033782510107, 454.1966217489893], [65.80337825101071, 214.1966217489893]]]"
Wed Jul 22 22:51:15 2020,2,1,True,677.4111486242239,0.8414387645636352,"[0, 0, 1, 3, 3, 0, 3, 0, 2, 1, 2, 0]","[[[0.0, 560.0], [200.0, 560.0], [200.0, 760.0], [0.0, 760.0], [0.0, 560.0]], [[0.0, 296.87456566149046], [200.0, 296.87456566149046], [200.0, 496.87456566149046], [0.0, 496.87456566149046], [0.0, 296.87456566149046]], [[497.41114862422387, 200.0], [497.41114862422387, 480.0], [317.41114862422387, 480.0], [317.41114862422387, 200.0], [497.41114862422387, 200.0]], [[497.41114862422387, 640.0], [497.41114862422387, 360.0], [637.4111486242239, 500.0], [497.41114862422387, 640.0]], [[677.4111486242239, 280.0], [497.41114862422387, 280.0], [677.4111486242239, 0.0], [677.4111486242239, 280.0]], [[200.0, 480.0], [480.0, 480.0], [480.0, 760.0], [200.0, 760.0], [200.0, 480.0]], [[497.41114862422387, 760.0], [577.4111486242239, 560.0], [677.4111486242239, 560.0], [677.4111486242239, 760.0], [497.41114862422387, 760.0]], [[200.0, 296.87456566149046], [300.0, 296.87456566149046], [300.0, 476.87456566149046], [200.0, 476.87456566149046], [200.0, 296.87456566149046]], [[280.0, 296.87456566149046], [0.0, 296.87456566149046], [0.0, 16.874565661490465], [280.0, 296.87456566149046]], [[383.12543433850954, 0.0], [383.12543433850954, 200.0], [183.12543433850954, 200.0], [103.12543433850954, 0.0], [383.12543433850954, 0.0]], [[657.4111486242239, 280.0], [577.4111486242239, 440.0], [497.41114862422387, 280.0], [657.4111486242239, 280.0]], [[383.12543433850954, 0.0], [663.1254343385095, 0.0], [523.1254343385095, 240.0], [383.12543433850954, 0.0]]]"
Wed Jul 22 22:51:32 2020,2,1,True,684.1852601104661,0.8331076876867676,"[0, 0, 0, 0, 3, 0, 0, 0, 0, 2, 0, 0]","[[[0.0, 360.0], [200.0, 360.0], [200.0, 560.0], [0.0, 560.0], [0.0, 360.0]], [[0.0, 560.0], [200.0, 560.0], [200.0, 760.0], [0.0, 760.0], [0.0, 560.0]], [[0.0, 180.0], [280.0, 180.0], [280.0, 360.0], [0.0, 360.0], [0.0, 180.0]], [[0.0, 0.0], [280.0, 0.0], [140.0, 140.0], [0.0, 0.0]], [[574.2857142857142, 480.0], [394.2857142857142, 480.0], [574.2857142857142, 200.0], [574.2857142857142, 480.0]], [[200.0, 480.0], [480.0, 480.0], [480.0, 760.0], [200.0, 760.0], [200.0, 480.0]], [[304.18526011046606, 20.0], [504.18526011046606, 100.0], [504.18526011046606, 200.0], [304.18526011046606, 200.0], [304.18526011046606, 20.0]], [[574.2857142857142, 270.10045417524816], [674.2857142857142, 270.10045417524816], [674.2857142857142, 450.10045417524816], [574.2857142857142, 450.10045417524816], [574.2857142857142, 270.10045417524816]], [[404.18526011046606, 0.0], [684.1852601104661, 0.0], [684.1852601104661, 280.0], [404.18526011046606, 0.0]], [[680.0, 760.0], [480.0, 760.0], [480.0, 560.0], [680.0, 480.0], [680.0, 760.0]], [[220.0, 480.0], [300.0, 320.0], [380.0, 480.0], [220.0, 480.0]], [[280.0, 200.0], [560.0, 200.0], [420.0, 440.0], [280.0, 200.0]]]"
Wed Jul 22 22:51:35 2020,2,0,True,656.8178497060474,0.8678205080070497,"[0, 0, 1, 0, 3, 0, 0, 0, 0, 3, 0, 0]","[[[0.0, 360.0], [200.0, 360.0], [200.0, 560.0], [0.0, 560.0], [0.0, 360.0]], [[0.0, 560.0], [200.0, 560.0], [200.0, 760.0], [0.0, 760.0], [0.0, 560.0]], [[656.8178497060474, 480.0], [656.8178497060474, 760.0], [476.81784970604735, 760.0], [476.81784970604735, 480.0], [656.8178497060474, 480.0]], [[0.0, 0.0], [280.0, 0.0], [140.0, 140.0], [0.0, 0.0]], [[556.8178497060474, 480.0], [376.81784970604735, 480.0], [556.8178497060474, 200.0], [556.8178497060474, 480.0]], [[200.0, 480.0], [480.0, 480.0], [480.0, 760.0], [200.0, 760.0], [200.0, 480.0]], [[268.4089248530237, 11.591075146976323], [468.4089248530237, 91.59107514697632], [468.4089248530237, 191.59107514697632], [268.4089248530237, 191.59107514697632], [268.4089248530237, 11.591075146976323]], [[556.8178497060474, 280.0], [656.8178497060474, 280.0], [656.8178497060474, 460.0], [556.8178497060474, 460.0], [556.8178497060474, 280.0]], [[376.81784970604735, 0.0], [656.8178497060474, 0.0], [656.8178497060474, 280.0], [376.81784970604735, 0.0]], [[0.0, 360.0], [0.0, 160.0], [200.0, 160.0], [280.0, 360.0], [0.0, 360.0]], [[231.1375260288341, 457.7249479423318], [311.1375260288341, 297.7249479423318], [391.1375260288341, 457.7249479423318], [231.1375260288341, 457.7249479423318]], [[267.93787282584833, 191.59107514697632], [547.9378728258483, 191.59107514697632], [407.93787282584833, 431.5910751469763], [267.93787282584833, 191.59107514697632]]]"
Wed Jul 22 22:51:56 2020,2,1,True,663.3860282031078,0.8592282257495542,"[0, 0, 0, 0, 3, 0, 2, 1, 2, 0, 2, 3]","[[[0.0, 0.0], [200.0, 0.0], [200.0, 200.0], [0.0, 200.0], [0.0, 0.0]], [[200.0, 0.0], [400.0, 0.0], [400.0, 200.0], [200.0, 200.0], [200.0, 0.0]], [[383.3860282031078, 406.6455887187569], [663.3860282031078, 406.6455887187569], [663.3860282031078, 586.6455887187569], [383.3860282031078, 586.6455887187569], [383.3860282031078, 406.6455887187569]], [[383.3860282031078, 586.6455887187569], [663.3860282031078, 586.6455887187569], [523.3860282031078, 726.6455887187569], [383.3860282031078, 586.6455887187569]], [[182.85714285714286, 480.0], [2.857142857142861, 480.0], [182.85714285714286, 200.0], [182.85714285714286, 480.0]], [[0.0, 480.0], [280.0, 480.0], [280.0, 760.0], [0.0, 760.0], [0.0, 480.0]], [[663.3860282031078, 180.0], [463.3860282031078, 100.0], [463.3860282031078, 0.0], [663.3860282031078, 0.0], [663.3860282031078, 180.0]], [[647.9522091629931, 303.3860282031078], [647.9522091629931, 403.3860282031078], [467.9522091629931, 403.3860282031078], [467.9522091629931, 303.3860282031078], [647.9522091629931, 303.3860282031078]], [[556.7404394843509, 760.0], [276.7404394843509, 760.0], [276.7404394843509, 480.0], [556.7404394843509, 760.0]], [[200.0, 200.0], [400.0, 200.0], [400.0, 400.0], [200.0, 480.0], [200.0, 200.0]], [[160.0, 200.0], [80.0, 360.0], [0.0, 200.0], [160.0, 200.0]], [[400.0, 343.02481688152045], [400.0, 63.02481688152045], [640.0, 203.02481688152045], [400.0, 343.02481688152045]]]"
Wed Jul 22 22:52:09 2020,2,1,True,670.0198884851388,0.850721015593618,"[0, 0, 0, 3, 3, 0, 1, 1, 0, 0, 3, 2]","[[[0.0, 460.0], [200.0, 460.0], [200.0, 660.0], [0.0, 660.0], [0.0, 460.0]], [[440.0, 313.33333333333314], [640.0, 313.33333333333314], [640.0, 513.3333333333331], [440.0, 513.3333333333331], [440.0, 313.33333333333314]], [[0.0, 0.0], [280.0, 0.0], [280.0, 180.0], [0.0, 180.0], [0.0, 0.0]], [[280.0, 280.0], [280.0, 0.0], [420.0, 140.0], [280.0, 280.0]], [[661.4285714285713, 760.0], [481.42857142857133, 760.0], [661.4285714285713, 480.0], [661.4285714285713, 760.0]], [[0.0, 180.0], [280.0, 180.0], [280.0, 460.0], [0.0, 460.0], [0.0, 180.0]], [[580.0, 513.3333333333331], [500.0, 713.3333333333331], [400.0, 713.3333333333331], [400.0, 513.3333333333331], [580.0, 513.3333333333331]], [[180.0, 660.0], [180.0, 760.0], [0.0, 760.0], [0.0, 660.0], [180.0, 660.0]], [[385.555555555556, 0.0], [665.555555555556, 0.0], [665.555555555556, 280.0], [385.555555555556, 0.0]], [[200.0, 471.46278711053674], [400.0, 471.46278711053674], [400.0, 671.4627871105367], [200.0, 751.4627871105367], [200.0, 471.46278711053674]], [[440.0, 491.46278711053674], [280.0, 411.46278711053674], [440.0, 331.46278711053674], [440.0, 491.46278711053674]], [[598.8888888888891, 313.33333333333314], [318.88888888888914, 313.33333333333314], [458.88888888888914, 73.33333333333314], [598.8888888888891, 313.33333333333314]]]"
Wed Jul 22 22:52:25 2020,2,0,True,643.2190929457332,0.8861677245766855,"[0, 0, 1, 1, 1, 0, 2, 1, 0, 3, 1, 2]","[[[443.2190929457332, 560.0], [643.2190929457332, 560.0], [643.2190929457332, 760.0], [443.2190929457332, 760.0], [443.2190929457332, 560.0]], [[0.0, 0.0], [200.0, 0.0], [200.0, 200.0], [0.0, 200.0], [0.0, 0.0]], [[643.2190929457332, 280.0], [643.2190929457332, 560.0], [463.2190929457332, 560.0], [463.2190929457332, 280.0], [643.2190929457332, 280.0]], [[141.49694222870056, 480.0], [141.49694222870056, 760.0], [1.4969422287005614, 620.0], [141.49694222870056, 480.0]], [[0.0, 300.0], [180.0, 300.0], [0.0, 580.0], [0.0, 300.0]], [[163.21909294573322, 479.99999999999955], [443.2190929457332, 479.99999999999955], [443.2190929457332, 759.9999999999995], [163.21909294573322, 759.9999999999995], [163.21909294573322, 479.99999999999955]], [[643.2190929457332, 180.0], [443.2190929457332, 100.0], [443.2190929457332, 0.0], [643.2190929457332, 0.0], [643.2190929457332, 180.0]], [[180.0, 200.0], [180.0, 300.0], [0.0, 300.0], [0.0, 200.0], [180.0, 200.0]], [[183.21909294573322, 200.0], [463.2190929457332, 200.0], [463.2190929457332, 480.0], [183.21909294573322, 200.0]], [[200.0, 200.0], [200.0, 0.0], [400.0, 0.0], [480.0, 200.0], [200.0, 200.0]], [[480.0, 114.71236282170668], [640.0, 194.71236282170668], [480.0, 274.7123628217067], [480.0, 114.71236282170668]], [[363.21909294573277, 479.99999999999955], [83.21909294573277, 479.99999999999955], [223.21909294573277, 239.99999999999955], [363.21909294573277, 479.99999999999955]]]"
Wed Jul 22 22:54:12 2020,2,5,False,649.6512838751905,0.8773937867095896,"[0, 0, 1, 3, 2, 0, 0, 1, 1, 2, 0, 3]","[[[0.0, 6.652746080234664], [200.0, 6.652746080234664], [200.0, 206.65274608023466], [0.0, 206.65274608023466], [0.0, 6.652746080234664]], [[255.4846172085239, 474.16666666666663], [455.4846172085239, 474.16666666666663], [455.4846172085239, 674.1666666666666], [255.4846172085239, 674.1666666666666], [255.4846172085239, 474.16666666666663]], [[649.6512838751905, 0.0], [649.6512838751905, 280.0], [469.65128387519053, 280.0], [469.65128387519053, 0.0], [649.6512838751905, 0.0]], [[455.4846172085239, 731.560259146119], [455.4846172085239, 451.56025914611905], [595.4846172085239, 591.560259146119], [455.4846172085239, 731.560259146119]], [[469.65128387519053, 0.0], [469.65128387519053, 180.0], [189.65128387519053, 0.0], [469.65128387519053, 0.0]], [[0.0, 480.0], [280.0, 480.0], [280.0, 760.0], [0.0, 760.0], [0.0, 480.0]], [[0.0, 302.6527460802347], [200.0, 382.6527460802347], [200.0, 482.6527460802347], [0.0, 482.6527460802347], [0.0, 302.6527460802347]], [[190.0, 206.6527460802347], [190.0, 306.6527460802347], [10.0, 306.6527460802347], [10.0, 206.6527460802347], [190.0, 206.6527460802347]], [[649.6512838751905, 480.0], [649.6512838751905, 760.0], [369.65128387519053, 760.0], [649.6512838751905, 480.0]], [[400.0, 474.16666666666663], [200.0, 474.16666666666663], [200.0, 274.16666666666663], [400.0, 194.16666666666663], [400.0, 474.16666666666663]], [[478.0910247290714, 474.16666666666663], [558.0910247290715, 314.16666666666663], [638.0910247290715, 474.16666666666663], [478.0910247290714, 474.16666666666663]], [[190.0, 294.5098889373775], [190.0, 14.509888937377525], [430.0, 154.50988893737753], [190.0, 294.5098889373775]]]"
Wed Jul 22 22:56:07 2020,2,5,False,656.1477967139424,0.8687067195144452,"[0, 0, 1, 1, 1, 0, 1, 1, 1, 3, 1, 1]","[[[400.0, 560.0], [600.0, 560.0], [600.0, 760.0], [400.0, 760.0], [400.0, 560.0]], [[200.0, 560.0], [400.0, 560.0], [400.0, 760.0], [200.0, 760.0], [200.0, 560.0]], [[180.0, 0.0], [180.0, 280.0], [0.0, 280.0], [0.0, 0.0], [180.0, 0.0]], [[296.1477967139424, 280.0], [296.1477967139424, 560.0], [156.1477967139424, 420.0], [296.1477967139424, 280.0]], [[0.0, 480.0], [180.0, 480.0], [0.0, 760.0], [0.0, 480.0]], [[176.1477967139424, 0.0], [456.1477967139424, 0.0], [456.1477967139424, 280.0], [176.1477967139424, 280.0], [176.1477967139424, 0.0]], [[212.1477967139424, 280.0], [132.1477967139424, 480.0], [32.1477967139424, 480.0], [32.1477967139424, 280.0], [212.1477967139424, 280.0]], [[636.1477967139424, 0.0], [636.1477967139424, 100.0], [456.1477967139424, 100.0], [456.1477967139424, 0.0], [636.1477967139424, 0.0]], [[656.1477967139424, 480.0], [656.1477967139424, 760.0], [376.1477967139424, 760.0], [656.1477967139424, 480.0]], [[296.1477967139424, 560.0], [296.1477967139424, 360.0], [496.1477967139424, 360.0], [576.1477967139424, 560.0], [296.1477967139424, 560.0]], [[456.1477967139424, 100.0], [616.1477967139424, 180.0], [456.1477967139424, 260.0], [456.1477967139424, 100.0]], [[656.1477967139424, 169.78991845350345], [656.1477967139424, 449.78991845350345], [416.1477967139424, 309.78991845350345], [656.1477967139424, 169.78991845350345]]]"
Wed Jul 22 22:56:31 2020,2,1,True,662.7092746810819,0.8601056628855893,"[0, 0, 1, 0, 3, 0, 2, 1, 1, 3, 2, 3]","[[[461.4840219945944, 560.0], [661.4840219945944, 560.0], [661.4840219945944, 760.0], [461.4840219945944, 760.0], [461.4840219945944, 560.0]], [[261.4840219945944, 560.0], [461.4840219945944, 560.0], [461.4840219945944, 760.0], [261.4840219945944, 760.0], [261.4840219945944, 560.0]], [[662.7092746810819, 0.0], [662.7092746810819, 280.0], [482.70927468108187, 280.0], [482.70927468108187, 0.0], [662.7092746810819, 0.0]], [[382.70927468108187, 280.0], [662.7092746810819, 280.0], [522.7092746810819, 420.0], [382.70927468108187, 280.0]], [[261.4840219945944, 760.0], [81.4840219945944, 760.0], [261.4840219945944, 480.0], [261.4840219945944, 760.0]], [[200.0, 0.0], [480.0, 0.0], [480.0, 280.0], [200.0, 280.0], [200.0, 0.0]], [[200.0, 180.0], [0.0, 100.0], [0.0, 0.0], [200.0, 0.0], [200.0, 180.0]], [[180.0, 172.0], [180.0, 272.0], [0.0, 272.0], [0.0, 172.0], [180.0, 172.0]], [[662.7092746810819, 280.0], [662.7092746810819, 560.0], [382.70927468108187, 560.0], [662.7092746810819, 280.0]], [[182.70927468108187, 480.0], [182.70927468108187, 280.0], [382.70927468108187, 280.0], [462.70927468108187, 480.0], [182.70927468108187, 480.0]], [[180.42356039536753, 272.0], [100.42356039536753, 432.0], [20.42356039536753, 272.0], [180.42356039536753, 272.0]], [[0.0, 653.4195897693689], [0.0, 373.41958976936894], [240.0, 513.4195897693689], [0.0, 653.4195897693689]]]"
Wed Jul 22 22:57:18 2020,2,3,True,669.3363674278927,0.8515897652332567,"[0, 0, 1, 3, 1, 0, 1, 1, 1, 1, 2, 2]","[[[180.0, 280.0], [380.0, 280.0], [380.0, 480.0], [180.0, 480.0], [180.0, 280.0]], [[460.0, 0.0], [660.0, 0.0], [660.0, 200.0], [460.0, 200.0], [460.0, 0.0]], [[180.0, 280.0], [180.0, 560.0], [0.0, 560.0], [0.0, 280.0], [180.0, 280.0]], [[389.99999999999994, 726.2009036938384], [389.99999999999994, 446.2009036938384], [530.0, 586.2009036938384], [389.99999999999994, 726.2009036938384]], [[280.0, 0.0], [460.0, 0.0], [280.0, 280.0], [280.0, 0.0]], [[0.0, 0.0], [280.0, 0.0], [280.0, 280.0], [0.0, 280.0], [0.0, 0.0]], [[180.0, 560.0], [100.0, 760.0], [0.0, 760.0], [0.0, 560.0], [180.0, 560.0]], [[620.0, 396.2009036938384], [620.0, 496.2009036938384], [440.0, 496.2009036938384], [440.0, 396.2009036938384], [620.0, 396.2009036938384]], [[651.2319118872036, 464.9689918066349], [651.2319118872036, 744.9689918066349], [371.23191188720364, 744.9689918066349], [651.2319118872036, 464.9689918066349]], [[628.0, 200.0], [628.0, 400.0], [428.0, 400.0], [348.0, 200.0], [628.0, 200.0]], [[389.99999999999994, 480.0], [309.99999999999994, 640.0], [229.99999999999994, 480.0], [389.99999999999994, 480.0]], [[380.0, 760.0], [100.0, 760.0], [240.0, 520.0], [380.0, 760.0]]]"
Wed Jul 22 22:57:40 2020,2,1,True,676.0297311021716,0.8431581833992641,"[0, 0, 0, 1, 1, 0, 1, 1, 3, 0, 0, 2]","[[[0.0, 560.0], [200.0, 560.0], [200.0, 760.0], [0.0, 760.0], [0.0, 560.0]], [[296.0297311021716, 0.0], [496.0297311021716, 0.0], [496.0297311021716, 200.0], [296.0297311021716, 200.0], [296.0297311021716, 0.0]], [[200.0, 580.0], [480.0, 580.0], [480.0, 760.0], [200.0, 760.0], [200.0, 580.0]], [[621.7298129070341, 174.29991819513748], [621.7298129070341, 454.2999181951375], [481.7298129070341, 314.2999181951375], [621.7298129070341, 174.29991819513748]], [[284.10247967415637, 200.0], [464.10247967415637, 200.0], [284.10247967415637, 480.0], [284.10247967415637, 200.0]], [[0.0, 0.0], [280.0, 0.0], [280.0, 280.0], [0.0, 280.0], [0.0, 0.0]], [[676.0297311021716, 0.0], [596.0297311021716, 200.0], [496.0297311021716, 200.0], [496.0297311021716, 0.0], [676.0297311021716, 0.0]], [[475.5579672827979, 480.0], [475.5579672827979, 580.0], [295.5579672827979, 580.0], [295.5579672827979, 480.0], [475.5579672827979, 480.0]], [[0.0, 560.0], [0.0, 280.0], [280.0, 280.0], [0.0, 560.0]], [[476.0297311021716, 480.0], [676.0297311021716, 480.0], [676.0297311021716, 680.0], [476.0297311021716, 760.0], [476.0297311021716, 480.0]], [[135.55796728279788, 504.4420327172021], [215.55796728279788, 344.4420327172021], [295.5579672827979, 504.4420327172021], [135.55796728279788, 504.4420327172021]], [[578.3881939598707, 480.0000000000001], [298.3881939598707, 480.0000000000001], [438.3881939598707, 240.0000000000001], [578.3881939598707, 480.0000000000001]]]"
Wed Jul 22 22:57:52 2020,2,1,True,682.7900284131933,0.8348100825735287,"[0, 0, 0, 0, 2, 0, 1, 0, 0, 2, 0, 2]","[[[0.0, 560.0], [200.0, 560.0], [200.0, 760.0], [0.0, 760.0], [0.0, 560.0]], [[280.0, 0.0], [480.0, 0.0], [480.0, 200.0], [280.0, 200.0], [280.0, 0.0]], [[402.79002841319334, 300.0], [682.7900284131933, 300.0], [682.7900284131933, 480.0], [402.79002841319334, 480.0], [402.79002841319334, 300.0]], [[200.0, 197.41935483870964], [480.0, 197.41935483870964], [340.0, 337.41935483870964], [200.0, 197.41935483870964]], [[280.0, 0.0], [280.0, 180.0], [0.0, 0.0], [280.0, 0.0]], [[0.0, 277.41935483870964], [280.0, 277.41935483870964], [280.0, 557.4193548387096], [0.0, 557.4193548387096], [0.0, 277.41935483870964]], [[380.0, 560.0], [300.0, 760.0], [200.0, 760.0], [200.0, 560.0], [380.0, 560.0]], [[280.0, 337.41935483870964], [380.0, 337.41935483870964], [380.0, 517.4193548387096], [280.0, 517.4193548387096], [280.0, 337.41935483870964]], [[402.79002841319334, 480.0], [682.7900284131933, 480.0], [682.7900284131933, 760.0], [402.79002841319334, 480.0]], [[680.0, 300.0], [480.0, 300.0], [480.0, 100.0], [680.0, 20.0], [680.0, 300.0]], [[0.0, 211.42857142857142], [80.0, 51.428571428571416], [160.0, 211.42857142857142], [0.0, 211.42857142857142]], [[580.0, 760.0], [300.0, 760.0], [440.0, 520.0], [580.0, 760.0]]]"
Wed Jul 22 22:58:11 2020,2,1,True,689.6179286973253,0.8265446362114146,"[0, 0, 1, 1, 1, 0, 1, 0, 1, 0, 0, 3]","[[[478.33557013380835, 560.0], [678.3355701338083, 560.0], [678.3355701338083, 760.0], [478.33557013380835, 760.0], [478.33557013380835, 560.0]], [[0.0, 0.0], [200.0, 0.0], [200.0, 200.0], [0.0, 200.0], [0.0, 0.0]], [[680.0, 280.0], [680.0, 560.0], [500.0, 560.0], [500.0, 280.0], [680.0, 280.0]], [[664.0, 0.0], [664.0, 280.0], [524.0, 140.0], [664.0, 0.0]], [[295.4784272766655, 480.0], [475.4784272766655, 480.0], [295.4784272766655, 760.0], [295.4784272766655, 480.0]], [[15.478427276665514, 480.0], [295.4784272766655, 480.0], [295.4784272766655, 760.0], [15.478427276665514, 760.0], [15.478427276665514, 480.0]], [[580.0, 0.0], [500.0, 200.0], [400.0, 200.0], [400.0, 0.0], [580.0, 0.0]], [[399.99999999999994, 200.0], [499.99999999999994, 200.0], [499.99999999999994, 380.0], [399.99999999999994, 380.0], [399.99999999999994, 200.0]], [[399.99999999999994, 200.0], [399.99999999999994, 480.0], [119.99999999999994, 480.0], [399.99999999999994, 200.0]], [[200.0, 0.0], [400.0, 0.0], [400.0, 200.0], [200.0, 280.0], [200.0, 0.0]], [[318.3355701338084, 760.0], [398.3355701338084, 600.0], [478.3355701338084, 760.0], [318.3355701338084, 760.0]], [[0.0, 480.0], [0.0, 200.0], [240.0, 340.0], [0.0, 480.0]]]"
Wed Jul 22 22:58:14 2020,2,0,True,662.0332115494323,0.8609839960535569,"[0, 0, 1, 0, 1, 0, 1, 0, 1, 3, 0, 3]","[[[462.0332115494323, 527.3952828312476], [662.0332115494323, 527.3952828312476], [662.0332115494323, 727.3952828312476], [462.0332115494323, 727.3952828312476], [462.0332115494323, 527.3952828312476]], [[0.0, 0.0], [200.0, 0.0], [200.0, 200.0], [0.0, 200.0], [0.0, 0.0]], [[660.0, 200.0], [660.0, 480.0], [480.0, 480.0], [480.0, 200.0], [660.0, 200.0]], [[99.99999999999997, 200.0], [380.0, 200.0], [239.99999999999997, 340.0], [99.99999999999997, 200.0]], [[295.4784272766655, 480.0], [475.4784272766655, 480.0], [295.4784272766655, 760.0], [295.4784272766655, 480.0]], [[15.478427276665514, 480.0], [295.4784272766655, 480.0], [295.4784272766655, 760.0], [15.478427276665514, 760.0], [15.478427276665514, 480.0]], [[660.0, 0.0], [580.0, 200.0], [480.0, 200.0], [480.0, 0.0], [660.0, 0.0]], [[380.0, 200.0], [480.0, 200.0], [480.0, 380.0], [380.0, 380.0], [380.0, 200.0]], [[380.0, 200.0], [380.0, 480.0], [100.0, 480.0], [380.0, 200.0]], [[200.0, 200.0], [200.0, 0.0], [400.0, 0.0], [480.0, 200.0], [200.0, 200.0]], [[318.3355701338084, 760.0], [398.3355701338084, 600.0], [478.3355701338084, 760.0], [318.3355701338084, 760.0]], [[0.0, 480.0], [0.0, 200.0], [240.0, 340.0], [0.0, 480.0]]]"
Wed Jul 22 22:58:59 2020,2,3,True,668.6535436649266,0.8524594020332247,"[0, 0, 1, 0, 2, 0, 0, 0, 1, 0, 0, 3]","[[[468.6535436649266, 560.0], [668.6535436649266, 560.0], [668.6535436649266, 760.0], [468.6535436649266, 760.0], [468.6535436649266, 560.0]], [[180.0, 268.59316112288934], [380.0, 268.59316112288934], [380.0, 468.59316112288934], [180.0, 468.59316112288934], [180.0, 268.59316112288934]], [[180.0, 175.50012662285155], [180.0, 455.50012662285155], [0.0, 455.50012662285155], [0.0, 175.50012662285155], [180.0, 175.50012662285155]], [[100.0, 468.6535436649266], [380.0, 468.6535436649266], [240.0, 608.6535436649266], [100.0, 468.6535436649266]], [[397.74397158661657, 0.0], [397.74397158661657, 180.0], [117.74397158661657, 0.0], [397.74397158661657, 0.0]], [[388.6535436649266, 280.0], [668.6535436649266, 280.0], [668.6535436649266, 560.0], [388.6535436649266, 560.0], [388.6535436649266, 280.0]], [[180.0, 88.59316112288934], [380.0, 168.59316112288934], [380.0, 268.59316112288934], [180.0, 268.59316112288934], [180.0, 88.59316112288934]], [[368.6535436649266, 560.0], [468.6535436649266, 560.0], [468.6535436649266, 740.0], [368.6535436649266, 740.0], [368.6535436649266, 560.0]], [[368.6535436649266, 480.0], [368.6535436649266, 760.0], [88.65354366492659, 760.0], [368.6535436649266, 480.0]], [[397.74397158661657, 0.0], [597.7439715866166, 0.0], [597.7439715866166, 200.0], [397.74397158661657, 280.0], [397.74397158661657, 0.0]], [[0.0, 175.50012662285155], [80.0, 15.500126622851553], [160.0, 175.50012662285155], [0.0, 175.50012662285155]], [[0.0, 748.6535436649266], [0.0, 468.6535436649266], [240.0, 608.6535436649266], [0.0, 748.6535436649266]]]"
Wed Jul 22 22:59:33 2020,2,3,True,675.3400791015758,0.8440192099338858,"[0, 0, 0, 2, 3, 0, 1, 1, 0, 0, 1, 0]","[[[441.90740191832947, 360.0], [641.9074019183295, 360.0], [641.9074019183295, 560.0], [441.90740191832947, 560.0], [441.90740191832947, 360.0]], [[452.0, 560.0], [652.0, 560.0], [652.0, 760.0], [452.0, 760.0], [452.0, 560.0]], [[172.0, 580.0], [452.0, 580.0], [452.0, 760.0], [172.0, 760.0], [172.0, 580.0]], [[551.5714285714287, 168.42857142857133], [271.57142857142867, 168.42857142857133], [411.57142857142867, 28.42857142857133], [551.5714285714287, 168.42857142857133]], [[441.90740191832947, 580.0], [261.90740191832947, 580.0], [441.90740191832947, 300.0], [441.90740191832947, 580.0]], [[0.0, 280.0], [280.0, 280.0], [280.0, 560.0], [0.0, 560.0], [0.0, 280.0]], [[180.0, 560.0], [100.0, 760.0], [0.0, 760.0], [0.0, 560.0], [180.0, 560.0]], [[621.9074019183295, 260.0], [621.9074019183295, 360.0], [441.90740191832947, 360.0], [441.90740191832947, 260.0], [621.9074019183295, 260.0]], [[383.14285714285734, 0.0], [663.1428571428573, 0.0], [663.1428571428573, 280.0], [383.14285714285734, 0.0]], [[0.0, 0.0], [200.0, 0.0], [200.0, 200.0], [0.0, 280.0], [0.0, 0.0]], [[200.0, 0.0], [360.0, 80.0], [200.0, 160.0], [200.0, 0.0]], [[214.91666666666663, 168.42857142857133], [494.91666666666663, 168.42857142857133], [354.91666666666663, 408.42857142857133], [214.91666666666663, 168.42857142857133]]]"
Wed Jul 22 22:59:42 2020,2,0,True,648.3264759375128,0.8791866770144644,"[0, 0, 0, 2, 3, 0, 1, 1, 0, 2, 1, 0]","[[[447.1428571428572, 360.0], [647.1428571428572, 360.0], [647.1428571428572, 560.0], [447.1428571428572, 560.0], [447.1428571428572, 360.0]], [[448.3264759375128, 560.0], [648.3264759375128, 560.0], [648.3264759375128, 760.0], [448.3264759375128, 760.0], [448.3264759375128, 560.0]], [[168.32647593751278, 580.0], [448.3264759375128, 580.0], [448.3264759375128, 760.0], [168.32647593751278, 760.0], [168.32647593751278, 580.0]], [[544.1632379687564, 175.83676203124367], [264.16323796875645, 175.83676203124367], [404.16323796875645, 35.836762031243666], [544.1632379687564, 175.83676203124367]], [[447.1428571428572, 580.0], [267.1428571428572, 580.0], [447.1428571428572, 300.0], [447.1428571428572, 580.0]], [[0.0, 280.0], [280.0, 280.0], [280.0, 560.0], [0.0, 560.0], [0.0, 280.0]], [[180.0, 560.0], [100.0, 760.0], [0.0, 760.0], [0.0, 560.0], [180.0, 560.0]], [[629.4736842105264, 261.1472082730136], [629.4736842105264, 361.1472082730136], [449.47368421052636, 361.1472082730136], [449.47368421052636, 261.1472082730136], [629.4736842105264, 261.1472082730136]], [[368.3264759375128, 0.0], [648.3264759375128, 0.0], [648.3264759375128, 280.0], [368.3264759375128, 0.0]], [[200.0, 280.0], [0.0, 280.0], [0.0, 80.0], [200.0, 0.0], [200.0, 280.0]], [[200.0, 0.0], [360.0, 80.0], [200.0, 160.0], [200.0, 0.0]], [[219.23811118489215, 175.83676203124367], [499.23811118489215, 175.83676203124367], [359.23811118489215, 415.83676203124367], [219.23811118489215, 175.83676203124367]]]"
Wed Jul 22 23:02:09 2020,2,5,False,654.809740696888,0.8704818584301628,"[0, 0, 0, 0, 1, 0, 1, 0, 2, 2, 0, 2]","[[[452.9761904761906, 0.0], [652.9761904761906, 0.0], [652.9761904761906, 200.0], [452.9761904761906, 200.0], [452.9761904761906, 0.0]], [[0.0, 560.0], [200.0, 560.0], [200.0, 760.0], [0.0, 760.0], [0.0, 560.0]], [[374.80974069688796, 280.0], [654.809740696888, 280.0], [654.809740696888, 460.0], [374.80974069688796, 460.0], [374.80974069688796, 280.0]], [[67.40487034844398, 347.404870348444], [347.404870348444, 347.404870348444], [207.40487034844398, 487.404870348444], [67.40487034844398, 347.404870348444]], [[200.0, 0.0], [380.0, 0.0], [200.0, 280.0], [200.0, 0.0]], [[374.80974069688796, 480.0], [654.809740696888, 480.0], [654.809740696888, 760.0], [374.80974069688796, 760.0], [374.80974069688796, 480.0]], [[180.0, 80.0], [100.0, 280.0], [0.0, 280.0], [0.0, 80.0], [180.0, 80.0]], [[200.0, 560.0], [300.0, 560.0], [300.0, 740.0], [200.0, 740.0], [200.0, 560.0]], [[280.0, 560.0], [0.0, 560.0], [0.0, 280.0], [280.0, 560.0]], [[500.0, 760.0], [300.0, 760.0], [300.0, 560.0], [500.0, 480.0], [500.0, 760.0]], [[66.66666666666667, 346.66666666666663], [146.66666666666669, 186.66666666666663], [226.66666666666669, 346.66666666666663], [66.66666666666667, 346.66666666666663]], [[499.6428571428572, 280.0], [219.64285714285722, 280.0], [359.6428571428572, 40.0], [499.6428571428572, 280.0]]]"
Wed Jul 22 23:02:44 2020,2,1,True,661.3578381038568,0.861863226168478,"[0, 0, 0, 1, 1, 0, 1, 1, 1, 1, 0, 2]","[[[0.0, 279.9999999999999], [200.0, 279.9999999999999], [200.0, 479.9999999999999], [0.0, 479.9999999999999], [0.0, 279.9999999999999]], [[280.0, 560.0], [480.0, 560.0], [480.0, 760.0], [280.0, 760.0], [280.0, 560.0]], [[200.0, 279.9999999999999], [480.0, 279.9999999999999], [480.0, 459.9999999999999], [200.0, 459.9999999999999], [200.0, 279.9999999999999]], [[661.3578381038568, 398.6421618961432], [661.3578381038568, 678.6421618961432], [521.3578381038568, 538.6421618961432], [661.3578381038568, 398.6421618961432]], [[0.0, 0.0], [180.0, 0.0], [0.0, 280.0], [0.0, 0.0]], [[0.0, 480.0], [280.0, 480.0], [280.0, 760.0], [0.0, 760.0], [0.0, 480.0]], [[660.0, 280.0], [580.0, 480.0], [480.0, 480.0], [480.0, 280.0], [660.0, 280.0]], [[460.0, 459.9999999999999], [460.0, 559.9999999999999], [280.0, 559.9999999999999], [280.0, 459.9999999999999], [460.0, 459.9999999999999]], [[661.3578381038568, 0.0], [661.3578381038568, 280.0], [381.3578381038568, 280.0], [661.3578381038568, 0.0]], [[457.5558914130577, 3.8019466907991273], [457.5558914130577, 203.80194669079913], [257.5558914130577, 203.80194669079913], [177.55589141305768, 3.8019466907991273], [457.5558914130577, 3.8019466907991273]], [[480.0, 737.2843237922864], [560.0, 577.2843237922864], [640.0, 737.2843237922864], [480.0, 737.2843237922864]], [[294.28571428571433, 279.9999999999999], [14.285714285714334, 279.9999999999999], [154.28571428571433, 39.999999999999886], [294.28571428571433, 279.9999999999999]]]"
Wed Jul 22 23:04:47 2020,2,5,False,667.9714164848954,0.8533299268994832,"[0, 0, 1, 0, 2, 0, 0, 0, 2, 1, 2, 2]","[[[0.0, 0.0], [200.0, 0.0], [200.0, 200.0], [0.0, 200.0], [0.0, 0.0]], [[387.97141648489537, 123.44694654542445], [587.9714164848954, 123.44694654542445], [587.9714164848954, 323.44694654542445], [387.97141648489537, 323.44694654542445], [387.97141648489537, 123.44694654542445]], [[380.0, 0.0], [380.0, 280.0], [200.0, 280.0], [200.0, 0.0], [380.0, 0.0]], [[387.97141648489537, 523.4469465454245], [667.9714164848954, 523.4469465454245], [527.9714164848954, 663.4469465454245], [387.97141648489537, 523.4469465454245]], [[667.9714164848954, 0.0], [667.9714164848954, 180.0], [387.97141648489537, 0.0], [667.9714164848954, 0.0]], [[107.97141648489537, 280.0], [387.97141648489537, 280.0], [387.97141648489537, 560.0], [107.97141648489537, 560.0], [107.97141648489537, 280.0]], [[380.0, 0.0], [580.0, 80.0], [580.0, 180.0], [380.0, 180.0], [380.0, 0.0]], [[0.0, 200.0], [100.0, 200.0], [100.0, 380.0], [0.0, 380.0], [0.0, 200.0]], [[280.0, 745.0938568312492], [0.0, 745.0938568312492], [0.0, 465.09385683124924], [280.0, 745.0938568312492]], [[667.9714164848954, 323.44694654542445], [667.9714164848954, 523.4469465454245], [467.97141648489537, 523.4469465454245], [387.97141648489537, 323.44694654542445], [667.9714164848954, 323.44694654542445]], [[360.0, 580.0], [280.0, 740.0], [200.0, 580.0], [360.0, 580.0]], [[551.3047498182287, 760.0], [271.30474981822874, 760.0], [411.30474981822874, 520.0], [551.3047498182287, 760.0]]]"
Wed Jul 22 23:05:36 2020,2,1,True,674.6511306497443,0.8448811157420625,"[0, 0, 1, 0, 3, 0, 3, 0, 3, 2, 1, 1]","[[[0.0, 486.2525598254996], [200.0, 486.2525598254996], [200.0, 686.2525598254996], [0.0, 686.2525598254996], [0.0, 486.2525598254996]], [[350.50102393019984, 560.0], [550.5010239301998, 560.0], [550.5010239301998, 760.0], [350.50102393019984, 760.0], [350.50102393019984, 560.0]], [[673.0606412509551, 280.0], [673.0606412509551, 560.0], [493.0606412509551, 560.0], [493.0606412509551, 280.0], [673.0606412509551, 280.0]], [[200.0, 300.316553057041], [480.0, 300.316553057041], [340.0, 440.316553057041], [200.0, 300.316553057041]], [[493.06064125095503, 560.0], [313.06064125095503, 560.0], [493.06064125095503, 280.0], [493.06064125095503, 560.0]], [[361.2525598254996, 0.0], [641.2525598254996, 0.0], [641.2525598254996, 280.0], [361.2525598254996, 280.0], [361.2525598254996, 0.0]], [[170.5010239301999, 760.0], [250.5010239301999, 560.0], [350.5010239301999, 560.0], [350.5010239301999, 760.0], [170.5010239301999, 760.0]], [[550.5010239301998, 560.0], [650.5010239301998, 560.0], [650.5010239301998, 740.0], [550.5010239301998, 740.0], [550.5010239301998, 560.0]], [[0.0, 281.5691128825406], [0.0, 1.569112882540594], [280.0, 1.569112882540594], [0.0, 281.5691128825406]], [[200.0, 486.2525598254996], [0.0, 486.2525598254996], [0.0, 286.2525598254996], [200.0, 206.2525598254996], [200.0, 486.2525598254996]], [[200.0, 370.316553057041], [360.0, 450.316553057041], [200.0, 530.316553057041], [200.0, 370.316553057041]], [[361.2525598254996, 20.316553057041006], [361.2525598254996, 300.316553057041], [121.25255982549959, 160.316553057041], [361.2525598254996, 20.316553057041006]]]"
Wed Jul 22 23:05:59 2020,2,1,True,681.3976419562418,0.8365159561802599,"[0, 0, 0, 1, 3, 0, 3, 0, 2, 2, 1, 0]","[[[0.0, 560.0], [200.0, 560.0], [200.0, 760.0], [0.0, 760.0], [0.0, 560.0]], [[0.0, 360.0], [200.0, 360.0], [200.0, 560.0], [0.0, 560.0], [0.0, 360.0]], [[400.0, 580.0], [680.0, 580.0], [680.0, 760.0], [400.0, 760.0], [400.0, 580.0]], [[200.0, 0.0], [200.0, 280.0], [60.0, 140.0], [200.0, 0.0]], [[681.3976419562418, 380.0], [501.39764195624184, 380.0], [681.3976419562418, 100.0], [681.3976419562418, 380.0]], [[200.0, 0.0], [480.0, 0.0], [480.0, 280.0], [200.0, 280.0], [200.0, 0.0]], [[425.0, 580.0], [505.0, 380.0], [605.0, 380.0], [605.0, 580.0], [425.0, 580.0]], [[529.9690705276704, 0.0], [629.9690705276704, 0.0], [629.9690705276704, 180.0], [529.9690705276704, 180.0], [529.9690705276704, 0.0]], [[280.0, 360.0], [0.0, 360.0], [0.0, 80.0], [280.0, 360.0]], [[400.0, 760.0], [200.0, 760.0], [200.0, 560.0], [400.0, 480.0], [400.0, 760.0]], [[200.0, 375.95725011215313], [360.0, 455.95725011215313], [200.0, 535.9572501121531], [200.0, 375.95725011215313]], [[283.4005190156192, 280.0], [563.4005190156192, 280.0], [423.4005190156192, 520.0], [283.4005190156192, 280.0]]]"
Wed Jul 22 23:06:33 2020,2,1,True,688.2116183758043,0.8282336199804552,"[0, 0, 0, 0, 1, 0, 0, 0, 3, 2, 1, 1]","[[[488.2116183758043, 0.0], [688.2116183758043, 0.0], [688.2116183758043, 200.0], [488.2116183758043, 200.0], [488.2116183758043, 0.0]], [[477.1428571428571, 200.0], [677.1428571428571, 200.0], [677.1428571428571, 400.0], [477.1428571428571, 400.0], [477.1428571428571, 200.0]], [[180.0, 0.0], [460.0, 0.0], [460.0, 180.0], [180.0, 180.0], [180.0, 0.0]], [[64.40442079038553, 201.76176831615408], [344.40442079038553, 201.76176831615408], [204.40442079038553, 341.7617683161541], [64.40442079038553, 201.76176831615408]], [[0.0, 0.0], [180.0, 0.0], [0.0, 280.0], [0.0, 0.0]], [[400.0, 480.0], [680.0, 480.0], [680.0, 760.0], [400.0, 760.0], [400.0, 480.0]], [[100.0, 299.9999999999999], [300.0, 379.9999999999999], [300.0, 479.9999999999999], [100.0, 479.9999999999999], [100.0, 299.9999999999999]], [[0.0, 280.0], [100.0, 280.0], [100.0, 460.0], [0.0, 460.0], [0.0, 280.0]], [[0.0, 760.0], [0.0, 480.0], [280.0, 480.0], [0.0, 760.0]], [[400.0, 760.0], [200.0, 760.0], [200.0, 560.0], [400.0, 480.0], [400.0, 760.0]], [[300.0, 360.0], [460.0, 440.0], [300.0, 520.0], [300.0, 360.0]], [[477.14285714285717, 170.0], [477.14285714285717, 450.0], [237.14285714285717, 310.0], [477.14285714285717, 170.0]]]"
Wed Jul 22 23:06:48 2020,2,1,True,695.0937345595623,0.8200332871093617,"[0, 0, 1, 1, 3, 0, 3, 0, 3, 1, 1, 1]","[[[0.0, 360.7421567415562], [200.0, 360.7421567415562], [200.0, 560.7421567415562], [0.0, 560.7421567415562], [0.0, 360.7421567415562]], [[0.0, 560.0], [200.0, 560.0], [200.0, 760.0], [0.0, 760.0], [0.0, 560.0]], [[642.6998253386778, 200.0], [642.6998253386778, 480.0], [462.6998253386778, 480.0], [462.6998253386778, 200.0], [642.6998253386778, 200.0]], [[389.1826457932583, 389.1826457932583], [389.1826457932583, 669.1826457932583], [249.1826457932583, 529.1826457932583], [389.1826457932583, 389.1826457932583]], [[199.2578432584438, 360.7421567415562], [19.257843258443813, 360.7421567415562], [199.2578432584438, 80.74215674155619], [199.2578432584438, 360.7421567415562]], [[389.1826457932583, 480.0], [669.1826457932583, 480.0], [669.1826457932583, 760.0], [389.1826457932583, 760.0], [389.1826457932583, 480.0]], [[199.25784325844378, 200.74215674155622], [279.2578432584438, 0.7421567415562151], [379.2578432584438, 0.7421567415562151], [379.2578432584438, 200.74215674155622], [199.25784325844378, 200.74215674155622]], [[200.0, 580.0], [300.0, 580.0], [300.0, 760.0], [200.0, 760.0], [200.0, 580.0]], [[0.0, 280.0], [0.0, 0.0], [280.0, 0.0], [0.0, 280.0]], [[681.8727584607766, 0.0], [681.8727584607766, 200.0], [481.8727584607766, 200.0], [401.8727584607766, 0.0], [681.8727584607766, 0.0]], [[204.99626071492912, 333.3690308715875], [364.9962607149291, 413.3690308715875], [204.99626071492912, 493.3690308715875], [204.99626071492912, 333.3690308715875]], [[462.6998253386778, 152.06766719475297], [462.6998253386778, 432.06766719475297], [222.69982533867778, 292.06766719475297], [462.6998253386778, 152.06766719475297]]]"
Wed Jul 22 23:07:04 2020,2,0,True,667.2899851771798,0.8542013407389184,"[0, 0, 1, 1, 3, 0, 1, 0, 3, 3, 0, 0]","[[[0.0, 0.0], [200.0, 0.0], [200.0, 200.0], [0.0, 200.0], [0.0, 0.0]], [[467.2899851771798, 0.0], [667.2899851771798, 0.0], [667.2899851771798, 200.0], [467.2899851771798, 200.0], [467.2899851771798, 0.0]], [[667.2899851771798, 200.0], [667.2899851771798, 480.0], [487.2899851771798, 480.0], [487.2899851771798, 200.0], [667.2899851771798, 200.0]], [[387.2899851771798, 480.0], [387.2899851771798, 760.0], [247.2899851771798, 620.0], [387.2899851771798, 480.0]], [[247.2899851771798, 760.0], [67.2899851771798, 760.0], [247.2899851771798, 480.0], [247.2899851771798, 760.0]], [[387.2899851771798, 480.0], [667.2899851771798, 480.0], [667.2899851771798, 760.0], [387.2899851771798, 760.0], [387.2899851771798, 480.0]], [[380.0, 0.0], [300.0, 200.0], [200.0, 200.0], [200.0, 0.0], [380.0, 0.0]], [[367.2899851771798, 20.0], [467.2899851771798, 20.0], [467.2899851771798, 200.0], [367.2899851771798, 200.0], [367.2899851771798, 20.0]], [[0.0, 727.2899851771798], [0.0, 447.2899851771798], [280.0, 447.2899851771798], [0.0, 727.2899851771798]], [[0.0, 447.2899851771798], [0.0, 247.2899851771798], [200.0, 247.2899851771798], [280.0, 447.2899851771798], [0.0, 447.2899851771798]], [[302.4141753133118, 480.0], [382.4141753133118, 320.0], [462.4141753133118, 480.0], [302.4141753133118, 480.0]], [[172.41417531331177, 200.0], [452.4141753133118, 200.0], [312.4141753133118, 440.0], [172.41417531331177, 200.0]]]"
Wed Jul 22 23:07:26 2020,2,1,True,673.9628850289516,0.8457439017217014,"[0, 0, 1, 3, 3, 0, 0, 1, 1, 1, 1, 0]","[[[462.2226421199043, 200.0], [662.2226421199043, 200.0], [662.2226421199043, 400.0], [462.2226421199043, 400.0], [462.2226421199043, 200.0]], [[0.0, 0.0], [200.0, 0.0], [200.0, 200.0], [0.0, 200.0], [0.0, 0.0]], [[180.0, 220.0], [180.0, 500.0], [0.0, 500.0], [0.0, 220.0], [180.0, 220.0]], [[180.0, 657.7773578800957], [180.0, 377.7773578800957], [320.0, 517.7773578800957], [180.0, 657.7773578800957]], [[462.2226421199044, 480.0], [282.2226421199044, 480.0], [462.2226421199044, 200.0], [462.2226421199044, 480.0]], [[360.5983857700926, 480.0], [640.5983857700926, 480.0], [640.5983857700926, 760.0], [360.5983857700926, 760.0], [360.5983857700926, 480.0]], [[200.0, 6.301369863013747], [400.0, 86.30136986301375], [400.0, 186.30136986301375], [200.0, 186.30136986301375], [200.0, 6.301369863013747]], [[180.0, 500.0], [180.0, 600.0], [0.0, 600.0], [0.0, 500.0], [180.0, 500.0]], [[360.5983857700926, 480.0], [360.5983857700926, 760.0], [80.59838577009259, 760.0], [360.5983857700926, 480.0]], [[645.4794520547945, 0.0], [645.4794520547945, 200.0], [445.4794520547945, 200.0], [365.4794520547945, 0.0], [645.4794520547945, 0.0]], [[0.598385770092591, 600.0], [160.5983857700926, 680.0], [0.598385770092591, 760.0], [0.598385770092591, 600.0]], [[168.14475207645938, 199.6767178453589], [448.1447520764594, 199.6767178453589], [308.1447520764594, 439.6767178453589], [168.14475207645938, 199.6767178453589]]]"
Wed Jul 22 23:07:36 2020,2,1,True,680.7025138792411,0.8373701997244569,"[0, 0, 1, 0, 1, 0, 1, 0, 2, 1, 0, 2]","[[[467.8860381336224, 180.0], [667.8860381336224, 180.0], [667.8860381336224, 380.0], [467.8860381336224, 380.0], [467.8860381336224, 180.0]], [[460.0, 380.0], [660.0, 380.0], [660.0, 580.0], [460.0, 580.0], [460.0, 380.0]], [[460.0, 200.0], [460.0, 480.0], [280.0, 480.0], [280.0, 200.0], [460.0, 200.0]], [[400.7025138792411, 580.0], [680.7025138792411, 580.0], [540.7025138792411, 720.0], [400.7025138792411, 580.0]], [[0.0, 480.0], [180.0, 480.0], [0.0, 760.0], [0.0, 480.0]], [[0.0, 200.0], [280.0, 200.0], [280.0, 480.0], [0.0, 480.0], [0.0, 200.0]], [[539.8860381336224, 0.0], [459.88603813362243, 200.0], [359.88603813362243, 200.0], [359.88603813362243, 0.0], [539.8860381336224, 0.0]], [[539.8860381336224, 0.0], [639.8860381336224, 0.0], [639.8860381336224, 180.0], [539.8860381336224, 180.0], [539.8860381336224, 0.0]], [[574.2857142857143, 760.0], [294.28571428571433, 760.0], [294.28571428571433, 480.0], [574.2857142857143, 760.0]], [[359.88603813362243, 0.0], [359.88603813362243, 200.0], [159.88603813362243, 200.0], [79.88603813362243, 0.0], [359.88603813362243, 0.0]], [[0.0, 200.0], [80.0, 40.0], [160.0, 200.0], [0.0, 200.0]], [[294.28571428571433, 760.0], [14.285714285714334, 760.0], [154.28571428571433, 520.0], [294.28571428571433, 760.0]]]"
Wed Jul 22 23:07:43 2020,2,0,True,653.4744133240714,0.8722606247129759,"[0, 0, 0, 1, 0, 0, 1, 0, 2, 3, 2, 1]","[[[453.4744133240714, 200.0], [653.4744133240714, 200.0], [653.4744133240714, 400.0], [453.4744133240714, 400.0], [453.4744133240714, 200.0]], [[453.4744133240714, 400.0], [653.4744133240714, 400.0], [653.4744133240714, 600.0], [453.4744133240714, 600.0], [453.4744133240714, 400.0]], [[272.0, 0.0], [552.0, 0.0], [552.0, 180.0], [272.0, 180.0], [272.0, 0.0]], [[429.2233009708738, 330.7766990291261], [429.2233009708738, 610.7766990291261], [289.2233009708738, 470.7766990291261], [429.2233009708738, 330.7766990291261]], [[0.0, 760.0], [0.0, 580.0], [280.0, 760.0], [0.0, 760.0]], [[0.0, 200.0], [280.0, 200.0], [280.0, 480.0], [0.0, 480.0], [0.0, 200.0]], [[460.0, 180.0], [380.0, 380.0], [280.0, 380.0], [280.0, 180.0], [460.0, 180.0]], [[553.4744133240714, 0.0], [653.4744133240714, 0.0], [653.4744133240714, 180.0], [553.4744133240714, 180.0], [553.4744133240714, 0.0]], [[571.6504854368933, 760.0], [291.6504854368933, 760.0], [291.6504854368933, 480.0], [571.6504854368933, 760.0]], [[0.0, 200.0], [0.0, 0.0], [200.0, 0.0], [280.0, 200.0], [0.0, 200.0]], [[651.6504854368933, 600.0], [571.6504854368933, 760.0], [491.6504854368933, 600.0], [651.6504854368933, 600.0]], [[291.6504854368933, 473.20388349514565], [291.6504854368933, 753.2038834951456], [51.65048543689329, 613.2038834951456], [291.6504854368933, 473.20388349514565]]]"
Wed Jul 22 23:08:08 2020,2,1,True,660.0091574573121,0.8636243809039367,"[0, 0, 0, 3, 2, 0, 1, 1, 1, 0, 1, 1]","[[[0.0, 80.0], [200.0, 80.0], [200.0, 280.0], [0.0, 280.0], [0.0, 80.0]], [[180.0, 560.0], [380.0, 560.0], [380.0, 760.0], [180.0, 760.0], [180.0, 560.0]], [[380.0, 580.0], [660.0, 580.0], [660.0, 760.0], [380.0, 760.0], [380.0, 580.0]], [[480.0, 480.0], [480.0, 200.0], [620.0, 340.0], [480.0, 480.0]], [[389.03777223236006, 0.0], [389.03777223236006, 180.0], [109.03777223236006, 0.0], [389.03777223236006, 0.0]], [[0.0, 280.0], [280.0, 280.0], [280.0, 560.0], [0.0, 560.0], [0.0, 280.0]], [[180.0, 560.0], [100.0, 760.0], [0.0, 760.0], [0.0, 560.0], [180.0, 560.0]], [[380.0, 174.19000356491142], [380.0, 274.1900035649114], [200.0, 274.1900035649114], [200.0, 174.19000356491142], [380.0, 174.19000356491142]], [[660.0, 300.0], [660.0, 580.0], [380.0, 580.0], [660.0, 300.0]], [[280.0, 280.0], [480.0, 280.0], [480.0, 480.0], [280.0, 560.0], [280.0, 280.0]], [[389.03777223236006, 0.0], [549.0377722323601, 80.0], [389.03777223236006, 160.0], [389.03777223236006, 0.0]], [[656.8421052631579, 23.15789473684208], [656.8421052631579, 303.1578947368421], [416.8421052631579, 163.15789473684208], [656.8421052631579, 23.15789473684208]]]"
Wed Jul 22 23:09:06 2020,2,3,True,666.6092490318852,0.8550736444593433,"[0, 0, 1, 1, 1, 0, 1, 0, 1, 0, 1, 2]","[[[358.4557930994333, 360.0], [558.4557930994333, 360.0], [558.4557930994333, 560.0], [358.4557930994333, 560.0], [358.4557930994333, 360.0]], [[466.33454287416896, 560.0], [666.334542874169, 560.0], [666.334542874169, 760.0], [466.33454287416896, 760.0], [466.33454287416896, 560.0]], [[180.0, 280.0], [180.0, 560.0], [0.0, 560.0], [0.0, 280.0], [180.0, 280.0]], [[358.4557930994334, 360.1798774008814], [358.4557930994334, 640.1798774008814], [218.45579309943338, 500.1798774008814], [358.4557930994334, 360.1798774008814]], [[180.0, 280.0], [360.0, 280.0], [180.0, 560.0], [180.0, 280.0]], [[0.0, 0.0], [280.0, 0.0], [280.0, 280.0], [0.0, 280.0], [0.0, 0.0]], [[180.0, 560.0], [100.0, 760.0], [0.0, 760.0], [0.0, 560.0], [180.0, 560.0]], [[366.60924903188516, 560.0], [466.60924903188516, 560.0], [466.60924903188516, 740.0], [366.60924903188516, 740.0], [366.60924903188516, 560.0]], [[666.6092490318852, 80.0], [666.6092490318852, 360.0], [386.60924903188516, 360.0], [666.6092490318852, 80.0]], [[279.9482435353966, 0.0], [479.9482435353966, 0.0], [479.9482435353966, 200.0], [279.9482435353966, 280.0], [279.9482435353966, 0.0]], [[479.9482435353966, 0.0], [639.9482435353966, 80.0], [479.9482435353966, 160.0], [479.9482435353966, 0.0]], [[378.2759156985518, 760.0], [98.27591569855178, 760.0], [238.27591569855178, 520.0], [378.2759156985518, 760.0]]]"
Wed Jul 22 23:09:31 2020,2,1,True,673.275341522204,0.846607568771627,"[0, 0, 1, 2, 1, 0, 0, 1, 3, 1, 0, 1]","[[[0.0, 0.0], [200.0, 0.0], [200.0, 200.0], [0.0, 200.0], [0.0, 0.0]], [[0.0, 560.0], [200.0, 560.0], [200.0, 760.0], [0.0, 760.0], [0.0, 560.0]], [[380.0, 480.0], [380.0, 760.0], [200.0, 760.0], [200.0, 480.0], [380.0, 480.0]], [[550.8290437378287, 209.17095626217133], [270.82904373782867, 209.17095626217133], [410.82904373782867, 69.17095626217133], [550.8290437378287, 209.17095626217133]], [[0.0, 200.0], [180.0, 200.0], [0.0, 480.0], [0.0, 200.0]], [[393.27534152220403, 480.0], [673.275341522204, 480.0], [673.275341522204, 760.0], [393.27534152220403, 760.0], [393.27534152220403, 480.0]], [[408.57142857142867, 300.0], [608.5714285714287, 380.0], [608.5714285714287, 480.0], [408.57142857142867, 480.0], [408.57142857142867, 300.0]], [[661.6666666666667, 0.0], [661.6666666666667, 100.0], [481.66666666666674, 100.0], [481.66666666666674, 0.0], [661.6666666666667, 0.0]], [[199.99999999999994, 280.0], [199.99999999999994, 0.0], [479.99999999999994, 0.0], [199.99999999999994, 280.0]], [[408.5714285714286, 280.0], [408.5714285714286, 480.0], [208.5714285714286, 480.0], [128.5714285714286, 280.0], [408.5714285714286, 280.0]], [[0.0, 522.8571428571428], [80.0, 362.8571428571428], [160.0, 522.8571428571428], [0.0, 522.8571428571428]], [[673.275341522204, 137.74394922128567], [673.275341522204, 417.7439492212857], [433.27534152220403, 277.7439492212857], [673.275341522204, 137.74394922128567]]]"
Wed Jul 22 23:09:52 2020,2,1,True,680.0080949374261,0.8382253156154722,"[0, 0, 1, 2, 3, 0, 1, 0, 3, 1, 0, 0]","[[[460.0, 0.0], [660.0, 0.0], [660.0, 200.0], [460.0, 200.0], [460.0, 0.0]], [[0.0, 560.0], [200.0, 560.0], [200.0, 760.0], [0.0, 760.0], [0.0, 560.0]], [[180.0, 0.0], [180.0, 280.0], [0.0, 280.0], [0.0, 0.0], [180.0, 0.0]], [[380.0, 360.0], [100.0, 360.0], [240.0, 220.0], [380.0, 360.0]], [[574.946550048591, 480.0], [394.946550048591, 480.0], [574.946550048591, 200.0], [574.946550048591, 480.0]], [[380.0, 480.0], [660.0, 480.0], [660.0, 760.0], [380.0, 760.0], [380.0, 480.0]], [[380.0, 560.0], [300.0, 760.0], [200.0, 760.0], [200.0, 560.0], [380.0, 560.0]], [[574.946550048591, 200.0], [674.946550048591, 200.0], [674.946550048591, 380.0], [574.946550048591, 380.0], [574.946550048591, 200.0]], [[180.0, 280.0], [180.0, 0.0], [460.0, 0.0], [180.0, 280.0]], [[360.0, 360.0], [360.0, 560.0], [160.0, 560.0], [80.0, 360.0], [360.0, 360.0]], [[0.0, 560.0], [80.0, 400.0], [160.0, 560.0], [0.0, 560.0]], [[280.6608357628766, 200.0], [560.6608357628766, 200.0], [420.6608357628766, 440.0], [280.6608357628766, 200.0]]]"
Wed Jul 22 23:10:15 2020,2,1,True,686.8081758868004,0.8299260550648239,"[0, 0, 1, 2, 1, 0, 3, 0, 0, 2, 2, 3]","[[[464.2857142857142, 0.0], [664.2857142857142, 0.0], [664.2857142857142, 200.0], [464.2857142857142, 200.0], [464.2857142857142, 0.0]], [[264.2857142857143, 0.0], [464.2857142857143, 0.0], [464.2857142857143, 200.0], [264.2857142857143, 200.0], [264.2857142857143, 0.0]], [[460.0, 200.0], [460.0, 480.0], [280.0, 480.0], [280.0, 200.0], [460.0, 200.0]], [[380.0, 760.0], [100.0, 760.0], [240.0, 620.0], [380.0, 760.0]], [[0.0, 0.0], [180.0, 0.0], [0.0, 280.0], [0.0, 0.0]], [[380.0, 480.0], [660.0, 480.0], [660.0, 760.0], [380.0, 760.0], [380.0, 480.0]], [[500.0, 480.0], [580.0, 280.0], [680.0, 280.0], [680.0, 480.0], [500.0, 480.0]], [[280.0, 480.0], [380.0, 480.0], [380.0, 660.0], [280.0, 660.0], [280.0, 480.0]], [[0.0, 380.0], [280.0, 380.0], [280.0, 660.0], [0.0, 380.0]], [[264.2857142857143, 380.0], [64.28571428571428, 380.0], [64.28571428571428, 180.0], [264.2857142857143, 100.0], [264.2857142857143, 380.0]], [[620.0, 200.0], [540.0, 360.0], [460.0, 200.0], [620.0, 200.0]], [[0.0, 760.0], [0.0, 480.0], [240.0, 620.0], [0.0, 760.0]]]"
Wed Jul 22 23:10:43 2020,2,1,True,693.6762576456684,0.8217089654107168,"[0, 0, 1, 2, 2, 0, 2, 0, 1, 0, 1, 3]","[[[459.33584885132836, 0.0], [659.3358488513284, 0.0], [659.3358488513284, 200.0], [459.33584885132836, 200.0], [459.33584885132836, 0.0]], [[259.33584885132836, 0.0], [459.33584885132836, 0.0], [459.33584885132836, 200.0], [259.33584885132836, 200.0], [259.33584885132836, 0.0]], [[460.0, 200.0], [460.0, 480.0], [280.0, 480.0], [280.0, 200.0], [460.0, 200.0]], [[280.0, 296.0], [0.0, 296.0], [140.0, 156.0], [280.0, 296.0]], [[280.0, 296.0], [280.0, 476.0], [0.0, 296.0], [280.0, 296.0]], [[379.33584885132836, 480.0], [659.3358488513284, 480.0], [659.3358488513284, 760.0], [379.33584885132836, 760.0], [379.33584885132836, 480.0]], [[200.0, 180.0], [0.0, 100.0], [0.0, 0.0], [200.0, 0.0], [200.0, 180.0]], [[0.0, 363.41107871720124], [100.0, 363.41107871720124], [100.0, 543.4110787172012], [0.0, 543.4110787172012], [0.0, 363.41107871720124]], [[379.33584885132836, 480.0], [379.33584885132836, 760.0], [99.33584885132836, 760.0], [379.33584885132836, 480.0]], [[460.0, 200.0], [660.0, 200.0], [660.0, 400.0], [460.0, 480.0], [460.0, 200.0]], [[0.0, 600.0], [160.0, 680.0], [0.0, 760.0], [0.0, 600.0]], [[100.0, 651.0], [100.0, 371.0], [340.0, 511.0], [100.0, 651.0]]]"
Wed Jul 22 23:10:43 2020,2,0,True,665.9292073398417,0.8559468389694965,"[0, 0, 1, 2, 2, 0, 2, 0, 1, 0, 1, 3]","[[[459.33584885132836, 0.0], [659.3358488513284, 0.0], [659.3358488513284, 200.0], [459.33584885132836, 200.0], [459.33584885132836, 0.0]], [[259.33584885132836, 0.0], [459.33584885132836, 0.0], [459.33584885132836, 200.0], [259.33584885132836, 200.0], [259.33584885132836, 0.0]], [[460.0, 200.0], [460.0, 480.0], [280.0, 480.0], [280.0, 200.0], [460.0, 200.0]], [[280.0, 296.0], [0.0, 296.0], [140.0, 156.0], [280.0, 296.0]], [[280.0, 296.0], [280.0, 476.0], [0.0, 296.0], [280.0, 296.0]], [[379.33584885132836, 480.0], [659.3358488513284, 480.0], [659.3358488513284, 760.0], [379.33584885132836, 760.0], [379.33584885132836, 480.0]], [[200.0, 180.0], [0.0, 100.0], [0.0, 0.0], [200.0, 0.0], [200.0, 180.0]], [[0.0, 363.41107871720124], [100.0, 363.41107871720124], [100.0, 543.4110787172012], [0.0, 543.4110787172012], [0.0, 363.41107871720124]], [[379.33584885132836, 480.0], [379.33584885132836, 760.0], [99.33584885132836, 760.0], [379.33584885132836, 480.0]], [[460.0, 200.0], [660.0, 200.0], [660.0, 400.0], [460.0, 480.0], [460.0, 200.0]], [[0.0, 600.0], [160.0, 680.0], [0.0, 760.0], [0.0, 600.0]], [[100.0, 651.0], [100.0, 371.0], [340.0, 511.0], [100.0, 651.0]]]"
Wed Jul 22 23:11:01 2020,2,1,True,672.5884994132401,0.8474721177915808,"[0, 0, 1, 1, 0, 0, 1, 0, 2, 3, 0, 0]","[[[0.0, 0.0], [200.0, 0.0], [200.0, 200.0], [0.0, 200.0], [0.0, 0.0]], [[0.0, 200.0], [200.0, 200.0], [200.0, 400.0], [0.0, 400.0], [0.0, 200.0]], [[660.0, 0.0], [660.0, 280.0], [480.0, 280.0], [480.0, 0.0], [660.0, 0.0]], [[364.9396647609076, 470.3183559177263], [364.9396647609076, 750.3183559177263], [224.9396647609076, 610.3183559177263], [364.9396647609076, 470.3183559177263]], [[100.0, 760.0], [100.0, 580.0], [380.0, 760.0], [100.0, 760.0]], [[380.0, 480.0], [660.0, 480.0], [660.0, 760.0], [380.0, 760.0], [380.0, 480.0]], [[380.0, 200.0], [300.0, 400.0], [200.0, 400.0], [200.0, 200.0], [380.0, 200.0]], [[0.0, 579.9999999999999], [100.0, 579.9999999999999], [100.0, 759.9999999999999], [0.0, 759.9999999999999], [0.0, 579.9999999999999]], [[672.5884994132401, 480.0], [392.58849941324013, 480.0], [392.58849941324013, 200.0], [672.5884994132401, 480.0]], [[200.0, 200.0], [200.0, 0.0], [400.0, 0.0], [480.0, 200.0], [200.0, 200.0]], [[0.0, 579.9999999999999], [80.0, 419.9999999999999], [160.0, 579.9999999999999], [0.0, 579.9999999999999]], [[68.3333333333334, 400.0], [348.33333333333337, 400.0], [208.3333333333334, 640.0], [68.3333333333334, 400.0]]]"
Wed Jul 22 23:11:18 2020,2,1,True,679.3143844073726,0.8390813047441393,"[0, 0, 0, 0, 0, 0, 2, 0, 1, 0, 0, 0]","[[[0.0, 0.0], [200.0, 0.0], [200.0, 200.0], [0.0, 200.0], [0.0, 0.0]], [[445.6849594367103, 1.1368683772161603e-13], [645.6849594367103, 1.1368683772161603e-13], [645.6849594367103, 200.0000000000001], [445.6849594367103, 200.0000000000001], [445.6849594367103, 1.1368683772161603e-13]], [[100.0, 579.9999999999999], [380.0, 579.9999999999999], [380.0, 759.9999999999999], [100.0, 759.9999999999999], [100.0, 579.9999999999999]], [[395.9686409656392, 200.0000000000001], [675.9686409656392, 200.0000000000001], [535.9686409656392, 340.0000000000001], [395.9686409656392, 200.0000000000001]], [[199.9999999999993, 284.0313590343602], [199.9999999999993, 104.03135903436021], [479.9999999999993, 284.0313590343602], [199.9999999999993, 284.0313590343602]], [[380.0, 480.0], [660.0, 480.0], [660.0, 760.0], [380.0, 760.0], [380.0, 480.0]], [[399.9999999999993, 184.0313590343602], [199.99999999999932, 104.03135903436021], [199.99999999999932, 4.031359034360207], [399.9999999999993, 4.031359034360207], [399.9999999999993, 184.0313590343602]], [[0.0, 480.0], [100.0, 480.0], [100.0, 660.0], [0.0, 660.0], [0.0, 480.0]], [[679.3143844073726, 200.0], [679.3143844073726, 480.0], [399.3143844073726, 480.0], [679.3143844073726, 200.0]], [[0.0, 200.0], [200.0, 200.0], [200.0, 400.0], [0.0, 480.0], [0.0, 200.0]], [[140.00000000000006, 579.9999999999999], [220.00000000000006, 419.9999999999999], [300.00000000000006, 579.9999999999999], [140.00000000000006, 579.9999999999999]], [[199.99999999999983, 284.03135903436066], [479.99999999999983, 284.03135903436066], [339.99999999999983, 524.0313590343607], [199.99999999999983, 284.03135903436066]]]"
Wed Jul 22 23:11:22 2020,2,0,True,652.1418090310776,0.8740430257751451,"[0, 0, 0, 0, 0, 0, 2, 1, 1, 0, 0, 0]","[[[0.0, 0.0], [200.0, 0.0], [200.0, 200.0], [0.0, 200.0], [0.0, 0.0]], [[445.6849594367103, 1.1368683772161603e-13], [645.6849594367103, 1.1368683772161603e-13], [645.6849594367103, 200.0000000000001], [445.6849594367103, 200.0000000000001], [445.6849594367103, 1.1368683772161603e-13]], [[92.14180903107763, 579.9999999999999], [372.1418090310776, 579.9999999999999], [372.1418090310776, 759.9999999999999], [92.14180903107763, 759.9999999999999], [92.14180903107763, 579.9999999999999]], [[372.1418090310775, 200.0000000000001], [652.1418090310775, 200.0000000000001], [512.1418090310775, 340.0000000000001], [372.1418090310775, 200.0000000000001]], [[200.0, 303.1578947368422], [200.0, 123.1578947368422], [480.0, 303.1578947368422], [200.0, 303.1578947368422]], [[372.1418090310776, 480.0], [652.1418090310776, 480.0], [652.1418090310776, 760.0], [372.1418090310776, 760.0], [372.1418090310776, 480.0]], [[399.9999999999993, 184.0313590343602], [199.99999999999932, 104.03135903436021], [199.99999999999932, 4.031359034360207], [399.9999999999993, 4.031359034360207], [399.9999999999993, 184.0313590343602]], [[180.0, 200.0], [180.0, 300.0], [0.0, 300.0], [0.0, 200.0], [180.0, 200.0]], [[652.1418090310776, 200.0], [652.1418090310776, 480.0], [372.1418090310776, 480.0], [652.1418090310776, 200.0]], [[0.0, 311.2155454204086], [200.0, 311.2155454204086], [200.0, 511.2155454204086], [0.0, 591.2155454204086], [0.0, 311.2155454204086]], [[165.60777271020436, 579.9999999999999], [245.60777271020436, 419.9999999999999], [325.60777271020436, 579.9999999999999], [165.60777271020436, 579.9999999999999]], [[195.2997037679196, 303.1578947368422], [475.2997037679196, 303.1578947368422], [335.2997037679196, 543.1578947368422], [195.2997037679196, 303.1578947368422]]]"
Wed Jul 22 23:11:46 2020,2,1,True,658.6632271213884,0.8653891344308368,"[0, 0, 1, 0, 0, 0, 3, 1, 2, 0, 3, 1]","[[[252.72280333650104, 0.0], [452.72280333650104, 0.0], [452.72280333650104, 200.0], [252.72280333650104, 200.0], [252.72280333650104, 0.0]], [[452.7228033365011, 0.0], [652.7228033365011, 0.0], [652.7228033365011, 200.0], [452.7228033365011, 200.0], [452.7228033365011, 0.0]], [[380.0, 480.0], [380.0, 760.0], [200.0, 760.0], [200.0, 480.0], [380.0, 480.0]], [[274.63785509005356, 200.0], [554.6378550900536, 200.0], [414.63785509005356, 340.0], [274.63785509005356, 200.0]], [[0.0, 217.53534071224934], [0.0, 37.53534071224934], [280.0, 217.53534071224934], [0.0, 217.53534071224934]], [[378.66322712138845, 480.0], [658.6632271213884, 480.0], [658.6632271213884, 760.0], [378.66322712138845, 760.0], [378.66322712138845, 480.0]], [[13.83835178062327, 760.0], [93.83835178062327, 560.0], [193.83835178062327, 560.0], [193.83835178062327, 760.0], [13.83835178062327, 760.0]], [[180.0, 217.5353407122493], [180.0, 317.5353407122493], [0.0, 317.5353407122493], [0.0, 217.5353407122493], [180.0, 217.5353407122493]], [[560.0, 480.0], [280.0, 480.0], [280.0, 200.0], [560.0, 480.0]], [[0.0, 317.5353407122493], [200.0, 317.5353407122493], [200.0, 517.5353407122493], [0.0, 597.5353407122493], [0.0, 317.5353407122493]], [[226.05613666983436, 160.0], [66.05613666983436, 80.0], [226.05613666983436, 0.0], [226.05613666983436, 160.0]], [[657.3189275450268, 197.31892754502672], [657.3189275450268, 477.3189275450267], [417.3189275450268, 337.3189275450267], [657.3189275450268, 197.31892754502672]]]"
Wed Jul 22 23:12:13 2020,2,1,True,665.2498593926024,0.8568209251790463,"[0, 0, 1, 3, 2, 0, 1, 0, 1, 2, 3, 3]","[[[285.2498593926024, 280.0], [485.2498593926024, 280.0], [485.2498593926024, 480.0], [285.2498593926024, 480.0], [285.2498593926024, 280.0]], [[465.2498593926024, 0.0], [665.2498593926024, 0.0], [665.2498593926024, 200.0], [465.2498593926024, 200.0], [465.2498593926024, 0.0]], [[665.2498593926024, 200.0], [665.2498593926024, 480.0], [485.2498593926024, 480.0], [485.2498593926024, 200.0], [665.2498593926024, 200.0]], [[0.0, 465.2498593926024], [0.0, 185.2498593926024], [140.0, 325.2498593926024], [0.0, 465.2498593926024]], [[465.2498593926024, 0.0], [465.2498593926024, 180.0], [185.2498593926024, 0.0], [465.2498593926024, 0.0]], [[385.2498593926024, 480.0], [665.2498593926024, 480.0], [665.2498593926024, 760.0], [385.2498593926024, 760.0], [385.2498593926024, 480.0]], [[197.71081896011026, 2.960678352712648], [117.71081896011026, 202.96067835271265], [17.71081896011026, 202.96067835271265], [17.71081896011026, 2.960678352712648], [197.71081896011026, 2.960678352712648]], [[5.249859392602389, 580.0], [105.24985939260239, 580.0], [105.24985939260239, 760.0], [5.249859392602389, 760.0], [5.249859392602389, 580.0]], [[385.2498593926024, 480.0], [385.2498593926024, 760.0], [105.24985939260239, 760.0], [385.2498593926024, 480.0]], [[285.2498593926024, 580.0], [85.24985939260239, 580.0], [85.24985939260239, 380.0], [285.2498593926024, 300.0], [285.2498593926024, 580.0]], [[217.0571553555782, 313.2875101549787], [57.0571553555782, 233.2875101549787], [217.0571553555782, 153.2875101549787], [217.0571553555782, 313.2875101549787]], [[217.0571553555782, 319.7790773549308], [217.0571553555782, 39.77907735493079], [457.0571553555782, 179.7790773549308], [217.0571553555782, 319.7790773549308]]]"
Wed Jul 22 23:12:43 2020,2,1,True,671.9023579865284,0.8483375496822241,"[0, 0, 0, 3, 3, 0, 0, 1, 1, 3, 2, 0]","[[[280.0, 0.0], [480.0, 0.0], [480.0, 200.0], [280.0, 200.0], [280.0, 0.0]], [[280.0, 200.0], [480.0, 200.0], [480.0, 400.0], [280.0, 400.0], [280.0, 200.0]], [[0.0, 0.0], [280.0, 0.0], [280.0, 180.0], [0.0, 180.0], [0.0, 0.0]], [[480.0, 360.0], [480.0, 80.0], [620.0, 220.0], [480.0, 360.0]], [[671.9023579865284, 760.0], [491.9023579865284, 760.0], [671.9023579865284, 480.0], [671.9023579865284, 760.0]], [[0.0, 180.0], [280.0, 180.0], [280.0, 460.0], [0.0, 460.0], [0.0, 180.0]], [[280.0, 580.0], [480.0, 660.0], [480.0, 760.0], [280.0, 760.0], [280.0, 580.0]], [[355.55555555555554, 460.0], [355.55555555555554, 560.0], [175.55555555555554, 560.0], [175.55555555555554, 460.0], [355.55555555555554, 460.0]], [[670.5305253666841, 202.13396185309125], [670.5305253666841, 482.13396185309125], [390.53052536668406, 482.13396185309125], [670.5305253666841, 202.13396185309125]], [[0.0, 760.0], [0.0, 560.0], [200.0, 560.0], [280.0, 760.0], [0.0, 760.0]], [[640.0, 0.0], [560.0, 160.0], [480.0, 0.0], [640.0, 0.0]], [[376.24481108096984, 482.13396185309125], [656.2448110809698, 482.13396185309125], [516.2448110809698, 722.1339618530913], [376.24481108096984, 482.13396185309125]]]"
Wed Jul 22 23:13:15 2020,2,1,True,678.6213815663937,0.839938168002202,"[0, 0, 0, 0, 1, 0, 1, 1, 1, 0, 3, 2]","[[[0.0, 281.2845209084281], [200.0, 281.2845209084281], [200.0, 481.2845209084281], [0.0, 481.2845209084281], [0.0, 281.2845209084281]], [[0.0, 481.284520908428], [200.0, 481.284520908428], [200.0, 681.284520908428], [0.0, 681.284520908428], [0.0, 481.284520908428]], [[398.62138156639367, 360.0940975251783], [678.6213815663937, 360.0940975251783], [678.6213815663937, 540.0940975251783], [398.62138156639367, 540.0940975251783], [398.62138156639367, 360.0940975251783]], [[198.71547909157192, 280.0], [478.7154790915719, 280.0], [338.7154790915719, 420.0], [198.71547909157192, 280.0]], [[480.0, 0.0], [660.0, 0.0], [480.0, 280.0], [480.0, 0.0]], [[0.0, 0.0], [280.0, 0.0], [280.0, 280.0], [0.0, 280.0], [0.0, 0.0]], [[380.0, 420.0], [300.0, 620.0], [200.0, 620.0], [200.0, 420.0], [380.0, 420.0]], [[606.1403119666049, 536.2405347998944], [606.1403119666049, 636.2405347998944], [426.14031196660494, 636.2405347998944], [426.14031196660494, 536.2405347998944], [606.1403119666049, 536.2405347998944]], [[678.6213815663937, 80.09409752517831], [678.6213815663937, 360.0940975251783], [398.62138156639367, 360.0940975251783], [678.6213815663937, 80.09409752517831]], [[280.0, 0.0], [480.0, 0.0], [480.0, 200.0], [280.0, 280.0], [280.0, 0.0]], [[678.6213815663937, 760.0], [518.6213815663937, 680.0], [678.6213815663937, 600.0], [678.6213815663937, 760.0]], [[498.3333333333333, 760.0], [218.33333333333331, 760.0], [358.3333333333333, 520.0], [498.3333333333333, 760.0]]]"
Wed Jul 22 23:13:48 2020,2,1,True,685.4075953820576,0.8316219485170318,"[0, 0, 1, 1, 3, 0, 1, 0, 1, 0, 2, 2]","[[[480.0, 0.0], [680.0, 0.0], [680.0, 200.0], [480.0, 200.0], [480.0, 0.0]], [[0.0, 280.0], [200.0, 280.0], [200.0, 480.0], [0.0, 480.0], [0.0, 280.0]], [[408.57142857142867, 480.0], [408.57142857142867, 760.0], [228.57142857142867, 760.0], [228.57142857142867, 480.0], [408.57142857142867, 480.0]], [[595.0000000000001, 200.0], [595.0000000000001, 480.0], [455.0000000000001, 340.0], [595.0000000000001, 200.0]], [[228.57142857142864, 760.0], [48.57142857142864, 760.0], [228.57142857142864, 480.0], [228.57142857142864, 760.0]], [[405.4075953820576, 480.0], [685.4075953820576, 480.0], [685.4075953820576, 760.0], [405.4075953820576, 760.0], [405.4075953820576, 480.0]], [[180.0, 480.0], [100.0, 680.0], [0.0, 680.0], [0.0, 480.0], [180.0, 480.0]], [[0.0, 0.0], [100.0, 0.0], [100.0, 180.0], [0.0, 180.0], [0.0, 0.0]], [[280.0, 0.0], [280.0, 280.0], [0.0, 280.0], [280.0, 0.0]], [[280.0, 0.0], [480.0, 0.0], [480.0, 200.0], [280.0, 280.0], [280.0, 0.0]], [[360.0, 280.0], [280.0, 440.0], [200.0, 280.0], [360.0, 280.0]], [[536.6666666666666, 480.0], [256.66666666666663, 480.0], [396.66666666666663, 240.0], [536.6666666666666, 480.0]]]"
Wed Jul 22 23:14:08 2020,2,1,True,692.2616713358782,0.8233880678386453,"[0, 0, 1, 3, 3, 0, 1, 1, 1, 0, 3, 0]","[[[180.0, 200.0], [380.0, 200.0], [380.0, 400.0], [180.0, 400.0], [180.0, 200.0]], [[49.58769628439347, 0.0], [249.58769628439347, 0.0], [249.58769628439347, 200.0], [49.58769628439347, 200.0], [49.58769628439347, 0.0]], [[180.0, 200.0], [180.0, 480.0], [0.0, 480.0], [0.0, 200.0], [180.0, 200.0]], [[380.0, 760.0], [380.0, 480.0], [520.0, 620.0], [380.0, 760.0]], [[180.0, 760.0], [0.0, 760.0], [180.0, 480.0], [180.0, 760.0]], [[381.5876962843935, 120.0], [661.5876962843935, 120.0], [661.5876962843935, 400.0], [381.5876962843935, 400.0], [381.5876962843935, 120.0]], [[429.5876962843935, 0.0], [349.5876962843935, 200.0], [249.58769628439347, 200.0], [249.58769628439347, 0.0], [429.5876962843935, 0.0]], [[601.5876962843935, 20.0], [601.5876962843935, 120.0], [421.5876962843935, 120.0], [421.5876962843935, 20.0], [601.5876962843935, 20.0]], [[692.2616713358782, 480.0], [692.2616713358782, 760.0], [412.2616713358782, 760.0], [692.2616713358782, 480.0]], [[180.0, 400.0], [380.0, 400.0], [380.0, 600.0], [180.0, 680.0], [180.0, 400.0]], [[380.0, 760.0], [220.0, 680.0], [380.0, 600.0], [380.0, 760.0]], [[391.66666666666663, 399.9999999999999], [671.6666666666666, 399.9999999999999], [531.6666666666666, 639.9999999999999], [391.66666666666663, 399.9999999999999]]]"
Wed Jul 22 23:14:23 2020,2,0,True,664.571204482443,0.8576959039985889,"[0, 0, 1, 3, 3, 0, 1, 1, 1, 0, 3, 0]","[[[178.80155249152585, 200.0], [378.80155249152585, 200.0], [378.80155249152585, 400.0], [178.80155249152585, 400.0], [178.80155249152585, 200.0]], [[0.0, 0.0], [200.0, 0.0], [200.0, 200.0], [0.0, 200.0], [0.0, 0.0]], [[180.0, 200.0], [180.0, 480.0], [0.0, 480.0], [0.0, 200.0], [180.0, 200.0]], [[379.8005023167351, 760.0], [379.8005023167351, 480.0], [519.8005023167351, 620.0], [379.8005023167351, 760.0]], [[180.0, 760.0], [0.0, 760.0], [180.0, 480.0], [180.0, 760.0]], [[384.571204482443, 105.7818690982325], [664.571204482443, 105.7818690982325], [664.571204482443, 385.7818690982325], [384.571204482443, 385.7818690982325], [384.571204482443, 105.7818690982325]], [[380.0, 0.0], [300.0, 200.0], [200.0, 200.0], [200.0, 0.0], [380.0, 0.0]], [[557.6872523607069, 5.781869098232505], [557.6872523607069, 105.7818690982325], [377.6872523607069, 105.7818690982325], [377.6872523607069, 5.781869098232505], [557.6872523607069, 5.781869098232505]], [[664.571204482443, 480.0], [664.571204482443, 760.0], [384.571204482443, 760.0], [664.571204482443, 480.0]], [[179.8005023167351, 400.0], [379.8005023167351, 400.0], [379.8005023167351, 600.0], [179.8005023167351, 680.0], [179.8005023167351, 400.0]], [[379.8005023167351, 760.0], [219.8005023167351, 680.0], [379.8005023167351, 600.0], [379.8005023167351, 760.0]], [[378.80155249152585, 385.7818690982325], [658.8015524915259, 385.7818690982325], [518.8015524915259, 625.7818690982325], [378.80155249152585, 385.7818690982325]]]"
Wed Jul 22 23:14:46 2020,2,1,True,671.2169165272675,0.8492038653451375,"[0, 0, 0, 0, 2, 0, 1, 1, 2, 0, 1, 1]","[[[200.0, 180.0], [400.0, 180.0], [400.0, 380.0], [200.0, 380.0], [200.0, 180.0]], [[471.2169165272675, 380.0], [671.2169165272675, 380.0], [671.2169165272675, 580.0], [471.2169165272675, 580.0], [471.2169165272675, 380.0]], [[200.0, 0.0], [480.0, 0.0], [480.0, 180.0], [200.0, 180.0], [200.0, 0.0]], [[188.58026405152123, 388.5802640515212], [468.5802640515212, 388.5802640515212], [328.5802640515212, 528.5802640515212], [188.58026405152123, 388.5802640515212]], [[660.0, 580.0], [660.0, 760.0], [380.0, 580.0], [660.0, 580.0]], [[0.0, 480.0], [280.0, 480.0], [280.0, 760.0], [0.0, 760.0], [0.0, 480.0]], [[180.0, 280.0], [100.0, 480.0], [0.0, 480.0], [0.0, 280.0], [180.0, 280.0]], [[660.0, 0.0], [660.0, 100.0], [480.0, 100.0], [480.0, 0.0], [660.0, 0.0]], [[560.0, 760.0], [280.0, 760.0], [280.0, 480.0], [560.0, 760.0]], [[0.0, 0.0], [200.0, 0.0], [200.0, 200.0], [0.0, 280.0], [0.0, 0.0]], [[400.0, 228.58026405152123], [560.0, 308.5802640515212], [400.0, 388.5802640515212], [400.0, 228.58026405152123]], [[671.2169165272675, 93.4567986924273], [671.2169165272675, 373.4567986924273], [431.2169165272675, 233.4567986924273], [671.2169165272675, 93.4567986924273]]]"
Wed Jul 22 23:15:45 2020,2,3,True,677.9290856925402,0.8407959062823143,"[0, 0, 1, 0, 0, 0, 0, 0, 3, 0, 3, 1]","[[[400.0, 280.0], [600.0, 280.0], [600.0, 480.0], [400.0, 480.0], [400.0, 280.0]], [[200.0, 0.0], [400.0, 0.0], [400.0, 200.0], [200.0, 200.0], [200.0, 0.0]], [[396.7042612858136, 480.0], [396.7042612858136, 760.0], [216.70426128581357, 760.0], [216.70426128581357, 480.0], [396.7042612858136, 480.0]], [[20.00000000000003, 199.56140414295658], [300.0, 199.56140414295658], [160.00000000000003, 339.5614041429566], [20.00000000000003, 199.56140414295658]], [[0.0, 416.7042612858137], [0.0, 236.7042612858137], [280.0, 416.7042612858137], [0.0, 416.7042612858137]], [[396.7042612858136, 479.5614041429566], [676.7042612858136, 479.5614041429566], [676.7042612858136, 759.5614041429566], [396.7042612858136, 759.5614041429566], [396.7042612858136, 479.5614041429566]], [[0.0, 0.0], [200.0, 80.0], [200.0, 180.0], [0.0, 180.0], [0.0, 0.0]], [[116.70426128581357, 580.0], [216.70426128581357, 580.0], [216.70426128581357, 760.0], [116.70426128581357, 760.0], [116.70426128581357, 580.0]], [[0.0, 696.7042612858137], [0.0, 416.7042612858137], [280.0, 416.7042612858137], [0.0, 696.7042612858137]], [[400.0, 0.0], [600.0, 0.0], [600.0, 200.0], [400.0, 280.0], [400.0, 0.0]], [[677.9290856925402, 321.0354571537299], [517.9290856925402, 241.0354571537299], [677.9290856925402, 161.0354571537299], [677.9290856925402, 321.0354571537299]], [[400.0, 199.56140414295658], [400.0, 479.5614041429566], [160.0, 339.5614041429566], [400.0, 199.56140414295658]]]"
Wed Jul 22 23:16:08 2020,2,1,True,684.7083765494656,0.832471194338925,"[0, 0, 0, 3, 2, 0, 2, 1, 1, 2, 0, 0]","[[[0.0, 360.0], [200.0, 360.0], [200.0, 560.0], [0.0, 560.0], [0.0, 360.0]], [[0.0, 560.0], [200.0, 560.0], [200.0, 760.0], [0.0, 760.0], [0.0, 560.0]], [[90.81192226483853, 0.0], [370.81192226483853, 0.0], [370.81192226483853, 180.0], [90.81192226483853, 180.0], [90.81192226483853, 0.0]], [[375.0, 280.0], [375.0, 0.0], [515.0, 140.0], [375.0, 280.0]], [[684.7083765494656, 0.0], [684.7083765494656, 180.0], [404.7083765494656, 0.0], [684.7083765494656, 0.0]], [[400.0, 480.0], [680.0, 480.0], [680.0, 760.0], [400.0, 760.0], [400.0, 480.0]], [[400.0, 639.5176920756683], [200.0, 559.5176920756683], [200.0, 459.51769207566826], [400.0, 459.51769207566826], [400.0, 639.5176920756683]], [[380.0, 631.5176920756683], [380.0, 731.5176920756683], [200.0, 731.5176920756683], [200.0, 631.5176920756683], [380.0, 631.5176920756683]], [[480.0, 179.51769207566826], [480.0, 459.51769207566826], [200.0, 459.51769207566826], [480.0, 179.51769207566826]], [[680.0, 480.0], [480.0, 480.0], [480.0, 280.0], [680.0, 200.0], [680.0, 480.0]], [[0.0, 318.37615547032294], [80.0, 158.37615547032294], [160.0, 318.37615547032294], [0.0, 318.37615547032294]], [[95.0, 180.0], [375.0, 180.0], [235.0, 420.0], [95.0, 180.0]]]"
Wed Jul 22 23:16:54 2020,2,3,True,691.5554603149602,0.8242289052860643,"[0, 0, 1, 2, 2, 0, 3, 0, 3, 0, 1, 1]","[[[11.555460314960214, 560.0], [211.55546031496021, 560.0], [211.55546031496021, 760.0], [11.555460314960214, 760.0], [11.555460314960214, 560.0]], [[491.5554603149602, 242.59264814960653], [691.5554603149602, 242.59264814960653], [691.5554603149602, 442.59264814960653], [491.5554603149602, 442.59264814960653], [491.5554603149602, 242.59264814960653]], [[180.0, 280.0], [180.0, 560.0], [0.0, 560.0], [0.0, 280.0], [180.0, 280.0]], [[691.5554603149602, 243.8731723397084], [411.5554603149602, 243.8731723397084], [551.5554603149602, 103.87317233970839], [691.5554603149602, 243.8731723397084]], [[691.5554603149602, 0.0], [691.5554603149602, 180.0], [411.5554603149602, 0.0], [691.5554603149602, 0.0]], [[411.5554603149602, 463.87317233970816], [691.5554603149602, 463.87317233970816], [691.5554603149602, 743.8731723397082], [411.5554603149602, 743.8731723397082], [411.5554603149602, 463.87317233970816]], [[311.5554603149602, 463.8731723397082], [391.5554603149602, 263.8731723397082], [491.5554603149602, 263.8731723397082], [491.5554603149602, 463.8731723397082], [311.5554603149602, 463.8731723397082]], [[180.0, 297.5561281544565], [280.0, 297.5561281544565], [280.0, 477.5561281544565], [180.0, 477.5561281544565], [180.0, 297.5561281544565]], [[280.0, 375.42863265466843], [280.0, 95.42863265466843], [560.0, 95.42863265466843], [280.0, 375.42863265466843]], [[211.55546031496021, 480.0], [411.5554603149602, 480.0], [411.5554603149602, 680.0], [211.55546031496021, 760.0], [211.55546031496021, 480.0]], [[0.0, 0.0], [160.0, 80.0], [0.0, 160.0], [0.0, 0.0]], [[267.0466374495033, 17.556128154456474], [267.0466374495033, 297.5561281544565], [27.046637449503294, 157.55612815445647], [267.0466374495033, 17.556128154456474]]]"
Wed Jul 22 23:17:07 2020,2,1,True,698.4710149181099,0.8160682230555093,"[0, 0, 1, 1, 1, 0, 0, 1, 2, 0, 3, 0]","[[[480.0, 179.9999999999999], [680.0, 179.9999999999999], [680.0, 379.9999999999999], [480.0, 379.9999999999999], [480.0, 179.9999999999999]], [[0.0, 0.0], [200.0, 0.0], [200.0, 200.0], [0.0, 200.0], [0.0, 0.0]], [[180.0, 200.0], [180.0, 480.0], [0.0, 480.0], [0.0, 200.0], [180.0, 200.0]], [[663.8932419023618, 480.0], [663.8932419023618, 760.0], [523.8932419023618, 620.0], [663.8932419023618, 480.0]], [[0.0, 480.0], [180.0, 480.0], [0.0, 760.0], [0.0, 480.0]], [[200.0, 100.0], [480.0, 100.0], [480.0, 380.0], [200.0, 380.0], [200.0, 100.0]], [[480.0, 0.0], [680.0, 80.0], [680.0, 180.0], [480.0, 180.0], [480.0, 0.0]], [[406.4599657133857, 0.0], [406.4599657133857, 100.0], [226.4599657133857, 100.0], [226.4599657133857, 0.0], [406.4599657133857, 0.0]], [[660.0, 760.0], [380.0, 760.0], [380.0, 480.0], [660.0, 760.0]], [[180.0, 383.96083439646077], [380.0, 383.96083439646077], [380.0, 583.9608343964608], [180.0, 663.9608343964608], [180.0, 383.96083439646077]], [[380.0, 743.9608343964608], [220.0, 663.9608343964608], [380.0, 583.9608343964608], [380.0, 743.9608343964608]], [[380.0, 380.0], [660.0, 380.0], [520.0, 620.0], [380.0, 380.0]]]"
Wed Jul 22 23:17:11 2020,2,1,True,705.4557250672909,0.80798833965892,"[0, 0, 0, 1, 1, 0, 0, 1, 2, 0, 0, 0]","[[[480.0, 179.9999999999999], [680.0, 179.9999999999999], [680.0, 379.9999999999999], [480.0, 379.9999999999999], [480.0, 179.9999999999999]], [[200.0, 379.9999999999999], [400.0, 379.9999999999999], [400.0, 579.9999999999999], [200.0, 579.9999999999999], [200.0, 379.9999999999999]], [[0.0, 579.9999999999999], [280.0, 579.9999999999999], [280.0, 759.9999999999999], [0.0, 759.9999999999999], [0.0, 579.9999999999999]], [[680.0, 479.9999999999999], [680.0, 759.9999999999999], [540.0, 619.9999999999999], [680.0, 479.9999999999999]], [[0.0, 0.0], [180.0, 0.0], [0.0, 280.0], [0.0, 0.0]], [[200.0, 99.99999999999989], [480.0, 99.99999999999989], [480.0, 379.9999999999999], [200.0, 379.9999999999999], [200.0, 99.99999999999989]], [[480.0, 0.0], [680.0, 80.0], [680.0, 180.0], [480.0, 180.0], [480.0, 0.0]], [[406.4599657133857, 0.0], [406.4599657133857, 100.0], [226.4599657133857, 100.0], [226.4599657133857, 0.0], [406.4599657133857, 0.0]], [[680.0, 759.9999999999999], [400.0, 759.9999999999999], [400.0, 479.9999999999999], [680.0, 759.9999999999999]], [[0.0, 280.0], [200.0, 280.0], [200.0, 480.0], [0.0, 560.0], [0.0, 280.0]], [[22.857142857142833, 280.0], [102.85714285714283, 120.0], [182.85714285714283, 280.0], [22.857142857142833, 280.0]], [[400.0, 379.9999999999999], [680.0, 379.9999999999999], [540.0, 619.9999999999999], [400.0, 379.9999999999999]]]"
Wed Jul 22 23:17:16 2020,2,0,True,677.2374960645992,0.8416545204780419,"[0, 0, 0, 1, 1, 0, 2, 0, 2, 0, 0, 0]","[[[462.8571428571429, 174.2478587170175], [662.8571428571429, 174.2478587170175], [662.8571428571429, 374.2478587170175], [462.8571428571429, 374.2478587170175], [462.8571428571429, 174.2478587170175]], [[200.0, 279.9999999999999], [400.0, 279.9999999999999], [400.0, 479.9999999999999], [200.0, 479.9999999999999], [200.0, 279.9999999999999]], [[0.0, 579.9999999999999], [280.0, 579.9999999999999], [280.0, 759.9999999999999], [0.0, 759.9999999999999], [0.0, 579.9999999999999]], [[677.2374960645992, 479.9999999999999], [677.2374960645992, 759.9999999999999], [537.2374960645992, 619.9999999999999], [677.2374960645992, 479.9999999999999]], [[0.0, 0.0], [180.0, 0.0], [0.0, 280.0], [0.0, 0.0]], [[182.85714285714283, 0.0], [462.85714285714283, 0.0], [462.85714285714283, 280.0], [182.85714285714283, 280.0], [182.85714285714283, 0.0]], [[677.2374960645992, 180.0], [477.2374960645992, 100.0], [477.2374960645992, 0.0], [677.2374960645992, 0.0], [677.2374960645992, 180.0]], [[279.9999999999999, 580.0], [379.9999999999999, 580.0], [379.9999999999999, 760.0], [279.9999999999999, 760.0], [279.9999999999999, 580.0]], [[677.2374960645992, 759.9999999999999], [397.2374960645992, 759.9999999999999], [397.2374960645992, 479.9999999999999], [677.2374960645992, 759.9999999999999]], [[0.0, 280.0], [200.0, 280.0], [200.0, 480.0], [0.0, 560.0], [0.0, 280.0]], [[22.857142857142833, 280.0], [102.85714285714283, 120.0], [182.85714285714283, 280.0], [22.857142857142833, 280.0]], [[397.2374960645992, 375.2642789678846], [677.2374960645992, 375.2642789678846], [537.2374960645992, 615.2642789678846], [397.2374960645992, 375.2642789678846]]]"
Wed Jul 22 23:17:33 2020,2,1,True,684.0098710252452,0.8333213074040019,"[0, 0, 1, 0, 0, 0, 1, 1, 2, 0, 3, 1]","[[[484.00987102524516, 265.87269776600033], [684.0098710252452, 265.87269776600033], [684.0098710252452, 465.87269776600033], [484.00987102524516, 465.87269776600033], [484.00987102524516, 265.87269776600033]], [[132.0649667409478, 399.4675925925926], [332.0649667409478, 399.4675925925926], [332.0649667409478, 599.4675925925926], [132.0649667409478, 599.4675925925926], [132.0649667409478, 399.4675925925926]], [[180.0, 0.0], [180.0, 280.0], [0.0, 280.0], [0.0, 0.0], [180.0, 0.0]], [[119.83758314763054, 599.4675925925926], [399.83758314763054, 599.4675925925926], [259.83758314763054, 739.4675925925926], [119.83758314763054, 599.4675925925926]], [[399.83758314763054, 757.4762269875338], [399.83758314763054, 577.4762269875338], [679.8375831476305, 757.4762269875338], [399.83758314763054, 757.4762269875338]], [[180.0, 0.0], [460.0, 0.0], [460.0, 280.0], [180.0, 280.0], [180.0, 0.0]], [[180.0, 279.63000944496207], [100.0, 479.63000944496207], [0.0, 479.63000944496207], [0.0, 279.63000944496207], [180.0, 279.63000944496207]], [[512.0649667409477, 466.17389193184044], [512.0649667409477, 566.1738919318404], [332.06496674094774, 566.1738919318404], [332.06496674094774, 466.17389193184044], [512.0649667409477, 466.17389193184044]], [[280.0, 759.6300094449621], [0.0, 759.6300094449621], [0.0, 479.63000944496207], [280.0, 759.6300094449621]], [[460.0, 0.0], [660.0, 0.0], [660.0, 200.0], [460.0, 280.0], [460.0, 0.0]], [[450.0, 458.43510922211874], [290.0, 378.43510922211874], [450.0, 298.43510922211874], [450.0, 458.43510922211874]], [[684.0098710252452, 465.87269776600033], [684.0098710252452, 745.8726977660003], [444.00987102524516, 605.8726977660003], [684.0098710252452, 465.87269776600033]]]"
Wed Jul 22 23:17:54 2020,2,1,True,690.8499697354977,0.8250706013901009,"[0, 0, 1, 0, 1, 0, 1, 1, 1, 3, 2, 2]","[[[460.0, 160.0], [660.0, 160.0], [660.0, 360.0], [460.0, 360.0], [460.0, 160.0]], [[294.28571428571433, 420.0], [494.28571428571433, 420.0], [494.28571428571433, 620.0], [294.28571428571433, 620.0], [294.28571428571433, 420.0]], [[180.0, 0.0], [180.0, 280.0], [0.0, 280.0], [0.0, 0.0], [180.0, 0.0]], [[180.0, 280.0], [460.0, 280.0], [320.0, 420.0], [180.0, 280.0]], [[0.0, 280.0], [180.0, 280.0], [0.0, 560.0], [0.0, 280.0]], [[180.0, 0.0], [460.0, 0.0], [460.0, 280.0], [180.0, 280.0], [180.0, 0.0]], [[674.2857142857143, 360.0], [594.2857142857143, 560.0], [494.28571428571433, 560.0], [494.28571428571433, 360.0], [674.2857142857143, 360.0]], [[444.0, 620.0], [444.0, 720.0], [264.0, 720.0], [264.0, 620.0], [444.0, 620.0]], [[684.0, 480.0], [684.0, 760.0], [404.0, 760.0], [684.0, 480.0]], [[0.0, 760.0], [0.0, 560.0], [200.0, 560.0], [280.0, 760.0], [0.0, 760.0]], [[620.0, 0.0], [540.0, 160.0], [460.0, 0.0], [620.0, 0.0]], [[294.28571428571433, 560.0], [14.285714285714334, 560.0], [154.28571428571433, 320.0], [294.28571428571433, 560.0]]]"
Wed Jul 22 23:18:00 2020,2,0,True,663.2159709460777,0.8594485431146883,"[0, 0, 1, 0, 1, 0, 2, 1, 1, 3, 1, 2]","[[[460.0, 100.0], [660.0, 100.0], [660.0, 300.0], [460.0, 300.0], [460.0, 100.0]], [[294.35203644056367, 420.0], [494.35203644056367, 420.0], [494.35203644056367, 620.0], [294.35203644056367, 620.0], [294.35203644056367, 420.0]], [[180.0, 0.0], [180.0, 280.0], [0.0, 280.0], [0.0, 0.0], [180.0, 0.0]], [[180.0, 280.0], [460.0, 280.0], [320.0, 420.0], [180.0, 280.0]], [[0.0, 280.0], [180.0, 280.0], [0.0, 560.0], [0.0, 280.0]], [[180.0, 0.0], [460.0, 0.0], [460.0, 280.0], [180.0, 280.0], [180.0, 0.0]], [[663.2159709460777, 480.0], [463.21597094607773, 400.0], [463.21597094607773, 300.0], [663.2159709460777, 300.0], [663.2159709460777, 480.0]], [[640.0, 0.0], [640.0, 100.0], [460.0, 100.0], [460.0, 0.0], [640.0, 0.0]], [[663.2159709460777, 480.0], [663.2159709460777, 760.0], [383.21597094607773, 760.0], [663.2159709460777, 480.0]], [[0.0, 760.0], [0.0, 560.0], [200.0, 560.0], [280.0, 760.0], [0.0, 760.0]], [[494.35203644056367, 412.4544261977944], [654.3520364405637, 492.4544261977944], [494.35203644056367, 572.4544261977944], [494.35203644056367, 412.4544261977944]], [[294.28571428571433, 560.0], [14.285714285714334, 560.0], [154.28571428571433, 320.0], [294.28571428571433, 560.0]]]"
Wed Jul 22 23:18:14 2020,2,1,True,669.8481306555385,0.8509391515987014,"[0, 0, 1, 3, 1, 0, 0, 1, 1, 1, 2, 2]","[[[12.857142857142833, 560.0], [212.85714285714283, 560.0], [212.85714285714283, 760.0], [12.857142857142833, 760.0], [12.857142857142833, 560.0]], [[0.0, 100.0], [200.0, 100.0], [200.0, 300.0], [0.0, 300.0], [0.0, 100.0]], [[660.0, 0.0], [660.0, 280.0], [480.0, 280.0], [480.0, 0.0], [660.0, 0.0]], [[339.9999999999999, 560.0], [339.9999999999999, 280.0], [479.9999999999999, 420.0], [339.9999999999999, 560.0]], [[0.0, 300.0], [180.0, 300.0], [0.0, 580.0], [0.0, 300.0]], [[200.0, 0.0], [480.0, 0.0], [480.0, 280.0], [200.0, 280.0], [200.0, 0.0]], [[212.85714285714283, 580.0], [412.85714285714283, 660.0], [412.85714285714283, 760.0], [212.85714285714283, 760.0], [212.85714285714283, 580.0]], [[180.0, 0.0], [180.0, 100.0], [0.0, 100.0], [0.0, 0.0], [180.0, 0.0]], [[632.6190476190477, 280.0], [632.6190476190477, 560.0], [352.6190476190477, 560.0], [632.6190476190477, 280.0]], [[652.8571428571429, 560.0], [652.8571428571429, 760.0], [452.8571428571429, 760.0], [372.8571428571429, 560.0], [652.8571428571429, 560.0]], [[334.133148404993, 309.1262135922331], [254.133148404993, 469.1262135922331], [174.133148404993, 309.1262135922331], [334.133148404993, 309.1262135922331]], [[307.14285714285717, 560.0], [27.142857142857167, 560.0], [167.14285714285717, 320.0], [307.14285714285717, 560.0]]]"
Wed Jul 22 23:18:41 2020,2,1,True,676.546611962094,0.8425140114838626,"[0, 0, 1, 1, 1, 0, 1, 0, 2, 0, 0, 3]","[[[200.0, 560.0], [400.0, 560.0], [400.0, 760.0], [200.0, 760.0], [200.0, 560.0]], [[0.0, 0.0], [200.0, 0.0], [200.0, 200.0], [0.0, 200.0], [0.0, 0.0]], [[676.546611962094, 256.54661196209395], [676.546611962094, 536.546611962094], [496.54661196209395, 536.546611962094], [496.54661196209395, 256.54661196209395], [676.546611962094, 256.54661196209395]], [[499.99999999999994, 260.0], [499.99999999999994, 540.0], [359.99999999999994, 400.0], [499.99999999999994, 260.0]], [[480.0, 0.0], [660.0, 0.0], [480.0, 280.0], [480.0, 0.0]], [[200.0, 0.0], [480.0, 0.0], [480.0, 280.0], [200.0, 280.0], [200.0, 0.0]], [[580.0, 560.0], [500.0, 760.0], [400.0, 760.0], [400.0, 560.0], [580.0, 560.0]], [[572.0, 580.0], [672.0, 580.0], [672.0, 760.0], [572.0, 760.0], [572.0, 580.0]], [[520.0, 560.0], [240.0, 560.0], [240.0, 280.0], [520.0, 560.0]], [[0.0, 480.0], [200.0, 480.0], [200.0, 680.0], [0.0, 760.0], [0.0, 480.0]], [[516.546611962094, 256.54661196209395], [596.546611962094, 96.54661196209395], [676.546611962094, 256.54661196209395], [516.546611962094, 256.54661196209395]], [[0.0, 480.0], [0.0, 200.0], [240.0, 340.0], [0.0, 480.0]]]"
Wed Jul 22 23:19:14 2020,2,1,True,683.3120780817148,0.8341722885978838,"[0, 0, 0, 3, 1, 0, 1, 0, 1, 1, 0, 2]","[[[0.0, 0.0], [200.0, 0.0], [200.0, 200.0], [0.0, 200.0], [0.0, 0.0]], [[0.0, 200.0], [200.0, 200.0], [200.0, 400.0], [0.0, 400.0], [0.0, 200.0]], [[200.0, 280.0], [480.0, 280.0], [480.0, 460.0], [200.0, 460.0], [200.0, 280.0]], [[480.0, 440.0], [480.0, 160.0], [620.0, 300.0], [480.0, 440.0]], [[275.0000000000001, 460.0], [455.0000000000001, 460.0], [275.0000000000001, 740.0], [275.0000000000001, 460.0]], [[200.0, 0.0], [480.0, 0.0], [480.0, 280.0], [200.0, 280.0], [200.0, 0.0]], [[180.0, 400.0], [100.0, 600.0], [0.0, 600.0], [0.0, 400.0], [180.0, 400.0]], [[549.4847474836101, 49.484747483610136], [649.4847474836101, 49.484747483610136], [649.4847474836101, 229.48474748361014], [549.4847474836101, 229.48474748361014], [549.4847474836101, 49.484747483610136]], [[670.7142857142858, 280.0], [670.7142857142858, 560.0], [390.7142857142858, 560.0], [670.7142857142858, 280.0]], [[670.7142857142858, 560.0], [670.7142857142858, 760.0], [470.7142857142858, 760.0], [390.7142857142858, 560.0], [670.7142857142858, 560.0]], [[289.48474748361014, 756.2376994238798], [369.48474748361014, 596.2376994238798], [449.48474748361014, 756.2376994238798], [289.48474748361014, 756.2376994238798]], [[286.66666666666674, 760.0], [6.6666666666667425, 760.0], [146.66666666666674, 520.0], [286.66666666666674, 760.0]]]"
Wed Jul 22 23:19:23 2020,2,1,True,690.145198862532,0.8259131570276078,"[0, 0, 0, 1, 1, 0, 1, 0, 1, 1, 0, 2]","[[[0.0, 0.0], [200.0, 0.0], [200.0, 200.0], [0.0, 200.0], [0.0, 0.0]], [[0.0, 200.0], [200.0, 200.0], [200.0, 400.0], [0.0, 400.0], [0.0, 200.0]], [[200.0, 280.0], [480.0, 280.0], [480.0, 460.0], [200.0, 460.0], [200.0, 280.0]], [[690.145198862532, 30.14519886253197], [690.145198862532, 310.14519886253197], [550.145198862532, 170.14519886253197], [690.145198862532, 30.14519886253197]], [[479.9876416336971, 0.0], [659.9876416336971, 0.0], [479.9876416336971, 280.0], [479.9876416336971, 0.0]], [[200.0, 0.0], [480.0, 0.0], [480.0, 280.0], [200.0, 280.0], [200.0, 0.0]], [[180.0, 400.0], [100.0, 600.0], [0.0, 600.0], [0.0, 400.0], [180.0, 400.0]], [[216.66666666666669, 460.0], [316.6666666666667, 460.0], [316.6666666666667, 640.0], [216.66666666666669, 640.0], [216.66666666666669, 460.0]], [[660.0, 280.0], [660.0, 560.0], [380.0, 560.0], [660.0, 280.0]], [[655.9795949584462, 560.0], [655.9795949584462, 760.0], [455.9795949584462, 760.0], [375.9795949584462, 560.0], [655.9795949584462, 560.0]], [[278.86407915498904, 746.6241356942669], [358.86407915498904, 586.6241356942669], [438.86407915498904, 746.6241356942669], [278.86407915498904, 746.6241356942669]], [[286.6666666666667, 760.0], [6.666666666666686, 760.0], [146.66666666666669, 520.0], [286.6666666666667, 760.0]]]"
Wed Jul 22 23:19:29 2020,2,0,True,662.5393909080307,0.8603262052370916,"[0, 0, 0, 0, 1, 0, 1, 0, 1, 0, 0, 2]","[[[0.0, 0.0], [200.0, 0.0], [200.0, 200.0], [0.0, 200.0], [0.0, 0.0]], [[362.53939090803067, 560.0], [562.5393909080307, 560.0], [562.5393909080307, 760.0], [362.53939090803067, 760.0], [362.53939090803067, 560.0]], [[199.98764163369708, 280.0], [479.9876416336971, 280.0], [479.9876416336971, 460.0], [199.98764163369708, 460.0], [199.98764163369708, 280.0]], [[162.53939090803067, 460.0], [442.53939090803067, 460.0], [302.53939090803067, 600.0], [162.53939090803067, 460.0]], [[479.9876416336971, 0.0], [659.9876416336971, 0.0], [479.9876416336971, 280.0], [479.9876416336971, 0.0]], [[200.0, 0.0], [480.0, 0.0], [480.0, 280.0], [200.0, 280.0], [200.0, 0.0]], [[180.0, 520.0], [100.0, 720.0], [0.0, 720.0], [0.0, 520.0], [180.0, 520.0]], [[562.5393909080307, 560.0], [662.5393909080307, 560.0], [662.5393909080307, 740.0], [562.5393909080307, 740.0], [562.5393909080307, 560.0]], [[659.5125849493269, 280.4750566843701], [659.5125849493269, 560.4750566843701], [379.5125849493269, 560.4750566843701], [659.5125849493269, 280.4750566843701]], [[0.0, 200.0], [200.0, 200.0], [200.0, 400.0], [0.0, 480.0], [0.0, 200.0]], [[502.53939090803067, 280.4750566843701], [582.5393909080307, 120.47505668437009], [662.5393909080307, 280.4750566843701], [502.53939090803067, 280.4750566843701]], [[362.53939090803067, 760.0], [82.53939090803067, 760.0], [222.53939090803067, 520.0], [362.53939090803067, 760.0]]]"
Wed Jul 22 23:19:56 2020,2,1,True,669.164784817111,0.8518081239971202,"[0, 0, 0, 1, 0, 0, 0, 1, 2, 1, 1, 1]","[[[0.0, 1.1368683772161603e-13], [200.0, 1.1368683772161603e-13], [200.0, 200.0000000000001], [0.0, 200.0000000000001], [0.0, 1.1368683772161603e-13]], [[0.0, 380.0], [200.0, 380.0], [200.0, 580.0], [0.0, 580.0], [0.0, 380.0]], [[389.164784817111, 280.0], [669.164784817111, 280.0], [669.164784817111, 460.0], [389.164784817111, 460.0], [389.164784817111, 280.0]], [[368.1553398058254, 368.1553398058254], [368.1553398058254, 648.1553398058254], [228.1553398058254, 508.1553398058254], [368.1553398058254, 368.1553398058254]], [[0.0, 380.0], [0.0, 200.0], [280.0, 380.0], [0.0, 380.0]], [[360.0, 0.0], [640.0, 0.0], [640.0, 280.0], [360.0, 280.0], [360.0, 0.0]], [[0.0, 580.0], [200.0, 660.0], [200.0, 760.0], [0.0, 760.0], [0.0, 580.0]], [[660.0, 660.0], [660.0, 760.0], [480.0, 760.0], [480.0, 660.0], [660.0, 660.0]], [[480.0, 760.0], [200.0, 760.0], [200.0, 480.0], [480.0, 760.0]], [[669.164784817111, 460.0], [669.164784817111, 660.0], [469.164784817111, 660.0], [389.164784817111, 460.0], [669.164784817111, 460.0]], [[200.0, 0.0], [360.0, 80.0], [200.0, 160.0], [200.0, 0.0]], [[335.14563106796123, 121.16504854368952], [335.14563106796123, 401.1650485436895], [95.14563106796123, 261.1650485436895], [335.14563106796123, 121.16504854368952]]]"
Wed Jul 22 23:21:29 2020,2,5,True,675.8564326652821,0.8433743801951686,"[0, 0, 0, 1, 0, 0, 1, 1, 2, 0, 1, 1]","[[[475.8564326652821, 0.0], [675.8564326652821, 0.0], [675.8564326652821, 200.0], [475.8564326652821, 200.0], [475.8564326652821, 0.0]], [[0.0, 0.0], [200.0, 0.0], [200.0, 200.0], [0.0, 200.0], [0.0, 0.0]], [[0.0, 579.8745316070588], [280.0, 579.8745316070588], [280.0, 759.8745316070588], [0.0, 759.8745316070588], [0.0, 579.8745316070588]], [[475.8564326652821, 0.0], [475.8564326652821, 280.0], [335.8564326652821, 140.0], [475.8564326652821, 0.0]], [[280.0, 760.0], [280.0, 580.0], [560.0, 760.0], [280.0, 760.0]], [[199.6863290176468, 280.0], [479.6863290176468, 280.0], [479.6863290176468, 560.0], [199.6863290176468, 560.0], [199.6863290176468, 280.0]], [[659.6863290176468, 200.0], [579.6863290176468, 400.0], [479.6863290176468, 400.0], [479.6863290176468, 200.0], [659.6863290176468, 200.0]], [[180.0, 479.87453160705877], [180.0, 579.8745316070588], [0.0, 579.8745316070588], [0.0, 479.87453160705877], [180.0, 479.87453160705877]], [[479.6863290176468, 283.8298963523647], [199.6863290176468, 283.8298963523647], [199.6863290176468, 3.829896352364699], [479.6863290176468, 283.8298963523647]], [[0.0, 199.87453160705877], [200.0, 199.87453160705877], [200.0, 399.87453160705877], [0.0, 479.87453160705877], [0.0, 199.87453160705877]], [[480.0, 400.0], [640.0, 480.0], [480.0, 560.0], [480.0, 400.0]], [[642.3981934244265, 480.0], [642.3981934244265, 760.0], [402.3981934244265, 620.0], [642.3981934244265, 480.0]]]"
Wed Jul 22 23:22:28 2020,2,3,True,682.614996991935,0.8350241388070976,"[0, 0, 1, 1, 3, 0, 2, 1, 2, 3, 2, 0]","[[[0.0, 560.0], [200.0, 560.0], [200.0, 760.0], [0.0, 760.0], [0.0, 560.0]], [[200.0, 560.0], [400.0, 560.0], [400.0, 760.0], [200.0, 760.0], [200.0, 560.0]], [[646.6666666666667, 480.0], [646.6666666666667, 760.0], [466.66666666666674, 760.0], [466.66666666666674, 480.0], [646.6666666666667, 480.0]], [[466.66666666666674, 346.66666666666674], [466.66666666666674, 626.6666666666667], [326.66666666666674, 486.66666666666674], [466.66666666666674, 346.66666666666674]], [[670.5714285714286, 308.0], [490.57142857142856, 308.0], [670.5714285714286, 28.0], [670.5714285714286, 308.0]], [[0.0, 280.0], [280.0, 280.0], [280.0, 560.0], [0.0, 560.0], [0.0, 280.0]], [[666.6666666666667, 488.0], [466.66666666666674, 408.0], [466.66666666666674, 308.0], [666.6666666666667, 308.0], [666.6666666666667, 488.0]], [[280.0, 0.0], [280.0, 100.0], [100.0, 100.0], [100.0, 0.0], [280.0, 0.0]], [[280.0, 280.0], [0.0, 280.0], [0.0, 0.0], [280.0, 280.0]], [[280.0, 200.0], [280.0, 0.0], [480.0, 0.0], [560.0, 200.0], [280.0, 200.0]], [[640.0, 0.0], [560.0, 160.0], [480.0, 0.0], [640.0, 0.0]], [[233.33333333333337, 200.0], [513.3333333333334, 200.0], [373.33333333333337, 440.0], [233.33333333333337, 200.0]]]"
Wed Jul 22 23:22:48 2020,2,1,True,689.4411469618543,0.8267565730763342,"[0, 0, 0, 3, 0, 0, 3, 0, 0, 1, 0, 0]","[[[0.0, 560.0], [200.0, 560.0], [200.0, 760.0], [0.0, 760.0], [0.0, 560.0]], [[200.0, 560.0], [400.0, 560.0], [400.0, 760.0], [200.0, 760.0], [200.0, 560.0]], [[409.4411469618543, 200.0], [689.4411469618543, 200.0], [689.4411469618543, 380.0], [409.4411469618543, 380.0], [409.4411469618543, 200.0]], [[400.0, 760.0], [400.0, 480.0], [540.0, 620.0], [400.0, 760.0]], [[280.0, 476.78783409595076], [280.0, 296.78783409595076], [560.0, 476.78783409595076], [280.0, 476.78783409595076]], [[0.0, 280.0], [280.0, 280.0], [280.0, 560.0], [0.0, 560.0], [0.0, 280.0]], [[161.79487179487185, 280.0], [241.79487179487185, 80.0], [341.7948717948718, 80.0], [341.7948717948718, 280.0], [161.79487179487185, 280.0]], [[586.3300358507431, 0.0], [686.3300358507431, 0.0], [686.3300358507431, 180.0], [586.3300358507431, 180.0], [586.3300358507431, 0.0]], [[409.4411469618543, 476.78783409595076], [689.4411469618543, 476.78783409595076], [689.4411469618543, 756.7878340959508], [409.4411469618543, 476.78783409595076]], [[586.3300358507431, 0.0], [586.3300358507431, 200.0], [386.3300358507431, 200.0], [306.3300358507431, 0.0], [586.3300358507431, 0.0]], [[0.0, 280.0], [80.0, 120.0], [160.0, 280.0], [0.0, 280.0]], [[8.46153846153851, 0.0], [288.4615384615385, 0.0], [148.4615384615385, 240.0], [8.46153846153851, 0.0]]]"
Wed Jul 22 23:23:07 2020,2,1,True,696.3355584314729,0.8185708644320141,"[0, 0, 0, 3, 3, 0, 3, 1, 0, 0, 0, 0]","[[[457.5683744237954, 0.0], [657.5683744237954, 0.0], [657.5683744237954, 200.0], [457.5683744237954, 200.0], [457.5683744237954, 0.0]], [[0.0, 268.5714285714289], [200.0, 268.5714285714289], [200.0, 468.5714285714289], [0.0, 468.5714285714289], [0.0, 268.5714285714289]], [[0.0, 468.5714285714289], [280.0, 468.5714285714289], [280.0, 648.5714285714289], [0.0, 648.5714285714289], [0.0, 468.5714285714289]], [[280.0, 580.0], [280.0, 300.0], [420.0, 440.0], [280.0, 580.0]], [[388.36734693877577, 760.0], [208.36734693877577, 760.0], [388.36734693877577, 480.0], [388.36734693877577, 760.0]], [[388.36734693877577, 479.9999999999999], [668.3673469387758, 479.9999999999999], [668.3673469387758, 759.9999999999999], [388.36734693877577, 759.9999999999999], [388.36734693877577, 479.9999999999999]], [[216.6666666666665, 200.0], [296.6666666666665, 0.0], [396.6666666666665, 0.0], [396.6666666666665, 200.0], [216.6666666666665, 200.0]], [[180.0, 648.5714285714289], [180.0, 748.5714285714289], [0.0, 748.5714285714289], [0.0, 648.5714285714289], [180.0, 648.5714285714289]], [[179.99999999999983, 199.99999999999983], [459.99999999999983, 199.99999999999983], [459.99999999999983, 479.99999999999983], [179.99999999999983, 199.99999999999983]], [[459.9999999999999, 199.9999999999999], [659.9999999999999, 199.9999999999999], [659.9999999999999, 399.9999999999999], [459.9999999999999, 479.9999999999999], [459.9999999999999, 199.9999999999999]], [[0.0, 268.5714285714289], [80.0, 108.5714285714289], [160.0, 268.5714285714289], [0.0, 268.5714285714289]], [[16.666666666666487, 0.0], [296.6666666666665, 0.0], [156.6666666666665, 240.0], [16.666666666666487, 0.0]]]"
Wed Jul 22 23:23:07 2020,2,0,True,668.482136094214,0.852677983783348,"[0, 0, 0, 3, 3, 0, 3, 1, 0, 0, 0, 0]","[[[457.5683744237954, 0.0], [657.5683744237954, 0.0], [657.5683744237954, 200.0], [457.5683744237954, 200.0], [457.5683744237954, 0.0]], [[0.0, 268.5714285714289], [200.0, 268.5714285714289], [200.0, 468.5714285714289], [0.0, 468.5714285714289], [0.0, 268.5714285714289]], [[0.0, 468.5714285714289], [280.0, 468.5714285714289], [280.0, 648.5714285714289], [0.0, 648.5714285714289], [0.0, 468.5714285714289]], [[280.0, 580.0], [280.0, 300.0], [420.0, 440.0], [280.0, 580.0]], [[388.36734693877577, 760.0], [208.36734693877577, 760.0], [388.36734693877577, 480.0], [388.36734693877577, 760.0]], [[388.36734693877577, 479.9999999999999], [668.3673469387758, 479.9999999999999], [668.3673469387758, 759.9999999999999], [388.36734693877577, 759.9999999999999], [388.36734693877577, 479.9999999999999]], [[216.6666666666665, 200.0], [296.6666666666665, 0.0], [396.6666666666665, 0.0], [396.6666666666665, 200.0], [216.6666666666665, 200.0]], [[180.0, 648.5714285714289], [180.0, 748.5714285714289], [0.0, 748.5714285714289], [0.0, 648.5714285714289], [180.0, 648.5714285714289]], [[179.99999999999983, 199.99999999999983], [459.99999999999983, 199.99999999999983], [459.99999999999983, 479.99999999999983], [179.99999999999983, 199.99999999999983]], [[459.9999999999999, 199.9999999999999], [659.9999999999999, 199.9999999999999], [659.9999999999999, 399.9999999999999], [459.9999999999999, 479.9999999999999], [459.9999999999999, 199.9999999999999]], [[0.0, 268.5714285714289], [80.0, 108.5714285714289], [160.0, 268.5714285714289], [0.0, 268.5714285714289]], [[16.6666666666664, 0.0], [296.6666666666664, 0.0], [156.6666666666664, 240.0], [16.6666666666664, 0.0]]]"
Wed Jul 22 23:23:28 2020,2,1,True,675.1669574551561,0.8442356275082654,"[0, 0, 1, 0, 0, 0, 3, 0, 3, 0, 0, 1]","[[[0.0, 279.826542349679], [200.0, 279.826542349679], [200.0, 479.826542349679], [0.0, 479.826542349679], [0.0, 279.826542349679]], [[359.886265879926, 0.0], [559.886265879926, 0.0], [559.886265879926, 200.0], [359.886265879926, 200.0], [359.886265879926, 0.0]], [[380.0, 199.82654234967902], [380.0, 479.826542349679], [200.0, 479.826542349679], [200.0, 199.82654234967902], [380.0, 199.82654234967902]], [[0.0, 479.826542349679], [280.0, 479.826542349679], [140.0, 619.826542349679], [0.0, 479.826542349679]], [[0.0, 721.7367388675707], [0.0, 541.7367388675707], [280.0, 721.7367388675707], [0.0, 721.7367388675707]], [[379.6892741719719, 479.9999999999999], [659.6892741719719, 479.9999999999999], [659.6892741719719, 759.9999999999999], [379.6892741719719, 759.9999999999999], [379.6892741719719, 479.9999999999999]], [[495.1669574551561, 479.9999999999999], [575.1669574551561, 279.9999999999999], [675.1669574551561, 279.9999999999999], [675.1669574551561, 479.9999999999999], [495.1669574551561, 479.9999999999999]], [[559.886265879926, 0.0], [659.886265879926, 0.0], [659.886265879926, 180.0], [559.886265879926, 180.0], [559.886265879926, 0.0]], [[379.68927417197176, 480.0], [379.68927417197176, 200.0], [659.6892741719718, 200.0], [379.68927417197176, 480.0]], [[0.0, 0.0], [200.0, 0.0], [200.0, 200.0], [0.0, 280.0], [0.0, 0.0]], [[200.0, 199.82654234967902], [280.0, 39.826542349679016], [360.0, 199.82654234967902], [200.0, 199.82654234967902]], [[379.6892741719719, 479.826542349679], [379.6892741719719, 759.826542349679], [139.68927417197187, 619.826542349679], [379.6892741719719, 479.826542349679]]]"
Wed Jul 22 23:24:12 2020,2,3,True,681.9186270297076,0.8358768589190747,"[0, 0, 1, 0, 2, 0, 2, 1, 2, 2, 3, 3]","[[[207.819472112501, 283.79340041036716], [407.819472112501, 283.79340041036716], [407.819472112501, 483.79340041036716], [207.819472112501, 483.79340041036716], [207.819472112501, 283.79340041036716]], [[0.0, 456.7358883372201], [200.0, 456.7358883372201], [200.0, 656.7358883372201], [0.0, 656.7358883372201], [0.0, 456.7358883372201]], [[380.0, 480.0], [380.0, 760.0], [200.0, 760.0], [200.0, 480.0], [380.0, 480.0]], [[280.0, 0.0], [560.0, 0.0], [420.0, 140.0], [280.0, 0.0]], [[681.9186270297076, 280.0], [681.9186270297076, 460.0], [401.91862702970764, 280.0], [681.9186270297076, 280.0]], [[0.0, 0.0], [280.0, 0.0], [280.0, 280.0], [0.0, 280.0], [0.0, 0.0]], [[208.16027915694985, 460.0], [8.160279156949855, 380.0], [8.160279156949855, 280.0], [208.16027915694985, 280.0], [208.16027915694985, 460.0]], [[180.0, 656.7358883372201], [180.0, 756.7358883372201], [0.0, 756.7358883372201], [0.0, 656.7358883372201], [180.0, 656.7358883372201]], [[560.0, 280.0], [280.0, 280.0], [280.0, 0.0], [560.0, 280.0]], [[639.5286304808493, 760.0], [439.5286304808493, 760.0], [439.5286304808493, 560.0], [639.5286304808493, 480.0], [639.5286304808493, 760.0]], [[607.4819978142214, 247.48199781422136], [447.48199781422136, 167.48199781422136], [607.4819978142214, 87.48199781422136], [607.4819978142214, 247.48199781422136]], [[408.16027915694985, 578.2982049389414], [408.16027915694985, 298.29820493894135], [648.1602791569499, 438.29820493894135], [408.16027915694985, 578.2982049389414]]]"
Wed Jul 22 23:24:23 2020,2,1,True,688.7378133000047,0.8276008504149253,"[0, 0, 1, 1, 3, 0, 1, 0, 3, 2, 0, 0]","[[[88.73781330000463, 280.0000000000001], [288.73781330000463, 280.0000000000001], [288.73781330000463, 480.0000000000001], [88.73781330000463, 480.0000000000001], [88.73781330000463, 280.0000000000001]], [[288.73781330000463, 270.9249859726756], [488.73781330000463, 270.9249859726756], [488.73781330000463, 470.9249859726756], [288.73781330000463, 470.9249859726756], [288.73781330000463, 270.9249859726756]], [[460.0, 480.0], [460.0, 760.0], [280.0, 760.0], [280.0, 480.0], [460.0, 480.0]], [[280.0, 480.0], [280.0, 760.0], [140.0, 620.0], [280.0, 480.0]], [[688.7378133000047, 760.0], [508.73781330000475, 760.0], [688.7378133000047, 480.0], [688.7378133000047, 760.0]], [[0.0, 0.0], [280.0, 0.0], [280.0, 280.0], [0.0, 280.0], [0.0, 0.0]], [[640.0, 480.2588206888963], [560.0, 680.2588206888963], [460.0, 680.2588206888963], [460.0, 480.2588206888963], [640.0, 480.2588206888963]], [[588.7378133000046, 20.000000000000114], [688.7378133000046, 20.000000000000114], [688.7378133000046, 200.0000000000001], [588.7378133000046, 200.0000000000001], [588.7378133000046, 20.000000000000114]], [[0.0, 760.0], [0.0, 480.0], [280.0, 480.0], [0.0, 760.0]], [[688.7378133000046, 480.0000000000001], [488.73781330000463, 480.0000000000001], [488.73781330000463, 280.0000000000001], [688.7378133000046, 200.0000000000001], [688.7378133000046, 480.0000000000001]], [[280.0, 227.7799363582085], [360.0, 67.77993635820849], [440.0, 227.7799363582085], [280.0, 227.7799363582085]], [[320.4044799666714, 0.0], [600.4044799666714, 0.0], [460.4044799666714, 240.0], [320.4044799666714, 0.0]]]"
Wed Jul 22 23:24:38 2020,2,1,True,695.6251914330048,0.8194067825890349,"[0, 0, 1, 1, 2, 0, 3, 0, 3, 2, 0, 3]","[[[0.0, 280.0], [200.0, 280.0], [200.0, 480.0], [0.0, 480.0], [0.0, 280.0]], [[200.0, 280.0], [400.0, 280.0], [400.0, 480.0], [200.0, 480.0], [200.0, 280.0]], [[480.0, 480.0], [480.0, 760.0], [300.0, 760.0], [300.0, 480.0], [480.0, 480.0]], [[662.1359223300972, 422.1359223300972], [662.1359223300972, 702.1359223300972], [522.1359223300972, 562.1359223300972], [662.1359223300972, 422.1359223300972]], [[682.2222222222222, 0.0], [682.2222222222222, 180.0], [402.2222222222222, 0.0], [682.2222222222222, 0.0]], [[0.0, 0.0], [280.0, 0.0], [280.0, 280.0], [0.0, 280.0], [0.0, 0.0]], [[120.0, 760.0], [200.0, 560.0], [300.0, 560.0], [300.0, 760.0], [120.0, 760.0]], [[280.0, 0.0], [380.0, 0.0], [380.0, 180.0], [280.0, 180.0], [280.0, 0.0]], [[0.0, 760.0], [0.0, 480.0], [280.0, 480.0], [0.0, 760.0]], [[638.2524271844661, 446.01941747572823], [438.2524271844661, 446.01941747572823], [438.2524271844661, 246.01941747572823], [638.2524271844661, 166.01941747572823], [638.2524271844661, 446.01941747572823]], [[480.0, 760.0], [560.0, 600.0], [640.0, 760.0], [480.0, 760.0]], [[379.99999999999994, 280.0], [379.99999999999994, 0.0], [620.0, 140.0], [379.99999999999994, 280.0]]]"
Wed Jul 22 23:24:42 2020,2,1,True,702.5814433473349,0.8112938441475593,"[0, 0, 1, 1, 2, 0, 3, 0, 3, 2, 0, 3]","[[[0.0, 280.0], [200.0, 280.0], [200.0, 480.0], [0.0, 480.0], [0.0, 280.0]], [[200.0, 280.0], [400.0, 280.0], [400.0, 480.0], [200.0, 480.0], [200.0, 280.0]], [[480.0, 480.0], [480.0, 760.0], [300.0, 760.0], [300.0, 480.0], [480.0, 480.0]], [[667.8001837756846, 427.80018377568456], [667.8001837756846, 707.8001837756846], [527.8001837756846, 567.8001837756846], [667.8001837756846, 427.80018377568456]], [[667.8001837756846, 0.0], [667.8001837756846, 180.0], [387.80018377568456, 0.0], [667.8001837756846, 0.0]], [[0.0, 0.0], [280.0, 0.0], [280.0, 280.0], [0.0, 280.0], [0.0, 0.0]], [[120.0, 760.0], [200.0, 560.0], [300.0, 560.0], [300.0, 760.0], [120.0, 760.0]], [[600.0, 180.0], [700.0, 180.0], [700.0, 360.0], [600.0, 360.0], [600.0, 180.0]], [[0.0, 760.0], [0.0, 480.0], [280.0, 480.0], [0.0, 760.0]], [[600.0, 459.9204775728531], [400.0, 459.9204775728531], [400.0, 259.9204775728531], [600.0, 179.9204775728531], [600.0, 459.9204775728531]], [[480.0, 760.0], [560.0, 600.0], [640.0, 760.0], [480.0, 760.0]], [[365.57796155346233, 280.0], [365.57796155346233, 0.0], [605.5779615534623, 140.0], [365.57796155346233, 280.0]]]"
Wed Jul 22 23:24:43 2020,2,0,True,674.4781856134415,0.8450977543203743,"[0, 0, 1, 1, 2, 0, 3, 0, 3, 2, 0, 3]","[[[0.0, 280.0], [200.0, 280.0], [200.0, 480.0], [0.0, 480.0], [0.0, 280.0]], [[200.0, 280.0], [400.0, 280.0], [400.0, 480.0], [200.0, 480.0], [200.0, 280.0]], [[480.0, 480.0], [480.0, 760.0], [300.0, 760.0], [300.0, 480.0], [480.0, 480.0]], [[667.8001837756846, 427.80018377568456], [667.8001837756846, 707.8001837756846], [527.8001837756846, 567.8001837756846], [667.8001837756846, 427.80018377568456]], [[674.4781856134415, 0.0], [674.4781856134415, 180.0], [394.4781856134415, 0.0], [674.4781856134415, 0.0]], [[0.0, 0.0], [280.0, 0.0], [280.0, 280.0], [0.0, 280.0], [0.0, 0.0]], [[120.0, 760.0], [200.0, 560.0], [300.0, 560.0], [300.0, 760.0], [120.0, 760.0]], [[280.0, 0.0], [380.0, 0.0], [380.0, 180.0], [280.0, 180.0], [280.0, 0.0]], [[0.0, 760.0], [0.0, 480.0], [280.0, 480.0], [0.0, 760.0]], [[600.0, 468.33333333333337], [400.0, 468.33333333333337], [400.0, 268.33333333333337], [600.0, 188.33333333333337], [600.0, 468.33333333333337]], [[480.0, 760.0], [560.0, 600.0], [640.0, 760.0], [480.0, 760.0]], [[380.0, 280.0], [380.0, 0.0], [620.0, 140.0], [380.0, 280.0]]]"
Wed Jul 22 23:24:54 2020,2,1,True,681.2229674695759,0.8367304498221528,"[0, 0, 1, 2, 2, 0, 3, 0, 2, 2, 3, 3]","[[[0.0, 280.0], [200.0, 280.0], [200.0, 480.0], [0.0, 480.0], [0.0, 280.0]], [[480.0, 260.0], [680.0, 260.0], [680.0, 460.0], [480.0, 460.0], [480.0, 260.0]], [[380.0, 480.0], [380.0, 760.0], [200.0, 760.0], [200.0, 480.0], [380.0, 480.0]], [[680.0, 260.0], [400.0, 260.0], [540.0, 120.0], [680.0, 260.0]], [[628.8888888888889, 460.0], [628.8888888888889, 640.0], [348.8888888888889, 460.0], [628.8888888888889, 460.0]], [[0.0, 0.0], [280.0, 0.0], [280.0, 280.0], [0.0, 280.0], [0.0, 0.0]], [[300.0, 460.0], [380.0, 260.0], [480.0, 260.0], [480.0, 460.0], [300.0, 460.0]], [[200.0, 280.0], [300.0, 280.0], [300.0, 460.0], [200.0, 460.0], [200.0, 280.0]], [[660.0, 760.0], [380.0, 760.0], [380.0, 480.0], [660.0, 760.0]], [[200.0, 760.0], [0.0, 760.0], [0.0, 560.0], [200.0, 480.0], [200.0, 760.0]], [[681.2229674695759, 190.61148373478795], [521.2229674695759, 110.61148373478795], [681.2229674695759, 30.611483734787953], [681.2229674695759, 190.61148373478795]], [[280.0, 280.0], [280.0, 0.0], [520.0, 140.0], [280.0, 280.0]]]"
Wed Jul 22 23:25:17 2020,2,1,True,688.0351971442717,0.8284459899229235,"[0, 0, 1, 1, 3, 0, 1, 0, 1, 0, 3, 3]","[[[0.0, 280.0], [200.0, 280.0], [200.0, 480.0], [0.0, 480.0], [0.0, 280.0]], [[180.0, 560.0], [380.0, 560.0], [380.0, 760.0], [180.0, 760.0], [180.0, 560.0]], [[180.0, 480.0], [180.0, 760.0], [0.0, 760.0], [0.0, 480.0], [180.0, 480.0]], [[427.36842105263156, 132.63157894736844], [427.36842105263156, 412.63157894736844], [287.36842105263156, 272.63157894736844], [427.36842105263156, 132.63157894736844]], [[649.723550978697, 289.6697978927871], [469.72355097869695, 289.6697978927871], [649.723550978697, 9.669797892787074], [649.723550978697, 289.6697978927871]], [[0.0, 0.0], [280.0, 0.0], [280.0, 280.0], [0.0, 280.0], [0.0, 0.0]], [[607.3684210526314, 1.1368683772161603e-13], [527.3684210526314, 200.0000000000001], [427.36842105263145, 200.0000000000001], [427.36842105263145, 1.1368683772161603e-13], [607.3684210526314, 1.1368683772161603e-13]], [[280.0, 0.0], [380.0, 0.0], [380.0, 180.0], [280.0, 180.0], [280.0, 0.0]], [[660.0, 469.6697978927871], [660.0, 749.6697978927871], [380.0, 749.6697978927871], [660.0, 469.6697978927871]], [[440.0, 289.6697978927871], [640.0, 289.6697978927871], [640.0, 489.6697978927871], [440.0, 569.6697978927871], [440.0, 289.6697978927871]], [[440.0, 593.3333333333333], [280.0, 513.3333333333333], [440.0, 433.33333333333326], [440.0, 593.3333333333333]], [[199.99999999999991, 560.0], [199.99999999999991, 280.0], [439.9999999999999, 420.0], [199.99999999999991, 560.0]]]"
Wed Jul 22 23:25:17 2020,2,0,True,660.5137892585008,0.8629645728363788,"[0, 0, 1, 1, 3, 0, 1, 0, 1, 0, 3, 3]","[[[0.0, 280.0], [200.0, 280.0], [200.0, 480.0], [0.0, 480.0], [0.0, 280.0]], [[180.0, 560.0], [380.0, 560.0], [380.0, 760.0], [180.0, 760.0], [180.0, 560.0]], [[180.0, 480.0], [180.0, 760.0], [0.0, 760.0], [0.0, 480.0], [180.0, 480.0]], [[427.36842105263156, 132.63157894736844], [427.36842105263156, 412.63157894736844], [287.36842105263156, 272.63157894736844], [427.36842105263156, 132.63157894736844]], [[649.7235509786968, 289.6697978927872], [469.72355097869684, 289.6697978927872], [649.7235509786968, 9.669797892787187], [649.7235509786968, 289.6697978927872]], [[0.0, 0.0], [280.0, 0.0], [280.0, 280.0], [0.0, 280.0], [0.0, 0.0]], [[607.3684210526314, 1.1368683772161603e-13], [527.3684210526314, 200.0000000000001], [427.36842105263145, 200.0000000000001], [427.36842105263145, 1.1368683772161603e-13], [607.3684210526314, 1.1368683772161603e-13]], [[280.0, 0.0], [380.0, 0.0], [380.0, 180.0], [280.0, 180.0], [280.0, 0.0]], [[660.0, 469.6697978927871], [660.0, 749.6697978927871], [380.0, 749.6697978927871], [660.0, 469.6697978927871]], [[440.0, 289.6697978927871], [640.0, 289.6697978927871], [640.0, 489.6697978927871], [440.0, 569.6697978927871], [440.0, 289.6697978927871]], [[440.0, 593.3333333333333], [280.0, 513.3333333333333], [440.0, 433.33333333333326], [440.0, 593.3333333333333]], [[199.99999999999991, 560.0], [199.99999999999991, 280.0], [439.9999999999999, 420.0], [199.99999999999991, 560.0]]]"
Wed Jul 22 23:26:25 2020,2,3,True,667.1189271510858,0.8544203691449294,"[0, 0, 1, 3, 3, 0, 1, 0, 0, 0, 0, 0]","[[[200.0, 280.0], [400.0, 280.0], [400.0, 480.0], [200.0, 480.0], [200.0, 280.0]], [[0.0, 280.0], [200.0, 280.0], [200.0, 480.0], [0.0, 480.0], [0.0, 280.0]], [[380.0, 0.0], [380.0, 280.0], [200.0, 280.0], [200.0, 0.0], [380.0, 0.0]], [[379.62004782258646, 280.0], [379.62004782258646, 0.0], [519.6200478225865, 140.0], [379.62004782258646, 280.0]], [[649.9765502960145, 760.0], [469.97655029601447, 760.0], [649.9765502960145, 480.0], [649.9765502960145, 760.0]], [[0.0, 480.0], [280.0, 480.0], [280.0, 760.0], [0.0, 760.0], [0.0, 480.0]], [[580.0, 259.6200478225864], [500.0, 459.6200478225864], [400.0, 459.6200478225864], [400.0, 259.6200478225864], [580.0, 259.6200478225864]], [[280.0, 548.9013884529492], [380.0, 548.9013884529492], [380.0, 728.9013884529492], [280.0, 728.9013884529492], [280.0, 548.9013884529492]], [[379.62004782258646, 0.0], [659.6200478225865, 0.0], [659.6200478225865, 280.0], [379.62004782258646, 0.0]], [[0.0, 0.0], [200.0, 0.0], [200.0, 200.0], [0.0, 280.0], [0.0, 0.0]], [[489.81002391129323, 480.0], [569.8100239112932, 320.0], [649.8100239112932, 480.0], [489.81002391129323, 480.0]], [[347.3636624100662, 492.9533811559197], [627.3636624100661, 492.9533811559197], [487.3636624100662, 732.9533811559197], [347.3636624100662, 492.9533811559197]]]"
Wed Jul 22 23:26:37 2020,2,1,True,673.7901164225967,0.845960761529633,"[0, 0, 1, 3, 0, 0, 3, 1, 0, 3, 0, 0]","[[[280.0, 199.8898444951924], [480.0, 199.8898444951924], [480.0, 399.8898444951924], [280.0, 399.8898444951924], [280.0, 199.8898444951924]], [[180.0, 0.0], [380.0, 0.0], [380.0, 200.0], [180.0, 200.0], [180.0, 0.0]], [[673.7901164225967, 479.5658299349575], [673.7901164225967, 759.5658299349575], [493.7901164225967, 759.5658299349575], [493.7901164225967, 479.5658299349575], [673.7901164225967, 479.5658299349575]], [[480.0, 366.2098835774033], [480.0, 86.20988357740328], [620.0, 226.20988357740328], [480.0, 366.2098835774033]], [[0.0, 280.0], [0.0, 100.0], [280.0, 280.0], [0.0, 280.0]], [[0.0, 480.0], [280.0, 480.0], [280.0, 760.0], [0.0, 760.0], [0.0, 480.0]], [[493.7901164225966, 479.5658299349575], [573.7901164225966, 279.5658299349575], [673.7901164225966, 279.5658299349575], [673.7901164225966, 479.5658299349575], [493.7901164225966, 479.5658299349575]], [[180.0, 0.0], [180.0, 100.0], [0.0, 100.0], [0.0, 0.0], [180.0, 0.0]], [[393.7901164225967, 0.0], [673.7901164225967, 0.0], [673.7901164225967, 280.0], [393.7901164225967, 0.0]], [[0.0, 480.0], [0.0, 280.0], [200.0, 280.0], [280.0, 480.0], [0.0, 480.0]], [[280.0, 755.900397754902], [360.0, 595.900397754902], [440.0, 755.900397754902], [280.0, 755.900397754902]], [[247.95593779807695, 399.8898444951924], [527.955937798077, 399.8898444951924], [387.95593779807695, 639.8898444951924], [247.95593779807695, 399.8898444951924]]]"
Wed Jul 22 23:26:59 2020,2,1,True,680.5280175868227,0.8375849124055773,"[0, 0, 1, 3, 3, 0, 1, 0, 0, 0, 0, 0]","[[[79.28085321273005, 248.287658714908], [279.28085321273005, 248.287658714908], [279.28085321273005, 448.287658714908], [79.28085321273005, 448.287658714908], [79.28085321273005, 248.287658714908]], [[313.446208833898, 166.38447791525505], [513.446208833898, 166.38447791525505], [513.446208833898, 366.38447791525505], [313.446208833898, 366.38447791525505], [313.446208833898, 166.38447791525505]], [[680.5280175868227, 480.0], [680.5280175868227, 760.0], [500.52801758682267, 760.0], [500.52801758682267, 480.0], [680.5280175868227, 480.0]], [[280.0, 747.1036247025249], [280.0, 467.10362470252494], [420.0, 607.1036247025249], [280.0, 747.1036247025249]], [[500.52801758682267, 760.0], [320.52801758682267, 760.0], [500.52801758682267, 480.0], [500.52801758682267, 760.0]], [[0.0, 480.0], [280.0, 480.0], [280.0, 760.0], [0.0, 760.0], [0.0, 480.0]], [[380.0, 0.0], [300.0, 200.0], [200.0, 200.0], [200.0, 0.0], [380.0, 0.0]], [[580.5280175868227, 280.0], [680.5280175868227, 280.0], [680.5280175868227, 460.0], [580.5280175868227, 460.0], [580.5280175868227, 280.0]], [[400.52801758682267, 0.0], [680.5280175868227, 0.0], [680.5280175868227, 280.0], [400.52801758682267, 0.0]], [[0.0, 0.0], [200.0, 0.0], [200.0, 200.0], [0.0, 280.0], [0.0, 0.0]], [[313.44620883389797, 166.38447791525505], [393.44620883389797, 6.384477915255047], [473.44620883389797, 166.38447791525505], [313.44620883389797, 166.38447791525505]], [[279.28085321273005, 366.38447791525505], [559.2808532127301, 366.38447791525505], [419.28085321273005, 606.384477915255], [279.28085321273005, 366.38447791525505]]]"
Wed Jul 22 23:27:12 2020,2,1,True,687.3332977626909,0.8292919924807696,"[0, 0, 1, 2, 3, 0, 1, 0, 0, 0, 2, 0]","[[[0.0, 280.0], [200.0, 280.0], [200.0, 480.0], [0.0, 480.0], [0.0, 280.0]], [[326.66666666666674, 197.6483430893337], [526.6666666666667, 197.6483430893337], [526.6666666666667, 397.6483430893337], [326.66666666666674, 397.6483430893337], [326.66666666666674, 197.6483430893337]], [[653.3068968833497, 480.0], [653.3068968833497, 760.0], [473.30689688334974, 760.0], [473.30689688334974, 480.0], [653.3068968833497, 480.0]], [[583.6179040109266, 197.6483430893337], [303.6179040109266, 197.6483430893337], [443.6179040109266, 57.64834308933371], [583.6179040109266, 197.6483430893337]], [[473.30689688334974, 760.0], [293.30689688334974, 760.0], [473.30689688334974, 480.0], [473.30689688334974, 760.0]], [[0.0, 480.0], [280.0, 480.0], [280.0, 760.0], [0.0, 760.0], [0.0, 480.0]], [[380.0, 6.6931031166502635], [300.0, 206.69310311665026], [200.0, 206.69310311665026], [200.0, 6.6931031166502635], [380.0, 6.6931031166502635]], [[553.3068968833497, 280.0], [653.3068968833497, 280.0], [653.3068968833497, 460.0], [553.3068968833497, 460.0], [553.3068968833497, 280.0]], [[385.9695609215929, 0.0], [665.9695609215929, 0.0], [665.9695609215929, 280.0], [385.9695609215929, 0.0]], [[0.0, 0.0], [200.0, 0.0], [200.0, 200.0], [0.0, 280.0], [0.0, 0.0]], [[326.6666666666667, 213.33333333333337], [246.66666666666669, 373.33333333333337], [166.66666666666669, 213.33333333333337], [326.6666666666667, 213.33333333333337]], [[231.96153346877804, 397.6483430893337], [511.96153346877804, 397.6483430893337], [371.96153346877804, 637.6483430893337], [231.96153346877804, 397.6483430893337]]]"
Wed Jul 22 23:27:12 2020,2,0,True,659.8399658521832,0.8638458255008016,"[0, 0, 1, 2, 3, 0, 1, 0, 0, 0, 2, 0]","[[[0.0, 280.0], [200.0, 280.0], [200.0, 480.0], [0.0, 480.0], [0.0, 280.0]], [[326.66666666666674, 197.6483430893337], [526.6666666666667, 197.6483430893337], [526.6666666666667, 397.6483430893337], [326.66666666666674, 397.6483430893337], [326.66666666666674, 197.6483430893337]], [[653.3068968833497, 480.0], [653.3068968833497, 760.0], [473.30689688334974, 760.0], [473.30689688334974, 480.0], [653.3068968833497, 480.0]], [[579.8399658521832, 200.0], [299.83996585218324, 200.0], [439.83996585218324, 60.0], [579.8399658521832, 200.0]], [[473.30689688334974, 760.0], [293.30689688334974, 760.0], [473.30689688334974, 480.0], [473.30689688334974, 760.0]], [[0.0, 480.0], [280.0, 480.0], [280.0, 760.0], [0.0, 760.0], [0.0, 480.0]], [[379.83996585218324, 0.0], [299.83996585218324, 200.0], [199.83996585218324, 200.0], [199.83996585218324, 0.0], [379.83996585218324, 0.0]], [[553.3068968833497, 280.0], [653.3068968833497, 280.0], [653.3068968833497, 460.0], [553.3068968833497, 460.0], [553.3068968833497, 280.0]], [[379.83996585218324, 0.0], [659.8399658521832, 0.0], [659.8399658521832, 280.0], [379.83996585218324, 0.0]], [[0.0, 0.0], [200.0, 0.0], [200.0, 200.0], [0.0, 280.0], [0.0, 0.0]], [[326.6666666666667, 213.33333333333337], [246.66666666666669, 373.33333333333337], [166.66666666666669, 213.33333333333337], [326.6666666666667, 213.33333333333337]], [[231.96153346877804, 397.6483430893337], [511.96153346877804, 397.6483430893337], [371.96153346877804, 637.6483430893337], [231.96153346877804, 397.6483430893337]]]"
Wed Jul 22 23:28:44 2020,2,5,False,666.4383655107051,0.8552928965354472,"[0, 0, 1, 2, 0, 0, 2, 1, 0, 3, 1, 1]","[[[0.0, 460.0], [200.0, 460.0], [200.0, 660.0], [0.0, 660.0], [0.0, 460.0]], [[6.344327861315833, 260.0], [206.34432786131583, 260.0], [206.34432786131583, 460.0], [6.344327861315833, 460.0], [6.344327861315833, 260.0]], [[386.34432786131583, 280.0], [386.34432786131583, 560.0], [206.34432786131583, 560.0], [206.34432786131583, 280.0], [386.34432786131583, 280.0]], [[280.0, 260.0], [0.0, 260.0], [140.0, 120.0], [280.0, 260.0]], [[300.0, 180.0], [300.0, 0.0], [580.0, 180.0], [300.0, 180.0]], [[386.34432786131583, 180.0], [666.3443278613158, 180.0], [666.3443278613158, 460.0], [386.34432786131583, 460.0], [386.34432786131583, 180.0]], [[666.4383655107051, 180.0], [466.4383655107051, 100.0], [466.4383655107051, 0.0], [666.4383655107051, 0.0], [666.4383655107051, 180.0]], [[180.0, 660.0], [180.0, 760.0], [0.0, 760.0], [0.0, 660.0], [180.0, 660.0]], [[20.0, 0.0], [300.0, 0.0], [300.0, 280.0], [20.0, 0.0]], [[200.0, 760.0], [200.0, 560.0], [400.0, 560.0], [480.0, 760.0], [200.0, 760.0]], [[0.0, 60.0], [160.0, 140.0], [0.0, 220.0], [0.0, 60.0]], [[666.4383655107051, 477.85609815661155], [666.4383655107051, 757.8560981566116], [426.4383655107051, 617.8560981566116], [666.4383655107051, 477.85609815661155]]]"
Wed Jul 22 23:29:08 2020,2,1,True,673.1027491658122,0.8468246500350961,"[0, 0, 0, 3, 2, 0, 1, 0, 1, 3, 0, 0]","[[[280.0, 0.0], [480.0, 0.0], [480.0, 200.0], [280.0, 200.0], [280.0, 0.0]], [[0.0, 560.0], [200.0, 560.0], [200.0, 760.0], [0.0, 760.0], [0.0, 560.0]], [[0.0, 0.0], [280.0, 0.0], [280.0, 180.0], [0.0, 180.0], [0.0, 0.0]], [[100.0, 532.0], [100.0, 252.0], [240.0, 392.0], [100.0, 532.0]], [[280.0, 180.0], [280.0, 360.0], [0.0, 180.0], [280.0, 180.0]], [[359.7808308902769, 200.0], [639.7808308902769, 200.0], [639.7808308902769, 480.0], [359.7808308902769, 480.0], [359.7808308902769, 200.0]], [[660.0, 0.0], [580.0, 200.0], [480.0, 200.0], [480.0, 0.0], [660.0, 0.0]], [[0.0, 352.0], [100.0, 352.0], [100.0, 532.0], [0.0, 532.0], [0.0, 352.0]], [[359.7808308902769, 280.0], [359.7808308902769, 560.0], [79.78083089027689, 560.0], [359.7808308902769, 280.0]], [[200.0, 760.0], [200.0, 560.0], [400.0, 560.0], [480.0, 760.0], [200.0, 760.0]], [[489.7808308902769, 760.0], [569.7808308902769, 600.0], [649.7808308902769, 760.0], [489.7808308902769, 760.0]], [[359.7808308902769, 480.0], [639.7808308902769, 480.0], [499.7808308902769, 720.0], [359.7808308902769, 480.0]]]"
Wed Jul 22 23:30:07 2020,2,5,True,679.8337766574703,0.8384402475595012,"[0, 0, 1, 0, 0, 0, 2, 1, 2, 0, 3, 1]","[[[199.99999999999977, 560.0], [399.9999999999998, 560.0], [399.9999999999998, 760.0], [199.99999999999977, 760.0], [199.99999999999977, 560.0]], [[0.0, 560.0], [200.0, 560.0], [200.0, 760.0], [0.0, 760.0], [0.0, 560.0]], [[679.8337766574703, 0.0], [679.8337766574703, 280.0], [499.83377665747025, 280.0], [499.83377665747025, 0.0], [679.8337766574703, 0.0]], [[139.99999999999977, 420.0], [419.9999999999998, 420.0], [279.9999999999998, 560.0], [139.99999999999977, 420.0]], [[399.83377665747025, 760.0], [399.83377665747025, 580.0], [679.8337766574703, 760.0], [399.83377665747025, 760.0]], [[219.83377665747025, 0.0], [499.83377665747025, 0.0], [499.83377665747025, 280.0], [219.83377665747025, 280.0], [219.83377665747025, 0.0]], [[219.83377665747025, 180.0], [19.833776657470253, 100.0], [19.833776657470253, 0.0], [219.83377665747025, 0.0], [219.83377665747025, 180.0]], [[339.9999999999998, 320.0], [339.9999999999998, 420.0], [159.99999999999977, 420.0], [159.99999999999977, 320.0], [339.9999999999998, 320.0]], [[280.0, 560.0], [0.0, 560.0], [0.0, 280.0], [280.0, 560.0]], [[446.17863919917966, 280.0], [646.1786391991797, 280.0], [646.1786391991797, 480.0], [446.17863919917966, 560.0], [446.17863919917966, 280.0]], [[160.0, 360.0], [0.0, 280.0], [160.0, 200.0], [160.0, 360.0]], [[675.4735656336231, 462.91129291324114], [675.4735656336231, 742.9112929132411], [435.47356563362314, 602.9112929132411], [675.4735656336231, 462.91129291324114]]]"
Wed Jul 22 23:30:08 2020,2,0,True,652.6404255911714,0.8733752578744804,"[0, 0, 1, 0, 3, 0, 1, 1, 2, 0, 3, 1]","[[[200.0, 560.0], [400.0, 560.0], [400.0, 760.0], [200.0, 760.0], [200.0, 560.0]], [[0.0, 560.0], [200.0, 560.0], [200.0, 760.0], [0.0, 760.0], [0.0, 560.0]], [[652.6404255911714, 0.0], [652.6404255911714, 280.0], [472.6404255911714, 280.0], [472.6404255911714, 0.0], [652.6404255911714, 0.0]], [[105.08547644679999, 385.08547644679993], [385.0854764468, 385.08547644679993], [245.0854764468, 525.0854764467999], [105.08547644679999, 385.08547644679993]], [[452.6404255911714, 560.0], [272.6404255911714, 560.0], [452.6404255911714, 280.0], [452.6404255911714, 560.0]], [[192.64042559117138, 0.0], [472.6404255911714, 0.0], [472.6404255911714, 280.0], [192.64042559117138, 280.0], [192.64042559117138, 0.0]], [[180.0, 30.0], [100.0, 230.0], [0.0, 230.0], [0.0, 30.0], [180.0, 30.0]], [[340.0, 280.0], [340.0, 380.0], [160.0, 380.0], [160.0, 280.0], [340.0, 280.0]], [[280.0, 560.0], [0.0, 560.0], [0.0, 280.0], [280.0, 560.0]], [[452.6404255911714, 280.0], [652.6404255911714, 280.0], [652.6404255911714, 480.0], [452.6404255911714, 560.0], [452.6404255911714, 280.0]], [[160.0, 360.0], [0.0, 280.0], [160.0, 200.0], [160.0, 360.0]], [[652.6404255911714, 480.0], [652.6404255911714, 760.0], [412.6404255911714, 620.0], [652.6404255911714, 480.0]]]"
Wed Jul 22 23:30:44 2020,2,1,True,659.1668298470831,0.864727978093545,"[0, 0, 0, 2, 3, 0, 1, 0, 0, 0, 0, 0]","[[[459.16682984708314, 2.08292538229216], [659.1668298470831, 2.08292538229216], [659.1668298470831, 202.08292538229216], [459.16682984708314, 202.08292538229216], [459.16682984708314, 2.08292538229216]], [[0.0, 280.0], [200.0, 280.0], [200.0, 480.0], [0.0, 480.0], [0.0, 280.0]], [[200.0, 340.0], [480.0, 340.0], [480.0, 520.0], [200.0, 520.0], [200.0, 340.0]], [[500.0, 340.0], [220.0, 340.0], [360.0, 200.0], [500.0, 340.0]], [[525.7121557135325, 760.0], [345.7121557135325, 760.0], [525.7121557135325, 480.0], [525.7121557135325, 760.0]], [[0.0, 0.0], [280.0, 0.0], [280.0, 280.0], [0.0, 280.0], [0.0, 0.0]], [[460.0, 0.0], [380.0, 200.0], [280.0, 200.0], [280.0, 0.0], [460.0, 0.0]], [[528.5714285714286, 451.4875241066376], [628.5714285714286, 451.4875241066376], [628.5714285714286, 631.4875241066376], [528.5714285714286, 631.4875241066376], [528.5714285714286, 451.4875241066376]], [[379.16682984708314, 202.08292538229216], [659.1668298470831, 202.08292538229216], [659.1668298470831, 482.08292538229216], [379.16682984708314, 202.08292538229216]], [[0.0, 480.0], [200.0, 480.0], [200.0, 680.0], [0.0, 760.0], [0.0, 480.0]], [[160.0, 760.0], [240.0, 600.0], [320.0, 760.0], [160.0, 760.0]], [[205.71215571353252, 520.0], [485.7121557135325, 520.0], [345.7121557135325, 760.0], [205.71215571353252, 520.0]]]"
Wed Jul 22 23:31:00 2020,2,1,True,665.758498145554,0.856166314944104,"[0, 0, 1, 3, 2, 0, 3, 0, 2, 0, 0, 0]","[[[432.8001566531998, 0.0], [632.8001566531998, 0.0], [632.8001566531998, 200.0], [432.8001566531998, 200.0], [432.8001566531998, 0.0]], [[0.0, 560.0], [200.0, 560.0], [200.0, 760.0], [0.0, 760.0], [0.0, 560.0]], [[180.0, 280.0], [180.0, 560.0], [0.0, 560.0], [0.0, 280.0], [180.0, 280.0]], [[279.79379687107354, 280.0], [279.79379687107354, 0.0], [419.79379687107354, 140.0], [279.79379687107354, 280.0]], [[630.5154426810265, 209.27835419004703], [630.5154426810265, 389.278354190047], [350.51544268102646, 209.27835419004703], [630.5154426810265, 209.27835419004703]], [[0.0, 0.0], [280.0, 0.0], [280.0, 280.0], [0.0, 280.0], [0.0, 0.0]], [[479.22063443915, 760.0], [559.22063443915, 560.0], [659.22063443915, 560.0], [659.22063443915, 760.0], [479.22063443915, 760.0]], [[196.18642070191447, 553.5254317192341], [296.18642070191447, 553.5254317192341], [296.18642070191447, 733.5254317192341], [196.18642070191447, 733.5254317192341], [196.18642070191447, 553.5254317192341]], [[660.0, 508.2327124665302], [380.0, 508.2327124665302], [380.0, 228.2327124665302], [660.0, 508.2327124665302]], [[180.0, 279.9999999999999], [380.0, 279.9999999999999], [380.0, 479.9999999999999], [180.0, 559.9999999999999], [180.0, 279.9999999999999]], [[282.94913656153153, 760.0], [362.94913656153153, 600.0], [442.94913656153153, 760.0], [282.94913656153153, 760.0]], [[309.41821883367413, 508.2327124665302], [589.4182188336741, 508.2327124665302], [449.41821883367413, 748.2327124665302], [309.41821883367413, 508.2327124665302]]]"
Wed Jul 22 23:31:20 2020,2,1,True,672.4160831270095,0.8476894207367366,"[0, 0, 1, 3, 1, 0, 1, 0, 0, 2, 2, 2]","[[[472.41608312700953, 280.0], [672.4160831270095, 280.0], [672.4160831270095, 480.0], [472.41608312700953, 480.0], [472.41608312700953, 280.0]], [[0.0, 0.0], [200.0, 0.0], [200.0, 200.0], [0.0, 200.0], [0.0, 0.0]], [[180.0, 200.0], [180.0, 480.0], [0.0, 480.0], [0.0, 200.0], [180.0, 200.0]], [[175.69623899015238, 555.9550242977402], [175.69623899015238, 275.95502429774024], [315.6962389901524, 415.95502429774024], [175.69623899015238, 555.9550242977402]], [[200.0, 11.651263287892618], [380.0, 11.651263287892618], [200.0, 291.6512632878926], [200.0, 11.651263287892618]], [[392.41608312700953, 480.0], [672.4160831270095, 480.0], [672.4160831270095, 760.0], [392.41608312700953, 760.0], [392.41608312700953, 480.0]], [[180.0, 555.9550242977402], [100.0, 755.9550242977402], [0.0, 755.9550242977402], [0.0, 555.9550242977402], [180.0, 555.9550242977402]], [[372.41608312700953, 279.23518016088303], [472.41608312700953, 279.23518016088303], [472.41608312700953, 459.23518016088303], [372.41608312700953, 459.23518016088303], [372.41608312700953, 279.23518016088303]], [[392.41608312700953, 0.0], [672.4160831270095, 0.0], [672.4160831270095, 280.0], [392.41608312700953, 0.0]], [[392.41608312700953, 739.235180160883], [192.41608312700953, 739.235180160883], [192.41608312700953, 539.235180160883], [392.41608312700953, 459.23518016088303], [392.41608312700953, 739.235180160883]], [[387.93618703577147, 248.19497234335927], [307.93618703577147, 408.19497234335927], [227.93618703577147, 248.19497234335927], [387.93618703577147, 248.19497234335927]], [[522.0161697176445, 248.1949723433592], [242.01616971764452, 248.1949723433592], [382.0161697176445, 8.194972343359211], [522.0161697176445, 248.1949723433592]]]"
Wed Jul 22 23:31:50 2020,2,1,True,679.1402439582796,0.8392964561749867,"[0, 0, 0, 1, 1, 0, 3, 0, 2, 2, 3, 0]","[[[146.38008131942655, 426.3800813194266], [346.38008131942655, 426.3800813194266], [346.38008131942655, 626.3800813194266], [146.38008131942655, 626.3800813194266], [146.38008131942655, 426.3800813194266]], [[0.0, 0.0], [200.0, 0.0], [200.0, 200.0], [0.0, 200.0], [0.0, 0.0]], [[384.0497967014335, 240.0], [664.0497967014335, 240.0], [664.0497967014335, 420.0], [384.0497967014335, 420.0], [384.0497967014335, 240.0]], [[140.0, 340.0], [140.0, 620.0], [0.0, 480.0], [140.0, 340.0]], [[0.0, 200.0], [180.0, 200.0], [0.0, 480.0], [0.0, 200.0]], [[399.1402439582796, 424.8238174824071], [679.1402439582796, 424.8238174824071], [679.1402439582796, 704.8238174824071], [399.1402439582796, 704.8238174824071], [399.1402439582796, 424.8238174824071]], [[499.1402439582796, 240.0], [579.1402439582796, 40.0], [679.1402439582796, 40.0], [679.1402439582796, 240.0], [499.1402439582796, 240.0]], [[200.0, 0.0], [300.0, 0.0], [300.0, 180.0], [200.0, 180.0], [200.0, 0.0]], [[280.0, 760.0], [0.0, 760.0], [0.0, 480.0], [280.0, 760.0]], [[384.0497967014335, 426.3800813194266], [184.04979670143348, 426.3800813194266], [184.04979670143348, 226.3800813194266], [384.0497967014335, 146.3800813194266], [384.0497967014335, 426.3800813194266]], [[399.1402439582796, 760.0], [239.1402439582796, 680.0], [399.1402439582796, 600.0], [399.1402439582796, 760.0]], [[300.0, 0.0], [580.0, 0.0], [440.0, 240.0], [300.0, 0.0]]]"
Wed Jul 22 23:32:15 2020,2,1,True,685.9316463978624,0.8309865902722641,"[0, 0, 0, 3, 3, 0, 3, 0, 3, 1, 2, 2]","[[[0.0, 380.0], [200.0, 380.0], [200.0, 580.0], [0.0, 580.0], [0.0, 380.0]], [[80.0, 0.0], [280.0, 0.0], [280.0, 200.0], [80.0, 200.0], [80.0, 0.0]], [[0.0, 200.0], [280.0, 200.0], [280.0, 380.0], [0.0, 380.0], [0.0, 200.0]], [[280.0, 280.0], [280.0, 0.0], [420.0, 140.0], [280.0, 280.0]], [[685.9316463978624, 480.0], [505.93164639786244, 480.0], [685.9316463978624, 200.0], [685.9316463978624, 480.0]], [[405.93164639786244, 480.0], [685.9316463978624, 480.0], [685.9316463978624, 760.0], [405.93164639786244, 760.0], [405.93164639786244, 480.0]], [[225.93164639786244, 760.0], [305.93164639786244, 560.0], [405.93164639786244, 560.0], [405.93164639786244, 760.0], [225.93164639786244, 760.0]], [[0.0, 580.0], [100.0, 580.0], [100.0, 760.0], [0.0, 760.0], [0.0, 580.0]], [[200.0, 665.9316463978624], [200.0, 385.93164639786244], [480.0, 385.93164639786244], [200.0, 665.9316463978624]], [[644.0, 0.0], [644.0, 200.0], [444.0, 200.0], [364.0, 0.0], [644.0, 0.0]], [[617.3333333333334, 200.0], [537.3333333333334, 360.0], [457.33333333333337, 200.0], [617.3333333333334, 200.0]], [[553.0526315789473, 386.9473684210527], [273.0526315789473, 386.9473684210527], [413.0526315789473, 146.94736842105272], [553.0526315789473, 386.9473684210527]]]"
Wed Jul 22 23:32:31 2020,2,0,True,658.4943805419479,0.8656110315336085,"[0, 0, 1, 1, 1, 0, 3, 0, 3, 0, 2, 2]","[[[458.49438054194786, 0.0], [658.4943805419479, 0.0], [658.4943805419479, 200.0], [458.49438054194786, 200.0], [458.49438054194786, 0.0]], [[0.0, 0.0], [200.0, 0.0], [200.0, 200.0], [0.0, 200.0], [0.0, 0.0]], [[180.0, 200.0], [180.0, 480.0], [0.0, 480.0], [0.0, 200.0], [180.0, 200.0]], [[378.49438054194786, 480.0], [378.49438054194786, 760.0], [238.49438054194786, 620.0], [378.49438054194786, 480.0]], [[200.0, 0.0], [380.0, 0.0], [200.0, 280.0], [200.0, 0.0]], [[378.49438054194786, 480.0], [658.4943805419479, 480.0], [658.4943805419479, 760.0], [378.49438054194786, 760.0], [378.49438054194786, 480.0]], [[439.39775221677917, 480.0], [519.3977522167792, 280.0], [619.3977522167792, 280.0], [619.3977522167792, 480.0], [439.39775221677917, 480.0]], [[358.49438054194786, 33.45318582363666], [458.49438054194786, 33.45318582363666], [458.49438054194786, 213.45318582363666], [358.49438054194786, 213.45318582363666], [358.49438054194786, 33.45318582363666]], [[200.0, 658.4943805419479], [200.0, 378.49438054194786], [480.0, 378.49438054194786], [200.0, 658.4943805419479]], [[0.0, 480.0], [200.0, 480.0], [200.0, 680.0], [0.0, 760.0], [0.0, 480.0]], [[549.7217762334878, 213.45318582363666], [469.7217762334879, 373.45318582363666], [389.7217762334879, 213.45318582363666], [549.7217762334878, 213.45318582363666]], [[460.0, 378.49438054194786], [180.0, 378.49438054194786], [320.0, 138.49438054194786], [460.0, 378.49438054194786]]]"
Wed Jul 22 23:34:13 2020,2,5,False,665.0793243473673,0.8570406252808005,"[0, 0, 0, 0, 2, 0, 0, 1, 2, 3, 2, 1]","[[[465.07932434736733, 0.0], [665.0793243473673, 0.0], [665.0793243473673, 200.0], [465.07932434736733, 200.0], [465.07932434736733, 0.0]], [[265.07932434736733, 0.0], [465.07932434736733, 0.0], [465.07932434736733, 200.0], [265.07932434736733, 200.0], [265.07932434736733, 0.0]], [[0.0, 580.0], [280.0, 580.0], [280.0, 760.0], [0.0, 760.0], [0.0, 580.0]], [[285.0793243473672, 480.0], [565.0793243473672, 480.0], [425.0793243473672, 620.0], [285.0793243473672, 480.0]], [[665.0793243473673, 300.0], [665.0793243473673, 480.0], [385.07932434736733, 300.0], [665.0793243473673, 300.0]], [[0.0, 0.0], [280.0, 0.0], [280.0, 280.0], [0.0, 280.0], [0.0, 0.0]], [[300.0, 300.0], [500.0, 380.0], [500.0, 480.0], [300.0, 480.0], [300.0, 300.0]], [[660.0, 200.0], [660.0, 300.0], [480.0, 300.0], [480.0, 200.0], [660.0, 200.0]], [[565.0793243473672, 760.0], [285.0793243473672, 760.0], [285.0793243473672, 480.0], [565.0793243473672, 760.0]], [[0.0, 580.0], [0.0, 380.0], [200.0, 380.0], [280.0, 580.0], [0.0, 580.0]], [[310.0, 280.0], [230.0, 440.0], [150.0, 280.0], [310.0, 280.0]], [[665.0793243473672, 480.0], [665.0793243473672, 760.0], [425.0793243473672, 620.0], [665.0793243473672, 480.0]]]"
Wed Jul 22 23:34:27 2020,2,1,True,671.730117590841,0.848555074535446,"[0, 0, 0, 0, 3, 0, 1, 1, 2, 0, 1, 1]","[[[428.57142857142867, 280.0], [628.5714285714287, 280.0], [628.5714285714287, 480.0], [428.57142857142867, 480.0], [428.57142857142867, 280.0]], [[0.0, 280.0], [200.0, 280.0], [200.0, 480.0], [0.0, 480.0], [0.0, 280.0]], [[228.57142857142867, 580.0], [508.57142857142867, 580.0], [508.57142857142867, 760.0], [228.57142857142867, 760.0], [228.57142857142867, 580.0]], [[280.0, 0.0], [560.0, 0.0], [420.0, 140.0], [280.0, 0.0]], [[228.57142857142864, 760.0], [48.57142857142864, 760.0], [228.57142857142864, 480.0], [228.57142857142864, 760.0]], [[0.0, 0.0], [280.0, 0.0], [280.0, 280.0], [0.0, 280.0], [0.0, 0.0]], [[180.0, 480.0], [100.0, 680.0], [0.0, 680.0], [0.0, 480.0], [180.0, 480.0]], [[608.5714285714287, 480.0], [608.5714285714287, 580.0], [428.57142857142867, 580.0], [428.57142857142867, 480.0], [608.5714285714287, 480.0]], [[560.0, 280.0], [280.0, 280.0], [280.0, 0.0], [560.0, 280.0]], [[228.57142857142864, 288.4953241212178], [428.57142857142867, 288.4953241212178], [428.57142857142867, 488.4953241212178], [228.57142857142864, 568.4953241212178], [228.57142857142864, 288.4953241212178]], [[508.57142857142867, 600.0], [668.5714285714287, 680.0], [508.57142857142867, 760.0], [508.57142857142867, 600.0]], [[660.0, 0.0], [660.0, 280.0], [420.0, 140.0], [660.0, 0.0]]]"
Wed Jul 22 23:34:45 2020,2,1,True,678.4474187667495,0.8401535391440059,"[0, 0, 0, 2, 2, 0, 1, 1, 1, 1, 3, 3]","[[[279.70900883778256, 0.0], [479.70900883778256, 0.0], [479.70900883778256, 200.0], [279.70900883778256, 200.0], [279.70900883778256, 0.0]], [[478.4474187667495, 0.0], [678.4474187667495, 0.0], [678.4474187667495, 200.0], [478.4474187667495, 200.0], [478.4474187667495, 0.0]], [[380.0, 200.0], [660.0, 200.0], [660.0, 380.0], [380.0, 380.0], [380.0, 200.0]], [[600.6696409889717, 760.0], [320.66964098897165, 760.0], [460.66964098897165, 620.0], [600.6696409889717, 760.0]], [[678.4474187667495, 580.0], [678.4474187667495, 760.0], [398.4474187667495, 580.0], [678.4474187667495, 580.0]], [[0.0, 0.0], [280.0, 0.0], [280.0, 280.0], [0.0, 280.0], [0.0, 0.0]], [[180.0, 280.0], [100.0, 480.0], [0.0, 480.0], [0.0, 280.0], [180.0, 280.0]], [[420.0, 480.0], [420.0, 580.0], [240.0, 580.0], [240.0, 480.0], [420.0, 480.0]], [[380.0, 200.0], [380.0, 480.0], [100.0, 480.0], [380.0, 200.0]], [[660.0, 380.0], [660.0, 580.0], [460.0, 580.0], [380.0, 380.0], [660.0, 380.0]], [[320.66964098897165, 760.0], [160.66964098897165, 680.0], [320.66964098897165, 600.0], [320.66964098897165, 760.0]], [[0.0, 760.0], [0.0, 480.0], [240.0, 620.0], [0.0, 760.0]]]"
Wed Jul 22 23:34:58 2020,2,1,True,685.2318929544169,0.831835187271293,"[0, 0, 0, 3, 1, 0, 0, 0, 1, 1, 2, 2]","[[[451.3095220160794, 408.6904779839206], [651.3095220160794, 408.6904779839206], [651.3095220160794, 608.6904779839206], [451.3095220160794, 608.6904779839206], [451.3095220160794, 408.6904779839206]], [[451.3095220160794, 208.69047798392057], [651.3095220160794, 208.69047798392057], [651.3095220160794, 408.6904779839206], [451.3095220160794, 408.6904779839206], [451.3095220160794, 208.69047798392057]], [[0.0, 0.0], [280.0, 0.0], [280.0, 180.0], [0.0, 180.0], [0.0, 0.0]], [[310.0, 430.0], [310.0, 150.0], [450.0, 290.0], [310.0, 430.0]], [[0.0, 460.0], [180.0, 460.0], [0.0, 740.0], [0.0, 460.0]], [[0.0, 180.0], [280.0, 180.0], [280.0, 460.0], [0.0, 460.0], [0.0, 180.0]], [[348.33333333333337, 570.5263157894738], [548.3333333333334, 650.5263157894738], [548.3333333333334, 750.5263157894738], [348.33333333333337, 750.5263157894738], [348.33333333333337, 570.5263157894738]], [[560.0, 0.0], [660.0, 0.0], [660.0, 180.0], [560.0, 180.0], [560.0, 0.0]], [[450.375939849624, 289.62406015037595], [450.375939849624, 569.624060150376], [170.375939849624, 569.624060150376], [450.375939849624, 289.62406015037595]], [[560.0, 0.0], [560.0, 200.0], [360.0, 200.0], [280.0, 0.0], [560.0, 0.0]], [[344.2355889724311, 570.5263157894738], [264.2355889724311, 730.5263157894738], [184.23558897243112, 570.5263157894738], [344.2355889724311, 570.5263157894738]], [[281.42857142857133, 760.0], [1.4285714285713311, 760.0], [141.42857142857133, 520.0], [281.42857142857133, 760.0]]]"
Wed Jul 22 23:34:58 2020,2,0,True,657.8226172362403,0.8664949867409302,"[0, 0, 0, 3, 1, 0, 0, 0, 1, 1, 2, 2]","[[[451.3095220160794, 408.6904779839206], [651.3095220160794, 408.6904779839206], [651.3095220160794, 608.6904779839206], [451.3095220160794, 608.6904779839206], [451.3095220160794, 408.6904779839206]], [[451.3095220160794, 208.69047798392057], [651.3095220160794, 208.69047798392057], [651.3095220160794, 408.6904779839206], [451.3095220160794, 408.6904779839206], [451.3095220160794, 208.69047798392057]], [[0.0, 0.0], [280.0, 0.0], [280.0, 180.0], [0.0, 180.0], [0.0, 0.0]], [[310.0, 430.0], [310.0, 150.0], [450.0, 290.0], [310.0, 430.0]], [[0.0, 459.9999999999999], [180.0, 459.9999999999999], [0.0, 739.9999999999999], [0.0, 459.9999999999999]], [[0.0, 180.0], [280.0, 180.0], [280.0, 460.0], [0.0, 460.0], [0.0, 180.0]], [[348.33333333333337, 570.5263157894738], [548.3333333333334, 650.5263157894738], [548.3333333333334, 750.5263157894738], [348.33333333333337, 750.5263157894738], [348.33333333333337, 570.5263157894738]], [[557.8226172362403, 0.0], [657.8226172362403, 0.0], [657.8226172362403, 180.0], [557.8226172362403, 180.0], [557.8226172362403, 0.0]], [[450.375939849624, 289.62406015037595], [450.375939849624, 569.624060150376], [170.375939849624, 569.624060150376], [450.375939849624, 289.62406015037595]], [[560.0, 0.0], [560.0, 200.0], [360.0, 200.0], [280.0, 0.0], [560.0, 0.0]], [[344.2355889724311, 570.5263157894738], [264.2355889724311, 730.5263157894738], [184.23558897243112, 570.5263157894738], [344.2355889724311, 570.5263157894738]], [[281.42857142857133, 760.0], [1.4285714285713311, 760.0], [141.42857142857133, 520.0], [281.42857142857133, 760.0]]]"
Wed Jul 22 23:35:34 2020,2,1,True,664.4008434086027,0.8579158284563665,"[0, 0, 1, 3, 3, 0, 1, 0, 0, 3, 2, 2]","[[[5.373688845949459, 560.0], [205.37368884594946, 560.0], [205.37368884594946, 760.0], [5.373688845949459, 760.0], [5.373688845949459, 560.0]], [[434.0751891299657, 280.0], [634.0751891299657, 280.0], [634.0751891299657, 480.0], [434.0751891299657, 480.0], [434.0751891299657, 280.0]], [[664.4008434086027, 0.0], [664.4008434086027, 280.0], [484.40084340860267, 280.0], [484.40084340860267, 0.0], [664.4008434086027, 0.0]], [[280.0, 355.59915659139733], [280.0, 75.59915659139733], [420.0, 215.59915659139733], [280.0, 355.59915659139733]], [[422.04035551261615, 560.0], [242.04035551261615, 560.0], [422.04035551261615, 280.0], [422.04035551261615, 560.0]], [[0.0, 220.95166413073628], [280.0, 220.95166413073628], [280.0, 500.9516641307363], [0.0, 500.9516641307363], [0.0, 220.95166413073628]], [[385.37368884594946, 560.0], [305.37368884594946, 760.0], [205.37368884594946, 760.0], [205.37368884594946, 560.0], [385.37368884594946, 560.0]], [[563.8352273074879, 543.0769230769231], [663.8352273074879, 543.0769230769231], [663.8352273074879, 723.0769230769231], [563.8352273074879, 723.0769230769231], [563.8352273074879, 543.0769230769231]], [[204.40084340860267, 0.0], [484.40084340860267, 0.0], [484.40084340860267, 280.0], [204.40084340860267, 0.0]], [[0.0, 200.0], [0.0, 0.0], [200.0, 0.0], [280.0, 200.0], [0.0, 200.0]], [[595.3736888459495, 480.0], [515.3736888459495, 640.0], [435.37368884594946, 480.0], [595.3736888459495, 480.0]], [[585.3736888459495, 760.0], [305.37368884594946, 760.0], [445.37368884594946, 520.0], [585.3736888459495, 760.0]]]"
Wed Jul 22 23:36:12 2020,2,3,True,671.0448518426887,0.8494216123330361,"[0, 0, 1, 3, 0, 0, 0, 1, 1, 2, 2, 1]","[[[0.0, 560.0], [200.0, 560.0], [200.0, 760.0], [0.0, 760.0], [0.0, 560.0]], [[200.0, 560.0], [400.0, 560.0], [400.0, 760.0], [200.0, 760.0], [200.0, 560.0]], [[460.0, 280.0], [460.0, 560.0], [280.0, 560.0], [280.0, 280.0], [460.0, 280.0]], [[0.0, 280.0], [0.0, 0.0], [140.0, 140.0], [0.0, 280.0]], [[335.6025874500363, 280.0], [335.6025874500363, 100.0], [615.6025874500363, 280.0], [335.6025874500363, 280.0]], [[0.0, 280.0], [280.0, 280.0], [280.0, 560.0], [0.0, 560.0], [0.0, 280.0]], [[400.0, 580.0], [600.0, 660.0], [600.0, 760.0], [400.0, 760.0], [400.0, 580.0]], [[515.6025874500363, 0.0], [515.6025874500363, 100.0], [335.60258745003625, 100.0], [335.60258745003625, 0.0], [515.6025874500363, 0.0]], [[335.6025874500363, 0.0], [335.6025874500363, 280.0], [55.60258745003631, 280.0], [335.6025874500363, 0.0]], [[671.0448518426887, 608.4179407370755], [471.0448518426887, 608.4179407370755], [471.0448518426887, 408.41794073707547], [671.0448518426887, 328.41794073707547], [671.0448518426887, 608.4179407370755]], [[230.0, 0.0], [150.0, 160.0], [70.0, 0.0], [230.0, 0.0]], [[661.2336554112014, 15.048543689320354], [661.2336554112014, 295.04854368932035], [421.2336554112014, 155.04854368932035], [661.2336554112014, 15.048543689320354]]]"



Wed Jul 22 23:36:59 2020,2,开始运行[全局邻域-检验重叠] 初始利用率,0.7746751124110888
Wed Jul 22 23:37:00 2020,2,0,True,706.3606294216704,0.8069532420948842,"[0, 0, 1, 2, 1, 0, 0, 0, 1, 2, 0, 0]","[[[0.0, 0.0], [200.0, 0.0], [200.0, 200.0], [0.0, 200.0]], [[0.0, 200.0], [200.0, 200.0], [200.0, 400.0], [0.0, 400.0]], [[446.3606294216704, 460.0], [446.3606294216704, 740.0], [266.3606294216704, 740.0], [266.3606294216704, 460.0], [446.3606294216704, 460.0]], [[280.0, 753.6393705783296], [0.0, 753.6393705783296], [140.0, 613.6393705783296], [280.0, 753.6393705783296]], [[446.3606294216704, 460.0], [626.3606294216704, 460.0], [446.3606294216704, 740.0], [446.3606294216704, 460.0]], [[210.0, 180.0], [490.0, 180.0], [490.0, 460.0], [210.0, 460.0], [210.0, 180.0]], [[200.0, 0.0], [400.0, 80.0], [400.0, 180.0], [200.0, 180.0], [200.0, 0.0]], [[0.0, 400.0], [100.0, 400.0], [100.0, 580.0], [0.0, 580.0], [0.0, 400.0]], [[706.3606294216704, 480.0], [706.3606294216704, 760.0], [426.3606294216704, 760.0], [706.3606294216704, 480.0]], [[706.3606294216704, 460.0], [506.3606294216704, 460.0], [506.3606294216704, 260.0], [706.3606294216704, 180.0], [706.3606294216704, 460.0]], [[100.0, 560.0], [180.0, 400.0], [260.0, 560.0], [100.0, 560.0]], [[385.0, 0.0], [665.0, 0.0], [525.0, 240.0], [385.0, 0.0]]]"
Wed Jul 22 23:37:09 2020,2,0,True,678.1062042448036,0.8405762938488377,"[0, 0, 1, 2, 1, 0, 0, 0, 1, 0, 0, 0]","[[[0.0, 0.0], [200.0, 0.0], [200.0, 200.0], [0.0, 200.0]], [[0.0, 200.0], [200.0, 200.0], [200.0, 400.0], [0.0, 400.0], [0.0, 200.0]], [[678.1062042448036, 0.0], [678.1062042448036, 280.0], [498.1062042448036, 280.0], [498.1062042448036, 0.0], [678.1062042448036, 0.0]], [[280.0, 760.0], [0.0, 760.0], [140.0, 620.0], [280.0, 760.0]], [[0.0, 400.0], [180.0, 400.0], [0.0, 680.0], [0.0, 400.0]], [[200.0, 180.0], [480.0, 180.0], [480.0, 460.0], [200.0, 460.0], [200.0, 180.0]], [[300.0, 0.0], [500.0, 80.0], [500.0, 180.0], [300.0, 180.0], [300.0, 0.0]], [[200.0, 0.0], [300.0, 0.0], [300.0, 180.0], [200.0, 180.0], [200.0, 0.0]], [[678.1062042448036, 480.0], [678.1062042448036, 760.0], [398.1062042448036, 760.0], [678.1062042448036, 480.0]], [[478.1062042448036, 280.0], [678.1062042448036, 280.0], [678.1062042448036, 480.0], [478.1062042448036, 560.0], [478.1062042448036, 280.0]], [[62.380952380952394, 620.0], [142.3809523809524, 460.0], [222.3809523809524, 620.0], [62.380952380952394, 620.0]], [[142.3809523809524, 460.0], [422.3809523809524, 460.0], [282.3809523809524, 700.0], [142.3809523809524, 460.0]]]"
Wed Jul 22 23:37:33 2020,2,1,True,684.8872662872517,0.8322537562859779,"[0, 0, 1, 2, 0, 0, 1, 0, 0, 2, 3, 1]","[[[484.8872662872517, 0.0], [684.8872662872517, 0.0], [684.8872662872517, 200.0], [484.8872662872517, 200.0], [484.8872662872517, 0.0]], [[0.0, 560.0], [200.0, 560.0], [200.0, 760.0], [0.0, 760.0], [0.0, 560.0]], [[679.3517589819946, 199.58327363128228], [679.3517589819946, 479.5832736312823], [499.35175898199464, 479.5832736312823], [499.35175898199464, 199.58327363128228], [679.3517589819946, 199.58327363128228]], [[380.0, 200.0], [100.0, 200.0], [240.0, 60.0], [380.0, 200.0]], [[200.0, 760.0], [200.0, 580.0], [480.0, 760.0], [200.0, 760.0]], [[0.0, 200.0], [280.0, 200.0], [280.0, 480.0], [0.0, 480.0], [0.0, 200.0]], [[180.0, 0.0], [100.0, 200.0], [0.0, 200.0], [0.0, 0.0], [180.0, 0.0]], [[280.0, 200.0], [380.0, 200.0], [380.0, 380.0], [280.0, 380.0], [280.0, 200.0]], [[180.0, 0.0], [460.0, 0.0], [460.0, 280.0], [180.0, 0.0]], [[679.3517589819946, 759.5832736312823], [479.35175898199464, 759.5832736312823], [479.35175898199464, 559.5832736312823], [679.3517589819946, 479.5832736312823], [679.3517589819946, 759.5832736312823]], [[499.35175898199464, 480.3241205090027], [339.35175898199464, 400.3241205090027], [499.35175898199464, 320.3241205090027], [499.35175898199464, 480.3241205090027]], [[479.35175898199464, 470.3241205090027], [479.35175898199464, 750.3241205090027], [239.35175898199464, 610.3241205090027], [479.35175898199464, 470.3241205090027]]]"
Wed Jul 22 23:37:53 2020,2,1,True,691.7361389501242,0.8240136200851266,"[0, 0, 1, 2, 0, 0, 1, 1, 0, 0, 1, 1]","[[[0.0, 560.0], [200.0, 560.0], [200.0, 760.0], [0.0, 760.0], [0.0, 560.0]], [[443.9677827918234, 0.0], [643.9677827918234, 0.0], [643.9677827918234, 200.0], [443.9677827918234, 200.0], [443.9677827918234, 0.0]], [[671.7361389501242, 200.0], [671.7361389501242, 480.0], [491.7361389501242, 480.0], [491.7361389501242, 200.0], [671.7361389501242, 200.0]], [[380.0, 234.82952810727727], [100.0, 234.82952810727727], [240.0, 94.82952810727727], [380.0, 234.82952810727727]], [[200.0, 760.0], [200.0, 580.0], [480.0, 760.0], [200.0, 760.0]], [[0.0, 234.82952810727727], [280.0, 234.82952810727727], [280.0, 514.8295281072773], [0.0, 514.8295281072773], [0.0, 234.82952810727727]], [[180.0, 34.82952810727727], [100.0, 234.82952810727727], [0.0, 234.82952810727727], [0.0, 34.82952810727727], [180.0, 34.82952810727727]], [[484.71534331078897, 382.4718564518828], [484.71534331078897, 482.4718564518828], [304.71534331078897, 482.4718564518828], [304.71534331078897, 382.4718564518828], [484.71534331078897, 382.4718564518828]], [[145.17047189272273, 0.0], [425.17047189272273, 0.0], [425.17047189272273, 280.0], [145.17047189272273, 0.0]], [[491.7361389501242, 480.0], [691.7361389501242, 480.0], [691.7361389501242, 680.0], [491.7361389501242, 760.0], [491.7361389501242, 480.0]], [[280.0, 234.82952810727727], [440.0, 314.82952810727727], [280.0, 394.82952810727727], [280.0, 234.82952810727727]], [[491.7361389501242, 478.3763923289372], [491.7361389501242, 758.3763923289372], [251.7361389501242, 618.3763923289372], [491.7361389501242, 478.3763923289372]]]"
Wed Jul 22 23:38:00 2020,2,0,True,664.0666933921192,0.858347520922007,"[0, 0, 1, 2, 0, 0, 1, 1, 0, 2, 0, 1]","[[[0.0, 560.0], [200.0, 560.0], [200.0, 760.0], [0.0, 760.0], [0.0, 560.0]], [[460.0, 0.0], [660.0, 0.0], [660.0, 200.0], [460.0, 200.0], [460.0, 0.0]], [[644.0666933921191, 198.37332264315222], [644.0666933921191, 478.3733226431522], [464.0666933921191, 478.3733226431522], [464.0666933921191, 198.37332264315222], [644.0666933921191, 198.37332264315222]], [[377.843683564146, 197.84368356414598], [97.84368356414598, 197.84368356414598], [237.84368356414598, 57.84368356414598], [377.843683564146, 197.84368356414598]], [[200.0, 759.9999999999999], [200.0, 579.9999999999999], [480.0, 759.9999999999999], [200.0, 759.9999999999999]], [[0.0, 234.82952810727727], [280.0, 234.82952810727727], [280.0, 514.8295281072773], [0.0, 514.8295281072773], [0.0, 234.82952810727727]], [[180.0, 0.0], [100.0, 200.0], [0.0, 200.0], [0.0, 0.0], [180.0, 0.0]], [[460.0, 357.843683564146], [460.0, 457.843683564146], [280.0, 457.843683564146], [280.0, 357.843683564146], [460.0, 357.843683564146]], [[180.0, 0.0], [460.0, 0.0], [460.0, 280.0], [180.0, 0.0]], [[664.0666933921191, 750.3733226431523], [464.0666933921191, 750.3733226431523], [464.0666933921191, 550.3733226431523], [664.0666933921191, 470.3733226431523], [664.0666933921191, 750.3733226431523]], [[280.0, 357.843683564146], [360.0, 197.84368356414598], [440.0, 357.843683564146], [280.0, 357.843683564146]], [[464.0666933921191, 455.47144575207653], [464.0666933921191, 735.4714457520765], [224.06669339211908, 595.4714457520765], [464.0666933921191, 455.47144575207653]]]"
Wed Jul 22 23:39:39 2020,2,5,True,670.7073603260404,0.8498490306158484,"[0, 0, 1, 1, 1, 0, 1, 0, 3, 2, 0, 2]","[[[200.0, 0.0], [400.0, 0.0], [400.0, 200.0], [200.0, 200.0], [200.0, 0.0]], [[0.0, 80.0], [200.0, 80.0], [200.0, 280.0], [0.0, 280.0], [0.0, 80.0]], [[380.0, 480.0], [380.0, 760.0], [200.0, 760.0], [200.0, 480.0], [380.0, 480.0]], [[657.1428571428571, 17.142857142856997], [657.1428571428571, 297.142857142857], [517.1428571428571, 157.142857142857], [657.1428571428571, 17.142857142856997]], [[380.0, 199.9999999999999], [560.0, 199.9999999999999], [380.0, 479.9999999999999], [380.0, 199.9999999999999]], [[380.0, 479.9999999999999], [660.0, 479.9999999999999], [660.0, 759.9999999999999], [380.0, 759.9999999999999], [380.0, 479.9999999999999]], [[580.0, 0.0], [500.0, 200.0], [400.0, 200.0], [400.0, 0.0], [580.0, 0.0]], [[280.0, 200.0], [380.0, 200.0], [380.0, 380.0], [280.0, 380.0], [280.0, 200.0]], [[0.0, 560.0], [0.0, 280.0], [280.0, 280.0], [0.0, 560.0]], [[200.0, 760.0], [0.0, 760.0], [0.0, 560.0], [200.0, 480.0], [200.0, 760.0]], [[160.0, 479.9999999999999], [240.0, 319.9999999999999], [320.0, 479.9999999999999], [160.0, 479.9999999999999]], [[670.7073603260404, 479.9999999999999], [390.70736032604043, 479.9999999999999], [530.7073603260404, 239.9999999999999], [670.7073603260404, 479.9999999999999]]]"
Wed Jul 22 23:39:57 2020,2,1,True,677.4144339293008,0.8414346837780677,"[0, 0, 0, 2, 0, 0, 1, 0, 3, 0, 3, 2]","[[[200.0, 506.2233774665317], [400.0, 506.2233774665317], [400.0, 706.2233774665317], [200.0, 706.2233774665317], [200.0, 506.2233774665317]], [[0.0, 560.0], [200.0, 560.0], [200.0, 760.0], [0.0, 760.0], [0.0, 560.0]], [[368.3235103574433, 0.0], [648.3235103574433, 0.0], [648.3235103574433, 180.0], [368.3235103574433, 180.0], [368.3235103574433, 0.0]], [[333.7766225334681, 506.22337746653176], [53.77662253346813, 506.22337746653176], [193.77662253346813, 366.22337746653176], [333.7766225334681, 506.22337746653176]], [[200.0, 254.64917191307217], [200.0, 74.64917191307217], [480.0, 254.64917191307217], [200.0, 254.64917191307217]], [[397.4144339293008, 480.0], [677.4144339293008, 480.0], [677.4144339293008, 760.0], [397.4144339293008, 760.0], [397.4144339293008, 480.0]], [[462.2024169800086, 254.64917191307217], [382.2024169800086, 454.64917191307217], [282.2024169800086, 454.64917191307217], [282.2024169800086, 254.64917191307217], [462.2024169800086, 254.64917191307217]], [[577.4144339293008, 180.0], [677.4144339293008, 180.0], [677.4144339293008, 360.0], [577.4144339293008, 360.0], [577.4144339293008, 180.0]], [[0.0, 559.9999999999999], [0.0, 279.9999999999999], [280.0, 279.9999999999999], [0.0, 559.9999999999999]], [[0.0, 0.0], [200.0, 0.0], [200.0, 200.0], [0.0, 280.0], [0.0, 0.0]], [[368.3235103574433, 160.0], [208.3235103574433, 80.0], [368.3235103574433, 0.0], [368.3235103574433, 160.0]], [[647.4144339293008, 480.0], [367.4144339293008, 480.0], [507.4144339293008, 240.0], [647.4144339293008, 480.0]]]"
Wed Jul 22 23:41:03 2020,2,3,True,684.1885782685938,0.8331036473050176,"[0, 0, 1, 0, 2, 0, 3, 1, 1, 0, 3, 3]","[[[480.0, 0.0], [680.0, 0.0], [680.0, 200.0], [480.0, 200.0], [480.0, 0.0]], [[280.0, 0.0], [480.0, 0.0], [480.0, 200.0], [280.0, 200.0], [280.0, 0.0]], [[612.1271426288515, 480.0], [612.1271426288515, 760.0], [432.1271426288515, 760.0], [432.1271426288515, 480.0], [612.1271426288515, 480.0]], [[19.999999999999886, 600.0000000000001], [299.9999999999999, 600.0000000000001], [159.9999999999999, 740.0000000000001], [19.999999999999886, 600.0000000000001]], [[280.0, 0.0], [280.0, 180.0], [0.0, 0.0], [280.0, 0.0]], [[380.0, 200.0], [660.0, 200.0], [660.0, 480.0], [380.0, 480.0], [380.0, 200.0]], [[0.0, 447.6190476190476], [80.0, 247.6190476190476], [180.0, 247.6190476190476], [180.0, 447.6190476190476], [0.0, 447.6190476190476]], [[180.0, 480.0], [180.0, 580.0], [0.0, 580.0], [0.0, 480.0], [180.0, 480.0]], [[432.1271426288515, 480.0], [432.1271426288515, 760.0], [152.12714262885152, 760.0], [432.1271426288515, 480.0]], [[180.0, 200.0], [380.0, 200.0], [380.0, 400.0], [180.0, 480.0], [180.0, 200.0]], [[340.0, 576.0], [180.0, 496.0], [340.0, 416.0], [340.0, 576.0]], [[0.0, 294.2857142857142], [0.0, 14.28571428571422], [240.0, 154.28571428571422], [0.0, 294.2857142857142]]]"
Wed Jul 22 23:41:44 2020,2,3,True,691.0304640512798,0.8248550963416016,"[0, 0, 1, 0, 3, 0, 1, 0, 2, 2, 3, 3]","[[[476.8210351378499, 0.0], [676.8210351378499, 0.0], [676.8210351378499, 200.0], [476.8210351378499, 200.0], [476.8210351378499, 0.0]], [[176.8210351378499, 0.0], [376.8210351378499, 0.0], [376.8210351378499, 200.0], [176.8210351378499, 200.0], [176.8210351378499, 0.0]], [[456.8210351378499, 480.0], [456.8210351378499, 760.0], [276.8210351378499, 760.0], [276.8210351378499, 480.0], [456.8210351378499, 480.0]], [[94.7774148693247, 200.0], [374.77741486932473, 200.0], [234.7774148693247, 340.0], [94.7774148693247, 200.0]], [[378.86465540637505, 476.8210351378499], [198.86465540637505, 476.8210351378499], [378.86465540637505, 196.8210351378499], [378.86465540637505, 476.8210351378499]], [[378.86465540637505, 200.0], [658.864655406375, 200.0], [658.864655406375, 480.0], [378.86465540637505, 480.0], [378.86465540637505, 200.0]], [[180.0, 0.0], [100.0, 200.0], [0.0, 200.0], [0.0, 0.0], [180.0, 0.0]], [[376.8210351378499, 0.0], [476.8210351378499, 0.0], [476.8210351378499, 180.0], [376.8210351378499, 180.0], [376.8210351378499, 0.0]], [[280.0, 760.0], [0.0, 760.0], [0.0, 480.0], [280.0, 760.0]], [[656.8210351378499, 760.0], [456.8210351378499, 760.0], [456.8210351378499, 560.0], [656.8210351378499, 480.0], [656.8210351378499, 760.0]], [[273.3333333333333, 673.3333333333333], [113.33333333333331, 593.3333333333333], [273.3333333333333, 513.3333333333333], [273.3333333333333, 673.3333333333333]], [[7.311619182945375, 487.3116191829454], [7.311619182945375, 207.31161918294538], [247.31161918294538, 347.3116191829454], [7.311619182945375, 487.3116191829454]]]"
Wed Jul 22 23:41:46 2020,2,0,True,663.3892454892285,0.8592240586891684,"[0, 0, 1, 2, 2, 0, 1, 0, 2, 0, 2, 3]","[[[463.38924548922853, 0.0], [663.3892454892285, 0.0], [663.3892454892285, 200.0], [463.38924548922853, 200.0], [463.38924548922853, 0.0]], [[163.38924548922853, 41.526886276928735], [363.38924548922853, 41.526886276928735], [363.38924548922853, 241.52688627692874], [163.38924548922853, 241.52688627692874], [163.38924548922853, 41.526886276928735]], [[460.0, 480.0], [460.0, 760.0], [280.0, 760.0], [280.0, 480.0], [460.0, 480.0]], [[375.9379893428082, 480.0], [95.93798934280818, 480.0], [235.93798934280818, 340.0], [375.9379893428082, 480.0]], [[362.7575902180306, 241.52688627692874], [362.7575902180306, 421.52688627692874], [82.7575902180306, 241.52688627692874], [362.7575902180306, 241.52688627692874]], [[378.86465540637505, 200.0], [658.864655406375, 200.0], [658.864655406375, 480.0], [378.86465540637505, 480.0], [378.86465540637505, 200.0]], [[180.0, 0.0], [100.0, 200.0], [0.0, 200.0], [0.0, 0.0], [180.0, 0.0]], [[363.38924548922853, 0.0], [463.38924548922853, 0.0], [463.38924548922853, 180.0], [363.38924548922853, 180.0], [363.38924548922853, 0.0]], [[280.0, 760.0], [0.0, 760.0], [0.0, 480.0], [280.0, 760.0]], [[460.0, 480.0], [660.0, 480.0], [660.0, 680.0], [460.0, 760.0], [460.0, 480.0]], [[247.7299040332282, 487.7299040332282], [167.7299040332282, 647.7299040332282], [87.7299040332282, 487.7299040332282], [247.7299040332282, 487.7299040332282]], [[0.0, 480.0], [0.0, 200.0], [240.0, 340.0], [0.0, 480.0]]]"
Wed Jul 22 23:43:12 2020,2,3,True,670.0231379441208,0.8507168897912558,"[0, 0, 1, 1, 1, 0, 1, 0, 1, 2, 1, 2]","[[[200.0, 480.0], [400.0, 480.0], [400.0, 680.0], [200.0, 680.0], [200.0, 480.0]], [[370.0231379441208, 0.0], [570.0231379441208, 0.0], [570.0231379441208, 200.0], [370.0231379441208, 200.0], [370.0231379441208, 0.0]], [[180.0, 0.0], [180.0, 280.0], [0.0, 280.0], [0.0, 0.0], [180.0, 0.0]], [[364.7144379408662, 70.44420764754148], [364.7144379408662, 350.4442076475415], [224.71443794086622, 210.44420764754148], [364.7144379408662, 70.44420764754148]], [[180.0, 0.0], [360.0, 0.0], [180.0, 280.0], [180.0, 0.0]], [[390.0231379441208, 200.0], [670.0231379441208, 200.0], [670.0231379441208, 480.0], [390.0231379441208, 480.0], [390.0231379441208, 200.0]], [[180.0, 280.0], [100.0, 480.0], [0.0, 480.0], [0.0, 280.0], [180.0, 280.0]], [[570.0231379441208, 20.0], [670.0231379441208, 20.0], [670.0231379441208, 200.0], [570.0231379441208, 200.0], [570.0231379441208, 20.0]], [[660.0, 480.0], [660.0, 760.0], [380.0, 760.0], [660.0, 480.0]], [[200.0, 760.0], [0.0, 760.0], [0.0, 560.0], [200.0, 480.0], [200.0, 760.0]], [[400.0, 500.0], [560.0, 580.0], [400.0, 660.0], [400.0, 500.0]], [[384.07720865523555, 469.806978361911], [104.07720865523555, 469.806978361911], [244.07720865523555, 229.80697836191098], [384.07720865523555, 469.806978361911]]]"
Wed Jul 22 23:43:34 2020,2,1,True,676.723369323562,0.8422939502883722,"[0, 0, 0, 1, 2, 0, 1, 0, 3, 2, 0, 2]","[[[0.0, 0.0], [200.0, 0.0], [200.0, 200.0], [0.0, 200.0], [0.0, 0.0]], [[0.0, 560.0], [200.0, 560.0], [200.0, 760.0], [0.0, 760.0], [0.0, 560.0]], [[196.723369323562, 560.0], [476.723369323562, 560.0], [476.723369323562, 740.0], [196.723369323562, 740.0], [196.723369323562, 560.0]], [[291.5789473684211, 188.4210526315789], [291.5789473684211, 468.4210526315789], [151.5789473684211, 328.4210526315789], [291.5789473684211, 188.4210526315789]], [[676.723369323562, 83.276630676438], [676.723369323562, 263.276630676438], [396.723369323562, 83.276630676438], [676.723369323562, 83.276630676438]], [[291.57894736842104, 243.276630676438], [571.578947368421, 243.276630676438], [571.578947368421, 523.276630676438], [291.57894736842104, 523.276630676438], [291.57894736842104, 243.276630676438]], [[180.0, 200.0], [100.0, 400.0], [0.0, 400.0], [0.0, 200.0], [180.0, 200.0]], [[571.578947368421, 259.96950227670453], [671.578947368421, 259.96950227670453], [671.578947368421, 439.96950227670453], [571.578947368421, 439.96950227670453], [571.578947368421, 259.96950227670453]], [[200.0, 280.0], [200.0, 0.0], [480.0, 0.0], [200.0, 280.0]], [[676.723369323562, 760.0], [476.723369323562, 760.0], [476.723369323562, 560.0], [676.723369323562, 480.0], [676.723369323562, 760.0]], [[316.723369323562, 243.276630676438], [396.723369323562, 83.276630676438], [476.723369323562, 243.276630676438], [316.723369323562, 243.276630676438]], [[286.66666666666674, 560.0], [6.6666666666667425, 560.0], [146.66666666666674, 320.0], [286.66666666666674, 560.0]]]"
Wed Jul 22 23:44:12 2020,2,1,True,683.4906030167976,0.833954406226111,"[0, 0, 1, 0, 1, 0, 0, 1, 1, 0, 2, 2]","[[[200.0, 0.0], [400.0, 0.0], [400.0, 200.0], [200.0, 200.0], [200.0, 0.0]], [[483.49060301679765, 0.0], [683.4906030167976, 0.0], [683.4906030167976, 200.0], [483.49060301679765, 200.0], [483.49060301679765, 0.0]], [[680.0, 200.0], [680.0, 480.0], [500.0, 480.0], [500.0, 200.0], [680.0, 200.0]], [[0.0, 582.8571428571429], [280.0, 582.8571428571429], [140.0, 722.8571428571429], [0.0, 582.8571428571429]], [[0.0, 280.0], [180.0, 280.0], [0.0, 560.0], [0.0, 280.0]], [[220.0, 200.0], [500.0, 200.0], [500.0, 480.0], [220.0, 480.0], [220.0, 200.0]], [[480.0, 580.0], [680.0, 660.0], [680.0, 760.0], [480.0, 760.0], [480.0, 580.0]], [[660.0, 480.0], [660.0, 580.0], [480.0, 580.0], [480.0, 480.0], [660.0, 480.0]], [[480.0, 480.0], [480.0, 760.0], [200.0, 760.0], [480.0, 480.0]], [[0.0, 0.0], [200.0, 0.0], [200.0, 200.0], [0.0, 280.0], [0.0, 0.0]], [[400.0, 480.0], [320.0, 640.0], [240.0, 480.0], [400.0, 480.0]], [[280.0, 582.8571428571429], [0.0, 582.8571428571429], [140.0, 342.8571428571429], [280.0, 582.8571428571429]]]"
Wed Jul 22 23:44:14 2020,2,0,True,656.1509788961257,0.8687025064855323,"[0, 0, 1, 0, 1, 0, 0, 1, 1, 0, 2, 2]","[[[200.0, 0.0], [400.0, 0.0], [400.0, 200.0], [200.0, 200.0], [200.0, 0.0]], [[456.1509788961257, 0.0], [656.1509788961257, 0.0], [656.1509788961257, 200.0], [456.1509788961257, 200.0], [456.1509788961257, 0.0]], [[656.1509788961257, 200.0], [656.1509788961257, 480.0], [476.1509788961257, 480.0], [476.1509788961257, 200.0], [656.1509788961257, 200.0]], [[6.150978896125707, 620.0], [286.1509788961257, 620.0], [146.1509788961257, 760.0], [6.150978896125707, 620.0]], [[0.0, 280.0], [180.0, 280.0], [0.0, 560.0], [0.0, 280.0]], [[196.1509788961257, 200.0], [476.1509788961257, 200.0], [476.1509788961257, 480.0], [196.1509788961257, 480.0], [196.1509788961257, 200.0]], [[456.1509788961257, 580.0], [656.1509788961257, 660.0], [656.1509788961257, 760.0], [456.1509788961257, 760.0], [456.1509788961257, 580.0]], [[656.1509788961257, 480.0], [656.1509788961257, 580.0], [476.1509788961257, 580.0], [476.1509788961257, 480.0], [656.1509788961257, 480.0]], [[456.1509788961257, 480.0], [456.1509788961257, 760.0], [176.1509788961257, 760.0], [456.1509788961257, 480.0]], [[0.0, 0.0], [200.0, 0.0], [200.0, 200.0], [0.0, 280.0], [0.0, 0.0]], [[376.1509788961257, 480.0], [296.1509788961257, 640.0], [216.1509788961257, 480.0], [376.1509788961257, 480.0]], [[280.0, 620.0], [0.0, 620.0], [140.0, 380.0], [280.0, 620.0]]]"
Wed Jul 22 23:44:42 2020,2,1,True,662.712488685087,0.8601014915698338,"[0, 0, 0, 0, 1, 0, 2, 0, 1, 0, 1, 2]","[[[396.7510482670325, 557.287511314913], [596.7510482670325, 557.287511314913], [596.7510482670325, 757.287511314913], [396.7510482670325, 757.287511314913], [396.7510482670325, 557.287511314913]], [[0.0, 220.0], [200.0, 220.0], [200.0, 420.0], [0.0, 420.0], [0.0, 220.0]], [[280.0, 0.0], [560.0, 0.0], [560.0, 180.0], [280.0, 180.0], [280.0, 0.0]], [[200.0, 460.0], [480.0, 460.0], [340.0, 600.0], [200.0, 460.0]], [[480.0, 180.0], [660.0, 180.0], [480.0, 460.0], [480.0, 180.0]], [[200.0, 180.0], [480.0, 180.0], [480.0, 460.0], [200.0, 460.0], [200.0, 180.0]], [[280.0, 180.0], [80.0, 100.0], [80.0, 0.0], [280.0, 0.0], [280.0, 180.0]], [[560.0, 0.0], [660.0, 0.0], [660.0, 180.0], [560.0, 180.0], [560.0, 0.0]], [[662.712488685087, 277.287511314913], [662.712488685087, 557.287511314913], [382.712488685087, 557.287511314913], [662.712488685087, 277.287511314913]], [[0.0, 420.0], [200.0, 420.0], [200.0, 620.0], [0.0, 700.0], [0.0, 420.0]], [[0.0, 60.0], [160.0, 140.0], [0.0, 220.0], [0.0, 60.0]], [[398.33333333333326, 760.0], [118.33333333333326, 760.0], [258.33333333333326, 520.0], [398.33333333333326, 760.0]]]"
Wed Jul 22 23:45:36 2020,2,3,True,669.3396135719379,0.8515856352176573,"[0, 0, 1, 1, 0, 0, 1, 0, 3, 3, 2, 1]","[[[469.3396135719379, 560.0], [669.3396135719379, 560.0], [669.3396135719379, 760.0], [469.3396135719379, 760.0], [469.3396135719379, 560.0]], [[0.0, 0.0], [200.0, 0.0], [200.0, 200.0], [0.0, 200.0], [0.0, 0.0]], [[380.0, 0.0], [380.0, 280.0], [200.0, 280.0], [200.0, 0.0], [380.0, 0.0]], [[669.3396135719379, 0.0], [669.3396135719379, 280.0], [529.3396135719379, 140.0], [669.3396135719379, 0.0]], [[172.0, 760.0], [172.0, 580.0], [452.0, 760.0], [172.0, 760.0]], [[0.0, 280.0], [280.0, 280.0], [280.0, 560.0], [0.0, 560.0], [0.0, 280.0]], [[180.0, 560.0], [100.0, 760.0], [0.0, 760.0], [0.0, 560.0], [180.0, 560.0]], [[560.0, 374.55189208303614], [660.0, 374.55189208303614], [660.0, 554.5518920830361], [560.0, 554.5518920830361], [560.0, 374.55189208303614]], [[380.0, 280.0], [380.0, 0.0], [660.0, 0.0], [380.0, 280.0]], [[280.0, 480.0], [280.0, 280.0], [480.0, 280.0], [560.0, 480.0], [280.0, 480.0]], [[610.6603864280621, 221.32077285612422], [530.6603864280621, 381.3207728561242], [450.6603864280621, 221.32077285612422], [610.6603864280621, 221.32077285612422]], [[469.3396135719379, 476.86118015338866], [469.3396135719379, 756.8611801533887], [229.3396135719379, 616.8611801533887], [469.3396135719379, 476.86118015338866]]]"
Wed Jul 22 23:46:41 2020,2,3,True,676.0330097076572,0.8431540942749082,"[0, 0, 1, 2, 2, 0, 1, 1, 3, 1, 0, 3]","[[[180.0, 560.0], [380.0, 560.0], [380.0, 760.0], [180.0, 760.0], [180.0, 560.0]], [[180.0, 260.0], [380.0, 260.0], [380.0, 460.0], [180.0, 460.0], [180.0, 260.0]], [[180.0, 280.0], [180.0, 560.0], [0.0, 560.0], [0.0, 280.0], [180.0, 280.0]], [[300.0, 260.0], [20.0, 260.0], [160.0, 120.0], [300.0, 260.0]], [[676.0330097076572, 200.0], [676.0330097076572, 380.0], [396.03300970765724, 200.0], [676.0330097076572, 200.0]], [[380.0, 480.0], [660.0, 480.0], [660.0, 760.0], [380.0, 760.0], [380.0, 480.0]], [[180.0, 560.0], [100.0, 760.0], [0.0, 760.0], [0.0, 560.0], [180.0, 560.0]], [[360.0, 460.0], [360.0, 560.0], [180.0, 560.0], [180.0, 460.0], [360.0, 460.0]], [[0.0, 280.0], [0.0, 0.0], [280.0, 0.0], [0.0, 280.0]], [[642.5660290290604, 0.0], [642.5660290290604, 200.0], [442.56602902906036, 200.0], [362.56602902906036, 0.0], [642.5660290290604, 0.0]], [[260.0, 160.0], [340.0, 0.0], [420.0, 160.0], [260.0, 160.0]], [[380.0, 480.0], [380.0, 200.0], [620.0, 340.0], [380.0, 480.0]]]"
Wed Jul 22 23:47:03 2020,2,1,True,682.7933398047338,0.8348060339355527,"[0, 0, 1, 0, 0, 0, 3, 0, 3, 0, 3, 1]","[[[460.0, 283.8733268619327], [660.0, 283.8733268619327], [660.0, 483.8733268619327], [460.0, 483.8733268619327], [460.0, 283.8733268619327]], [[100.0, 280.0], [300.0, 280.0], [300.0, 480.0], [100.0, 480.0], [100.0, 280.0]], [[180.0, 480.0], [180.0, 760.0], [0.0, 760.0], [0.0, 480.0], [180.0, 480.0]], [[6.666666666666686, 0.0], [286.6666666666667, 0.0], [146.66666666666669, 140.0], [6.666666666666686, 0.0]], [[84.44444444444446, 280.0], [84.44444444444446, 100.0], [364.44444444444446, 280.0], [84.44444444444446, 280.0]], [[380.0, 480.0], [660.0, 480.0], [660.0, 760.0], [380.0, 760.0], [380.0, 480.0]], [[502.7933398047338, 283.8733268619327], [582.7933398047338, 83.8733268619327], [682.7933398047338, 83.8733268619327], [682.7933398047338, 283.8733268619327], [502.7933398047338, 283.8733268619327]], [[0.0, 280.0], [100.0, 280.0], [100.0, 460.0], [0.0, 460.0], [0.0, 280.0]], [[386.6666666666666, 280.0], [386.6666666666666, 0.0], [666.6666666666665, 0.0], [386.6666666666666, 280.0]], [[180.0, 480.0], [380.0, 480.0], [380.0, 680.0], [180.0, 760.0], [180.0, 480.0]], [[460.0, 421.7638169196957], [300.0, 341.7638169196957], [460.0, 261.7638169196957], [460.0, 421.7638169196957]], [[386.6666666666666, 0.0], [386.6666666666666, 280.0], [146.66666666666657, 140.0], [386.6666666666666, 0.0]]]"
Wed Jul 22 23:47:13 2020,2,1,True,689.6212732027811,0.8265406276589631,"[0, 0, 1, 0, 0, 0, 3, 0, 3, 0, 0, 1]","[[[455.4816062125444, 280.0], [655.4816062125444, 280.0], [655.4816062125444, 480.0], [455.4816062125444, 480.0], [455.4816062125444, 280.0]], [[100.0, 261.93812608536484], [300.0, 261.93812608536484], [300.0, 461.93812608536484], [100.0, 461.93812608536484], [100.0, 261.93812608536484]], [[180.0, 480.0], [180.0, 760.0], [0.0, 760.0], [0.0, 480.0], [180.0, 480.0]], [[0.0, 0.0], [280.0, 0.0], [140.0, 140.0], [0.0, 0.0]], [[0.0, 260.06422095366577], [0.0, 80.06422095366577], [280.0, 260.06422095366577], [0.0, 260.06422095366577]], [[380.0, 480.0], [660.0, 480.0], [660.0, 760.0], [380.0, 760.0], [380.0, 480.0]], [[475.4816062125444, 280.0], [555.4816062125444, 80.0], [655.4816062125444, 80.0], [655.4816062125444, 280.0], [475.4816062125444, 280.0]], [[0.0, 280.0], [100.0, 280.0], [100.0, 460.0], [0.0, 460.0], [0.0, 280.0]], [[355.4816062125444, 280.0], [355.4816062125444, 0.0], [635.4816062125444, 0.0], [355.4816062125444, 280.0]], [[180.0, 480.0], [380.0, 480.0], [380.0, 680.0], [180.0, 760.0], [180.0, 480.0]], [[290.96906304268236, 480.0], [370.96906304268236, 320.0], [450.96906304268236, 480.0], [290.96906304268236, 480.0]], [[355.4816062125444, 14.302396376015736], [355.4816062125444, 294.30239637601574], [115.48160621254442, 154.30239637601574], [355.4816062125444, 14.302396376015736]]]"
Wed Jul 22 23:47:13 2020,2,0,True,662.0364222746699,0.8609798204780865,"[0, 0, 1, 0, 0, 0, 3, 0, 3, 0, 0, 1]","[[[455.4816062125444, 280.0], [655.4816062125444, 280.0], [655.4816062125444, 480.0], [455.4816062125444, 480.0], [455.4816062125444, 280.0]], [[99.99999999999994, 261.93812608536484], [299.99999999999994, 261.93812608536484], [299.99999999999994, 461.93812608536484], [99.99999999999994, 461.93812608536484], [99.99999999999994, 261.93812608536484]], [[180.0, 480.0], [180.0, 760.0], [0.0, 760.0], [0.0, 480.0], [180.0, 480.0]], [[0.0, 0.0], [280.0, 0.0], [140.0, 140.0], [0.0, 0.0]], [[0.0, 260.06422095366577], [0.0, 80.06422095366577], [280.0, 260.06422095366577], [0.0, 260.06422095366577]], [[380.0, 480.0], [660.0, 480.0], [660.0, 760.0], [380.0, 760.0], [380.0, 480.0]], [[475.4816062125444, 280.0], [555.4816062125444, 80.0], [655.4816062125444, 80.0], [655.4816062125444, 280.0], [475.4816062125444, 280.0]], [[0.0, 280.0], [100.0, 280.0], [100.0, 460.0], [0.0, 460.0], [0.0, 280.0]], [[355.4816062125444, 280.0], [355.4816062125444, 0.0], [635.4816062125444, 0.0], [355.4816062125444, 280.0]], [[180.0, 480.0], [380.0, 480.0], [380.0, 680.0], [180.0, 760.0], [180.0, 480.0]], [[290.96906304268236, 480.0], [370.96906304268236, 320.0], [450.96906304268236, 480.0], [290.96906304268236, 480.0]], [[355.48160621254436, 14.302396376015736], [355.48160621254436, 294.30239637601574], [115.48160621254436, 154.30239637601574], [355.48160621254436, 14.302396376015736]]]"
Wed Jul 22 23:48:56 2020,2,3,True,668.6567864974166,0.8524552678000856,"[0, 0, 1, 1, 1, 0, 0, 0, 3, 0, 3, 2]","[[[200.0, 280.0], [400.0, 280.0], [400.0, 480.0], [200.0, 480.0], [200.0, 280.0]], [[0.0, 280.0], [200.0, 280.0], [200.0, 480.0], [0.0, 480.0], [0.0, 280.0]], [[460.0, 0.0], [460.0, 280.0], [280.0, 280.0], [280.0, 0.0], [460.0, 0.0]], [[280.0, 0.0], [280.0, 280.0], [140.0, 140.0], [280.0, 0.0]], [[0.0, 480.0], [180.0, 480.0], [0.0, 760.0], [0.0, 480.0]], [[375.0, 480.0], [655.0, 480.0], [655.0, 760.0], [375.0, 760.0], [375.0, 480.0]], [[400.0, 300.0], [600.0, 380.0], [600.0, 480.0], [400.0, 480.0], [400.0, 300.0]], [[275.00000000000006, 480.0], [375.00000000000006, 480.0], [375.00000000000006, 660.0], [275.00000000000006, 660.0], [275.00000000000006, 480.0]], [[0.0, 280.0], [0.0, 0.0], [280.0, 0.0], [0.0, 280.0]], [[460.0, 0.0], [660.0, 0.0], [660.0, 200.0], [460.0, 280.0], [460.0, 0.0]], [[604.4444444444445, 382.22222222222223], [444.44444444444446, 302.22222222222223], [604.4444444444445, 222.22222222222223], [604.4444444444445, 382.22222222222223]], [[333.33333333333337, 760.0], [53.33333333333337, 760.0], [193.33333333333337, 520.0], [333.33333333333337, 760.0]]]"
Wed Jul 22 23:49:02 2020,2,1,True,675.3433543623909,0.8440151166337482,"[0, 0, 1, 1, 1, 0, 0, 0, 3, 0, 0, 2]","[[[200.0, 280.0], [400.0, 280.0], [400.0, 480.0], [200.0, 480.0], [200.0, 280.0]], [[0.0, 280.0], [200.0, 280.0], [200.0, 480.0], [0.0, 480.0], [0.0, 280.0]], [[360.0, 480.0], [360.0, 760.0], [180.0, 760.0], [180.0, 480.0], [360.0, 480.0]], [[670.9552575187599, 170.95525751875994], [670.9552575187599, 450.95525751875994], [530.9552575187599, 310.95525751875994], [670.9552575187599, 170.95525751875994]], [[0.0, 480.0], [180.0, 480.0], [0.0, 760.0], [0.0, 480.0]], [[361.91051503752, 480.0], [641.91051503752, 480.0], [641.91051503752, 760.0], [361.91051503752, 760.0], [361.91051503752, 480.0]], [[400.0, 300.0], [600.0, 380.0], [600.0, 480.0], [400.0, 480.0], [400.0, 300.0]], [[341.91051503752, 0.0], [441.91051503752, 0.0], [441.91051503752, 180.0], [341.91051503752, 180.0], [341.91051503752, 0.0]], [[0.0, 280.0], [0.0, 0.0], [280.0, 0.0], [0.0, 280.0]], [[441.91051503752, 0.0], [641.91051503752, 0.0], [641.91051503752, 200.0], [441.91051503752, 280.0], [441.91051503752, 0.0]], [[22.857142857142847, 760.0], [102.85714285714285, 600.0], [182.85714285714283, 760.0], [22.857142857142847, 760.0]], [[380.0, 280.0], [100.0, 280.0], [240.0, 40.0], [380.0, 280.0]]]"
Wed Jul 22 23:49:15 2020,2,1,True,682.0967879060148,0.8356585313205427,"[0, 0, 1, 0, 3, 0, 1, 0, 2, 0, 2, 1]","[[[100.0, 280.0], [300.0, 280.0], [300.0, 480.0], [100.0, 480.0], [100.0, 280.0]], [[300.0, 280.0], [500.0, 280.0], [500.0, 480.0], [300.0, 480.0], [300.0, 280.0]], [[180.0, 480.0], [180.0, 760.0], [0.0, 760.0], [0.0, 480.0], [180.0, 480.0]], [[0.0, 0.0], [280.0, 0.0], [140.0, 140.0], [0.0, 0.0]], [[680.0, 422.2222222222222], [500.0, 422.2222222222222], [680.0, 142.22222222222217], [680.0, 422.2222222222222]], [[402.0967879060148, 480.0], [682.0967879060148, 480.0], [682.0967879060148, 760.0], [402.0967879060148, 760.0], [402.0967879060148, 480.0]], [[640.0, 0.0], [560.0, 200.0], [460.0, 200.0], [460.0, 0.0], [640.0, 0.0]], [[0.0, 280.0], [100.0, 280.0], [100.0, 460.0], [0.0, 460.0], [0.0, 280.0]], [[280.0, 280.0], [0.0, 280.0], [0.0, 0.0], [280.0, 280.0]], [[180.0, 480.0], [380.0, 480.0], [380.0, 680.0], [180.0, 760.0], [180.0, 480.0]], [[620.0, 200.0], [540.0, 360.0], [460.0, 200.0], [620.0, 200.0]], [[380.0, 0.0], [380.0, 280.0], [140.0, 140.0], [380.0, 0.0]]]"
Wed Jul 22 23:49:34 2020,2,1,True,688.917755785075,0.8273846844757847,"[0, 0, 0, 0, 3, 0, 0, 0, 3, 2, 3, 3]","[[[454.81291638977416, 0.0], [654.8129163897742, 0.0], [654.8129163897742, 200.0], [454.81291638977416, 200.0], [454.81291638977416, 0.0]], [[200.0, 0.0], [400.0, 0.0], [400.0, 200.0], [200.0, 200.0], [200.0, 0.0]], [[0.0, 200.0], [280.0, 200.0], [280.0, 380.0], [0.0, 380.0], [0.0, 200.0]], [[94.81291638977405, 380.0], [374.81291638977405, 380.0], [234.81291638977405, 520.0], [94.81291638977405, 380.0]], [[654.812916389774, 480.0], [474.81291638977405, 480.0], [654.812916389774, 200.0], [654.812916389774, 480.0]], [[374.81291638977416, 480.0], [654.8129163897742, 480.0], [654.8129163897742, 760.0], [374.81291638977416, 760.0], [374.81291638977416, 480.0]], [[0.0, 20.0], [200.0, 100.0], [200.0, 200.0], [0.0, 200.0], [0.0, 20.0]], [[280.0, 200.0], [380.0, 200.0], [380.0, 380.0], [280.0, 380.0], [280.0, 200.0]], [[380.0, 480.0], [380.0, 200.0], [660.0, 200.0], [380.0, 480.0]], [[374.81291638977416, 760.0], [174.81291638977416, 760.0], [174.81291638977416, 560.0], [374.81291638977416, 480.0], [374.81291638977416, 760.0]], [[174.81291638977416, 760.0], [14.81291638977416, 680.0], [174.81291638977416, 600.0], [174.81291638977416, 760.0]], [[0.0, 663.0257987726318], [0.0, 383.0257987726318], [240.0, 523.0257987726318], [0.0, 663.0257987726318]]]"
Wed Jul 22 23:49:34 2020,2,0,True,661.3610455536719,0.8618590463289425,"[0, 0, 0, 0, 3, 0, 0, 0, 3, 2, 3, 3]","[[[454.81291638977416, 0.0], [654.8129163897742, 0.0], [654.8129163897742, 200.0], [454.81291638977416, 200.0], [454.81291638977416, 0.0]], [[200.0, 0.0], [400.0, 0.0], [400.0, 200.0], [200.0, 200.0], [200.0, 0.0]], [[0.0, 200.0], [280.0, 200.0], [280.0, 380.0], [0.0, 380.0], [0.0, 200.0]], [[94.81291638977405, 380.0], [374.81291638977405, 380.0], [234.81291638977405, 520.0], [94.81291638977405, 380.0]], [[660.0, 480.0], [480.0, 480.0], [660.0, 200.0], [660.0, 480.0]], [[374.81291638977416, 480.0], [654.8129163897742, 480.0], [654.8129163897742, 760.0], [374.81291638977416, 760.0], [374.81291638977416, 480.0]], [[0.0, 20.0], [200.0, 100.0], [200.0, 200.0], [0.0, 200.0], [0.0, 20.0]], [[280.0, 200.0], [380.0, 200.0], [380.0, 380.0], [280.0, 380.0], [280.0, 200.0]], [[380.0, 480.0], [380.0, 200.0], [660.0, 200.0], [380.0, 480.0]], [[374.81291638977416, 760.0], [174.81291638977416, 760.0], [174.81291638977416, 560.0], [374.81291638977416, 480.0], [374.81291638977416, 760.0]], [[174.81291638977416, 760.0], [14.81291638977416, 680.0], [174.81291638977416, 600.0], [174.81291638977416, 760.0]], [[0.0, 663.0257987726318], [0.0, 383.0257987726318], [240.0, 523.0257987726318], [0.0, 663.0257987726318]]]"
Wed Jul 22 23:49:58 2020,2,1,True,667.9746560092086,0.8533257884444976,"[0, 0, 0, 3, 1, 0, 1, 0, 0, 3, 3, 2]","[[[0.0, 0.0], [200.0, 0.0], [200.0, 200.0], [0.0, 200.0], [0.0, 0.0]], [[325.13561600263097, 137.16095999342235], [525.135616002631, 137.16095999342235], [525.135616002631, 337.16095999342235], [325.13561600263097, 337.16095999342235], [325.13561600263097, 137.16095999342235]], [[380.2931062830287, 556.0126719953956], [660.2931062830287, 556.0126719953956], [660.2931062830287, 736.0126719953956], [380.2931062830287, 736.0126719953956], [380.2931062830287, 556.0126719953956]], [[525.135616002631, 417.160959993422], [525.135616002631, 137.160959993422], [665.135616002631, 277.160959993422], [525.135616002631, 417.160959993422]], [[100.0, 480.0], [280.0, 480.0], [100.0, 760.0], [100.0, 480.0]], [[0.0, 200.0], [280.0, 200.0], [280.0, 480.0], [0.0, 480.0], [0.0, 200.0]], [[380.0, 0.0], [300.0, 200.0], [200.0, 200.0], [200.0, 0.0], [380.0, 0.0]], [[0.0, 480.0], [100.0, 480.0], [100.0, 660.0], [0.0, 660.0], [0.0, 480.0]], [[387.9746560092086, 0.0], [667.9746560092086, 0.0], [667.9746560092086, 280.0], [387.9746560092086, 0.0]], [[280.0, 556.0126719953956], [280.0, 356.01267199539564], [480.0, 356.01267199539564], [560.0, 556.0126719953956], [280.0, 556.0126719953956]], [[667.9746560092086, 505.7414399901332], [507.9746560092086, 425.7414399901332], [667.9746560092086, 345.7414399901332], [667.9746560092086, 505.7414399901332]], [[394.2857142857144, 760.0], [114.28571428571439, 760.0], [254.2857142857144, 520.0], [394.2857142857144, 760.0]]]"
Wed Jul 22 23:50:53 2020,2,3,True,674.6544025693007,0.8448770182618788,"[0, 0, 0, 0, 0, 0, 0, 0, 1, 0, 1, 1]","[[[0.0, 279.9999999999999], [200.0, 279.9999999999999], [200.0, 479.9999999999999], [0.0, 479.9999999999999], [0.0, 279.9999999999999]], [[375.7142857142858, 0.0], [575.7142857142858, 0.0], [575.7142857142858, 200.0], [375.7142857142858, 200.0], [375.7142857142858, 0.0]], [[375.7142857142858, 200.0], [655.7142857142858, 200.0], [655.7142857142858, 380.0], [375.7142857142858, 380.0], [375.7142857142858, 200.0]], [[0.0, 0.0], [280.0, 0.0], [140.0, 140.0], [0.0, 0.0]], [[200.0, 459.9999999999998], [200.0, 279.9999999999998], [480.0, 459.9999999999998], [200.0, 459.9999999999998]], [[0.0, 480.0], [280.0, 480.0], [280.0, 760.0], [0.0, 760.0], [0.0, 480.0]], [[0.0, 99.99999999999977], [200.0, 179.99999999999977], [200.0, 279.9999999999998], [0.0, 279.9999999999998], [0.0, 99.99999999999977]], [[574.6544025693007, 20.0], [674.6544025693007, 20.0], [674.6544025693007, 200.0], [574.6544025693007, 200.0], [574.6544025693007, 20.0]], [[659.9999999999998, 480.0], [659.9999999999998, 760.0], [379.9999999999998, 760.0], [659.9999999999998, 480.0]], [[280.0, 459.9999999999998], [480.0, 459.9999999999998], [480.0, 659.9999999999998], [280.0, 739.9999999999998], [280.0, 459.9999999999998]], [[480.0, 400.0], [640.0, 480.0], [480.0, 560.0], [480.0, 400.0]], [[375.7142857142857, 2.5], [375.7142857142857, 282.5], [135.71428571428572, 142.5], [375.7142857142857, 2.5]]]"
Wed Jul 22 23:51:06 2020,2,1,True,681.4009465949937,0.8365118992691869,"[0, 0, 1, 3, 1, 0, 1, 0, 1, 0, 0, 1]","[[[180.0, 480.0], [380.0, 480.0], [380.0, 680.0], [180.0, 680.0], [180.0, 480.0]], [[266.50691890645584, 280.0], [466.50691890645584, 280.0], [466.50691890645584, 480.0], [266.50691890645584, 480.0], [266.50691890645584, 280.0]], [[180.0, 480.0], [180.0, 760.0], [0.0, 760.0], [0.0, 480.0], [180.0, 480.0]], [[380.0, 760.0], [380.0, 480.0], [520.0, 620.0], [380.0, 760.0]], [[0.0, 200.0], [180.0, 200.0], [0.0, 480.0], [0.0, 200.0]], [[367.6682264665286, 0.0], [647.6682264665286, 0.0], [647.6682264665286, 280.0], [367.6682264665286, 280.0], [367.6682264665286, 0.0]], [[183.6682264665286, 0.0], [103.66822646652861, 200.0], [3.6682264665286084, 200.0], [3.6682264665286084, 0.0], [183.6682264665286, 0.0]], [[166.50691890645584, 220.98923725662422], [266.50691890645584, 220.98923725662422], [266.50691890645584, 400.9892372566242], [166.50691890645584, 400.9892372566242], [166.50691890645584, 220.98923725662422]], [[660.0, 480.0], [660.0, 760.0], [380.0, 760.0], [660.0, 480.0]], [[466.50691890645584, 280.0], [666.5069189064559, 280.0], [666.5069189064559, 480.0], [466.50691890645584, 560.0], [466.50691890645584, 280.0]], [[22.857142857142833, 480.0], [102.85714285714283, 320.0], [182.85714285714283, 480.0], [22.857142857142833, 480.0]], [[367.6682264665286, 0.0], [367.6682264665286, 280.0], [127.66822646652861, 140.0], [367.6682264665286, 0.0]]]"
Wed Jul 22 23:51:22 2020,2,1,True,688.2149560609437,0.8282296032368187,"[0, 0, 1, 3, 3, 0, 0, 1, 2, 1, 2, 1]","[[[0.0, 380.0], [200.0, 380.0], [200.0, 580.0], [0.0, 580.0], [0.0, 380.0]], [[452.8571428571428, 560.0], [652.8571428571428, 560.0], [652.8571428571428, 760.0], [452.8571428571428, 760.0], [452.8571428571428, 560.0]], [[640.0, 280.0], [640.0, 560.0], [460.0, 560.0], [460.0, 280.0], [640.0, 280.0]], [[200.0, 760.0], [200.0, 480.0], [340.0, 620.0], [200.0, 760.0]], [[452.8571428571428, 760.0], [272.8571428571428, 760.0], [452.8571428571428, 480.0], [452.8571428571428, 760.0]], [[374.14490873119394, 0.0], [654.1449087311939, 0.0], [654.1449087311939, 280.0], [374.14490873119394, 280.0], [374.14490873119394, 0.0]], [[0.0, 580.0], [200.0, 660.0], [200.0, 760.0], [0.0, 760.0], [0.0, 580.0]], [[180.0, 280.0], [180.0, 380.0], [0.0, 380.0], [0.0, 280.0], [180.0, 280.0]], [[280.0, 280.0], [0.0, 280.0], [0.0, 0.0], [280.0, 280.0]], [[460.0, 280.0], [460.0, 480.0], [260.0, 480.0], [180.0, 280.0], [460.0, 280.0]], [[430.0, 480.0], [350.0, 640.0], [270.0, 480.0], [430.0, 480.0]], [[374.14490873119394, 0.0], [374.14490873119394, 280.0], [134.14490873119394, 140.0], [374.14490873119394, 0.0]]]"
Wed Jul 22 23:51:22 2020,2,0,True,660.6863578185059,0.8627391700383529,"[0, 0, 1, 3, 3, 0, 0, 1, 2, 1, 2, 1]","[[[0.0, 380.0], [200.0, 380.0], [200.0, 580.0], [0.0, 580.0], [0.0, 380.0]], [[452.8571428571428, 560.0], [652.8571428571428, 560.0], [652.8571428571428, 760.0], [452.8571428571428, 760.0], [452.8571428571428, 560.0]], [[640.0, 280.0], [640.0, 560.0], [460.0, 560.0], [460.0, 280.0], [640.0, 280.0]], [[200.0, 760.0], [200.0, 480.0], [340.0, 620.0], [200.0, 760.0]], [[452.8571428571428, 760.0], [272.8571428571428, 760.0], [452.8571428571428, 480.0], [452.8571428571428, 760.0]], [[374.14490873119394, 0.0], [654.1449087311939, 0.0], [654.1449087311939, 280.0], [374.14490873119394, 280.0], [374.14490873119394, 0.0]], [[0.0, 580.0], [200.0, 660.0], [200.0, 760.0], [0.0, 760.0], [0.0, 580.0]], [[180.0, 280.0], [180.0, 380.0], [0.0, 380.0], [0.0, 280.0], [180.0, 280.0]], [[280.0, 280.0], [0.0, 280.0], [0.0, 0.0], [280.0, 280.0]], [[460.0, 280.0], [460.0, 480.0], [260.0, 480.0], [180.0, 280.0], [460.0, 280.0]], [[430.0, 480.0], [350.0, 640.0], [270.0, 480.0], [430.0, 480.0]], [[374.14490873119394, 0.0], [374.14490873119394, 280.0], [134.14490873119394, 140.0], [374.14490873119394, 0.0]]]"
Wed Jul 22 23:52:47 2020,2,5,True,667.293221396691,0.854197198057775,"[0, 0, 1, 3, 3, 0, 1, 0, 0, 1, 0, 2]","[[[465.95283834972986, 560.0], [665.9528383497299, 560.0], [665.9528383497299, 760.0], [465.95283834972986, 760.0], [465.95283834972986, 560.0]], [[0.0, 0.0], [200.0, 0.0], [200.0, 200.0], [0.0, 200.0], [0.0, 0.0]], [[365.95283834972986, 480.0], [365.95283834972986, 760.0], [185.95283834972986, 760.0], [185.95283834972986, 480.0], [365.95283834972986, 480.0]], [[0.0, 691.4821929884686], [0.0, 411.48219298846857], [140.0, 551.4821929884686], [0.0, 691.4821929884686]], [[185.95283834972983, 760.0], [5.952838349729831, 760.0], [185.95283834972983, 480.0], [185.95283834972983, 760.0]], [[68.51780701153143, 200.0], [348.51780701153143, 200.0], [348.51780701153143, 480.0], [68.51780701153143, 480.0], [68.51780701153143, 200.0]], [[380.0, 0.0], [300.0, 200.0], [200.0, 200.0], [200.0, 0.0], [380.0, 0.0]], [[365.95283834972986, 562.222097106126], [465.95283834972986, 562.222097106126], [465.95283834972986, 742.222097106126], [365.95283834972986, 742.222097106126], [365.95283834972986, 562.222097106126]], [[387.293221396691, 0.0], [667.293221396691, 0.0], [667.293221396691, 280.0], [387.293221396691, 0.0]], [[642.169508198818, 362.22209710612594], [642.169508198818, 562.222097106126], [442.169508198818, 562.222097106126], [362.169508198818, 362.22209710612594], [642.169508198818, 362.22209710612594]], [[300.0, 200.0], [380.0, 40.0], [460.0, 200.0], [300.0, 200.0]], [[649.515318502817, 362.22209710612594], [369.51531850281697, 362.22209710612594], [509.51531850281697, 122.22209710612594], [649.515318502817, 362.22209710612594]]]"
Wed Jul 22 23:53:35 2020,2,1,True,673.9661536106579,0.8457398000572031,"[0, 0, 1, 2, 2, 0, 3, 0, 2, 2, 1, 0]","[[[93.9661536106579, 0.0], [293.9661536106579, 0.0], [293.9661536106579, 200.0], [93.9661536106579, 200.0], [93.9661536106579, 0.0]], [[443.15789473684197, 543.1578947368419], [643.157894736842, 543.1578947368419], [643.157894736842, 743.1578947368419], [443.15789473684197, 743.1578947368419], [443.15789473684197, 543.1578947368419]], [[473.9661536106579, 0.0], [473.9661536106579, 280.0], [293.9661536106579, 280.0], [293.9661536106579, 0.0], [473.9661536106579, 0.0]], [[673.9661536106579, 543.1578947368419], [393.9661536106579, 543.1578947368419], [533.9661536106579, 403.15789473684185], [673.9661536106579, 543.1578947368419]], [[673.9661536106579, 311.20046382907367], [673.9661536106579, 491.20046382907367], [393.9661536106579, 311.20046382907367], [673.9661536106579, 311.20046382907367]], [[0.0, 199.9999999999999], [280.0, 199.9999999999999], [280.0, 479.9999999999999], [0.0, 479.9999999999999], [0.0, 199.9999999999999]], [[263.15789473684197, 743.1578947368419], [343.15789473684197, 543.1578947368419], [443.15789473684197, 543.1578947368419], [443.15789473684197, 743.1578947368419], [263.15789473684197, 743.1578947368419]], [[280.0, 280.0], [380.0, 280.0], [380.0, 460.0], [280.0, 460.0], [280.0, 280.0]], [[280.0, 759.9999999999999], [0.0, 759.9999999999999], [0.0, 479.9999999999999], [280.0, 759.9999999999999]], [[673.9661536106579, 311.20046382907367], [473.9661536106579, 311.20046382907367], [473.9661536106579, 111.20046382907367], [673.9661536106579, 31.20046382907367], [673.9661536106579, 311.20046382907367]], [[379.9999999999998, 325.0793650793649], [539.9999999999998, 405.0793650793649], [379.9999999999998, 485.0793650793649], [379.9999999999998, 325.0793650793649]], [[99.99999999999977, 479.9999999999999], [379.9999999999998, 479.9999999999999], [239.99999999999977, 719.9999999999999], [99.99999999999977, 479.9999999999999]]]"
Wed Jul 22 23:54:10 2020,2,1,True,680.7058151467645,0.837366138670498,"[0, 0, 1, 1, 1, 0, 2, 1, 1, 0, 0, 0]","[[[0.0, 320.0], [200.0, 320.0], [200.0, 520.0], [0.0, 520.0], [0.0, 320.0]], [[200.0, 279.92104602196855], [400.0, 279.92104602196855], [400.0, 479.92104602196855], [200.0, 479.92104602196855], [200.0, 279.92104602196855]], [[680.7058151467645, 480.0], [680.7058151467645, 760.0], [500.7058151467645, 760.0], [500.7058151467645, 480.0], [680.7058151467645, 480.0]], [[466.9874167740124, 66.90846279598094], [466.9874167740124, 346.90846279598094], [326.9874167740124, 206.90846279598094], [466.9874167740124, 66.90846279598094]], [[280.0, 0.0], [460.0, 0.0], [280.0, 280.0], [280.0, 0.0]], [[0.0, 0.0], [280.0, 0.0], [280.0, 280.0], [0.0, 280.0], [0.0, 0.0]], [[500.7058151467645, 759.9210460219686], [300.7058151467645, 679.9210460219686], [300.7058151467645, 579.9210460219686], [500.7058151467645, 579.9210460219686], [500.7058151467645, 759.9210460219686]], [[500.7058151467645, 479.92104602196855], [500.7058151467645, 579.9210460219686], [320.7058151467645, 579.9210460219686], [320.7058151467645, 479.92104602196855], [500.7058151467645, 479.92104602196855]], [[679.9210460219686, 200.0], [679.9210460219686, 480.0], [399.92104602196855, 480.0], [679.9210460219686, 200.0]], [[466.9874167740124, 0.0], [666.9874167740124, 0.0], [666.9874167740124, 200.0], [466.9874167740124, 280.0], [466.9874167740124, 0.0]], [[0.0, 760.0], [80.0, 600.0], [160.0, 760.0], [0.0, 760.0]], [[33.333333333333314, 520.0], [313.3333333333333, 520.0], [173.33333333333331, 760.0], [33.333333333333314, 520.0]]]"
Wed Jul 22 23:54:35 2020,2,1,True,687.5128732982322,0.8290753848222752,"[0, 0, 1, 3, 3, 0, 0, 0, 0, 2, 0, 0]","[[[474.7820660327151, 468.99485068070703], [674.7820660327151, 468.99485068070703], [674.7820660327151, 668.994850680707], [474.7820660327151, 668.994850680707], [474.7820660327151, 468.99485068070703]], [[460.0, 0.0], [660.0, 0.0], [660.0, 200.0], [460.0, 200.0], [460.0, 0.0]], [[460.0, 0.0], [460.0, 280.0], [280.0, 280.0], [280.0, 0.0], [460.0, 0.0]], [[329.22719946120196, 711.0574412311596], [329.22719946120196, 431.0574412311596], [469.22719946120196, 571.0574412311596], [329.22719946120196, 711.0574412311596]], [[329.22719946120196, 760.0], [149.22719946120196, 760.0], [329.22719946120196, 480.0], [329.22719946120196, 760.0]], [[0.0, 0.0], [280.0, 0.0], [280.0, 280.0], [0.0, 280.0], [0.0, 0.0]], [[57.867067331525675, 284.38948479063185], [257.8670673315257, 364.38948479063185], [257.8670673315257, 464.38948479063185], [57.867067331525675, 464.38948479063185], [57.867067331525675, 284.38948479063185]], [[0.0, 551.4285714285714], [100.0, 551.4285714285714], [100.0, 731.4285714285714], [0.0, 731.4285714285714], [0.0, 551.4285714285714]], [[178.16975823004236, 280.0], [458.16975823004236, 280.0], [458.16975823004236, 560.0], [178.16975823004236, 280.0]], [[687.5128732982322, 468.9948506807071], [487.5128732982322, 468.9948506807071], [487.5128732982322, 268.9948506807071], [687.5128732982322, 188.9948506807071], [687.5128732982322, 468.9948506807071]], [[360.28464069236156, 760.0], [440.28464069236156, 600.0], [520.2846406923616, 760.0], [360.28464069236156, 760.0]], [[47.2051725592126, 460.9231529586501], [327.2051725592126, 460.9231529586501], [187.2051725592126, 700.9231529586501], [47.2051725592126, 460.9231529586501]]]"
Wed Jul 22 23:54:36 2020,2,0,True,660.0123583663029,0.8636201925232033,"[0, 0, 1, 3, 3, 0, 0, 0, 0, 0, 0, 0]","[[[460.0, 480.0], [660.0, 480.0], [660.0, 680.0], [460.0, 680.0], [460.0, 480.0]], [[460.0, 0.0], [660.0, 0.0], [660.0, 200.0], [460.0, 200.0], [460.0, 0.0]], [[460.0, 0.0], [460.0, 280.0], [280.0, 280.0], [280.0, 0.0], [460.0, 0.0]], [[320.0123583663029, 701.8426001362606], [320.0123583663029, 421.84260013626056], [460.0123583663029, 561.8426001362606], [320.0123583663029, 701.8426001362606]], [[321.44092979487436, 760.0], [141.44092979487436, 760.0], [321.44092979487436, 480.0], [321.44092979487436, 760.0]], [[0.0, 0.0], [280.0, 0.0], [280.0, 280.0], [0.0, 280.0], [0.0, 0.0]], [[0.0, 280.0], [200.0, 360.0], [200.0, 460.0], [0.0, 460.0], [0.0, 280.0]], [[0.0, 562.8359570863379], [100.0, 562.8359570863379], [100.0, 742.8359570863379], [0.0, 742.8359570863379], [0.0, 562.8359570863379]], [[178.16975823004236, 280.0], [458.16975823004236, 280.0], [458.16975823004236, 560.0], [178.16975823004236, 280.0]], [[460.0, 200.0], [660.0, 200.0], [660.0, 400.0], [460.0, 480.0], [460.0, 200.0]], [[340.0, 760.0], [420.0, 600.0], [500.0, 760.0], [340.0, 760.0]], [[40.01235836630292, 460.0], [320.0123583663029, 460.0], [180.01235836630292, 700.0], [40.01235836630292, 460.0]]]"
Wed Jul 22 23:56:08 2020,2,5,True,666.612481949966,0.8550694975477261,"[0, 0, 1, 0, 2, 0, 0, 0, 3, 3, 0, 3]","[[[460.0, 189.28571428571422], [660.0, 189.28571428571422], [660.0, 389.2857142857142], [460.0, 389.2857142857142], [460.0, 189.28571428571422]], [[466.61248194996597, 529.2857142857142], [666.612481949966, 529.2857142857142], [666.612481949966, 729.2857142857142], [466.61248194996597, 729.2857142857142], [466.61248194996597, 529.2857142857142]], [[180.0, 280.0], [180.0, 560.0], [0.0, 560.0], [0.0, 280.0], [180.0, 280.0]], [[365.0, 389.2857142857142], [645.0, 389.2857142857142], [505.0, 529.2857142857142], [365.0, 389.2857142857142]], [[560.0, 0.0], [560.0, 180.0], [280.0, 0.0], [560.0, 0.0]], [[0.0, 0.0], [280.0, 0.0], [280.0, 280.0], [0.0, 280.0], [0.0, 0.0]], [[0.0, 560.0], [200.0, 640.0], [200.0, 740.0], [0.0, 740.0], [0.0, 560.0]], [[560.0, 0.0], [660.0, 0.0], [660.0, 180.0], [560.0, 180.0], [560.0, 0.0]], [[180.0, 574.2857142857142], [180.0, 294.2857142857142], [460.0, 294.2857142857142], [180.0, 574.2857142857142]], [[200.0, 760.0], [200.0, 560.0], [400.0, 560.0], [480.0, 760.0], [200.0, 760.0]], [[274.2857142857142, 560.0], [354.2857142857142, 400.0], [434.2857142857142, 560.0], [274.2857142857142, 560.0]], [[280.0, 294.2857142857143], [280.0, 14.285714285714278], [520.0, 154.28571428571428], [280.0, 294.2857142857143]]]"
Wed Jul 22 23:56:55 2020,2,3,True,673.2786067694657,0.8466034629185406,"[0, 0, 1, 2, 1, 0, 3, 0, 3, 2, 0, 1]","[[[200.0, 560.0], [400.0, 560.0], [400.0, 760.0], [200.0, 760.0], [200.0, 560.0]], [[0.0, 560.0], [200.0, 560.0], [200.0, 760.0], [0.0, 760.0], [0.0, 560.0]], [[180.0, 280.0], [180.0, 560.0], [0.0, 560.0], [0.0, 280.0], [180.0, 280.0]], [[560.0, 280.0], [280.0, 280.0], [420.0, 140.0], [560.0, 280.0]], [[439.94798267196734, 280.0], [619.9479826719673, 280.0], [439.94798267196734, 560.0], [439.94798267196734, 280.0]], [[0.0, 0.0], [280.0, 0.0], [280.0, 280.0], [0.0, 280.0], [0.0, 0.0]], [[493.2786067694657, 580.0], [573.2786067694657, 380.0], [673.2786067694657, 380.0], [673.2786067694657, 580.0], [493.2786067694657, 580.0]], [[573.2786067694657, 580.0], [673.2786067694657, 580.0], [673.2786067694657, 760.0], [573.2786067694657, 760.0], [573.2786067694657, 580.0]], [[280.0, 280.0], [280.0, 0.0], [560.0, 0.0], [280.0, 280.0]], [[439.94798267196734, 560.0], [239.94798267196734, 560.0], [239.94798267196734, 360.0], [439.94798267196734, 280.0], [439.94798267196734, 560.0]], [[400.0, 757.6968619341714], [480.0, 597.6968619341714], [560.0, 757.6968619341714], [400.0, 757.6968619341714]], [[660.0, 0.0], [660.0, 280.0], [420.0, 140.0], [660.0, 0.0]]]"
Wed Jul 22 23:57:13 2020,2,1,True,680.0113928371603,0.8382212504143967,"[0, 0, 0, 2, 0, 0, 1, 0, 0, 0, 1, 1]","[[[200.0, 0.0], [400.0, 0.0], [400.0, 200.0], [200.0, 200.0], [200.0, 0.0]], [[460.0, 560.0], [660.0, 560.0], [660.0, 760.0], [460.0, 760.0], [460.0, 560.0]], [[0.0, 280.0], [280.0, 280.0], [280.0, 460.0], [0.0, 460.0], [0.0, 280.0]], [[640.0, 240.0], [360.0, 240.0], [500.0, 100.0], [640.0, 240.0]], [[280.0, 560.0], [280.0, 380.0], [560.0, 560.0], [280.0, 560.0]], [[0.0, 460.0], [280.0, 460.0], [280.0, 740.0], [0.0, 740.0], [0.0, 460.0]], [[460.0, 560.0], [380.0, 760.0], [280.0, 760.0], [280.0, 560.0], [460.0, 560.0]], [[546.347462498687, 280.0], [646.347462498687, 280.0], [646.347462498687, 460.0], [546.347462498687, 460.0], [546.347462498687, 280.0]], [[400.0, 0.0], [680.0, 0.0], [680.0, 280.0], [400.0, 0.0]], [[0.0, 0.0], [200.0, 0.0], [200.0, 200.0], [0.0, 280.0], [0.0, 0.0]], [[280.0, 206.66666666666663], [440.0, 286.66666666666663], [280.0, 366.66666666666663], [280.0, 206.66666666666663]], [[520.0, 240.0], [520.0, 520.0], [280.0, 380.0], [520.0, 240.0]]]"
Wed Jul 22 23:57:28 2020,2,1,True,686.8115067655319,0.8299220301132639,"[0, 0, 0, 2, 0, 0, 1, 0, 0, 0, 1, 1]","[[[200.0, 27.189062876326147], [400.0, 27.189062876326147], [400.0, 227.18906287632615], [200.0, 227.18906287632615], [200.0, 27.189062876326147]], [[460.0, 560.0], [660.0, 560.0], [660.0, 760.0], [460.0, 760.0], [460.0, 560.0]], [[0.0, 300.0], [280.0, 300.0], [280.0, 480.0], [0.0, 480.0], [0.0, 300.0]], [[641.813103469845, 265.3759594064811], [361.81310346984503, 265.3759594064811], [501.81310346984503, 125.37595940648112], [641.813103469845, 265.3759594064811]], [[280.0, 560.4030615197571], [280.0, 380.4030615197571], [560.0, 560.4030615197571], [280.0, 560.4030615197571]], [[0.0, 480.0], [280.0, 480.0], [280.0, 760.0], [0.0, 760.0], [0.0, 480.0]], [[460.0, 560.0], [380.0, 760.0], [280.0, 760.0], [280.0, 560.0], [460.0, 560.0]], [[552.8109371236739, 280.0], [652.8109371236739, 280.0], [652.8109371236739, 460.0], [552.8109371236739, 460.0], [552.8109371236739, 280.0]], [[376.4371440633639, 0.0], [656.4371440633639, 0.0], [656.4371440633639, 280.0], [376.4371440633639, 0.0]], [[0.0, 0.0], [200.0, 0.0], [200.0, 200.0], [0.0, 280.0], [0.0, 0.0]], [[304.4298709885792, 236.10797858384376], [464.4298709885792, 316.10797858384376], [304.4298709885792, 396.10797858384376], [304.4298709885792, 236.10797858384376]], [[552.8109371236739, 265.3759594064811], [552.8109371236739, 545.3759594064811], [312.81093712367385, 405.3759594064811], [552.8109371236739, 265.3759594064811]]]"
Wed Jul 22 23:57:29 2020,2,0,True,659.3390464949106,0.8645021147013167,"[0, 0, 0, 2, 0, 0, 3, 0, 0, 0, 1, 1]","[[[200.0, 27.189062876326147], [400.0, 27.189062876326147], [400.0, 227.18906287632615], [200.0, 227.18906287632615], [200.0, 27.189062876326147]], [[459.3390464949106, 560.0], [659.3390464949106, 560.0], [659.3390464949106, 760.0], [459.3390464949106, 760.0], [459.3390464949106, 560.0]], [[0.0, 300.0], [280.0, 300.0], [280.0, 480.0], [0.0, 480.0], [0.0, 300.0]], [[641.813103469845, 265.3759594064811], [361.81310346984503, 265.3759594064811], [501.81310346984503, 125.37595940648112], [641.813103469845, 265.3759594064811]], [[280.0, 560.4030615197571], [280.0, 380.4030615197571], [560.0, 560.4030615197571], [280.0, 560.4030615197571]], [[0.0, 480.0], [280.0, 480.0], [280.0, 760.0], [0.0, 760.0], [0.0, 480.0]], [[279.3390464949106, 760.0], [359.3390464949106, 560.0], [459.3390464949106, 560.0], [459.3390464949106, 760.0], [279.3390464949106, 760.0]], [[552.8109371236739, 280.0], [652.8109371236739, 280.0], [652.8109371236739, 460.0], [552.8109371236739, 460.0], [552.8109371236739, 280.0]], [[376.4371440633639, 0.0], [656.4371440633639, 0.0], [656.4371440633639, 280.0], [376.4371440633639, 0.0]], [[0.0, 0.0], [200.0, 0.0], [200.0, 200.0], [0.0, 280.0], [0.0, 0.0]], [[304.6580908219066, 236.7984530825119], [464.6580908219066, 316.7984530825119], [304.6580908219066, 396.7984530825119], [304.6580908219066, 236.7984530825119]], [[552.8109371236739, 265.3759594064811], [552.8109371236739, 545.3759594064811], [312.81093712367385, 405.3759594064811], [552.8109371236739, 265.3759594064811]]]"
Wed Jul 22 23:57:55 2020,2,1,True,665.9324369598597,0.8559426878230858,"[0, 0, 1, 2, 1, 0, 2, 0, 1, 0, 1, 1]","[[[440.0, 280.0], [640.0, 280.0], [640.0, 480.0], [440.0, 480.0], [440.0, 280.0]], [[0.0, 280.0], [200.0, 280.0], [200.0, 480.0], [0.0, 480.0], [0.0, 280.0]], [[632.9654846351141, 480.0], [632.9654846351141, 760.0], [452.9654846351141, 760.0], [452.9654846351141, 480.0], [632.9654846351141, 480.0]], [[400.0, 760.0], [120.0, 760.0], [260.0, 620.0], [400.0, 760.0]], [[380.0, 0.0], [560.0, 0.0], [380.0, 280.0], [380.0, 0.0]], [[100.0, 0.0], [380.0, 0.0], [380.0, 280.0], [100.0, 280.0], [100.0, 0.0]], [[400.0, 460.0], [200.0, 380.0], [200.0, 280.0], [400.0, 280.0], [400.0, 460.0]], [[0.0, 100.0], [100.0, 100.0], [100.0, 280.0], [0.0, 280.0], [0.0, 100.0]], [[660.0, 0.0], [660.0, 280.0], [380.0, 280.0], [660.0, 0.0]], [[0.0, 480.0], [200.0, 480.0], [200.0, 680.0], [0.0, 760.0], [0.0, 480.0]], [[200.0, 380.0], [360.0, 460.0], [200.0, 540.0], [200.0, 380.0]], [[440.0, 445.0], [440.0, 725.0], [200.0, 585.0], [440.0, 445.0]]]"
Wed Jul 22 23:59:19 2020,2,5,False,672.5917613294583,0.8474680077456295,"[0, 0, 0, 0, 1, 0, 3, 0, 0, 3, 1, 0]","[[[112.59176132945834, 560.0], [312.59176132945834, 560.0], [312.59176132945834, 760.0], [112.59176132945834, 760.0], [112.59176132945834, 560.0]], [[472.59176132945834, 559.8643100417735], [672.5917613294583, 559.8643100417735], [672.5917613294583, 759.8643100417735], [472.59176132945834, 759.8643100417735], [472.59176132945834, 559.8643100417735]], [[0.0, 0.0], [280.0, 0.0], [280.0, 180.0], [0.0, 180.0], [0.0, 0.0]], [[241.71561757963582, 489.1238562501775], [521.7156175796358, 489.1238562501775], [381.7156175796358, 629.1238562501775], [241.71561757963582, 489.1238562501775]], [[0.0, 460.0], [180.0, 460.0], [0.0, 740.0], [0.0, 460.0]], [[0.0, 180.0], [280.0, 180.0], [280.0, 460.0], [0.0, 460.0], [0.0, 180.0]], [[492.59176132945834, 559.8643100417735], [572.5917613294583, 359.8643100417735], [672.5917613294583, 359.8643100417735], [672.5917613294583, 559.8643100417735], [492.59176132945834, 559.8643100417735]], [[280.0, 291.9334968756215], [380.0, 291.9334968756215], [380.0, 471.9334968756215], [280.0, 471.9334968756215], [280.0, 291.9334968756215]], [[388.0665031243785, 0.0], [668.0665031243785, 0.0], [668.0665031243785, 280.0], [388.0665031243785, 0.0]], [[280.0, 291.9334968756215], [280.0, 91.93349687562147], [480.0, 91.93349687562147], [560.0, 291.9334968756215], [280.0, 291.9334968756215]], [[312.59176132945834, 600.0], [472.59176132945834, 680.0], [312.59176132945834, 760.0], [312.59176132945834, 600.0]], [[357.190359374556, 249.12385625017748], [637.190359374556, 249.12385625017748], [497.190359374556, 489.1238562501775], [357.190359374556, 249.12385625017748]]]"
Wed Jul 22 23:59:50 2020,2,1,True,679.3176789427529,0.8390772353917125,"[0, 0, 1, 3, 3, 0, 1, 0, 1, 2, 2, 0]","[[[0.0, 280.0], [200.0, 280.0], [200.0, 480.0], [0.0, 480.0], [0.0, 280.0]], [[327.03896053993344, 560.0], [527.0389605399334, 560.0], [527.0389605399334, 760.0], [327.03896053993344, 760.0], [327.03896053993344, 560.0]], [[460.0, 0.0], [460.0, 280.0], [280.0, 280.0], [280.0, 0.0], [460.0, 0.0]], [[200.0, 607.0389605399334], [200.0, 327.03896053993344], [340.0, 467.03896053993344], [200.0, 607.0389605399334]], [[645.68809087628, 285.6207313702449], [465.68809087627994, 285.6207313702449], [645.68809087628, 5.6207313702449255], [645.68809087628, 285.6207313702449]], [[0.0, 0.0], [280.0, 0.0], [280.0, 280.0], [0.0, 280.0], [0.0, 0.0]], [[180.0, 507.03896053993344], [100.0, 707.0389605399334], [0.0, 707.0389605399334], [0.0, 507.03896053993344], [180.0, 507.03896053993344]], [[527.0389605399334, 567.8429535924672], [627.0389605399334, 567.8429535924672], [627.0389605399334, 747.8429535924672], [527.0389605399334, 747.8429535924672], [527.0389605399334, 567.8429535924672]], [[327.0389605399334, 480.0], [327.0389605399334, 760.0], [47.038960539933385, 760.0], [327.0389605399334, 480.0]], [[670.7847929503247, 560.0], [470.7847929503247, 560.0], [470.7847929503247, 360.0], [670.7847929503247, 280.0], [670.7847929503247, 560.0]], [[620.0, 0.0], [540.0, 160.0], [460.0, 0.0], [620.0, 0.0]], [[234.17269965101502, 285.6207313702449], [514.172699651015, 285.6207313702449], [374.172699651015, 525.6207313702449], [234.17269965101502, 285.6207313702449]]]"
Wed Jul 22 23:59:57 2020,2,1,True,686.1108557321804,0.8307695399917945,"[0, 0, 1, 0, 1, 0, 0, 1, 2, 1, 0, 1]","[[[6.1108557321804255, 100.0], [206.11085573218043, 100.0], [206.11085573218043, 300.0], [6.1108557321804255, 300.0], [6.1108557321804255, 100.0]], [[206.11085573218043, 200.0], [406.1108557321804, 200.0], [406.1108557321804, 400.0], [206.11085573218043, 400.0], [206.11085573218043, 200.0]], [[652.1449717850427, 480.0], [652.1449717850427, 760.0], [472.1449717850427, 760.0], [472.1449717850427, 480.0], [652.1449717850427, 480.0]], [[92.14497178504266, 480.0], [372.1449717850427, 480.0], [232.14497178504266, 620.0], [92.14497178504266, 480.0]], [[0.0, 300.0], [180.0, 300.0], [0.0, 580.0], [0.0, 300.0]], [[406.1108557321804, 200.0], [686.1108557321804, 200.0], [686.1108557321804, 480.0], [406.1108557321804, 480.0], [406.1108557321804, 200.0]], [[460.0, 0.0], [660.0, 80.0], [660.0, 180.0], [460.0, 180.0], [460.0, 0.0]], [[180.0, 0.0], [180.0, 100.0], [0.0, 100.0], [0.0, 0.0], [180.0, 0.0]], [[372.1449717850427, 760.0], [92.14497178504269, 760.0], [92.14497178504269, 480.0], [372.1449717850427, 760.0]], [[460.0, 0.0], [460.0, 200.0], [260.0, 200.0], [180.0, 0.0], [460.0, 0.0]], [[87.14285714285711, 480.0], [167.1428571428571, 320.0], [247.1428571428571, 480.0], [87.14285714285711, 480.0]], [[472.1449717850427, 480.0], [472.1449717850427, 760.0], [232.14497178504269, 620.0], [472.1449717850427, 480.0]]]"
Thu Jul 23 00:00:12 2020,2,1,True,692.9719642895022,0.8225440990017767,"[0, 0, 1, 0, 3, 0, 0, 0, 2, 1, 3, 0]","[[[280.0, 0.0], [480.0, 0.0], [480.0, 200.0], [280.0, 200.0], [280.0, 0.0]], [[300.0, 480.0], [500.0, 480.0], [500.0, 680.0], [300.0, 680.0], [300.0, 480.0]], [[680.0, 480.0], [680.0, 760.0], [500.0, 760.0], [500.0, 480.0], [680.0, 480.0]], [[0.0, 480.0], [280.0, 480.0], [140.0, 620.0], [0.0, 480.0]], [[334.791299186171, 480.0], [154.791299186171, 480.0], [334.791299186171, 200.0], [334.791299186171, 480.0]], [[334.79129918617105, 200.0], [614.791299186171, 200.0], [614.791299186171, 480.0], [334.79129918617105, 480.0], [334.79129918617105, 200.0]], [[480.0, 0.0], [680.0, 80.0], [680.0, 180.0], [480.0, 180.0], [480.0, 0.0]], [[0.0, 300.0], [100.0, 300.0], [100.0, 480.0], [0.0, 480.0], [0.0, 300.0]], [[280.0, 760.0], [0.0, 760.0], [0.0, 480.0], [280.0, 760.0]], [[280.0, 0.0], [280.0, 200.0], [80.0, 200.0], [0.0, 0.0], [280.0, 0.0]], [[300.0, 700.0], [140.0, 620.0], [300.0, 540.0], [300.0, 700.0]], [[40.50558490045671, 200.0], [320.5055849004567, 200.0], [180.5055849004567, 440.0], [40.50558490045671, 200.0]]]"
Thu Jul 23 00:00:16 2020,2,0,True,665.2530857179221,0.8568167697935174,"[0, 0, 1, 3, 3, 0, 1, 0, 2, 1, 3, 0]","[[[280.0, 0.0], [480.0, 0.0], [480.0, 200.0], [280.0, 200.0], [280.0, 0.0]], [[285.2530857179221, 493.6756406341357], [485.2530857179221, 493.6756406341357], [485.2530857179221, 693.6756406341357], [285.2530857179221, 693.6756406341357], [285.2530857179221, 493.6756406341357]], [[665.2530857179221, 480.0], [665.2530857179221, 760.0], [485.2530857179221, 760.0], [485.2530857179221, 480.0], [665.2530857179221, 480.0]], [[0.0, 461.69450635741487], [0.0, 181.69450635741487], [140.0, 321.69450635741487], [0.0, 461.69450635741487]], [[360.84725317870743, 493.6756406341357], [180.84725317870743, 493.6756406341357], [360.84725317870743, 213.67564063413568], [360.84725317870743, 493.6756406341357]], [[363.29725224388903, 200.0], [643.297252243889, 200.0], [643.297252243889, 480.0], [363.29725224388903, 480.0], [363.29725224388903, 200.0]], [[660.0, 0.0], [580.0, 200.0], [480.0, 200.0], [480.0, 0.0], [660.0, 0.0]], [[80.84725317870743, 380.84725317870743], [180.84725317870743, 380.84725317870743], [180.84725317870743, 560.8472531787074], [80.84725317870743, 560.8472531787074], [80.84725317870743, 380.84725317870743]], [[280.0, 760.0], [0.0, 760.0], [0.0, 480.0], [280.0, 760.0]], [[280.0, 0.0], [280.0, 200.0], [80.0, 200.0], [0.0, 0.0], [280.0, 0.0]], [[285.2530857179221, 685.2530857179221], [125.25308571792209, 605.2530857179221], [285.2530857179221, 525.2530857179221], [285.2530857179221, 685.2530857179221]], [[75.35302215779475, 200.0], [355.3530221577947, 200.0], [215.35302215779475, 440.0], [75.35302215779475, 200.0]]]"
Thu Jul 23 00:00:41 2020,2,1,True,671.9056165751014,0.8483334354391261,"[0, 0, 1, 3, 3, 0, 0, 1, 1, 1, 2, 0]","[[[0.0, 200.0], [200.0, 200.0], [200.0, 400.0], [0.0, 400.0], [0.0, 200.0]], [[0.0, 0.0], [200.0, 0.0], [200.0, 200.0], [0.0, 200.0], [0.0, 0.0]], [[671.9056165751014, 480.0], [671.9056165751014, 760.0], [491.90561657510136, 760.0], [491.90561657510136, 480.0], [671.9056165751014, 480.0]], [[0.0, 760.0], [0.0, 480.0], [140.0, 620.0], [0.0, 760.0]], [[491.90561657510136, 760.0], [311.90561657510136, 760.0], [491.90561657510136, 480.0], [491.90561657510136, 760.0]], [[391.90561657510136, 200.0], [671.9056165751014, 200.0], [671.9056165751014, 480.0], [391.90561657510136, 480.0], [391.90561657510136, 200.0]], [[200.0, 0.0], [400.0, 80.0], [400.0, 180.0], [200.0, 180.0], [200.0, 0.0]], [[380.0, 180.0], [380.0, 280.0], [200.0, 280.0], [200.0, 180.0], [380.0, 180.0]], [[311.90561657510136, 480.0], [311.90561657510136, 760.0], [31.905616575101362, 760.0], [311.90561657510136, 480.0]], [[671.9056165751014, 0.0], [671.9056165751014, 200.0], [471.90561657510136, 200.0], [391.90561657510136, 0.0], [671.9056165751014, 0.0]], [[391.6666666666667, 280.0], [311.6666666666667, 440.0], [231.66666666666669, 280.0], [391.6666666666667, 280.0]], [[11.666666666666686, 400.0], [291.6666666666667, 400.0], [151.66666666666669, 640.0], [11.666666666666686, 400.0]]]"
Thu Jul 23 00:00:54 2020,2,1,True,678.6246727408524,0.8399340944941843,"[0, 0, 1, 1, 0, 0, 0, 0, 2, 1, 3, 0]","[[[280.0, 480.0], [480.0, 480.0], [480.0, 680.0], [280.0, 680.0], [280.0, 480.0]], [[0.0, 0.0], [200.0, 0.0], [200.0, 200.0], [0.0, 200.0], [0.0, 0.0]], [[660.0, 480.0], [660.0, 760.0], [480.0, 760.0], [480.0, 480.0], [660.0, 480.0]], [[280.0, 480.0], [280.0, 760.0], [140.0, 620.0], [280.0, 480.0]], [[0.0, 380.0], [0.0, 200.0], [280.0, 380.0], [0.0, 380.0]], [[365.02939191209725, 200.0], [645.0293919120973, 200.0], [645.0293919120973, 480.0], [365.02939191209725, 480.0], [365.02939191209725, 200.0]], [[200.0, 7.426520219756867], [400.0, 87.42652021975687], [400.0, 187.42652021975687], [200.0, 187.42652021975687], [200.0, 7.426520219756867]], [[264.8856981196218, 187.42652021975687], [364.8856981196218, 187.42652021975687], [364.8856981196218, 367.42652021975687], [264.8856981196218, 367.42652021975687], [264.8856981196218, 187.42652021975687]], [[280.0, 760.0], [0.0, 760.0], [0.0, 480.0], [280.0, 760.0]], [[645.0293919120973, 0.0], [645.0293919120973, 200.0], [445.02939191209725, 200.0], [365.02939191209725, 0.0], [645.0293919120973, 0.0]], [[264.8856981196218, 347.42652021975687], [104.8856981196218, 267.42652021975687], [264.8856981196218, 187.42652021975687], [264.8856981196218, 347.42652021975687]], [[0.0, 380.0], [280.0, 380.0], [140.0, 620.0], [0.0, 380.0]]]"
Thu Jul 23 00:01:08 2020,2,1,True,685.4109194682609,0.8316179153407766,"[0, 0, 1, 1, 0, 0, 2, 0, 2, 0, 3, 0]","[[[419.55874632482266, 0.0], [619.5587463248227, 0.0], [619.5587463248227, 200.0], [419.55874632482266, 200.0], [419.55874632482266, 0.0]], [[19.558746324822664, 0.0], [219.55874632482266, 0.0], [219.55874632482266, 200.0], [19.558746324822664, 200.0], [19.558746324822664, 0.0]], [[653.7132601098784, 480.0], [653.7132601098784, 760.0], [473.71326010987843, 760.0], [473.71326010987843, 480.0], [653.7132601098784, 480.0]], [[273.71326010987843, 473.71326010987843], [273.71326010987843, 753.7132601098784], [133.71326010987843, 613.7132601098784], [273.71326010987843, 473.71326010987843]], [[0.0, 367.42652021975687], [0.0, 187.42652021975687], [280.0, 367.42652021975687], [0.0, 367.42652021975687]], [[368.44763521371146, 200.0], [648.4476352137115, 200.0], [648.4476352137115, 480.0], [368.44763521371146, 480.0], [368.44763521371146, 200.0]], [[419.55874632482266, 180.0], [219.55874632482266, 100.0], [219.55874632482266, 0.0], [419.55874632482266, 0.0], [419.55874632482266, 180.0]], [[268.44763521371146, 159.55555555555554], [368.44763521371146, 159.55555555555554], [368.44763521371146, 339.55555555555554], [268.44763521371146, 339.55555555555554], [268.44763521371146, 159.55555555555554]], [[280.0, 760.0], [0.0, 760.0], [0.0, 480.0], [280.0, 760.0]], [[273.71326010987843, 480.0], [473.71326010987843, 480.0], [473.71326010987843, 680.0], [273.71326010987843, 760.0], [273.71326010987843, 480.0]], [[267.05874632482266, 336.25], [107.05874632482266, 256.25], [267.05874632482266, 176.25], [267.05874632482266, 336.25]], [[0.0, 367.42652021975687], [280.0, 367.42652021975687], [140.0, 607.4265202197569], [0.0, 367.42652021975687]]]"
Thu Jul 23 00:01:08 2020,2,0,True,657.9944826895304,0.866268661813309,"[0, 0, 1, 1, 0, 0, 2, 0, 2, 0, 3, 0]","[[[419.55874632482266, 0.0], [619.5587463248227, 0.0], [619.5587463248227, 200.0], [419.55874632482266, 200.0], [419.55874632482266, 0.0]], [[19.558746324822664, 0.0], [219.55874632482266, 0.0], [219.55874632482266, 200.0], [19.558746324822664, 200.0], [19.558746324822664, 0.0]], [[653.7132601098784, 480.0], [653.7132601098784, 760.0], [473.71326010987843, 760.0], [473.71326010987843, 480.0], [653.7132601098784, 480.0]], [[273.71326010987843, 473.71326010987843], [273.71326010987843, 753.7132601098784], [133.71326010987843, 613.7132601098784], [273.71326010987843, 473.71326010987843]], [[0.0, 367.42652021975687], [0.0, 187.42652021975687], [280.0, 367.42652021975687], [0.0, 367.42652021975687]], [[368.44763521371146, 200.0], [648.4476352137115, 200.0], [648.4476352137115, 480.0], [368.44763521371146, 480.0], [368.44763521371146, 200.0]], [[419.55874632482266, 180.0], [219.55874632482266, 100.0], [219.55874632482266, 0.0], [419.55874632482266, 0.0], [419.55874632482266, 180.0]], [[268.44763521371146, 159.55555555555554], [368.44763521371146, 159.55555555555554], [368.44763521371146, 339.55555555555554], [268.44763521371146, 339.55555555555554], [268.44763521371146, 159.55555555555554]], [[280.0, 760.0], [0.0, 760.0], [0.0, 480.0], [280.0, 760.0]], [[273.71326010987843, 480.0], [473.71326010987843, 480.0], [473.71326010987843, 680.0], [273.71326010987843, 760.0], [273.71326010987843, 480.0]], [[267.05874632482266, 336.25], [107.05874632482266, 256.25], [267.05874632482266, 176.25], [267.05874632482266, 336.25]], [[0.0, 367.42652021975687], [280.0, 367.42652021975687], [140.0, 607.4265202197569], [0.0, 367.42652021975687]]]"
Thu Jul 23 00:01:49 2020,2,1,True,664.5744275164257,0.8576917443696129,"[0, 0, 1, 1, 3, 0, 0, 0, 2, 1, 2, 0]","[[[280.0, 560.0], [480.0, 560.0], [480.0, 760.0], [280.0, 760.0], [280.0, 560.0]], [[279.9999999999999, 200.0], [479.9999999999999, 200.0], [479.9999999999999, 400.0], [279.9999999999999, 400.0], [279.9999999999999, 200.0]], [[659.9999999999999, 200.0], [659.9999999999999, 480.0], [479.9999999999999, 480.0], [479.9999999999999, 200.0], [659.9999999999999, 200.0]], [[230.0, 430.0], [230.0, 710.0], [90.0, 570.0], [230.0, 430.0]], [[660.0, 760.0], [480.0, 760.0], [660.0, 480.0], [660.0, 760.0]], [[0.0, 0.0], [280.0, 0.0], [280.0, 280.0], [0.0, 280.0], [0.0, 0.0]], [[230.0, 380.0], [430.0, 460.0], [430.0, 560.0], [230.0, 560.0], [230.0, 380.0]], [[560.0, 0.0], [660.0, 0.0], [660.0, 180.0], [560.0, 180.0], [560.0, 0.0]], [[280.0, 760.0], [0.0, 760.0], [0.0, 480.0], [280.0, 760.0]], [[560.0, 0.0], [560.0, 200.0], [360.0, 200.0], [280.0, 0.0], [560.0, 0.0]], [[634.2857142857143, 480.0], [554.2857142857143, 640.0], [474.28571428571433, 480.0], [634.2857142857143, 480.0]], [[0.0, 280.0], [280.0, 280.0], [140.0, 520.0], [0.0, 280.0]]]"
Thu Jul 23 00:02:04 2020,2,1,True,671.2201717915899,0.8491997469006068,"[0, 0, 1, 1, 3, 0, 0, 0, 2, 3, 2, 0]","[[[437.99145041576855, 0.0], [637.9914504157686, 0.0], [637.9914504157686, 200.0], [437.99145041576855, 200.0], [437.99145041576855, 0.0]], [[280.0, 560.0], [480.0, 560.0], [480.0, 760.0], [280.0, 760.0], [280.0, 560.0]], [[661.095890410959, 200.0], [661.095890410959, 480.0], [481.095890410959, 480.0], [481.095890410959, 200.0], [661.095890410959, 200.0]], [[230.0, 430.0], [230.0, 710.0], [90.0, 570.0], [230.0, 430.0]], [[660.0, 760.0], [480.0, 760.0], [660.0, 480.0], [660.0, 760.0]], [[0.0, 0.0], [280.0, 0.0], [280.0, 280.0], [0.0, 280.0], [0.0, 0.0]], [[280.0, 179.9999999999999], [480.0, 259.9999999999999], [480.0, 359.9999999999999], [280.0, 359.9999999999999], [280.0, 179.9999999999999]], [[280.0, 0.0], [380.0, 0.0], [380.0, 180.0], [280.0, 180.0], [280.0, 0.0]], [[280.0, 760.0], [0.0, 760.0], [0.0, 480.0], [280.0, 760.0]], [[233.19247736243324, 560.2414673786858], [233.19247736243324, 360.2414673786858], [433.19247736243324, 360.2414673786858], [513.1924773624332, 560.2414673786858], [233.19247736243324, 560.2414673786858]], [[641.095890410959, 480.0], [561.095890410959, 640.0], [481.095890410959, 480.0], [641.095890410959, 480.0]], [[0.0, 280.0], [280.0, 280.0], [140.0, 520.0], [0.0, 280.0]]]"
Thu Jul 23 00:02:36 2020,2,1,True,677.9323735095059,0.8407918286144622,"[0, 0, 0, 1, 3, 0, 0, 1, 3, 0, 0, 1]","[[[0.0, 540.0], [200.0, 540.0], [200.0, 740.0], [0.0, 740.0], [0.0, 540.0]], [[200.0, 280.0], [400.0, 280.0], [400.0, 480.0], [200.0, 480.0], [200.0, 280.0]], [[0.0, 0.0], [280.0, 0.0], [280.0, 180.0], [0.0, 180.0], [0.0, 0.0]], [[200.0, 260.0], [200.0, 540.0], [60.0, 400.0], [200.0, 260.0]], [[395.7142857142857, 280.0], [215.71428571428572, 280.0], [395.7142857142857, 0.0], [395.7142857142857, 280.0]], [[397.93237350950585, 0.0], [677.9323735095059, 0.0], [677.9323735095059, 280.0], [397.93237350950585, 280.0], [397.93237350950585, 0.0]], [[350.0, 580.0], [550.0, 660.0], [550.0, 760.0], [350.0, 760.0], [350.0, 580.0]], [[380.0, 480.0], [380.0, 580.0], [200.0, 580.0], [200.0, 480.0], [380.0, 480.0]], [[0.0, 460.0], [0.0, 180.0], [280.0, 180.0], [0.0, 460.0]], [[400.0, 280.0], [600.0, 280.0], [600.0, 480.0], [400.0, 560.0], [400.0, 280.0]], [[190.0, 760.0], [270.0, 600.0], [350.0, 760.0], [190.0, 760.0]], [[660.7142857142857, 444.58333333333326], [660.7142857142857, 724.5833333333333], [420.71428571428567, 584.5833333333333], [660.7142857142857, 444.58333333333326]]]"
Thu Jul 23 00:03:00 2020,2,1,True,684.7116972446009,0.8324671570440219,"[0, 0, 1, 2, 2, 0, 3, 1, 3, 0, 1, 2]","[[[484.71169724460094, 80.0], [684.7116972446009, 80.0], [684.7116972446009, 280.0], [484.71169724460094, 280.0], [484.71169724460094, 80.0]], [[0.0, 280.0], [200.0, 280.0], [200.0, 480.0], [0.0, 480.0], [0.0, 280.0]], [[684.7116972446009, 280.0], [684.7116972446009, 560.0], [504.71169724460094, 560.0], [504.71169724460094, 280.0], [684.7116972446009, 280.0]], [[280.0, 760.0], [0.0, 760.0], [140.0, 620.0], [280.0, 760.0]], [[504.71169724460094, 280.0], [504.71169724460094, 460.0], [224.71169724460094, 280.0], [504.71169724460094, 280.0]], [[0.0, 0.0], [280.0, 0.0], [280.0, 280.0], [0.0, 280.0], [0.0, 0.0]], [[492.2421387133212, 760.0], [572.2421387133212, 560.0], [672.2421387133212, 560.0], [672.2421387133212, 760.0], [492.2421387133212, 760.0]], [[434.3053393874138, 634.3053393874138], [434.3053393874138, 734.3053393874138], [254.30533938741382, 734.3053393874138], [254.30533938741382, 634.3053393874138], [434.3053393874138, 634.3053393874138]], [[0.0, 760.0], [0.0, 480.0], [280.0, 480.0], [0.0, 760.0]], [[284.71169724460094, 0.0], [484.71169724460094, 0.0], [484.71169724460094, 200.0], [284.71169724460094, 280.0], [284.71169724460094, 0.0]], [[200.0, 286.9710517713279], [360.0, 366.9710517713279], [200.0, 446.9710517713279], [200.0, 286.9710517713279]], [[542.5200029583557, 634.3053393874138], [262.5200029583557, 634.3053393874138], [402.5200029583557, 394.3053393874138], [542.5200029583557, 634.3053393874138]]]"
Thu Jul 23 00:03:10 2020,2,0,True,657.3232293548169,0.8671532885875227,"[0, 0, 1, 2, 1, 0, 2, 1, 3, 1, 0, 1]","[[[89.62585455788144, 280.0], [289.62585455788144, 280.0], [289.62585455788144, 480.0], [89.62585455788144, 480.0], [89.62585455788144, 280.0]], [[277.32322935481693, 0.0], [477.32322935481693, 0.0], [477.32322935481693, 200.0], [277.32322935481693, 200.0], [277.32322935481693, 0.0]], [[657.3232293548169, 0.0], [657.3232293548169, 280.0], [477.32322935481693, 280.0], [477.32322935481693, 0.0], [657.3232293548169, 0.0]], [[280.0, 760.0], [0.0, 760.0], [140.0, 620.0], [280.0, 760.0]], [[289.62585455788144, 200.0], [469.62585455788144, 200.0], [289.62585455788144, 480.0], [289.62585455788144, 200.0]], [[0.0, 0.0], [280.0, 0.0], [280.0, 280.0], [0.0, 280.0], [0.0, 0.0]], [[657.3232293548169, 460.0], [457.32322935481693, 380.0], [457.32322935481693, 280.0], [657.3232293548169, 280.0], [657.3232293548169, 460.0]], [[640.7774108381564, 659.3439871480433], [640.7774108381564, 759.3439871480433], [460.77741083815636, 759.3439871480433], [460.77741083815636, 659.3439871480433], [640.7774108381564, 659.3439871480433]], [[0.0, 760.0], [0.0, 480.0], [280.0, 480.0], [0.0, 760.0]], [[655.6831972249252, 459.3439871480433], [655.6831972249252, 659.3439871480433], [455.68319722492515, 659.3439871480433], [375.68319722492515, 459.3439871480433], [655.6831972249252, 459.3439871480433]], [[336.9952229288386, 459.3439871480433], [416.9952229288386, 299.3439871480433], [496.9952229288386, 459.3439871480433], [336.9952229288386, 459.3439871480433]], [[379.9999999999999, 480.0], [379.9999999999999, 760.0], [139.9999999999999, 620.0], [379.9999999999999, 480.0]]]"
Thu Jul 23 00:04:40 2020,2,5,True,663.8964616483651,0.8585676124628939,"[0, 0, 1, 2, 1, 0, 3, 0, 0, 2, 1, 3]","[[[463.89646164836506, 280.0], [663.8964616483651, 280.0], [663.8964616483651, 480.0], [463.89646164836506, 480.0], [463.89646164836506, 280.0]], [[280.0, 560.0], [480.0, 560.0], [480.0, 760.0], [280.0, 760.0], [280.0, 560.0]], [[660.0, 480.0], [660.0, 760.0], [480.0, 760.0], [480.0, 480.0], [660.0, 480.0]], [[428.9696998193758, 560.0], [148.96969981937582, 560.0], [288.9696998193758, 420.0], [428.9696998193758, 560.0]], [[0.0, 408.96969981937593], [180.0, 408.96969981937593], [0.0, 688.9696998193759], [0.0, 408.96969981937593]], [[351.03030018062407, 0.0], [631.0303001806241, 0.0], [631.0303001806241, 280.0], [351.03030018062407, 280.0], [351.03030018062407, 0.0]], [[0.0, 760.0], [80.0, 560.0], [180.0, 560.0], [180.0, 760.0], [0.0, 760.0]], [[180.0, 560.0], [280.0, 560.0], [280.0, 740.0], [180.0, 740.0], [180.0, 560.0]], [[71.03030018062407, 0.0], [351.03030018062407, 0.0], [351.03030018062407, 280.0], [71.03030018062407, 0.0]], [[200.0, 408.96969981937593], [0.0, 408.96969981937593], [0.0, 208.96969981937593], [200.0, 128.96969981937593], [200.0, 408.96969981937593]], [[0.0, 8.969699819375933], [160.0, 88.96969981937593], [0.0, 168.96969981937593], [0.0, 8.969699819375933]], [[199.9999999999999, 471.8989915613026], [199.9999999999999, 191.89899156130258], [439.9999999999999, 331.8989915613026], [199.9999999999999, 471.8989915613026]]]"
Thu Jul 23 00:04:59 2020,2,1,True,670.5354262648488,0.8500669430325682,"[0, 0, 1, 1, 1, 0, 3, 1, 2, 1, 3, 3]","[[[470.53542626484875, 0.0], [670.5354262648488, 0.0], [670.5354262648488, 200.0], [470.53542626484875, 200.0], [470.53542626484875, 0.0]], [[461.52958466501923, 300.0], [661.5295846650192, 300.0], [661.5295846650192, 500.0], [461.52958466501923, 500.0], [461.52958466501923, 300.0]], [[461.52958466501923, 280.0], [461.52958466501923, 560.0], [281.52958466501923, 560.0], [281.52958466501923, 280.0], [461.52958466501923, 280.0]], [[190.53542626484875, 61.389336921346455], [190.53542626484875, 341.38933692134646], [50.53542626484875, 201.38933692134646], [190.53542626484875, 61.389336921346455]], [[0.0, 0.0], [180.0, 0.0], [0.0, 280.0], [0.0, 0.0]], [[190.53542626484875, 0.0], [470.53542626484875, 0.0], [470.53542626484875, 280.0], [190.53542626484875, 280.0], [190.53542626484875, 0.0]], [[0.0, 760.0], [80.0, 560.0], [180.0, 560.0], [180.0, 760.0], [0.0, 760.0]], [[660.3424445197971, 200.0], [660.3424445197971, 300.0], [480.34244451979714, 300.0], [480.34244451979714, 200.0], [660.3424445197971, 200.0]], [[460.0, 760.0], [180.0, 760.0], [180.0, 480.0], [460.0, 760.0]], [[660.0, 560.0], [660.0, 760.0], [460.0, 760.0], [380.0, 560.0], [660.0, 560.0]], [[281.52958466501923, 455.8922577212612], [121.52958466501923, 375.8922577212612], [281.52958466501923, 295.8922577212612], [281.52958466501923, 455.8922577212612]], [[0.0, 585.0], [0.0, 305.0], [240.0, 445.0], [0.0, 585.0]]]"
Thu Jul 23 00:05:58 2020,2,3,True,677.2407805274972,0.8416504386461071,"[0, 0, 1, 1, 0, 0, 2, 0, 3, 0, 2, 2]","[[[477.24078052749724, 532.031604820833], [677.2407805274972, 532.031604820833], [677.2407805274972, 732.031604820833], [477.24078052749724, 732.031604820833], [477.24078052749724, 532.031604820833]], [[0.0, 280.0], [200.0, 280.0], [200.0, 480.0], [0.0, 480.0], [0.0, 280.0]], [[197.24078052749724, 480.0], [197.24078052749724, 760.0], [17.240780527497236, 760.0], [17.240780527497236, 480.0], [197.24078052749724, 480.0]], [[647.968395179167, 72.03160482083297], [647.968395179167, 352.03160482083297], [507.96839517916703, 212.03160482083297], [647.968395179167, 72.03160482083297]], [[200.0, 480.0], [200.0, 300.0], [480.0, 480.0], [200.0, 480.0]], [[197.24078052749724, 480.0], [477.24078052749724, 480.0], [477.24078052749724, 760.0], [197.24078052749724, 760.0], [197.24078052749724, 480.0]], [[556.2596893704184, 480.4526574524118], [356.2596893704184, 400.4526574524118], [356.2596893704184, 300.4526574524118], [556.2596893704184, 300.4526574524118], [556.2596893704184, 480.4526574524118]], [[559.5473425475882, 352.03160482083297], [659.5473425475882, 352.03160482083297], [659.5473425475882, 532.031604820833], [559.5473425475882, 532.031604820833], [559.5473425475882, 352.03160482083297]], [[200.0, 280.0], [200.0, 0.0], [480.0, 0.0], [200.0, 280.0]], [[0.0, 0.0], [200.0, 0.0], [200.0, 200.0], [0.0, 280.0], [0.0, 0.0]], [[608.421052631579, 31.578947368421098], [528.421052631579, 191.5789473684211], [448.42105263157896, 31.578947368421098], [608.421052631579, 31.578947368421098]], [[559.5473425475882, 300.4526574524118], [279.5473425475882, 300.4526574524118], [419.5473425475882, 60.45265745241181], [559.5473425475882, 300.4526574524118]]]"
Thu Jul 23 00:06:06 2020,2,1,True,684.0131883327722,0.8333172659862447,"[0, 0, 1, 0, 0, 0, 0, 0, 3, 0, 2, 2]","[[[0.0, 80.0], [200.0, 80.0], [200.0, 280.0], [0.0, 280.0], [0.0, 80.0]], [[0.0, 280.0], [200.0, 280.0], [200.0, 480.0], [0.0, 480.0], [0.0, 280.0]], [[180.0, 480.0], [180.0, 760.0], [0.0, 760.0], [0.0, 480.0], [180.0, 480.0]], [[230.43478260869568, 269.5652173913044], [510.4347826086957, 269.5652173913044], [370.4347826086957, 409.5652173913044], [230.43478260869568, 269.5652173913044]], [[200.0, 480.0], [200.0, 300.0], [480.0, 480.0], [200.0, 480.0]], [[180.0, 480.0], [460.0, 480.0], [460.0, 760.0], [180.0, 760.0], [180.0, 480.0]], [[480.0, 300.0], [680.0, 380.0], [680.0, 480.0], [480.0, 480.0], [480.0, 300.0]], [[584.0131883327722, 80.39467596603458], [684.0131883327722, 80.39467596603458], [684.0131883327722, 260.3946759660346], [584.0131883327722, 260.3946759660346], [584.0131883327722, 80.39467596603458]], [[200.0, 280.0], [200.0, 0.0], [480.0, 0.0], [200.0, 280.0]], [[460.0, 480.0], [660.0, 480.0], [660.0, 680.0], [460.0, 760.0], [460.0, 480.0]], [[618.1787120121592, 21.821287987840833], [538.1787120121592, 181.82128798784083], [458.17871201215917, 21.821287987840833], [618.1787120121592, 21.821287987840833]], [[589.3626708308462, 269.5652173913044], [309.36267083084624, 269.5652173913044], [449.36267083084624, 29.565217391304373], [589.3626708308462, 269.5652173913044]]]"
Thu Jul 23 00:06:30 2020,2,1,True,690.8533202160999,0.825066599986381,"[0, 0, 0, 2, 1, 0, 3, 0, 0, 1, 1, 2]","[[[180.0, 500.205597017915], [380.0, 500.205597017915], [380.0, 700.205597017915], [180.0, 700.205597017915], [180.0, 500.205597017915]], [[0.0, 239.97598994193362], [200.0, 239.97598994193362], [200.0, 439.9759899419336], [0.0, 439.9759899419336], [0.0, 239.97598994193362]], [[0.0, 0.0], [280.0, 0.0], [280.0, 180.0], [0.0, 180.0], [0.0, 0.0]], [[640.0, 743.3473392005387], [360.0, 743.3473392005387], [500.0, 603.3473392005387], [640.0, 743.3473392005387]], [[199.99999999999997, 180.0], [380.0, 180.0], [199.99999999999997, 460.0], [199.99999999999997, 180.0]], [[380.0, 0.0], [660.0, 0.0], [660.0, 280.0], [380.0, 280.0], [380.0, 0.0]], [[0.0, 760.0], [80.0, 560.0], [180.0, 560.0], [180.0, 760.0], [0.0, 760.0]], [[280.0, 0.0], [380.0, 0.0], [380.0, 180.0], [280.0, 180.0], [280.0, 0.0]], [[376.6526607994613, 480.0], [656.6526607994613, 480.0], [656.6526607994613, 760.0], [376.6526607994613, 480.0]], [[681.4285714285714, 280.0], [681.4285714285714, 480.0], [481.42857142857144, 480.0], [401.42857142857144, 280.0], [681.4285714285714, 280.0]], [[0.0, 439.9759899419337], [160.0, 519.9759899419337], [0.0, 599.9759899419337], [0.0, 439.9759899419337]], [[481.42857142857144, 480.0], [201.42857142857144, 480.0], [341.42857142857144, 240.0], [481.42857142857144, 480.0]]]"
Thu Jul 23 00:06:32 2020,2,0,True,663.2191874074558,0.8594443749858135,"[0, 0, 0, 2, 1, 0, 3, 0, 0, 1, 1, 2]","[[[180.0, 560.0], [380.0, 560.0], [380.0, 760.0], [180.0, 760.0], [180.0, 560.0]], [[0.0, 239.97598994193362], [200.0, 239.97598994193362], [200.0, 439.9759899419336], [0.0, 439.9759899419336], [0.0, 239.97598994193362]], [[0.0, 0.0], [280.0, 0.0], [280.0, 180.0], [0.0, 180.0], [0.0, 0.0]], [[660.0, 760.0], [380.0, 760.0], [520.0, 620.0], [660.0, 760.0]], [[200.0, 180.0], [380.0, 180.0], [200.0, 460.0], [200.0, 180.0]], [[380.0, 0.0], [660.0, 0.0], [660.0, 280.0], [380.0, 280.0], [380.0, 0.0]], [[0.0, 760.0], [80.0, 560.0], [180.0, 560.0], [180.0, 760.0], [0.0, 760.0]], [[280.0, 0.0], [380.0, 0.0], [380.0, 180.0], [280.0, 180.0], [280.0, 0.0]], [[380.0, 480.0], [660.0, 480.0], [660.0, 760.0], [380.0, 480.0]], [[663.2191874074558, 280.0], [663.2191874074558, 480.0], [463.2191874074558, 480.0], [383.2191874074558, 280.0], [663.2191874074558, 280.0]], [[0.0, 439.9759899419337], [160.0, 519.9759899419337], [0.0, 599.9759899419337], [0.0, 439.9759899419337]], [[426.66666666666663, 560.0], [146.66666666666663, 560.0], [286.66666666666663, 320.0], [426.66666666666663, 560.0]]]"
Thu Jul 23 00:07:50 2020,2,3,True,669.8513792815304,0.8509350247384292,"[0, 0, 1, 1, 3, 0, 1, 0, 2, 1, 0, 0]","[[[0.0, 560.0], [200.0, 560.0], [200.0, 760.0], [0.0, 760.0], [0.0, 560.0]], [[200.0, 560.0], [400.0, 560.0], [400.0, 760.0], [200.0, 760.0], [200.0, 560.0]], [[228.34520995557875, 280.0], [228.34520995557875, 560.0], [48.34520995557875, 560.0], [48.34520995557875, 280.0], [228.34520995557875, 280.0]], [[669.8513792815304, 75.9525496511485], [669.8513792815304, 355.9525496511485], [529.8513792815304, 215.9525496511485], [669.8513792815304, 75.9525496511485]], [[669.8513792815304, 760.0], [489.8513792815304, 760.0], [669.8513792815304, 480.0], [669.8513792815304, 760.0]], [[0.0, 0.0], [280.0, 0.0], [280.0, 280.0], [0.0, 280.0], [0.0, 0.0]], [[580.0, 514.4463803251969], [500.0, 714.4463803251969], [400.0, 714.4463803251969], [400.0, 514.4463803251969], [580.0, 514.4463803251969]], [[548.3452099555788, 334.44638032519686], [648.3452099555788, 334.44638032519686], [648.3452099555788, 514.4463803251969], [548.3452099555788, 514.4463803251969], [548.3452099555788, 334.44638032519686]], [[560.0, 280.0], [280.0, 280.0], [280.0, 0.0], [560.0, 280.0]], [[548.3452099555788, 280.0], [548.3452099555788, 480.0], [348.34520995557875, 480.0], [268.34520995557875, 280.0], [548.3452099555788, 280.0]], [[228.34520995557875, 560.0], [308.34520995557875, 400.0], [388.34520995557875, 560.0], [228.34520995557875, 560.0]], [[380.0, 0.0], [660.0, 0.0], [520.0, 240.0], [380.0, 0.0]]]"
Thu Jul 23 00:08:03 2020,2,1,True,676.5498930743457,0.8425099254835933,"[0, 0, 0, 2, 3, 0, 1, 0, 1, 0, 1, 0]","[[[200.0, 560.0], [400.0, 560.0], [400.0, 760.0], [200.0, 760.0], [200.0, 560.0]], [[0.0, 560.0], [200.0, 560.0], [200.0, 760.0], [0.0, 760.0], [0.0, 560.0]], [[380.0, 280.0], [660.0, 280.0], [660.0, 460.0], [380.0, 460.0], [380.0, 280.0]], [[400.0, 280.0], [120.0, 280.0], [260.0, 140.0], [400.0, 280.0]], [[676.3181172319665, 725.116772397657], [496.31811723196654, 725.116772397657], [676.3181172319665, 445.116772397657], [676.3181172319665, 725.116772397657]], [[0.0, 280.0], [280.0, 280.0], [280.0, 560.0], [0.0, 560.0], [0.0, 280.0]], [[548.1740965079262, 0.0], [468.17409650792615, 200.0], [368.17409650792615, 200.0], [368.17409650792615, 0.0], [548.1740965079262, 0.0]], [[280.0, 305.116772397657], [380.0, 305.116772397657], [380.0, 485.116772397657], [280.0, 485.116772397657], [280.0, 305.116772397657]], [[676.5498930743457, 0.0], [676.5498930743457, 280.0], [396.54989307434573, 280.0], [676.5498930743457, 0.0]], [[0.0, 0.0], [200.0, 0.0], [200.0, 200.0], [0.0, 280.0], [0.0, 0.0]], [[200.0, 0.0], [360.0, 80.0], [200.0, 160.0], [200.0, 0.0]], [[356.31811723196654, 485.116772397657], [636.3181172319665, 485.116772397657], [496.31811723196654, 725.116772397657], [356.31811723196654, 485.116772397657]]]"
Thu Jul 23 00:08:21 2020,2,1,True,683.3153920050892,0.8341682430530626,"[0, 0, 1, 0, 0, 0, 0, 0, 0, 3, 1, 1]","[[[279.9999999999999, 280.0], [479.9999999999999, 280.0], [479.9999999999999, 480.0], [279.9999999999999, 480.0], [279.9999999999999, 280.0]], [[280.0, 480.0], [480.0, 480.0], [480.0, 680.0], [280.0, 680.0], [280.0, 480.0]], [[660.0, 460.0], [660.0, 740.0], [480.0, 740.0], [480.0, 460.0], [660.0, 460.0]], [[403.31539200508917, 0.0], [683.3153920050892, 0.0], [543.3153920050892, 140.0], [403.31539200508917, 0.0]], [[0.0, 559.9999999999999], [0.0, 379.9999999999999], [280.0, 559.9999999999999], [0.0, 559.9999999999999]], [[0.0, 0.0], [280.0, 0.0], [280.0, 280.0], [0.0, 280.0], [0.0, 0.0]], [[479.9999999999999, 280.0], [679.9999999999999, 360.0], [679.9999999999999, 460.0], [479.9999999999999, 460.0], [479.9999999999999, 280.0]], [[279.9999999999999, 100.0], [379.9999999999999, 100.0], [379.9999999999999, 280.0], [279.9999999999999, 280.0], [279.9999999999999, 100.0]], [[0.0, 279.9999999999999], [280.0, 279.9999999999999], [280.0, 559.9999999999999], [0.0, 279.9999999999999]], [[0.0, 759.9999999999999], [0.0, 559.9999999999999], [200.0, 559.9999999999999], [280.0, 759.9999999999999], [0.0, 759.9999999999999]], [[379.9999999999999, 56.68460799491072], [539.9999999999999, 136.68460799491072], [379.9999999999999, 216.68460799491072], [379.9999999999999, 56.68460799491072]], [[679.780249296169, 79.91209971846763], [679.780249296169, 359.91209971846763], [439.780249296169, 219.91209971846763], [679.780249296169, 79.91209971846763]]]"
Thu Jul 23 00:08:31 2020,2,0,True,655.9827763248855,0.8689252531802737,"[0, 0, 1, 0, 0, 0, 2, 0, 2, 3, 0, 1]","[[[200.0, 286.3606041522645], [400.0, 286.3606041522645], [400.0, 486.3606041522645], [200.0, 486.3606041522645], [200.0, 286.3606041522645]], [[275.98277632488555, 559.9999999999999], [475.98277632488555, 559.9999999999999], [475.98277632488555, 759.9999999999999], [275.98277632488555, 759.9999999999999], [275.98277632488555, 559.9999999999999]], [[655.9827763248855, 480.0], [655.9827763248855, 760.0], [475.98277632488555, 760.0], [475.98277632488555, 480.0], [655.9827763248855, 480.0]], [[280.0, 0.0], [560.0, 0.0], [420.0, 140.0], [280.0, 0.0]], [[0.0, 559.9999999999999], [0.0, 379.9999999999999], [280.0, 559.9999999999999], [0.0, 559.9999999999999]], [[0.0, 0.0], [280.0, 0.0], [280.0, 280.0], [0.0, 280.0], [0.0, 0.0]], [[200.0, 459.9999999999999], [0.0, 379.9999999999999], [0.0, 279.9999999999999], [200.0, 279.9999999999999], [200.0, 459.9999999999999]], [[555.9827763248855, 286.3606041522645], [655.9827763248855, 286.3606041522645], [655.9827763248855, 466.3606041522645], [555.9827763248855, 466.3606041522645], [555.9827763248855, 286.3606041522645]], [[560.0, 286.3606041522645], [280.0, 286.3606041522645], [280.0, 6.3606041522645], [560.0, 286.3606041522645]], [[0.0, 759.9999999999999], [0.0, 559.9999999999999], [200.0, 559.9999999999999], [280.0, 759.9999999999999], [0.0, 759.9999999999999]], [[400.0, 472.05167102534335], [480.0, 312.05167102534335], [560.0, 472.05167102534335], [400.0, 472.05167102534335]], [[655.9827763248855, 2.343380477150049], [655.9827763248855, 282.34338047715005], [415.98277632488555, 142.34338047715005], [655.9827763248855, 2.343380477150049]]]"
Thu Jul 23 00:10:32 2020,2,5,False,662.5426040881345,0.860322032851756,"[0, 0, 0, 1, 3, 0, 0, 1, 0, 1, 1, 0]","[[[262.54260408813445, 480.0], [462.54260408813445, 480.0], [462.54260408813445, 680.0], [262.54260408813445, 680.0], [262.54260408813445, 480.0]], [[182.54260408813445, 280.0], [382.54260408813445, 280.0], [382.54260408813445, 480.0], [182.54260408813445, 480.0], [182.54260408813445, 280.0]], [[382.54260408813445, 200.0], [662.5426040881345, 200.0], [662.5426040881345, 380.0], [382.54260408813445, 380.0], [382.54260408813445, 200.0]], [[155.18021479957568, 142.40989260021217], [155.18021479957568, 422.4098926002122], [15.18021479957568, 282.4098926002122], [155.18021479957568, 142.40989260021217]], [[382.54260408813445, 280.0], [202.54260408813445, 280.0], [382.54260408813445, 0.0], [382.54260408813445, 280.0]], [[0.0, 480.0], [280.0, 480.0], [280.0, 760.0], [0.0, 760.0], [0.0, 480.0]], [[462.54260408813445, 580.0], [662.5426040881345, 660.0], [662.5426040881345, 760.0], [462.54260408813445, 760.0], [462.54260408813445, 580.0]], [[180.0, 380.0], [180.0, 480.0], [0.0, 480.0], [0.0, 380.0], [180.0, 380.0]], [[382.54260408813445, 380.0], [662.5426040881345, 380.0], [662.5426040881345, 660.0], [382.54260408813445, 380.0]], [[662.5426040881345, 0.0], [662.5426040881345, 200.0], [462.54260408813445, 200.0], [382.54260408813445, 0.0], [662.5426040881345, 0.0]], [[0.0, 60.00000000000003], [160.0, 140.00000000000003], [0.0, 220.00000000000003], [0.0, 60.00000000000003]], [[82.5426040881344, 0.0], [362.5426040881344, 0.0], [222.5426040881344, 240.0], [82.5426040881344, 0.0]]]"
Thu Jul 23 00:12:44 2020,2,5,True,669.1680301290158,0.8518039929225306,"[0, 0, 1, 3, 1, 0, 0, 1, 0, 3, 0, 2]","[[[251.0408999246091, 280.0], [451.0408999246091, 280.0], [451.0408999246091, 480.0], [251.0408999246091, 480.0], [251.0408999246091, 280.0]], [[460.0, 0.0], [660.0, 0.0], [660.0, 200.0], [460.0, 200.0], [460.0, 0.0]], [[460.0, 0.0], [460.0, 280.0], [280.0, 280.0], [280.0, 0.0], [460.0, 0.0]], [[294.28571428571433, 760.0], [294.28571428571433, 480.0], [434.28571428571433, 620.0], [294.28571428571433, 760.0]], [[0.0, 279.9999999999999], [180.0, 279.9999999999999], [0.0, 559.9999999999999], [0.0, 279.9999999999999]], [[0.0, 0.0], [280.0, 0.0], [280.0, 280.0], [0.0, 280.0], [0.0, 0.0]], [[460.0, 200.0], [660.0, 280.0], [660.0, 380.0], [460.0, 380.0], [460.0, 200.0]], [[631.0408999246091, 380.0], [631.0408999246091, 480.0], [451.0408999246091, 480.0], [451.0408999246091, 380.0], [631.0408999246091, 380.0]], [[356.0408999246091, 480.0], [636.0408999246091, 480.0], [636.0408999246091, 760.0], [356.0408999246091, 480.0]], [[0.0, 759.9999999999999], [0.0, 559.9999999999999], [200.0, 559.9999999999999], [280.0, 759.9999999999999], [0.0, 759.9999999999999]], [[364.28571428571433, 760.0], [444.28571428571433, 600.0], [524.2857142857143, 760.0], [364.28571428571433, 760.0]], [[294.28571428571433, 559.9999999999998], [14.285714285714334, 559.9999999999998], [154.28571428571433, 319.9999999999998], [294.28571428571433, 559.9999999999998]]]"
Thu Jul 23 00:13:00 2020,2,1,True,675.859710430306,0.8433702900223076,"[0, 0, 1, 0, 0, 0, 1, 1, 2, 0, 3, 1]","[[[240.7600303494478, 319.2399696505521], [440.7600303494478, 319.2399696505521], [440.7600303494478, 519.2399696505521], [240.7600303494478, 519.2399696505521], [240.7600303494478, 319.2399696505521]], [[0.0, 559.9999999999999], [200.0, 559.9999999999999], [200.0, 759.9999999999999], [0.0, 759.9999999999999], [0.0, 559.9999999999999]], [[460.0, 0.0], [460.0, 280.0], [280.0, 280.0], [280.0, 0.0], [460.0, 0.0]], [[0.0, 279.9999999999999], [280.0, 279.9999999999999], [140.0, 419.9999999999999], [0.0, 279.9999999999999]], [[200.0, 752.4378192756474], [200.0, 572.4378192756474], [480.0, 752.4378192756474], [200.0, 752.4378192756474]], [[0.0, 0.0], [280.0, 0.0], [280.0, 280.0], [0.0, 280.0], [0.0, 0.0]], [[640.0, 0.0], [560.0, 200.0], [460.0, 200.0], [460.0, 0.0], [640.0, 0.0]], [[640.0, 200.0], [640.0, 300.0], [460.0, 300.0], [460.0, 200.0], [640.0, 200.0]], [[280.0, 559.9999999999999], [0.0, 559.9999999999999], [0.0, 279.9999999999999], [280.0, 559.9999999999999]], [[440.7600303494478, 300.0], [640.7600303494478, 300.0], [640.7600303494478, 500.0], [440.7600303494478, 580.0], [440.7600303494478, 300.0]], [[401.69223391651843, 679.2399696505521], [241.69223391651843, 599.2399696505521], [401.69223391651843, 519.2399696505521], [401.69223391651843, 679.2399696505521]], [[675.0457446351621, 480.0], [675.0457446351621, 760.0], [435.0457446351621, 620.0], [675.0457446351621, 480.0]]]"
Thu Jul 23 00:13:14 2020,2,1,True,682.618307534609,0.8350200891309977,"[0, 0, 1, 0, 1, 0, 2, 1, 1, 0, 1, 1]","[[[289.99999999999994, 276.0], [489.99999999999994, 276.0], [489.99999999999994, 476.0], [289.99999999999994, 476.0], [289.99999999999994, 276.0]], [[0.0, 559.9999999999999], [200.0, 559.9999999999999], [200.0, 759.9999999999999], [0.0, 759.9999999999999], [0.0, 559.9999999999999]], [[670.0, 100.0], [670.0, 380.0], [490.0, 380.0], [490.0, 100.0], [670.0, 100.0]], [[0.0, 280.0], [280.0, 280.0], [140.0, 420.0], [0.0, 280.0]], [[489.99999999999994, 392.6183075346089], [670.0, 392.6183075346089], [489.99999999999994, 672.6183075346089], [489.99999999999994, 392.6183075346089]], [[0.0, 0.0], [280.0, 0.0], [280.0, 280.0], [0.0, 280.0], [0.0, 0.0]], [[489.99999999999994, 656.0], [289.99999999999994, 576.0], [289.99999999999994, 476.0], [489.99999999999994, 476.0], [489.99999999999994, 656.0]], [[660.0, 0.0], [660.0, 100.0], [480.0, 100.0], [480.0, 0.0], [660.0, 0.0]], [[682.618307534609, 480.0], [682.618307534609, 760.0], [402.618307534609, 760.0], [682.618307534609, 480.0]], [[280.0, 0.0], [480.0, 0.0], [480.0, 200.0], [280.0, 280.0], [280.0, 0.0]], [[200.0, 600.0], [360.0, 680.0], [200.0, 760.0], [200.0, 600.0]], [[289.99999999999994, 332.4999999999999], [289.99999999999994, 612.4999999999999], [49.99999999999994, 472.4999999999999], [289.99999999999994, 332.4999999999999]]]"
Thu Jul 23 00:13:28 2020,2,1,True,689.4444906099551,0.8267525634960373,"[0, 0, 1, 0, 3, 0, 1, 0, 1, 2, 1, 0]","[[[449.8205128205127, 25.448717948718127], [649.8205128205127, 25.448717948718127], [649.8205128205127, 225.44871794871813], [449.8205128205127, 225.44871794871813], [449.8205128205127, 25.448717948718127]], [[389.4444906099551, 225.44871794871813], [589.4444906099551, 225.44871794871813], [589.4444906099551, 425.4487179487181], [389.4444906099551, 425.4487179487181], [389.4444906099551, 225.44871794871813]], [[380.0, 475.8333333333335], [380.0, 755.8333333333335], [200.0, 755.8333333333335], [200.0, 475.8333333333335], [380.0, 475.8333333333335]], [[20.0, 280.0], [300.0, 280.0], [160.0, 420.0], [20.0, 280.0]], [[685.8928571428572, 760.0], [505.8928571428572, 760.0], [685.8928571428572, 480.0], [685.8928571428572, 760.0]], [[0.0, 0.0], [280.0, 0.0], [280.0, 280.0], [0.0, 280.0], [0.0, 0.0]], [[460.0, 0.0], [380.0, 200.0], [280.0, 200.0], [280.0, 0.0], [460.0, 0.0]], [[589.4444906099551, 225.44871794871813], [689.4444906099551, 225.44871794871813], [689.4444906099551, 405.4487179487181], [589.4444906099551, 405.4487179487181], [589.4444906099551, 225.44871794871813]], [[384.1666666666665, 195.83333333333348], [384.1666666666665, 475.8333333333335], [104.16666666666652, 475.8333333333335], [384.1666666666665, 195.83333333333348]], [[200.0, 755.8333333333335], [0.0, 755.8333333333335], [0.0, 555.8333333333335], [200.0, 475.8333333333335], [200.0, 755.8333333333335]], [[0.0, 340.0], [160.0, 420.0], [0.0, 500.0], [0.0, 340.0]], [[380.0, 475.83333333333337], [660.0, 475.83333333333337], [520.0, 715.8333333333334], [380.0, 475.83333333333337]]]"
Thu Jul 23 00:13:29 2020,2,0,True,661.8667109855569,0.8612005869750389,"[0, 0, 1, 0, 3, 0, 1, 0, 1, 2, 1, 0]","[[[455.2913981813324, 11.771504546669007], [655.2913981813324, 11.771504546669007], [655.2913981813324, 211.771504546669], [455.2913981813324, 211.771504546669], [455.2913981813324, 11.771504546669007]], [[384.1666666666665, 211.771504546669], [584.1666666666665, 211.771504546669], [584.1666666666665, 411.771504546669], [384.1666666666665, 411.771504546669], [384.1666666666665, 211.771504546669]], [[380.0, 475.8333333333335], [380.0, 755.8333333333335], [200.0, 755.8333333333335], [200.0, 475.8333333333335], [380.0, 475.8333333333335]], [[20.0, 280.0], [300.0, 280.0], [160.0, 420.0], [20.0, 280.0]], [[661.8667109855569, 760.0], [481.8667109855569, 760.0], [661.8667109855569, 480.0], [661.8667109855569, 760.0]], [[0.0, 0.0], [280.0, 0.0], [280.0, 280.0], [0.0, 280.0], [0.0, 0.0]], [[460.0, 0.0], [380.0, 200.0], [280.0, 200.0], [280.0, 0.0], [460.0, 0.0]], [[380.0, 580.0], [480.0, 580.0], [480.0, 760.0], [380.0, 760.0], [380.0, 580.0]], [[381.8667109855569, 198.1332890144431], [381.8667109855569, 478.1332890144431], [101.86671098555689, 478.1332890144431], [381.8667109855569, 198.1332890144431]], [[200.0, 758.1332890144431], [0.0, 758.1332890144431], [0.0, 558.1332890144431], [200.0, 478.1332890144431], [200.0, 758.1332890144431]], [[0.0, 340.0], [160.0, 420.0], [0.0, 500.0], [0.0, 340.0]], [[381.8667109855569, 411.771504546669], [661.8667109855569, 411.771504546669], [521.8667109855569, 651.771504546669], [381.8667109855569, 411.771504546669]]]"
Thu Jul 23 00:14:34 2020,2,3,True,668.4853780954124,0.8526738484901375,"[0, 0, 1, 0, 1, 0, 2, 0, 1, 2, 3, 3]","[[[200.0, 0.0], [400.0, 0.0], [400.0, 200.0], [200.0, 200.0], [200.0, 0.0]], [[400.0, 0.0], [600.0, 0.0], [600.0, 200.0], [400.0, 200.0], [400.0, 0.0]], [[668.4853780954124, 480.0], [668.4853780954124, 760.0], [488.48537809541244, 760.0], [488.48537809541244, 480.0], [668.4853780954124, 480.0]], [[154.84472049689464, 519.1304347826084], [434.84472049689464, 519.1304347826084], [294.84472049689464, 659.1304347826084], [154.84472049689464, 519.1304347826084]], [[0.0, 480.0], [180.0, 480.0], [0.0, 760.0], [0.0, 480.0]], [[371.42857142857156, 200.0], [651.4285714285716, 200.0], [651.4285714285716, 480.0], [371.42857142857156, 480.0], [371.42857142857156, 200.0]], [[200.0, 180.0], [0.0, 100.0], [0.0, 0.0], [200.0, 0.0], [200.0, 180.0]], [[115.71428571428578, 580.0], [215.71428571428578, 580.0], [215.71428571428578, 760.0], [115.71428571428578, 760.0], [115.71428571428578, 580.0]], [[488.48537809541244, 480.0], [488.48537809541244, 760.0], [208.48537809541244, 760.0], [488.48537809541244, 480.0]], [[371.42857142857156, 480.0], [171.42857142857156, 480.0], [171.42857142857156, 280.0], [371.42857142857156, 200.0], [371.42857142857156, 480.0]], [[160.0, 460.0], [0.0, 380.0], [160.0, 300.0], [160.0, 460.0]], [[0.0, 380.0], [0.0, 100.0], [240.0, 240.0], [0.0, 380.0]]]"
Thu Jul 23 00:14:37 2020,2,0,True,641.7459629715959,0.88820192551056,"[0, 0, 1, 0, 0, 0, 2, 0, 1, 2, 3, 3]","[[[213.33333333333326, 0.0], [413.33333333333326, 0.0], [413.33333333333326, 200.0], [213.33333333333326, 200.0], [213.33333333333326, 0.0]], [[413.33333333333326, 0.0], [613.3333333333333, 0.0], [613.3333333333333, 200.0], [413.33333333333326, 200.0], [413.33333333333326, 0.0]], [[641.7459629715959, 480.0], [641.7459629715959, 760.0], [461.7459629715959, 760.0], [461.7459629715959, 480.0], [641.7459629715959, 480.0]], [[183.87555248280455, 477.8704104887913], [463.87555248280455, 477.8704104887913], [323.87555248280455, 617.8704104887913], [183.87555248280455, 477.8704104887913]], [[0.0, 573.9948580059868], [0.0, 393.99485800598677], [280.0, 573.9948580059868], [0.0, 573.9948580059868]], [[361.7459629715959, 200.0], [641.7459629715959, 200.0], [641.7459629715959, 480.0], [361.7459629715959, 480.0], [361.7459629715959, 200.0]], [[213.33333333333323, 180.0], [13.33333333333323, 100.0], [13.33333333333323, 0.0], [213.33333333333323, 0.0], [213.33333333333323, 180.0]], [[0.0, 573.9948580059868], [100.0, 573.9948580059868], [100.0, 753.9948580059868], [0.0, 753.9948580059868], [0.0, 573.9948580059868]], [[461.7459629715959, 480.0], [461.7459629715959, 760.0], [181.74596297159587, 760.0], [461.7459629715959, 480.0]], [[361.7459629715959, 477.8704104887913], [161.74596297159587, 477.8704104887913], [161.74596297159587, 277.8704104887913], [361.7459629715959, 197.87041048879132], [361.7459629715959, 477.8704104887913]], [[160.0, 452.2222222222223], [0.0, 372.2222222222223], [160.0, 292.2222222222223], [160.0, 452.2222222222223]], [[0.0, 372.2222222222223], [0.0, 92.22222222222229], [240.0, 232.22222222222229], [0.0, 372.2222222222223]]]"
Thu Jul 23 00:17:08 2020,2,5,False,648.1634226013118,0.8794078470401584,"[0, 0, 0, 1, 3, 0, 0, 1, 0, 3, 0, 0]","[[[0.0, 271.8365773986883], [200.0, 271.8365773986883], [200.0, 471.8365773986883], [0.0, 471.8365773986883], [0.0, 271.8365773986883]], [[220.29127554060847, 280.0], [420.29127554060847, 280.0], [420.29127554060847, 480.0], [220.29127554060847, 480.0], [220.29127554060847, 280.0]], [[0.0, 300.0], [280.0, 300.0], [280.0, 480.0], [0.0, 480.0], [0.0, 300.0]], [[648.1634226013118, 443.9644303379848], [648.1634226013118, 723.9644303379848], [508.1634226013118, 583.9644303379848], [648.1634226013118, 443.9644303379848]], [[479.9999999999999, 760.0], [299.9999999999999, 760.0], [479.9999999999999, 480.0], [479.9999999999999, 760.0]], [[368.1634226013118, 0.0], [648.1634226013118, 0.0], [648.1634226013118, 280.0], [368.1634226013118, 280.0], [368.1634226013118, 0.0]], [[420.29127554060847, 291.8365773986883], [620.2912755406085, 371.8365773986883], [620.2912755406085, 471.8365773986883], [420.29127554060847, 471.8365773986883], [420.29127554060847, 291.8365773986883]], [[180.0, 171.8365773986883], [180.0, 271.8365773986883], [0.0, 271.8365773986883], [0.0, 171.8365773986883], [180.0, 171.8365773986883]], [[88.16342260131182, 0.0], [368.1634226013118, 0.0], [368.1634226013118, 280.0], [88.16342260131182, 0.0]], [[0.0, 704.4897959183676], [0.0, 504.4897959183676], [200.0, 504.4897959183676], [280.0, 704.4897959183676], [0.0, 704.4897959183676]], [[0.0, 171.8365773986883], [80.0, 11.836577398688291], [160.0, 171.8365773986883], [0.0, 171.8365773986883]], [[185.7142857142856, 480.0], [465.7142857142856, 480.0], [325.7142857142856, 720.0], [185.7142857142856, 480.0]]]"
Thu Jul 23 00:17:45 2020,2,1,True,654.645056827325,0.8707008386536221,"[0, 0, 1, 2, 0, 0, 2, 1, 2, 1, 0, 0]","[[[0.0, 560.0], [200.0, 560.0], [200.0, 760.0], [0.0, 760.0], [0.0, 560.0]], [[274.645056827325, 560.0], [474.645056827325, 560.0], [474.645056827325, 760.0], [274.645056827325, 760.0], [274.645056827325, 560.0]], [[654.645056827325, 480.0], [654.645056827325, 760.0], [474.645056827325, 760.0], [474.645056827325, 480.0], [654.645056827325, 480.0]], [[464.01620737950634, 560.0], [184.01620737950634, 560.0], [324.01620737950634, 420.0], [464.01620737950634, 560.0]], [[19.08950127176945, 180.0], [19.08950127176945, 0.0], [299.08950127176945, 180.0], [19.08950127176945, 180.0]], [[374.645056827325, 0.0], [654.645056827325, 0.0], [654.645056827325, 280.0], [374.645056827325, 280.0], [374.645056827325, 0.0]], [[374.645056827325, 180.0], [174.645056827325, 100.0], [174.645056827325, 0.0], [374.645056827325, 0.0], [374.645056827325, 180.0]], [[180.0, 460.0], [180.0, 560.0], [0.0, 560.0], [0.0, 460.0], [180.0, 460.0]], [[280.0, 460.0], [0.0, 460.0], [0.0, 180.0], [280.0, 460.0]], [[633.3171259538269, 280.0], [633.3171259538269, 480.0], [433.3171259538269, 480.0], [353.3171259538269, 280.0], [633.3171259538269, 280.0]], [[249.31712595382697, 420.0], [329.317125953827, 260.0], [409.317125953827, 420.0], [249.31712595382697, 420.0]], [[95.98379262049366, 180.0], [375.98379262049366, 180.0], [235.98379262049366, 420.0], [95.98379262049366, 180.0]]]"
Thu Jul 23 00:19:26 2020,2,5,True,661.1915073955983,0.8620800382709131,"[0, 0, 1, 1, 0, 0, 1, 0, 0, 0, 0, 2]","[[[460.0, 0.0], [660.0, 0.0], [660.0, 200.0], [460.0, 200.0], [460.0, 0.0]], [[260.0, 0.0], [460.0, 0.0], [460.0, 200.0], [260.0, 200.0], [260.0, 0.0]], [[659.9999999999998, 479.99999999999966], [659.9999999999998, 759.9999999999997], [479.9999999999998, 759.9999999999997], [479.9999999999998, 479.99999999999966], [659.9999999999998, 479.99999999999966]], [[659.9999999999998, 199.99999999999966], [659.9999999999998, 479.99999999999966], [519.9999999999998, 339.99999999999966], [659.9999999999998, 199.99999999999966]], [[0.0, 759.9999999999999], [0.0, 579.9999999999999], [280.0, 759.9999999999999], [0.0, 759.9999999999999]], [[0.0, 199.9999999999999], [280.0, 199.9999999999999], [280.0, 479.9999999999999], [0.0, 479.9999999999999], [0.0, 199.9999999999999]], [[180.0, 0.0], [100.0, 200.0], [0.0, 200.0], [0.0, 0.0], [180.0, 0.0]], [[280.0, 200.0], [380.0, 200.0], [380.0, 380.0], [280.0, 380.0], [280.0, 200.0]], [[0.0, 479.9999999999999], [280.0, 479.9999999999999], [280.0, 759.9999999999999], [0.0, 479.9999999999999]], [[279.9999999999998, 479.9999999999998], [479.9999999999998, 479.9999999999998], [479.9999999999998, 679.9999999999998], [279.9999999999998, 759.9999999999998], [279.9999999999998, 479.9999999999998]], [[100.0, 199.9999999999999], [180.0, 39.999999999999886], [260.0, 199.9999999999999], [100.0, 199.9999999999999]], [[601.6666666666665, 479.99999999999966], [321.6666666666665, 479.99999999999966], [461.6666666666665, 239.99999999999966], [601.6666666666665, 479.99999999999966]]]"
Thu Jul 23 00:19:48 2020,2,1,True,667.8034224695542,0.8535445923474386,"[0, 0, 0, 3, 0, 0, 3, 0, 0, 3, 0, 0]","[[[0.0, 560.0], [200.0, 560.0], [200.0, 760.0], [0.0, 760.0], [0.0, 560.0]], [[460.0, 0.0], [660.0, 0.0], [660.0, 200.0], [460.0, 200.0], [460.0, 0.0]], [[354.74384709977426, 580.0], [634.7438470997743, 580.0], [634.7438470997743, 760.0], [354.74384709977426, 760.0], [354.74384709977426, 580.0]], [[0.0, 280.0], [0.0, 0.0], [140.0, 140.0], [0.0, 280.0]], [[280.0, 380.0], [280.0, 200.0], [560.0, 380.0], [280.0, 380.0]], [[0.0, 280.0], [280.0, 280.0], [280.0, 560.0], [0.0, 560.0], [0.0, 280.0]], [[280.0, 200.0], [360.0, 0.0], [460.0, 0.0], [460.0, 200.0], [280.0, 200.0]], [[200.0, 580.0], [300.0, 580.0], [300.0, 760.0], [200.0, 760.0], [200.0, 580.0]], [[380.0, 200.0], [660.0, 200.0], [660.0, 480.0], [380.0, 200.0]], [[280.0, 580.0], [280.0, 380.0], [480.0, 380.0], [560.0, 580.0], [280.0, 580.0]], [[70.0, 280.0], [150.0, 120.0], [230.0, 280.0], [70.0, 280.0]], [[80.0, 0.0], [360.0, 0.0], [220.0, 240.0], [80.0, 0.0]]]"
Thu Jul 23 00:20:02 2020,2,1,True,674.4814566942498,0.8450936557895432,"[0, 0, 0, 0, 1, 0, 2, 0, 2, 3, 0, 0]","[[[0.0, 200.0], [200.0, 200.0], [200.0, 400.0], [0.0, 400.0], [0.0, 200.0]], [[0.0, 0.0], [200.0, 0.0], [200.0, 200.0], [0.0, 200.0], [0.0, 0.0]], [[380.0, 0.0], [660.0, 0.0], [660.0, 180.0], [380.0, 180.0], [380.0, 0.0]], [[280.0, 480.0], [560.0, 480.0], [420.0, 620.0], [280.0, 480.0]], [[199.99999999999997, 0.0], [380.0, 0.0], [199.99999999999997, 280.0], [199.99999999999997, 0.0]], [[0.0, 480.0], [280.0, 480.0], [280.0, 760.0], [0.0, 760.0], [0.0, 480.0]], [[674.4814566942498, 754.4814566942498], [474.4814566942498, 674.4814566942498], [474.4814566942498, 574.4814566942498], [674.4814566942498, 574.4814566942498], [674.4814566942498, 754.4814566942498]], [[560.0, 373.8775510204084], [660.0, 373.8775510204084], [660.0, 553.8775510204084], [560.0, 553.8775510204084], [560.0, 373.8775510204084]], [[560.0, 760.0], [280.0, 760.0], [280.0, 480.0], [560.0, 760.0]], [[251.4285714285715, 480.0], [251.4285714285715, 280.0], [451.4285714285715, 280.0], [531.4285714285716, 480.0], [251.4285714285715, 480.0]], [[222.8571428571429, 280.0], [302.8571428571429, 120.0], [382.8571428571429, 280.0], [222.8571428571429, 280.0]], [[393.0952380952383, 180.0], [673.0952380952383, 180.0], [533.0952380952383, 420.0], [393.0952380952383, 180.0]]]"
Thu Jul 23 00:20:17 2020,2,1,True,681.2262712611923,0.8367263918708348,"[0, 0, 1, 3, 2, 0, 3, 0, 3, 1, 1, 1]","[[[0.0, 0.0], [200.0, 0.0], [200.0, 200.0], [0.0, 200.0], [0.0, 0.0]], [[480.0, 0.0], [680.0, 0.0], [680.0, 200.0], [480.0, 200.0], [480.0, 0.0]], [[479.9999999999999, 280.41923149755985], [479.9999999999999, 560.4192314975598], [299.9999999999999, 560.4192314975598], [299.9999999999999, 280.41923149755985], [479.9999999999999, 280.41923149755985]], [[479.9999999999999, 560.4192314975598], [479.9999999999999, 280.41923149755985], [619.9999999999999, 420.41923149755985], [479.9999999999999, 560.4192314975598]], [[634.9034176704623, 200.0], [634.9034176704623, 380.0], [354.9034176704623, 200.0], [634.9034176704623, 200.0]], [[0.0, 479.9999999999999], [280.0, 479.9999999999999], [280.0, 759.9999999999999], [0.0, 759.9999999999999], [0.0, 479.9999999999999]], [[119.99999999999989, 479.9999999999999], [199.9999999999999, 279.9999999999999], [299.9999999999999, 279.9999999999999], [299.9999999999999, 479.9999999999999], [119.99999999999989, 479.9999999999999]], [[280.0, 579.9999999999999], [380.0, 579.9999999999999], [380.0, 759.9999999999999], [280.0, 759.9999999999999], [280.0, 579.9999999999999]], [[0.0, 479.9999999999999], [0.0, 199.9999999999999], [280.0, 199.9999999999999], [0.0, 479.9999999999999]], [[480.0, 0.0], [480.0, 200.0], [280.0, 200.0], [200.0, 0.0], [480.0, 0.0]], [[380.0, 600.0], [540.0, 680.0], [380.0, 760.0], [380.0, 600.0]], [[647.5021984264798, 462.7096157487799], [647.5021984264798, 742.7096157487799], [407.5021984264798, 602.7096157487799], [647.5021984264798, 462.7096157487799]]]"
Thu Jul 23 00:20:27 2020,2,1,True,688.0385339738043,0.8284419721493413,"[0, 0, 1, 3, 1, 0, 0, 0, 0, 1, 2, 2]","[[[282.8571428571428, 319.9999999999999], [482.8571428571428, 319.9999999999999], [482.8571428571428, 519.9999999999999], [282.8571428571428, 519.9999999999999], [282.8571428571428, 319.9999999999999]], [[453.9772204107446, 0.0], [653.9772204107446, 0.0], [653.9772204107446, 200.0], [453.9772204107446, 200.0], [453.9772204107446, 0.0]], [[180.0, 199.9999999999999], [180.0, 479.9999999999999], [0.0, 479.9999999999999], [0.0, 199.9999999999999], [180.0, 199.9999999999999]], [[487.4820766907783, 578.5407028984771], [487.4820766907783, 298.5407028984771], [627.4820766907783, 438.5407028984771], [487.4820766907783, 578.5407028984771]], [[180.0, 199.9999999999999], [360.0, 199.9999999999999], [180.0, 479.9999999999999], [180.0, 199.9999999999999]], [[0.0, 479.9999999999999], [280.0, 479.9999999999999], [280.0, 759.9999999999999], [0.0, 759.9999999999999], [0.0, 479.9999999999999]], [[0.0, 19.999999999999886], [200.0, 99.99999999999989], [200.0, 199.9999999999999], [0.0, 199.9999999999999], [0.0, 19.999999999999886]], [[553.7978661644626, 512.2249134247928], [653.7978661644626, 512.2249134247928], [653.7978661644626, 692.2249134247928], [553.7978661644626, 692.2249134247928], [553.7978661644626, 512.2249134247928]], [[388.9413737923012, 200.0], [668.9413737923012, 200.0], [668.9413737923012, 480.0], [388.9413737923012, 200.0]], [[453.9772204107446, 0.0], [453.9772204107446, 200.0], [253.97722041074462, 200.0], [173.97722041074462, 0.0], [453.9772204107446, 0.0]], [[440.0, 519.9999999999999], [360.0, 679.9999999999999], [280.0, 519.9999999999999], [440.0, 519.9999999999999]], [[593.3333333333333, 759.9999999999999], [313.33333333333326, 759.9999999999999], [453.33333333333326, 519.9999999999999], [593.3333333333333, 759.9999999999999]]]"
Thu Jul 23 00:20:28 2020,2,0,True,660.5169926148521,0.8629603876555638,"[0, 0, 1, 3, 1, 0, 0, 0, 0, 1, 2, 2]","[[[290.3965105784989, 308.2720946556682], [490.3965105784989, 308.2720946556682], [490.3965105784989, 508.2720946556682], [290.3965105784989, 508.2720946556682], [290.3965105784989, 308.2720946556682]], [[453.9772204107446, 0.0], [653.9772204107446, 0.0], [653.9772204107446, 200.0], [453.9772204107446, 200.0], [453.9772204107446, 0.0]], [[180.0, 199.9999999999999], [180.0, 479.9999999999999], [0.0, 479.9999999999999], [0.0, 199.9999999999999], [180.0, 199.9999999999999]], [[490.3965105784989, 589.8795179636468], [490.3965105784989, 309.8795179636468], [630.3965105784989, 449.8795179636468], [490.3965105784989, 589.8795179636468]], [[180.0, 199.9999999999999], [360.0, 199.9999999999999], [180.0, 479.9999999999999], [180.0, 199.9999999999999]], [[0.0, 479.9999999999999], [280.0, 479.9999999999999], [280.0, 759.9999999999999], [0.0, 759.9999999999999], [0.0, 479.9999999999999]], [[0.0, 19.999999999999886], [200.0, 99.99999999999989], [200.0, 199.9999999999999], [0.0, 199.9999999999999], [0.0, 19.999999999999886]], [[554.7282559149841, 525.5477726271616], [654.7282559149841, 525.5477726271616], [654.7282559149841, 705.5477726271616], [554.7282559149841, 705.5477726271616], [554.7282559149841, 525.5477726271616]], [[380.51699261485214, 200.0], [660.5169926148521, 200.0], [660.5169926148521, 480.0], [380.51699261485214, 200.0]], [[453.9772204107446, 0.0], [453.9772204107446, 200.0], [253.97722041074462, 200.0], [173.97722041074462, 0.0], [453.9772204107446, 0.0]], [[440.0, 508.2720946556683], [360.0, 668.2720946556683], [280.0, 508.2720946556683], [440.0, 508.2720946556683]], [[586.4920552158065, 759.9999999999999], [306.49205521580654, 759.9999999999999], [446.49205521580654, 519.9999999999999], [586.4920552158065, 759.9999999999999]]]"
Thu Jul 23 00:20:46 2020,2,1,True,667.1221625410006,0.8544162254015484,"[0, 0, 1, 0, 3, 0, 2, 0, 2, 3, 2, 2]","[[[280.0, 360.0], [480.0, 360.0], [480.0, 560.0], [280.0, 560.0], [280.0, 360.0]], [[280.0, 560.0], [480.0, 560.0], [480.0, 760.0], [280.0, 760.0], [280.0, 560.0]], [[656.6666666666667, 0.0], [656.6666666666667, 280.0], [476.66666666666674, 280.0], [476.66666666666674, 0.0], [656.6666666666667, 0.0]], [[0.0, 200.0], [280.0, 200.0], [140.0, 340.0], [0.0, 200.0]], [[660.0, 554.8148148148148], [480.0, 554.8148148148148], [660.0, 274.8148148148148], [660.0, 554.8148148148148]], [[0.0, 480.0], [280.0, 480.0], [280.0, 760.0], [0.0, 760.0], [0.0, 480.0]], [[476.66666666666674, 180.0], [276.66666666666674, 100.0], [276.66666666666674, 0.0], [476.66666666666674, 0.0], [476.66666666666674, 180.0]], [[505.36039120939927, 580.0], [605.3603912093993, 580.0], [605.3603912093993, 760.0], [505.36039120939927, 760.0], [505.36039120939927, 580.0]], [[280.0, 480.0], [0.0, 480.0], [0.0, 200.0], [280.0, 480.0]], [[0.0, 200.0], [0.0, 0.0], [200.0, 0.0], [280.0, 200.0], [0.0, 200.0]], [[600.0, 280.0], [520.0, 440.0], [440.0, 280.0], [600.0, 280.0]], [[466.6666666666667, 360.0], [186.66666666666669, 360.0], [326.6666666666667, 120.0], [466.6666666666667, 360.0]]]"
Thu Jul 23 00:21:42 2020,2,3,True,673.7933841664106,0.8459566588134142,"[0, 0, 1, 1, 0, 0, 2, 0, 2, 3, 2, 0]","[[[473.79338416641065, 200.0], [673.7933841664106, 200.0], [673.7933841664106, 400.0], [473.79338416641065, 400.0], [473.79338416641065, 200.0]], [[473.79338416641065, 0.0], [673.7933841664106, 0.0], [673.7933841664106, 200.0], [473.79338416641065, 200.0], [473.79338416641065, 0.0]], [[180.0, 59.13043478260863], [180.0, 339.13043478260863], [0.0, 339.13043478260863], [0.0, 59.13043478260863], [180.0, 59.13043478260863]], [[673.7933841664106, 400.0], [673.7933841664106, 680.0], [533.7933841664106, 540.0], [673.7933841664106, 400.0]], [[0.0, 760.0], [0.0, 580.0], [280.0, 760.0], [0.0, 760.0]], [[180.0, 0.0], [460.0, 0.0], [460.0, 280.0], [180.0, 280.0], [180.0, 0.0]], [[291.98067632850245, 719.1304347826087], [91.98067632850245, 639.1304347826087], [91.98067632850245, 539.1304347826087], [291.98067632850245, 539.1304347826087], [291.98067632850245, 719.1304347826087]], [[291.98067632850245, 557.9710144927535], [391.98067632850245, 557.9710144927535], [391.98067632850245, 737.9710144927535], [291.98067632850245, 737.9710144927535], [291.98067632850245, 557.9710144927535]], [[671.9806763285025, 760.0], [391.98067632850245, 760.0], [391.98067632850245, 480.0], [671.9806763285025, 760.0]], [[0.0, 539.1304347826086], [0.0, 339.13043478260863], [200.0, 339.13043478260863], [280.0, 539.1304347826086], [0.0, 539.1304347826086]], [[569.5550470378845, 417.57437070938204], [489.5550470378845, 577.574370709382], [409.5550470378845, 417.57437070938204], [569.5550470378845, 417.57437070938204]], [[187.6570048309178, 317.9710144927535], [467.6570048309178, 317.9710144927535], [327.6570048309178, 557.9710144927535], [187.6570048309178, 317.9710144927535]]]"
Thu Jul 23 00:22:03 2020,2,1,True,680.5313180080748,0.8375808503103112,"[0, 0, 1, 1, 1, 0, 3, 1, 2, 0, 3, 0]","[[[0.0, 355.55555555555554], [200.0, 355.55555555555554], [200.0, 555.5555555555555], [0.0, 555.5555555555555], [0.0, 355.55555555555554]], [[0.0, 560.0], [200.0, 560.0], [200.0, 760.0], [0.0, 760.0], [0.0, 560.0]], [[640.0, 0.0], [640.0, 280.0], [460.0, 280.0], [460.0, 0.0], [640.0, 0.0]], [[456.72201547505927, 383.27798452494073], [456.72201547505927, 663.2779845249407], [316.72201547505927, 523.2779845249407], [456.72201547505927, 383.27798452494073]], [[0.0, 0.0], [180.0, 0.0], [0.0, 280.0], [0.0, 0.0]], [[180.0, 0.0], [460.0, 0.0], [460.0, 280.0], [180.0, 280.0], [180.0, 0.0]], [[0.0, 355.55555555555554], [80.0, 155.55555555555554], [180.0, 155.55555555555554], [180.0, 355.55555555555554], [0.0, 355.55555555555554]], [[640.0, 279.9999999999999], [640.0, 379.9999999999999], [460.0, 379.9999999999999], [460.0, 279.9999999999999], [640.0, 279.9999999999999]], [[553.4440309501185, 760.0], [273.44403095011853, 760.0], [273.44403095011853, 480.0], [553.4440309501185, 760.0]], [[456.72201547505927, 379.9999999999999], [656.7220154750593, 379.9999999999999], [656.7220154750593, 579.9999999999999], [456.72201547505927, 659.9999999999999], [456.72201547505927, 379.9999999999999]], [[646.8416487997542, 760.0], [486.84164879975424, 680.0], [646.8416487997542, 600.0], [646.8416487997542, 760.0]], [[180.0, 280.0], [460.0, 280.0], [320.0, 520.0], [180.0, 280.0]]]"
Thu Jul 23 00:22:03 2020,2,0,True,653.3100652877517,0.8724800524065741,"[0, 0, 1, 1, 1, 0, 3, 1, 2, 0, 3, 0]","[[[0.0, 355.55555555555554], [200.0, 355.55555555555554], [200.0, 555.5555555555555], [0.0, 555.5555555555555], [0.0, 355.55555555555554]], [[0.0, 560.0], [200.0, 560.0], [200.0, 760.0], [0.0, 760.0], [0.0, 560.0]], [[640.0, 0.0], [640.0, 280.0], [460.0, 280.0], [460.0, 0.0], [640.0, 0.0]], [[456.72201547505927, 383.27798452494073], [456.72201547505927, 663.2779845249407], [316.72201547505927, 523.2779845249407], [456.72201547505927, 383.27798452494073]], [[0.0, 0.0], [180.0, 0.0], [0.0, 280.0], [0.0, 0.0]], [[180.0, 0.0], [460.0, 0.0], [460.0, 280.0], [180.0, 280.0], [180.0, 0.0]], [[0.0, 355.55555555555554], [80.0, 155.55555555555554], [180.0, 155.55555555555554], [180.0, 355.55555555555554], [0.0, 355.55555555555554]], [[640.0, 279.9999999999999], [640.0, 379.9999999999999], [460.0, 379.9999999999999], [460.0, 279.9999999999999], [640.0, 279.9999999999999]], [[553.4440309501185, 760.0], [273.44403095011853, 760.0], [273.44403095011853, 480.0], [553.4440309501185, 760.0]], [[453.31006528775174, 379.9999999999999], [653.3100652877517, 379.9999999999999], [653.3100652877517, 579.9999999999999], [453.31006528775174, 659.9999999999999], [453.31006528775174, 379.9999999999999]], [[646.8416487997542, 760.0], [486.84164879975424, 680.0], [646.8416487997542, 600.0], [646.8416487997542, 760.0]], [[180.0, 280.0], [460.0, 280.0], [320.0, 520.0], [180.0, 280.0]]]"
Thu Jul 23 00:22:35 2020,2,1,True,659.8431659406293,0.863841636046113,"[0, 0, 1, 3, 3, 0, 1, 0, 0, 1, 0, 2]","[[[0.0, 0.0], [200.0, 0.0], [200.0, 200.0], [0.0, 200.0], [0.0, 0.0]], [[0.0, 200.0], [200.0, 200.0], [200.0, 400.0], [0.0, 400.0], [0.0, 200.0]], [[359.8431659406292, 480.0], [359.8431659406292, 760.0], [179.8431659406292, 760.0], [179.8431659406292, 480.0], [359.8431659406292, 480.0]], [[359.8431659406292, 739.9999999999999], [359.8431659406292, 459.9999999999999], [499.8431659406292, 599.9999999999999], [359.8431659406292, 739.9999999999999]], [[180.0, 760.0], [0.0, 760.0], [180.0, 480.0], [180.0, 760.0]], [[379.8431659406293, 0.0], [659.8431659406293, 0.0], [659.8431659406293, 280.0], [379.8431659406293, 280.0], [379.8431659406293, 0.0]], [[180.0, 400.0], [100.0, 600.0], [0.0, 600.0], [0.0, 400.0], [180.0, 400.0]], [[279.8431659406293, 40.0], [379.8431659406293, 40.0], [379.8431659406293, 220.0], [279.8431659406293, 220.0], [279.8431659406293, 40.0]], [[379.8431659406293, 480.0], [659.8431659406293, 480.0], [659.8431659406293, 760.0], [379.8431659406293, 480.0]], [[659.8431659406293, 280.0], [659.8431659406293, 480.0], [459.8431659406293, 480.0], [379.8431659406293, 280.0], [659.8431659406293, 280.0]], [[419.8431659406292, 759.9999999999999], [499.8431659406292, 599.9999999999999], [579.8431659406292, 759.9999999999999], [419.8431659406292, 759.9999999999999]], [[444.9999999999999, 460.0], [164.9999999999999, 460.0], [304.9999999999999, 220.0], [444.9999999999999, 460.0]]]"
Thu Jul 23 00:22:54 2020,2,1,True,666.4415976000356,0.8552887485605078,"[0, 0, 1, 2, 3, 0, 1, 0, 0, 2, 0, 0]","[[[192.67175633019417, 553.7698412698413], [392.67175633019417, 553.7698412698413], [392.67175633019417, 753.7698412698413], [192.67175633019417, 753.7698412698413], [192.67175633019417, 553.7698412698413]], [[364.42460317460336, 0.0], [564.4246031746034, 0.0], [564.4246031746034, 200.0], [364.42460317460336, 200.0], [364.42460317460336, 0.0]], [[180.0, 188.3333333333332], [180.0, 468.3333333333332], [0.0, 468.3333333333332], [0.0, 188.3333333333332], [180.0, 188.3333333333332]], [[666.4415976000356, 759.9999999999999], [386.4415976000356, 759.9999999999999], [526.4415976000356, 619.9999999999999], [666.4415976000356, 759.9999999999999]], [[364.4246031746033, 280.0], [184.4246031746033, 280.0], [364.4246031746033, 0.0], [364.4246031746033, 280.0]], [[380.0, 199.9999999999999], [660.0, 199.9999999999999], [660.0, 479.9999999999999], [380.0, 479.9999999999999], [380.0, 199.9999999999999]], [[180.0, 468.33333333333326], [100.0, 668.3333333333333], [0.0, 668.3333333333333], [0.0, 468.33333333333326], [180.0, 468.33333333333326]], [[564.4246031746034, 0.0], [664.4246031746034, 0.0], [664.4246031746034, 180.0], [564.4246031746034, 180.0], [564.4246031746034, 0.0]], [[386.4415976000356, 479.9999999999999], [666.4415976000356, 479.9999999999999], [666.4415976000356, 759.9999999999999], [386.4415976000356, 479.9999999999999]], [[380.0, 553.7698412698413], [180.0, 553.7698412698413], [180.0, 353.7698412698413], [380.0, 273.7698412698413], [380.0, 553.7698412698413]], [[0.0, 176.90476190476178], [80.0, 16.904761904761784], [160.0, 176.90476190476178], [0.0, 176.90476190476178]], [[70.13888888888897, 0.0], [350.13888888888897, 0.0], [210.13888888888897, 240.0], [70.13888888888897, 0.0]]]"
Thu Jul 23 00:23:12 2020,2,1,True,673.1060135760359,0.8468205431292157,"[0, 0, 1, 0, 0, 0, 0, 0, 2, 1, 0, 1]","[[[0.0, 560.0], [200.0, 560.0], [200.0, 760.0], [0.0, 760.0], [0.0, 560.0]], [[0.0, 354.44444444444446], [200.0, 354.44444444444446], [200.0, 554.4444444444445], [0.0, 554.4444444444445], [0.0, 354.44444444444446]], [[673.1060135760359, 479.9999999999999], [673.1060135760359, 759.9999999999999], [493.10601357603593, 759.9999999999999], [493.10601357603593, 479.9999999999999], [673.1060135760359, 479.9999999999999]], [[392.4318484154055, 292.43184841540545], [672.4318484154055, 292.43184841540545], [532.4318484154055, 432.43184841540545], [392.4318484154055, 292.43184841540545]], [[390.22222222222223, 292.43184841540545], [390.22222222222223, 112.43184841540545], [670.2222222222222, 292.43184841540545], [390.22222222222223, 292.43184841540545]], [[200.0, 479.9999999999999], [480.0, 479.9999999999999], [480.0, 759.9999999999999], [200.0, 759.9999999999999], [200.0, 479.9999999999999]], [[100.0, 174.44444444444446], [300.0, 254.44444444444446], [300.0, 354.44444444444446], [100.0, 354.44444444444446], [100.0, 174.44444444444446]], [[0.0, 174.44444444444446], [100.0, 174.44444444444446], [100.0, 354.44444444444446], [0.0, 354.44444444444446], [0.0, 174.44444444444446]], [[580.0, 479.9999999999999], [300.0, 479.9999999999999], [300.0, 199.9999999999999], [580.0, 479.9999999999999]], [[390.22222222222223, 0.0], [390.22222222222223, 200.0], [190.22222222222223, 200.0], [110.22222222222223, 0.0], [390.22222222222223, 0.0]], [[0.0, 174.44444444444446], [80.0, 14.444444444444457], [160.0, 174.44444444444446], [0.0, 174.44444444444446]], [[673.1060135760359, 0.0], [673.1060135760359, 280.0], [433.10601357603593, 140.0], [673.1060135760359, 0.0]]]"
Thu Jul 23 00:23:37 2020,2,1,True,679.8370737117963,0.8384361813160552,"[0, 0, 1, 1, 0, 0, 1, 0, 2, 0, 0, 0]","[[[299.8370737117963, 0.0], [499.8370737117963, 0.0], [499.8370737117963, 200.0], [299.8370737117963, 200.0], [299.8370737117963, 0.0]], [[0.0, 0.0], [200.0, 0.0], [200.0, 200.0], [0.0, 200.0], [0.0, 0.0]], [[679.8370737117963, 0.0], [679.8370737117963, 280.0], [499.8370737117963, 280.0], [499.8370737117963, 0.0], [679.8370737117963, 0.0]], [[663.6179841195212, 480.0], [663.6179841195212, 760.0], [523.6179841195212, 620.0], [663.6179841195212, 480.0]], [[378.9471399812671, 382.28504260180273], [378.9471399812671, 202.28504260180273], [658.9471399812671, 382.28504260180273], [378.9471399812671, 382.28504260180273]], [[100.0, 479.9999999999999], [380.0, 479.9999999999999], [380.0, 759.9999999999999], [100.0, 759.9999999999999], [100.0, 479.9999999999999]], [[379.8611570219882, 200.0], [299.8611570219882, 400.0], [199.86115702198822, 400.0], [199.86115702198822, 200.0], [379.8611570219882, 200.0]], [[0.0, 514.4727092131976], [100.0, 514.4727092131976], [100.0, 694.4727092131976], [0.0, 694.4727092131976], [0.0, 514.4727092131976]], [[660.0, 759.9999999999999], [380.0, 759.9999999999999], [380.0, 479.9999999999999], [660.0, 759.9999999999999]], [[0.0, 234.47270921319762], [200.0, 234.47270921319762], [200.0, 434.4727092131976], [0.0, 514.4727092131976], [0.0, 234.47270921319762]], [[259.8611570219883, 479.9999999999999], [339.8611570219883, 319.9999999999999], [419.8611570219883, 479.9999999999999], [259.8611570219883, 479.9999999999999]], [[382.28504260180284, 382.28504260180273], [662.2850426018028, 382.28504260180273], [522.2850426018028, 622.2850426018027], [382.28504260180284, 382.28504260180273]]]"
Thu Jul 23 00:24:00 2020,2,1,True,686.6354444489142,0.8301348329861933,"[0, 0, 1, 1, 1, 0, 2, 1, 1, 0, 0, 3]","[[[486.6354444489142, 271.4327787421733], [686.6354444489142, 271.4327787421733], [686.6354444489142, 471.4327787421733], [486.6354444489142, 471.4327787421733], [486.6354444489142, 271.4327787421733]], [[483.35403726708114, 471.43277874217324], [683.3540372670811, 471.43277874217324], [683.3540372670811, 671.4327787421732], [483.35403726708114, 671.4327787421732], [483.35403726708114, 471.43277874217324]], [[180.0, 0.0], [180.0, 280.0], [0.0, 280.0], [0.0, 0.0], [180.0, 0.0]], [[203.35403726708114, 443.35403726708114], [203.35403726708114, 723.3540372670811], [63.35403726708114, 583.3540372670811], [203.35403726708114, 443.35403726708114]], [[0.0, 380.0], [180.0, 380.0], [0.0, 660.0], [0.0, 380.0]], [[203.35403726708114, 443.35403726708114], [483.35403726708114, 443.35403726708114], [483.35403726708114, 723.3540372670811], [203.35403726708114, 723.3540372670811], [203.35403726708114, 443.35403726708114]], [[448.57142857142895, 180.0], [248.57142857142895, 100.0], [248.57142857142895, 0.0], [448.57142857142895, 0.0], [448.57142857142895, 180.0]], [[180.0, 280.0], [180.0, 380.0], [0.0, 380.0], [0.0, 280.0], [180.0, 280.0]], [[465.21739130434764, 163.35403726708114], [465.21739130434764, 443.35403726708114], [185.21739130434764, 443.35403726708114], [465.21739130434764, 163.35403726708114]], [[465.21739130434764, 0.0], [665.2173913043476, 0.0], [665.2173913043476, 200.0], [465.21739130434764, 280.0], [465.21739130434764, 0.0]], [[0.0, 760.0], [80.0, 600.0], [160.0, 760.0], [0.0, 760.0]], [[180.0, 339.9999999999998], [180.0, 59.99999999999977], [420.0, 199.99999999999977], [180.0, 339.9999999999998]]]"
Thu Jul 23 00:24:15 2020,2,1,True,693.5017988934034,0.8219156762239538,"[0, 0, 1, 2, 1, 0, 0, 1, 3, 3, 0, 1]","[[[464.0, 280.0], [664.0, 280.0], [664.0, 480.0], [464.0, 480.0], [464.0, 280.0]], [[279.17002667095744, 0.0], [479.17002667095744, 0.0], [479.17002667095744, 200.0], [279.17002667095744, 200.0], [279.17002667095744, 0.0]], [[657.0242895244224, 480.0], [657.0242895244224, 760.0], [477.02428952442244, 760.0], [477.02428952442244, 480.0], [657.0242895244224, 480.0]], [[299.17002667095755, 260.82997332904245], [19.170026670957554, 260.82997332904245], [159.17002667095755, 120.82997332904245], [299.17002667095755, 260.82997332904245]], [[0.0, 480.0], [180.0, 480.0], [0.0, 760.0], [0.0, 480.0]], [[182.02716952810022, 480.0], [462.0271695281002, 480.0], [462.0271695281002, 760.0], [182.02716952810022, 760.0], [182.02716952810022, 480.0]], [[479.17002667095744, 0.0], [679.1700266709574, 80.0], [679.1700266709574, 180.0], [479.17002667095744, 180.0], [479.17002667095744, 0.0]], [[659.1700266709574, 180.0], [659.1700266709574, 280.0], [479.17002667095744, 280.0], [479.17002667095744, 180.0], [659.1700266709574, 180.0]], [[0.0, 280.0], [0.0, 0.0], [280.0, 0.0], [0.0, 280.0]], [[0.0, 480.0], [0.0, 280.0], [200.0, 280.0], [280.0, 480.0], [0.0, 480.0]], [[22.857142857142847, 760.0], [102.85714285714285, 600.0], [182.85714285714283, 760.0], [22.857142857142847, 760.0]], [[464.0, 200.0], [464.0, 480.0], [224.0, 340.0], [464.0, 200.0]]]"
Thu Jul 23 00:24:23 2020,2,1,True,700.4368168823374,0.8137778972514392,"[0, 0, 1, 1, 1, 0, 0, 1, 3, 3, 0, 0]","[[[464.0, 280.0], [664.0, 280.0], [664.0, 480.0], [464.0, 480.0], [464.0, 280.0]], [[265.76172693766716, 14.238273062332837], [465.76172693766716, 14.238273062332837], [465.76172693766716, 214.23827306233284], [265.76172693766716, 214.23827306233284], [265.76172693766716, 14.238273062332837]], [[680.5263157894738, 480.0], [680.5263157894738, 760.0], [500.52631578947376, 760.0], [500.52631578947376, 480.0], [680.5263157894738, 480.0]], [[220.52631578947373, 480.0], [220.52631578947373, 760.0], [80.52631578947373, 620.0], [220.52631578947373, 480.0]], [[0.0, 465.2631578947369], [180.0, 465.2631578947369], [0.0, 745.2631578947369], [0.0, 465.2631578947369]], [[220.52631578947376, 480.0], [500.52631578947376, 480.0], [500.52631578947376, 760.0], [220.52631578947376, 760.0], [220.52631578947376, 480.0]], [[465.76172693766716, 0.0], [665.7617269376672, 80.0], [665.7617269376672, 180.0], [465.76172693766716, 180.0], [465.76172693766716, 0.0]], [[660.0, 180.0], [660.0, 280.0], [480.0, 280.0], [480.0, 180.0], [660.0, 180.0]], [[0.0, 280.0], [0.0, 0.0], [280.0, 0.0], [0.0, 280.0]], [[14.736842105263179, 465.2631578947368], [14.736842105263179, 265.2631578947368], [214.73684210526318, 265.2631578947368], [294.7368421052632, 465.2631578947368], [14.736842105263179, 465.2631578947368]], [[118.64259040650074, 239.99999999999994], [198.64259040650074, 79.99999999999994], [278.64259040650074, 239.99999999999994], [118.64259040650074, 239.99999999999994]], [[200.0, 239.9999999999999], [480.0, 239.9999999999999], [340.0, 479.9999999999999], [200.0, 239.9999999999999]]]"
Thu Jul 23 00:24:33 2020,2,0,True,672.4193442070439,0.847685309636916,"[0, 0, 1, 1, 1, 0, 0, 1, 3, 3, 0, 0]","[[[472.4193442070439, 179.58065579295612], [672.4193442070439, 179.58065579295612], [672.4193442070439, 379.5806557929561], [472.4193442070439, 379.5806557929561], [472.4193442070439, 179.58065579295612]], [[272.4193442070439, 7.580655792956122], [472.4193442070439, 7.580655792956122], [472.4193442070439, 207.58065579295612], [272.4193442070439, 207.58065579295612], [272.4193442070439, 7.580655792956122]], [[672.4193442070439, 480.0], [672.4193442070439, 760.0], [492.4193442070439, 760.0], [492.4193442070439, 480.0], [672.4193442070439, 480.0]], [[212.41934420704388, 480.0], [212.41934420704388, 760.0], [72.41934420704388, 620.0], [212.41934420704388, 480.0]], [[0.0, 458.1069715824299], [180.0, 458.1069715824299], [0.0, 738.1069715824299], [0.0, 458.1069715824299]], [[212.41934420704388, 480.0], [492.4193442070439, 480.0], [492.4193442070439, 760.0], [212.41934420704388, 760.0], [212.41934420704388, 480.0]], [[472.4193442070439, 0.0], [672.4193442070439, 80.0], [672.4193442070439, 180.0], [472.4193442070439, 180.0], [472.4193442070439, 0.0]], [[672.4193442070439, 380.0], [672.4193442070439, 480.0], [492.4193442070439, 480.0], [492.4193442070439, 380.0], [672.4193442070439, 380.0]], [[0.0, 280.0], [0.0, 0.0], [280.0, 0.0], [0.0, 280.0]], [[21.89302841757018, 458.1069715824298], [21.89302841757018, 258.1069715824298], [221.89302841757018, 258.1069715824298], [301.8930284175702, 458.1069715824298], [21.89302841757018, 458.1069715824298]], [[326.8413934196016, 480.0], [406.8413934196016, 320.0], [486.8413934196016, 480.0], [326.8413934196016, 480.0]], [[192.41934420704388, 207.58065579295612], [472.4193442070439, 207.58065579295612], [332.4193442070439, 447.5806557929561], [192.41934420704388, 207.58065579295612]]]"
Thu Jul 23 00:24:48 2020,2,1,True,679.1435376491144,0.8392923857791248,"[0, 0, 1, 3, 1, 0, 2, 1, 1, 2, 1, 0]","[[[0.0, 279.99999999999994], [200.0, 279.99999999999994], [200.0, 479.99999999999994], [0.0, 479.99999999999994], [0.0, 279.99999999999994]], [[473.71428571428555, 458.20902817550484], [673.7142857142856, 458.20902817550484], [673.7142857142856, 658.2090281755048], [473.71428571428555, 658.2090281755048], [473.71428571428555, 458.20902817550484]], [[180.0, 480.0], [180.0, 760.0], [0.0, 760.0], [0.0, 480.0], [180.0, 480.0]], [[315.71428571428567, 291.5714285714284], [315.71428571428567, 11.571428571428385], [455.71428571428567, 151.57142857142838], [315.71428571428567, 291.5714285714284]], [[0.0, 0.0], [180.0, 0.0], [0.0, 280.0], [0.0, 0.0]], [[180.0, 480.0], [460.0, 480.0], [460.0, 760.0], [180.0, 760.0], [180.0, 480.0]], [[315.71428571428567, 280.00000000000006], [115.71428571428567, 200.00000000000006], [115.71428571428567, 100.00000000000006], [315.71428571428567, 100.00000000000006], [315.71428571428567, 280.00000000000006]], [[640.0, 660.0], [640.0, 760.0], [460.0, 760.0], [460.0, 660.0], [640.0, 660.0]], [[473.71428571428555, 200.0], [473.71428571428555, 480.0], [193.71428571428555, 480.0], [473.71428571428555, 200.0]], [[673.7142857142856, 453.43333333333334], [473.71428571428555, 453.43333333333334], [473.71428571428555, 253.43333333333334], [673.7142857142856, 173.43333333333334], [673.7142857142856, 453.43333333333334]], [[200.0, 233.71428571428555], [360.0, 313.71428571428555], [200.0, 393.71428571428555], [200.0, 233.71428571428555]], [[367.2976190476191, 0.0], [647.297619047619, 0.0], [507.2976190476191, 240.0], [367.2976190476191, 0.0]]]"
Thu Jul 23 00:25:08 2020,2,1,True,685.9349730256055,0.8309825601773512,"[0, 0, 1, 3, 2, 0, 0, 1, 1, 2, 0, 0]","[[[0.0, 5.079219305683495], [200.0, 5.079219305683495], [200.0, 205.0792193056835], [0.0, 205.0792193056835], [0.0, 5.079219305683495]], [[200.0, 0.0], [400.0, 0.0], [400.0, 200.0], [200.0, 200.0], [200.0, 0.0]], [[640.0, 470.3820995590115], [640.0, 750.3820995590115], [460.0, 750.3820995590115], [460.0, 470.3820995590115], [640.0, 470.3820995590115]], [[0.0, 551.9777961431498], [0.0, 271.9777961431498], [140.0, 411.9777961431498], [0.0, 551.9777961431498]], [[685.9349730256055, 0.0], [685.9349730256055, 180.0], [405.9349730256055, 0.0], [685.9349730256055, 0.0]], [[180.0, 480.0], [460.0, 480.0], [460.0, 760.0], [180.0, 760.0], [180.0, 480.0]], [[400.0, 44.75608876925361], [600.0, 124.75608876925361], [600.0, 224.7560887692536], [400.0, 224.7560887692536], [400.0, 44.75608876925361]], [[180.0, 645.9888980715749], [180.0, 745.9888980715749], [0.0, 745.9888980715749], [0.0, 645.9888980715749], [180.0, 645.9888980715749]], [[400.0, 200.0], [400.0, 480.0], [120.0, 480.0], [400.0, 200.0]], [[685.9349730256055, 470.38209955901146], [485.9349730256055, 470.38209955901146], [485.9349730256055, 270.38209955901146], [685.9349730256055, 190.38209955901146], [685.9349730256055, 470.38209955901146]], [[0.0, 631.9777961431498], [80.0, 471.9777961431498], [160.0, 631.9777961431498], [0.0, 631.9777961431498]], [[17.692390894629, 202.30760910537094], [297.692390894629, 202.30760910537094], [157.692390894629, 442.30760910537094], [17.692390894629, 202.30760910537094]]]"
Thu Jul 23 00:25:23 2020,2,0,True,658.4975741045812,0.8656068335180742,"[0, 0, 1, 0, 3, 0, 1, 0, 1, 1, 0, 3]","[[[0.0, 0.0], [200.0, 0.0], [200.0, 200.0], [0.0, 200.0], [0.0, 0.0]], [[200.0, 0.0], [400.0, 0.0], [400.0, 200.0], [200.0, 200.0], [200.0, 0.0]], [[180.0, 480.0], [180.0, 760.0], [0.0, 760.0], [0.0, 480.0], [180.0, 480.0]], [[97.9281469304508, 200.0], [377.9281469304508, 200.0], [237.9281469304508, 340.0], [97.9281469304508, 200.0]], [[658.4975741045812, 760.0], [478.4975741045812, 760.0], [658.4975741045812, 480.0], [658.4975741045812, 760.0]], [[180.0, 480.0], [460.0, 480.0], [460.0, 760.0], [180.0, 760.0], [180.0, 480.0]], [[640.0, 433.2184486071262], [560.0, 633.2184486071262], [460.0, 633.2184486071262], [460.0, 433.2184486071262], [640.0, 433.2184486071262]], [[516.7815513928738, 0.0], [616.7815513928738, 0.0], [616.7815513928738, 180.0], [516.7815513928738, 180.0], [516.7815513928738, 0.0]], [[378.4975741045812, 200.0], [378.4975741045812, 480.0], [98.49757410458119, 480.0], [378.4975741045812, 200.0]], [[658.4975741045812, 233.21844860712622], [658.4975741045812, 433.2184486071262], [458.4975741045812, 433.2184486071262], [378.4975741045812, 233.21844860712622], [658.4975741045812, 233.21844860712622]], [[383.3907756964369, 233.21844860712622], [463.3907756964369, 73.21844860712622], [543.3907756964369, 233.21844860712622], [383.3907756964369, 233.21844860712622]], [[0.0, 480.0], [0.0, 200.0], [240.0, 340.0], [0.0, 480.0]]]"
Thu Jul 23 00:27:02 2020,2,5,False,665.082549845627,0.8570364688297765,"[0, 0, 1, 0, 1, 0, 2, 0, 1, 2, 0, 3]","[[[0.0, 560.0], [200.0, 560.0], [200.0, 760.0], [0.0, 760.0], [0.0, 560.0]], [[0.0, 0.0], [200.0, 0.0], [200.0, 200.0], [0.0, 200.0], [0.0, 0.0]], [[380.0, 0.0], [380.0, 280.0], [200.0, 280.0], [200.0, 0.0], [380.0, 0.0]], [[105.082549845627, 280.0], [385.082549845627, 280.0], [245.082549845627, 420.0], [105.082549845627, 280.0]], [[349.3682641313412, 0.0], [529.3682641313412, 0.0], [349.3682641313412, 280.0], [349.3682641313412, 0.0]], [[385.082549845627, 300.0], [665.082549845627, 300.0], [665.082549845627, 580.0], [385.082549845627, 580.0], [385.082549845627, 300.0]], [[542.8571428571429, 760.0], [342.8571428571429, 680.0], [342.8571428571429, 580.0], [542.8571428571429, 580.0], [542.8571428571429, 760.0]], [[542.8571428571429, 580.0], [642.8571428571429, 580.0], [642.8571428571429, 760.0], [542.8571428571429, 760.0], [542.8571428571429, 580.0]], [[385.082549845627, 280.0], [385.082549845627, 560.0], [105.082549845627, 560.0], [385.082549845627, 280.0]], [[665.082549845627, 300.0], [465.082549845627, 300.0], [465.082549845627, 100.0], [665.082549845627, 20.0], [665.082549845627, 300.0]], [[222.8571428571429, 760.0], [302.8571428571429, 600.0], [382.8571428571429, 760.0], [222.8571428571429, 760.0]], [[0.0, 554.917450154373], [0.0, 274.917450154373], [240.0, 414.917450154373], [0.0, 554.917450154373]]]"
Thu Jul 23 00:27:35 2020,2,1,True,671.7333753440832,0.8485509592374025,"[0, 0, 0, 1, 1, 0, 3, 1, 1, 0, 0, 0]","[[[0.0, 0.0], [200.0, 0.0], [200.0, 200.0], [0.0, 200.0], [0.0, 0.0]], [[438.4792478518019, 560.0], [638.4792478518019, 560.0], [638.4792478518019, 760.0], [438.4792478518019, 760.0], [438.4792478518019, 560.0]], [[0.0, 480.0], [280.0, 480.0], [280.0, 660.0], [0.0, 660.0], [0.0, 480.0]], [[378.57142857142856, 280.0], [378.57142857142856, 560.0], [238.57142857142856, 420.0], [378.57142857142856, 280.0]], [[200.0, 199.99999999999994], [380.0, 199.99999999999994], [200.0, 479.99999999999994], [200.0, 199.99999999999994]], [[378.47924785180203, 280.0], [658.479247851802, 280.0], [658.479247851802, 560.0], [378.47924785180203, 560.0], [378.47924785180203, 280.0]], [[240.0, 760.0], [320.0, 560.0], [420.0, 560.0], [420.0, 760.0], [240.0, 760.0]], [[180.0, 660.0], [180.0, 760.0], [0.0, 760.0], [0.0, 660.0], [180.0, 660.0]], [[643.3333333333334, 0.0], [643.3333333333334, 280.0], [363.33333333333337, 280.0], [643.3333333333334, 0.0]], [[0.0, 200.0], [200.0, 200.0], [200.0, 400.0], [0.0, 480.0], [0.0, 200.0]], [[200.0, 188.5714285714285], [280.0, 28.5714285714285], [360.0, 188.5714285714285], [200.0, 188.5714285714285]], [[263.33333333333337, 0.0], [543.3333333333334, 0.0], [403.33333333333337, 240.0], [263.33333333333337, 0.0]]]"
Thu Jul 23 00:28:23 2020,2,3,True,678.450709097524,0.8401494645914878,"[0, 0, 0, 0, 2, 0, 0, 0, 1, 3, 0, 0]","[[[0.0, 200.0], [200.0, 200.0], [200.0, 400.0], [0.0, 400.0], [0.0, 200.0]], [[200.0, 180.0], [400.0, 180.0], [400.0, 380.0], [200.0, 380.0], [200.0, 180.0]], [[364.8640403303199, 0.0], [644.8640403303199, 0.0], [644.8640403303199, 180.0], [364.8640403303199, 180.0], [364.8640403303199, 0.0]], [[397.74798823699007, 177.74798823699007], [677.7479882369901, 177.74798823699007], [537.7479882369901, 317.74798823699007], [397.74798823699007, 177.74798823699007]], [[324.44444444444446, 0.0], [324.44444444444446, 180.0], [44.44444444444446, 0.0], [324.44444444444446, 0.0]], [[398.45070909752405, 480.0], [678.450709097524, 480.0], [678.450709097524, 760.0], [398.45070909752405, 760.0], [398.45070909752405, 480.0]], [[0.0, 20.0], [200.0, 100.0], [200.0, 200.0], [0.0, 200.0], [0.0, 20.0]], [[298.45070909752405, 580.0], [398.45070909752405, 580.0], [398.45070909752405, 760.0], [298.45070909752405, 760.0], [298.45070909752405, 580.0]], [[655.4959764739801, 200.0], [655.4959764739801, 480.0], [375.49597647398014, 480.0], [655.4959764739801, 200.0]], [[0.0, 760.0], [0.0, 560.0], [200.0, 560.0], [280.0, 760.0], [0.0, 760.0]], [[0.0, 560.0], [80.0, 400.0], [160.0, 560.0], [0.0, 560.0]], [[113.33333333333334, 411.42857142857144], [393.33333333333337, 411.42857142857144], [253.33333333333334, 651.4285714285714], [113.33333333333334, 411.42857142857144]]]"
Thu Jul 23 00:28:31 2020,2,1,True,685.2352161884993,0.831831153060879,"[0, 0, 0, 0, 2, 0, 0, 0, 1, 3, 0, 0]","[[[0.0, 180.0], [200.0, 180.0], [200.0, 380.0], [0.0, 380.0], [0.0, 180.0]], [[200.0, 180.0], [400.0, 180.0], [400.0, 380.0], [200.0, 380.0], [200.0, 180.0]], [[364.8640403303199, 0.0], [644.8640403303199, 0.0], [644.8640403303199, 180.0], [364.8640403303199, 180.0], [364.8640403303199, 0.0]], [[395.6563403668115, 175.6563403668115], [675.6563403668115, 175.6563403668115], [535.6563403668115, 315.6563403668115], [395.6563403668115, 175.6563403668115]], [[355.55555555555554, 0.0], [355.55555555555554, 180.0], [75.55555555555554, 0.0], [355.55555555555554, 0.0]], [[371.3126807336231, 480.0], [651.3126807336231, 480.0], [651.3126807336231, 760.0], [371.3126807336231, 760.0], [371.3126807336231, 480.0]], [[0.0, 0.0], [200.0, 80.0], [200.0, 180.0], [0.0, 180.0], [0.0, 0.0]], [[271.3126807336231, 558.2817018340577], [371.3126807336231, 558.2817018340577], [371.3126807336231, 738.2817018340577], [271.3126807336231, 738.2817018340577], [271.3126807336231, 558.2817018340577]], [[651.3126807336231, 200.0], [651.3126807336231, 480.0], [371.3126807336231, 480.0], [651.3126807336231, 200.0]], [[0.0, 760.0], [0.0, 560.0], [200.0, 560.0], [280.0, 760.0], [0.0, 760.0]], [[0.0, 560.0], [80.0, 400.0], [160.0, 560.0], [0.0, 560.0]], [[95.0, 380.0], [375.0, 380.0], [235.0, 620.0], [95.0, 380.0]]]"
Thu Jul 23 00:28:31 2020,2,0,True,657.8258075409593,0.8664907844384155,"[0, 0, 0, 3, 2, 0, 0, 0, 1, 3, 0, 0]","[[[0.0, 180.0], [200.0, 180.0], [200.0, 380.0], [0.0, 380.0], [0.0, 180.0]], [[200.0, 180.0], [400.0, 180.0], [400.0, 380.0], [200.0, 380.0], [200.0, 180.0]], [[364.8640403303199, 0.0], [644.8640403303199, 0.0], [644.8640403303199, 180.0], [364.8640403303199, 180.0], [364.8640403303199, 0.0]], [[400.0, 460.0], [400.0, 180.0], [540.0, 320.0], [400.0, 460.0]], [[355.55555555555554, 0.0], [355.55555555555554, 180.0], [75.55555555555554, 0.0], [355.55555555555554, 0.0]], [[371.3126807336231, 480.0], [651.3126807336231, 480.0], [651.3126807336231, 760.0], [371.3126807336231, 760.0], [371.3126807336231, 480.0]], [[0.0, 0.0], [200.0, 80.0], [200.0, 180.0], [0.0, 180.0], [0.0, 0.0]], [[271.3126807336231, 558.2817018340577], [371.3126807336231, 558.2817018340577], [371.3126807336231, 738.2817018340577], [271.3126807336231, 738.2817018340577], [271.3126807336231, 558.2817018340577]], [[657.8258075409593, 200.0], [657.8258075409593, 480.0], [377.8258075409593, 480.0], [657.8258075409593, 200.0]], [[0.0, 760.0], [0.0, 560.0], [200.0, 560.0], [280.0, 760.0], [0.0, 760.0]], [[0.0, 560.0], [80.0, 400.0], [160.0, 560.0], [0.0, 560.0]], [[95.0, 380.0], [375.0, 380.0], [235.0, 620.0], [95.0, 380.0]]]"
Thu Jul 23 00:30:28 2020,2,5,True,664.4040656163689,0.8579116677608074,"[0, 0, 0, 1, 3, 0, 1, 1, 2, 0, 2, 0]","[[[464.40406561636894, 278.23837375345244], [664.4040656163689, 278.23837375345244], [664.4040656163689, 478.23837375345244], [464.40406561636894, 478.23837375345244], [464.40406561636894, 278.23837375345244]], [[280.0, 558.2383737534524], [480.0, 558.2383737534524], [480.0, 758.2383737534524], [280.0, 758.2383737534524], [280.0, 558.2383737534524]], [[0.0, 580.0], [280.0, 580.0], [280.0, 760.0], [0.0, 760.0], [0.0, 580.0]], [[464.40406561636894, 278.2383737534524], [464.40406561636894, 558.2383737534524], [324.40406561636894, 418.2383737534524], [464.40406561636894, 278.2383737534524]], [[664.4040656163689, 760.0], [484.40406561636894, 760.0], [664.4040656163689, 480.0], [664.4040656163689, 760.0]], [[180.0, 0.0], [460.0, 0.0], [460.0, 280.0], [180.0, 280.0], [180.0, 0.0]], [[180.0, 0.0], [100.0, 200.0], [0.0, 200.0], [0.0, 0.0], [180.0, 0.0]], [[180.0, 200.0], [180.0, 300.0], [0.0, 300.0], [0.0, 200.0], [180.0, 200.0]], [[280.0, 579.773461379613], [0.0, 579.773461379613], [0.0, 299.77346137961297], [280.0, 579.773461379613]], [[460.0, 0.0], [660.0, 0.0], [660.0, 200.0], [460.0, 280.0], [460.0, 0.0]], [[642.6793967748638, 478.2383737534524], [562.6793967748638, 638.2383737534524], [482.6793967748638, 478.2383737534524], [642.6793967748638, 478.2383737534524]], [[100.0, 300.0], [380.0, 300.0], [240.0, 540.0], [100.0, 300.0]]]"
Thu Jul 23 00:30:48 2020,2,1,True,671.0481062725327,0.8494174928324826,"[0, 0, 1, 1, 0, 0, 2, 0, 3, 2, 1, 1]","[[[0.0, 560.0], [200.0, 560.0], [200.0, 760.0], [0.0, 760.0], [0.0, 560.0]], [[200.0, 297.9037874549347], [400.0, 297.9037874549347], [400.0, 497.9037874549347], [200.0, 497.9037874549347], [200.0, 297.9037874549347]], [[671.0481062725327, 288.95189372746734], [671.0481062725327, 568.9518937274673], [491.04810627253266, 568.9518937274673], [491.04810627253266, 288.95189372746734], [671.0481062725327, 288.95189372746734]], [[471.04810627253266, 88.95189372746734], [471.04810627253266, 368.95189372746734], [331.04810627253266, 228.95189372746734], [471.04810627253266, 88.95189372746734]], [[200.0, 760.0], [200.0, 580.0], [480.0, 760.0], [200.0, 760.0]], [[0.0, 0.0], [280.0, 0.0], [280.0, 280.0], [0.0, 280.0], [0.0, 0.0]], [[200.0, 460.0], [0.0, 380.0], [0.0, 280.0], [200.0, 280.0], [200.0, 460.0]], [[537.8279029917142, 580.0], [637.8279029917142, 580.0], [637.8279029917142, 760.0], [537.8279029917142, 760.0], [537.8279029917142, 580.0]], [[280.0, 280.0], [280.0, 0.0], [560.0, 0.0], [280.0, 280.0]], [[671.0481062725327, 288.95189372746734], [471.04810627253266, 288.95189372746734], [471.04810627253266, 88.95189372746734], [671.0481062725327, 8.951893727467336], [671.0481062725327, 288.95189372746734]], [[0.0, 380.0], [160.0, 460.0], [0.0, 540.0], [0.0, 380.0]], [[491.04810627253266, 472.8166397466282], [491.04810627253266, 752.8166397466282], [251.04810627253266, 612.8166397466282], [491.04810627253266, 472.8166397466282]]]"
Thu Jul 23 00:31:20 2020,2,1,True,677.758587335258,0.8410074186460224,"[0, 0, 0, 2, 3, 0, 1, 1, 0, 3, 2, 3]","[[[477.75858733525797, 0.0], [677.758587335258, 0.0], [677.758587335258, 200.0], [477.75858733525797, 200.0], [477.75858733525797, 0.0]], [[299.8977501884772, 199.89775018847718], [499.8977501884772, 199.89775018847718], [499.8977501884772, 399.8977501884772], [299.8977501884772, 399.8977501884772], [299.8977501884772, 199.89775018847718]], [[0.0, 0.0], [280.0, 0.0], [280.0, 180.0], [0.0, 180.0], [0.0, 0.0]], [[629.795918367347, 760.0], [349.795918367347, 760.0], [489.795918367347, 620.0], [629.795918367347, 760.0]], [[677.758587335258, 480.0], [497.75858733525797, 480.0], [677.758587335258, 200.0], [677.758587335258, 480.0]], [[0.0, 180.0], [280.0, 180.0], [280.0, 460.0], [0.0, 460.0], [0.0, 180.0]], [[460.0, 0.0], [380.0, 200.0], [280.0, 200.0], [280.0, 0.0], [460.0, 0.0]], [[180.0, 460.0], [180.0, 560.0], [0.0, 560.0], [0.0, 460.0], [180.0, 460.0]], [[397.75858733525797, 480.0], [677.758587335258, 480.0], [677.758587335258, 760.0], [397.75858733525797, 480.0]], [[0.0, 760.0], [0.0, 560.0], [200.0, 560.0], [280.0, 760.0], [0.0, 760.0]], [[657.7406241996846, 195.583498210892], [577.7406241996846, 355.583498210892], [497.7406241996846, 195.583498210892], [657.7406241996846, 195.583498210892]], [[274.2857142857143, 745.7142857142858], [274.2857142857143, 465.7142857142858], [514.2857142857142, 605.7142857142858], [274.2857142857143, 745.7142857142858]]]"
Thu Jul 23 00:31:36 2020,2,1,True,684.5361732086105,0.8326806125208142,"[0, 0, 1, 3, 0, 0, 1, 0, 1, 0, 2, 1]","[[[280.0, 280.0], [480.0, 280.0], [480.0, 480.0], [280.0, 480.0], [280.0, 280.0]], [[100.0, 0.0], [300.0, 0.0], [300.0, 200.0], [100.0, 200.0], [100.0, 0.0]], [[680.0, 0.0], [680.0, 280.0], [500.0, 280.0], [500.0, 0.0], [680.0, 0.0]], [[518.5972118031389, 621.792951990223], [518.5972118031389, 341.79295199022295], [658.5972118031389, 481.79295199022295], [518.5972118031389, 621.792951990223]], [[0.0, 760.0], [0.0, 580.0], [280.0, 760.0], [0.0, 760.0]], [[0.0, 200.0], [280.0, 200.0], [280.0, 480.0], [0.0, 480.0], [0.0, 200.0]], [[518.5972118031389, 480.0], [438.59721180313886, 680.0], [338.59721180313886, 680.0], [338.59721180313886, 480.0], [518.5972118031389, 480.0]], [[0.0, 20.0], [100.0, 20.0], [100.0, 200.0], [0.0, 200.0], [0.0, 20.0]], [[660.3901637933618, 480.0], [660.3901637933618, 760.0], [380.3901637933618, 760.0], [660.3901637933618, 480.0]], [[300.0, 0.0], [500.0, 0.0], [500.0, 200.0], [300.0, 280.0], [300.0, 0.0]], [[169.7492413645375, 477.6959408772027], [89.74924136453753, 637.6959408772027], [9.749241364537525, 477.6959408772027], [169.7492413645375, 477.6959408772027]], [[338.59721180313886, 480.0], [338.59721180313886, 760.0], [98.59721180313886, 620.0], [338.59721180313886, 480.0]]]"
Thu Jul 23 00:31:54 2020,2,1,True,691.3815349406966,0.8244362500206083,"[0, 0, 1, 3, 3, 0, 1, 0, 1, 0, 2, 1]","[[[179.81222055140807, 299.8122205514081], [379.8122205514081, 299.8122205514081], [379.8122205514081, 499.8122205514081], [179.81222055140807, 499.8122205514081], [179.81222055140807, 299.8122205514081]], [[0.0, 560.0], [200.0, 560.0], [200.0, 760.0], [0.0, 760.0], [0.0, 560.0]], [[180.0, 280.0], [180.0, 560.0], [0.0, 560.0], [0.0, 280.0], [180.0, 280.0]], [[379.8122205514081, 348.43068561071146], [379.8122205514081, 68.43068561071146], [519.812220551408, 208.43068561071146], [379.8122205514081, 348.43068561071146]], [[392.5486480487418, 760.0], [212.54864804874182, 760.0], [392.5486480487418, 480.0], [392.5486480487418, 760.0]], [[0.0, 0.0], [280.0, 0.0], [280.0, 280.0], [0.0, 280.0], [0.0, 0.0]], [[691.3815349406966, 0.0], [611.3815349406966, 200.0], [511.3815349406966, 200.0], [511.3815349406966, 0.0], [691.3815349406966, 0.0]], [[280.0, 0.0], [380.0, 0.0], [380.0, 180.0], [280.0, 180.0], [280.0, 0.0]], [[691.3815349406966, 480.0], [691.3815349406966, 760.0], [411.3815349406966, 760.0], [691.3815349406966, 480.0]], [[392.5486480487418, 378.8328868919548], [592.5486480487418, 378.8328868919548], [592.5486480487418, 578.8328868919548], [392.5486480487418, 658.8328868919548], [392.5486480487418, 378.8328868919548]], [[340.0, 502.6376219160236], [260.0, 662.6376219160236], [180.0, 502.6376219160236], [340.0, 502.6376219160236]], [[691.3815349406966, 156.48540424559508], [691.3815349406966, 436.4854042455951], [451.3815349406966, 296.4854042455951], [691.3815349406966, 156.48540424559508]]]"
Thu Jul 23 00:32:14 2020,2,1,True,698.2953502901036,0.8162735148718893,"[0, 0, 1, 0, 3, 0, 1, 1, 2, 0, 1, 1]","[[[180.0, 280.0], [380.0, 280.0], [380.0, 480.0], [180.0, 480.0], [180.0, 280.0]], [[380.0, 374.99366767091806], [580.0, 374.99366767091806], [580.0, 574.9936676709181], [380.0, 574.9936676709181], [380.0, 374.99366767091806]], [[180.0, 480.0], [180.0, 760.0], [0.0, 760.0], [0.0, 480.0], [180.0, 480.0]], [[274.99366767091806, 574.9936676709181], [554.9936676709181, 574.9936676709181], [414.99366767091806, 714.9936676709181], [274.99366767091806, 574.9936676709181]], [[673.5064935064936, 709.5391222163724], [493.5064935064936, 709.5391222163724], [673.5064935064936, 429.53912221637245], [673.5064935064936, 709.5391222163724]], [[0.0, 0.0], [280.0, 0.0], [280.0, 280.0], [0.0, 280.0], [0.0, 0.0]], [[180.0, 280.0], [100.0, 480.0], [0.0, 480.0], [0.0, 280.0], [180.0, 280.0]], [[663.7262735430686, 19.868046447573136], [663.7262735430686, 119.86804644757314], [483.7262735430686, 119.86804644757314], [483.7262735430686, 19.868046447573136], [663.7262735430686, 19.868046447573136]], [[460.0, 760.0], [180.0, 760.0], [180.0, 480.0], [460.0, 760.0]], [[280.0, 0.0], [480.0, 0.0], [480.0, 200.0], [280.0, 280.0], [280.0, 0.0]], [[480.0, 118.00490967603884], [640.0, 198.00490967603884], [480.0, 278.00490967603884], [480.0, 118.00490967603884]], [[698.2953502901036, 163.99928867347847], [698.2953502901036, 443.9992886734785], [458.29535029010356, 303.9992886734785], [698.2953502901036, 163.99928867347847]]]"
Thu Jul 23 00:32:15 2020,2,0,True,670.3635362784994,0.8502849113248847,"[0, 0, 1, 0, 3, 0, 1, 1, 2, 0, 1, 1]","[[[179.9999999999999, 280.0000000000001], [379.9999999999999, 280.0000000000001], [379.9999999999999, 480.0000000000001], [179.9999999999999, 480.0000000000001], [179.9999999999999, 280.0000000000001]], [[377.2990305820141, 389.71166035052886], [577.2990305820141, 389.71166035052886], [577.2990305820141, 589.7116603505289], [377.2990305820141, 589.7116603505289], [377.2990305820141, 389.71166035052886]], [[180.0, 480.0], [180.0, 760.0], [0.0, 760.0], [0.0, 480.0], [180.0, 480.0]], [[289.71166035052886, 589.7116603505289], [569.7116603505289, 589.7116603505289], [429.71166035052886, 729.7116603505289], [289.71166035052886, 589.7116603505289]], [[647.8279550930683, 760.0], [467.82795509306834, 760.0], [647.8279550930683, 480.0], [647.8279550930683, 760.0]], [[0.0, 0.0], [280.0, 0.0], [280.0, 280.0], [0.0, 280.0], [0.0, 0.0]], [[180.0, 280.0], [100.0, 480.0], [0.0, 480.0], [0.0, 280.0], [180.0, 280.0]], [[660.0, 0.0], [660.0, 100.0], [480.0, 100.0], [480.0, 0.0], [660.0, 0.0]], [[460.0, 760.0], [180.0, 760.0], [180.0, 480.0], [460.0, 760.0]], [[280.0, 0.0], [480.0, 0.0], [480.0, 200.0], [280.0, 280.0], [280.0, 0.0]], [[480.0, 101.71135150260307], [640.0, 181.71135150260307], [480.0, 261.71135150260307], [480.0, 101.71135150260307]], [[670.3635362784994, 163.99928867347847], [670.3635362784994, 443.9992886734785], [430.3635362784994, 303.9992886734785], [670.3635362784994, 163.99928867347847]]]"
Thu Jul 23 00:33:21 2020,2,3,True,677.0671716412844,0.8418662488365195,"[0, 0, 1, 0, 0, 0, 0, 1, 1, 0, 1, 1]","[[[452.49357889292264, 280.0], [652.4935788929226, 280.0], [652.4935788929226, 480.0], [452.49357889292264, 480.0], [452.49357889292264, 280.0]], [[0.0, 560.0], [200.0, 560.0], [200.0, 760.0], [0.0, 760.0], [0.0, 560.0]], [[677.0671716412844, 480.0], [677.0671716412844, 760.0], [497.0671716412844, 760.0], [497.0671716412844, 480.0], [677.0671716412844, 480.0]], [[288.5335858206422, 8.533585820642202], [568.5335858206422, 8.533585820642202], [428.5335858206422, 148.5335858206422], [288.5335858206422, 8.533585820642202]], [[280.0, 233.0477092216579], [280.0, 53.0477092216579], [560.0, 233.0477092216579], [280.0, 233.0477092216579]], [[0.0, 0.0], [280.0, 0.0], [280.0, 280.0], [0.0, 280.0], [0.0, 0.0]], [[0.0, 280.0], [200.0, 360.0], [200.0, 460.0], [0.0, 460.0], [0.0, 280.0]], [[180.0, 460.0], [180.0, 560.0], [0.0, 560.0], [0.0, 460.0], [180.0, 460.0]], [[497.0671716412844, 480.0], [497.0671716412844, 760.0], [217.0671716412844, 760.0], [497.0671716412844, 480.0]], [[252.49357889292264, 283.3139610877457], [452.49357889292264, 283.3139610877457], [452.49357889292264, 483.3139610877457], [252.49357889292264, 563.3139610877457], [252.49357889292264, 283.3139610877457]], [[200.0, 537.0671716412844], [360.0, 617.0671716412844], [200.0, 697.0671716412844], [200.0, 537.0671716412844]], [[677.0671716412844, 0.0], [677.0671716412844, 280.0], [437.0671716412844, 140.0], [677.0671716412844, 0.0]]]"
Thu Jul 23 00:33:35 2020,2,1,True,683.8378433576972,0.8335309394420986,"[0, 0, 1, 3, 1, 0, 0, 1, 1, 1, 3, 1]","[[[0.0, 349.76172693766716], [200.0, 349.76172693766716], [200.0, 549.7617269376672], [0.0, 549.7617269376672], [0.0, 349.76172693766716]], [[0.0, 549.7617269376672], [200.0, 549.7617269376672], [200.0, 749.7617269376672], [0.0, 749.7617269376672], [0.0, 549.7617269376672]], [[660.0, 480.0], [660.0, 760.0], [480.0, 760.0], [480.0, 480.0], [660.0, 480.0]], [[475.9424981685256, 459.81426686802024], [475.9424981685256, 179.81426686802024], [615.9424981685256, 319.81426686802024], [475.9424981685256, 459.81426686802024]], [[200.0, 480.0], [380.0, 480.0], [200.0, 760.0], [200.0, 480.0]], [[0.0, 0.0], [280.0, 0.0], [280.0, 280.0], [0.0, 280.0], [0.0, 0.0]], [[276.260897823348, 100.0], [476.260897823348, 180.0], [476.260897823348, 280.0], [276.260897823348, 280.0], [276.260897823348, 100.0]], [[460.0, 0.0], [460.0, 100.0], [280.0, 100.0], [280.0, 0.0], [460.0, 0.0]], [[480.0, 480.0], [480.0, 760.0], [200.0, 760.0], [480.0, 480.0]], [[452.09530922493315, 280.0], [452.09530922493315, 480.0], [252.09530922493315, 480.0], [172.09530922493315, 280.0], [452.09530922493315, 280.0]], [[683.8378433576972, 491.9189216788486], [523.8378433576972, 411.9189216788486], [683.8378433576972, 331.9189216788486], [683.8378433576972, 491.9189216788486]], [[647.6894692519194, 5.684341886080802e-14], [647.6894692519194, 280.00000000000006], [407.6894692519194, 140.00000000000006], [647.6894692519194, 5.684341886080802e-14]]]"
Thu Jul 23 00:33:47 2020,2,1,True,690.6762217912742,0.8252781578634639,"[0, 0, 0, 2, 0, 0, 3, 1, 0, 0, 0, 0]","[[[480.0, 0.0], [680.0, 0.0], [680.0, 200.0], [480.0, 200.0], [480.0, 0.0]], [[428.57142857142844, 560.0], [628.5714285714284, 560.0], [628.5714285714284, 760.0], [428.57142857142844, 760.0], [428.57142857142844, 560.0]], [[0.0, 280.0], [280.0, 280.0], [280.0, 460.0], [0.0, 460.0], [0.0, 280.0]], [[622.2222222222222, 340.0], [342.2222222222222, 340.0], [482.2222222222222, 200.0], [622.2222222222222, 340.0]], [[280.0, 489.3237782087258], [280.0, 309.3237782087258], [560.0, 489.3237782087258], [280.0, 489.3237782087258]], [[0.0, 0.0], [280.0, 0.0], [280.0, 280.0], [0.0, 280.0], [0.0, 0.0]], [[248.5714285714285, 760.0], [328.5714285714285, 560.0], [428.5714285714285, 560.0], [428.5714285714285, 760.0], [248.5714285714285, 760.0]], [[180.0, 644.3447314970825], [180.0, 744.3447314970825], [0.0, 744.3447314970825], [0.0, 644.3447314970825], [180.0, 644.3447314970825]], [[410.6762217912742, 340.0], [690.6762217912742, 340.0], [690.6762217912742, 620.0], [410.6762217912742, 340.0]], [[280.0, 0.0], [480.0, 0.0], [480.0, 200.0], [280.0, 280.0], [280.0, 0.0]], [[0.0, 631.7355200799296], [80.0, 471.73552007992964], [160.0, 631.7355200799296], [0.0, 631.7355200799296]], [[89.57111058179191, 489.3237782087258], [369.5711105817919, 489.3237782087258], [229.5711105817919, 729.3237782087258], [89.57111058179191, 489.3237782087258]]]"
Thu Jul 23 00:34:08 2020,2,1,True,697.5829840091869,0.8171070869935286,"[0, 0, 1, 1, 0, 0, 0, 1, 3, 1, 3, 2]","[[[0.0, 260.0], [200.0, 260.0], [200.0, 460.0], [0.0, 460.0], [0.0, 260.0]], [[0.0, 60.0], [200.0, 60.0], [200.0, 260.0], [0.0, 260.0], [0.0, 60.0]], [[380.0, 0.0], [380.0, 280.0], [200.0, 280.0], [200.0, 0.0], [380.0, 0.0]], [[667.5771320286435, 392.9893691919606], [667.5771320286435, 672.9893691919606], [527.5771320286435, 532.9893691919606], [667.5771320286435, 392.9893691919606]], [[380.0, 180.89696026595655], [380.0, 0.896960265956551], [660.0, 180.89696026595655], [380.0, 180.89696026595655]], [[0.0, 460.0], [280.0, 460.0], [280.0, 740.0], [0.0, 740.0], [0.0, 460.0]], [[200.0, 280.0], [400.0, 360.0], [400.0, 460.0], [200.0, 460.0], [200.0, 280.0]], [[580.0, 380.5665012206042], [580.0, 480.5665012206042], [400.0, 480.5665012206042], [400.0, 380.5665012206042], [580.0, 380.5665012206042]], [[280.0, 760.0], [280.0, 480.0], [560.0, 480.0], [280.0, 760.0]], [[663.0491729196232, 180.5665012206042], [663.0491729196232, 380.5665012206042], [463.0491729196232, 380.5665012206042], [383.0491729196232, 180.5665012206042], [663.0491729196232, 180.5665012206042]], [[663.0491729196232, 160.0], [503.0491729196232, 80.0], [663.0491729196232, 0.0], [663.0491729196232, 160.0]], [[660.0, 760.0], [380.0, 760.0], [520.0, 520.0], [660.0, 760.0]]]"
Thu Jul 23 00:34:08 2020,2,0,True,669.6796646488194,0.8511532156182591,"[0, 0, 1, 1, 0, 0, 0, 1, 3, 1, 3, 2]","[[[0.0, 260.0], [200.0, 260.0], [200.0, 460.0], [0.0, 460.0], [0.0, 260.0]], [[0.0, 60.0], [200.0, 60.0], [200.0, 260.0], [0.0, 260.0], [0.0, 60.0]], [[380.0, 0.0], [380.0, 280.0], [200.0, 280.0], [200.0, 0.0], [380.0, 0.0]], [[667.5771320286435, 392.9893691919606], [667.5771320286435, 672.9893691919606], [527.5771320286435, 532.9893691919606], [667.5771320286435, 392.9893691919606]], [[380.0, 180.89696026595655], [380.0, 0.896960265956551], [660.0, 180.89696026595655], [380.0, 180.89696026595655]], [[0.0, 460.0], [280.0, 460.0], [280.0, 740.0], [0.0, 740.0], [0.0, 460.0]], [[200.0, 280.0], [400.0, 360.0], [400.0, 460.0], [200.0, 460.0], [200.0, 280.0]], [[580.0, 380.5665012206042], [580.0, 480.5665012206042], [400.0, 480.5665012206042], [400.0, 380.5665012206042], [580.0, 380.5665012206042]], [[280.0, 760.0], [280.0, 480.0], [560.0, 480.0], [280.0, 760.0]], [[663.0491729196232, 180.5665012206042], [663.0491729196232, 380.5665012206042], [463.0491729196232, 380.5665012206042], [383.0491729196232, 180.5665012206042], [663.0491729196232, 180.5665012206042]], [[663.0491729196232, 160.0], [503.0491729196232, 80.0], [663.0491729196232, 0.0], [663.0491729196232, 160.0]], [[660.0, 760.0], [380.0, 760.0], [520.0, 520.0], [660.0, 760.0]]]"
Thu Jul 23 00:34:27 2020,2,1,True,676.3764612953076,0.8427259560576822,"[0, 0, 0, 3, 3, 0, 0, 1, 0, 0, 3, 2]","[[[280.0, 360.0], [480.0, 360.0], [480.0, 560.0], [280.0, 560.0], [280.0, 360.0]], [[280.0, 560.0], [480.0, 560.0], [480.0, 760.0], [280.0, 760.0], [280.0, 560.0]], [[0.0, 580.0], [280.0, 580.0], [280.0, 760.0], [0.0, 760.0], [0.0, 580.0]], [[480.0, 655.6105214311259], [480.0, 375.6105214311259], [620.0, 515.6105214311259], [480.0, 655.6105214311259]], [[660.0, 760.0], [480.0, 760.0], [660.0, 480.0], [660.0, 760.0]], [[0.0, 300.0], [280.0, 300.0], [280.0, 580.0], [0.0, 580.0], [0.0, 300.0]], [[200.0, 0.0], [400.0, 80.0], [400.0, 180.0], [200.0, 180.0], [200.0, 0.0]], [[380.0, 180.0], [380.0, 280.0], [200.0, 280.0], [200.0, 180.0], [380.0, 180.0]], [[355.41666666666674, 0.0], [635.4166666666667, 0.0], [635.4166666666667, 280.0], [355.41666666666674, 0.0]], [[0.0, 0.0], [200.0, 0.0], [200.0, 200.0], [0.0, 280.0], [0.0, 0.0]], [[674.1288306161327, 489.73935204725865], [514.1288306161327, 409.73935204725865], [674.1288306161327, 329.73935204725865], [674.1288306161327, 489.73935204725865]], [[613.60753471065, 360.0], [333.60753471065004, 360.0], [473.60753471065004, 120.0], [613.60753471065, 360.0]]]"
Thu Jul 23 00:34:44 2020,2,1,True,683.1402259082607,0.8343821347105764,"[0, 0, 0, 0, 3, 0, 1, 0, 0, 0, 1, 2]","[[[280.0, 360.0], [480.0, 360.0], [480.0, 560.0], [280.0, 560.0], [280.0, 360.0]], [[200.0, 5.714285714285722], [400.0, 5.714285714285722], [400.0, 205.71428571428572], [200.0, 205.71428571428572], [200.0, 5.714285714285722]], [[100.0, 580.0], [380.0, 580.0], [380.0, 760.0], [100.0, 760.0], [100.0, 580.0]], [[185.71428571428572, 205.71428571428572], [465.7142857142857, 205.71428571428572], [325.7142857142857, 345.7142857142857], [185.71428571428572, 205.71428571428572]], [[649.3214028434953, 760.0], [469.3214028434953, 760.0], [649.3214028434953, 480.0], [649.3214028434953, 760.0]], [[0.0, 300.0], [280.0, 300.0], [280.0, 580.0], [0.0, 580.0], [0.0, 300.0]], [[660.0, 376.66918918155216], [580.0, 576.6691891815522], [480.0, 576.6691891815522], [480.0, 376.66918918155216], [660.0, 376.66918918155216]], [[0.0, 580.0], [100.0, 580.0], [100.0, 760.0], [0.0, 760.0], [0.0, 580.0]], [[400.0, 5.714285714285722], [680.0, 5.714285714285722], [680.0, 285.7142857142857], [400.0, 5.714285714285722]], [[0.0, 0.0], [200.0, 0.0], [200.0, 200.0], [0.0, 280.0], [0.0, 0.0]], [[380.0, 560.0], [540.0, 640.0], [380.0, 720.0], [380.0, 560.0]], [[654.2857142857143, 360.0], [374.28571428571433, 360.0], [514.2857142857143, 120.0], [654.2857142857143, 360.0]]]"
Thu Jul 23 00:35:24 2020,2,3,True,689.9716281673434,0.8261209254560161,"[0, 0, 1, 3, 1, 0, 1, 0, 0, 1, 0, 1]","[[[365.98390908667625, 200.0], [565.9839090866762, 200.0], [565.9839090866762, 400.0], [365.98390908667625, 400.0], [365.98390908667625, 200.0]], [[0.0, 0.0], [200.0, 0.0], [200.0, 200.0], [0.0, 200.0], [0.0, 0.0]], [[460.0, 480.0], [460.0, 760.0], [280.0, 760.0], [280.0, 480.0], [460.0, 480.0]], [[460.0, 760.0], [460.0, 480.0], [600.0, 620.0], [460.0, 760.0]], [[197.87902882023488, 0.0], [377.8790288202349, 0.0], [197.87902882023488, 280.0], [197.87902882023488, 0.0]], [[0.0, 424.88294698274797], [280.0, 424.88294698274797], [280.0, 704.882946982748], [0.0, 704.882946982748], [0.0, 424.88294698274797]], [[180.0, 200.0], [100.0, 400.0], [0.0, 400.0], [0.0, 200.0], [180.0, 200.0]], [[565.9839090866762, 200.0], [665.9839090866762, 200.0], [665.9839090866762, 380.0], [565.9839090866762, 380.0], [565.9839090866762, 200.0]], [[380.0, 400.0], [660.0, 400.0], [660.0, 680.0], [380.0, 400.0]], [[657.8790288202349, 0.0], [657.8790288202349, 200.0], [457.8790288202349, 200.0], [377.8790288202349, 0.0], [657.8790288202349, 0.0]], [[286.66665300435164, 177.44147349137398], [366.66665300435164, 17.441473491373984], [446.66665300435164, 177.44147349137398], [286.66665300435164, 177.44147349137398]], [[365.9839090866763, 195.04022728330915], [365.9839090866763, 475.04022728330915], [125.9839090866763, 335.04022728330915], [365.9839090866763, 195.04022728330915]]]"
Thu Jul 23 00:35:24 2020,2,0,True,662.3727630406496,0.8605426306833502,"[0, 0, 1, 3, 1, 0, 1, 0, 0, 1, 0, 1]","[[[362.3727630406496, 200.0], [562.3727630406496, 200.0], [562.3727630406496, 400.0], [362.3727630406496, 400.0], [362.3727630406496, 200.0]], [[0.0, 0.0], [200.0, 0.0], [200.0, 200.0], [0.0, 200.0], [0.0, 0.0]], [[460.0, 480.0], [460.0, 760.0], [280.0, 760.0], [280.0, 480.0], [460.0, 480.0]], [[460.0, 760.0], [460.0, 480.0], [600.0, 620.0], [460.0, 760.0]], [[200.0, 0.0], [380.0, 0.0], [200.0, 280.0], [200.0, 0.0]], [[0.0, 424.88294698274797], [280.0, 424.88294698274797], [280.0, 704.882946982748], [0.0, 704.882946982748], [0.0, 424.88294698274797]], [[180.0, 200.0], [100.0, 400.0], [0.0, 400.0], [0.0, 200.0], [180.0, 200.0]], [[562.3727630406496, 200.0], [662.3727630406496, 200.0], [662.3727630406496, 380.0], [562.3727630406496, 380.0], [562.3727630406496, 200.0]], [[380.0, 400.0], [660.0, 400.0], [660.0, 680.0], [380.0, 400.0]], [[660.0, 0.0], [660.0, 200.0], [460.0, 200.0], [380.0, 0.0], [660.0, 0.0]], [[278.82831937084705, 192.93372542312687], [358.82831937084705, 32.93372542312687], [438.82831937084705, 192.93372542312687], [278.82831937084705, 192.93372542312687]], [[365.9839090866763, 195.04022728330915], [365.9839090866763, 475.04022728330915], [125.9839090866763, 335.04022728330915], [365.9839090866763, 195.04022728330915]]]"
Thu Jul 23 00:36:34 2020,2,3,True,668.9964906710561,0.8520224066171785,"[0, 0, 1, 0, 3, 0, 2, 0, 2, 1, 3, 3]","[[[0.0, 0.0], [200.0, 0.0], [200.0, 200.0], [0.0, 200.0], [0.0, 0.0]], [[200.0, 0.0], [400.0, 0.0], [400.0, 200.0], [200.0, 200.0], [200.0, 0.0]], [[180.0, 480.0], [180.0, 760.0], [0.0, 760.0], [0.0, 480.0], [180.0, 480.0]], [[285.44306991032784, 585.443069910328], [565.4430699103278, 585.443069910328], [425.44306991032784, 725.443069910328], [285.44306991032784, 585.443069910328]], [[635.8778525190236, 755.8778525190233], [455.8778525190236, 755.8778525190233], [635.8778525190236, 475.87785251902335], [635.8778525190236, 755.8778525190233]], [[0.0, 200.0], [280.0, 200.0], [280.0, 480.0], [0.0, 480.0], [0.0, 200.0]], [[635.8778525190236, 180.0], [435.8778525190236, 100.0], [435.8778525190236, 0.0], [635.8778525190236, 0.0], [635.8778525190236, 180.0]], [[280.0, 200.0], [380.0, 200.0], [380.0, 380.0], [280.0, 380.0], [280.0, 200.0]], [[460.0, 760.0], [180.0, 760.0], [180.0, 480.0], [460.0, 760.0]], [[560.0, 380.0], [560.0, 580.0], [360.0, 580.0], [280.0, 380.0], [560.0, 380.0]], [[614.5273101820641, 407.26365509103204], [454.52731018206407, 327.26365509103204], [614.5273101820641, 247.26365509103204], [614.5273101820641, 407.26365509103204]], [[400.0, 359.0712526972362], [400.0, 79.07125269723622], [640.0, 219.07125269723622], [400.0, 359.0712526972362]]]"
Thu Jul 23 00:36:34 2020,2,0,True,642.2366310442138,0.8875233402262276,"[0, 0, 1, 0, 3, 0, 2, 0, 2, 1, 3, 3]","[[[0.0, 0.0], [200.0, 0.0], [200.0, 200.0], [0.0, 200.0], [0.0, 0.0]], [[200.0, 0.0], [400.0, 0.0], [400.0, 200.0], [200.0, 200.0], [200.0, 0.0]], [[180.0, 480.0], [180.0, 760.0], [0.0, 760.0], [0.0, 480.0], [180.0, 480.0]], [[285.44306991032784, 585.443069910328], [565.4430699103278, 585.443069910328], [425.44306991032784, 725.443069910328], [285.44306991032784, 585.443069910328]], [[635.8778525190236, 755.8778525190233], [455.8778525190236, 755.8778525190233], [635.8778525190236, 475.87785251902335], [635.8778525190236, 755.8778525190233]], [[0.0, 200.0], [280.0, 200.0], [280.0, 480.0], [0.0, 480.0], [0.0, 200.0]], [[635.8778525190236, 180.0], [435.8778525190236, 100.0], [435.8778525190236, 0.0], [635.8778525190236, 0.0], [635.8778525190236, 180.0]], [[280.0, 200.0], [380.0, 200.0], [380.0, 380.0], [280.0, 380.0], [280.0, 200.0]], [[460.0, 760.0], [180.0, 760.0], [180.0, 480.0], [460.0, 760.0]], [[560.0, 380.0], [560.0, 580.0], [360.0, 580.0], [280.0, 380.0], [560.0, 380.0]], [[614.5273101820641, 407.26365509103204], [454.52731018206407, 327.26365509103204], [614.5273101820641, 247.26365509103204], [614.5273101820641, 407.26365509103204]], [[400.0, 359.0712526972362], [400.0, 79.07125269723622], [640.0, 219.07125269723622], [400.0, 359.0712526972362]]]"
Thu Jul 23 00:38:48 2020,2,5,False,648.658997354656,0.8787359804220075,"[0, 0, 1, 0, 2, 0, 1, 0, 2, 1, 0, 2]","[[[0.0, 79.50722872179324], [200.0, 79.50722872179324], [200.0, 279.50722872179324], [0.0, 279.50722872179324], [0.0, 79.50722872179324]], [[200.0, 0.0], [400.0, 0.0], [400.0, 200.0], [200.0, 200.0], [200.0, 0.0]], [[180.0, 480.0], [180.0, 760.0], [0.0, 760.0], [0.0, 480.0], [180.0, 480.0]], [[280.0, 580.0], [560.0, 580.0], [420.0, 720.0], [280.0, 580.0]], [[648.658997354656, 492.4500316343449], [648.658997354656, 672.4500316343449], [368.658997354656, 492.4500316343449], [648.658997354656, 492.4500316343449]], [[368.658997354656, 0.0], [648.658997354656, 0.0], [648.658997354656, 280.0], [368.658997354656, 280.0], [368.658997354656, 0.0]], [[280.0, 279.50722872179324], [200.0, 479.50722872179324], [100.0, 479.50722872179324], [100.0, 279.50722872179324], [280.0, 279.50722872179324]], [[0.0, 279.50722872179324], [100.0, 279.50722872179324], [100.0, 459.50722872179324], [0.0, 459.50722872179324], [0.0, 279.50722872179324]], [[460.0, 760.0], [180.0, 760.0], [180.0, 480.0], [460.0, 760.0]], [[648.658997354656, 280.0], [648.658997354656, 480.0], [448.658997354656, 480.0], [368.658997354656, 280.0], [648.658997354656, 280.0]], [[460.0, 760.0], [540.0, 600.0], [620.0, 760.0], [460.0, 760.0]], [[472.45003163434484, 492.4500316343449], [192.45003163434484, 492.4500316343449], [332.45003163434484, 252.4500316343449], [472.45003163434484, 492.4500316343449]]]"
Thu Jul 23 00:41:35 2020,2,5,False,655.1455873282025,0.8700356241802055,"[0, 0, 0, 3, 2, 0, 3, 1, 1, 2, 1, 3]","[[[455.1455873282025, 200.0], [655.1455873282025, 200.0], [655.1455873282025, 400.0], [455.1455873282025, 400.0], [455.1455873282025, 200.0]], [[0.0, 100.0], [200.0, 100.0], [200.0, 300.0], [0.0, 300.0], [0.0, 100.0]], [[95.14558732820251, 580.0], [375.1455873282025, 580.0], [375.1455873282025, 760.0], [95.14558732820251, 760.0], [95.14558732820251, 580.0]], [[0.0, 560.0], [0.0, 280.0], [140.0, 420.0], [0.0, 560.0]], [[483.1455873282025, 0.0], [483.1455873282025, 180.0], [203.1455873282025, 0.0], [483.1455873282025, 0.0]], [[175.1455873282025, 300.0], [455.1455873282025, 300.0], [455.1455873282025, 580.0], [175.1455873282025, 580.0], [175.1455873282025, 300.0]], [[475.1455873282025, 200.0], [555.1455873282025, 0.0], [655.1455873282025, 0.0], [655.1455873282025, 200.0], [475.1455873282025, 200.0]], [[200.0, 0.0], [200.0, 100.0], [20.0, 100.0], [20.0, 0.0], [200.0, 0.0]], [[655.1455873282025, 480.0], [655.1455873282025, 760.0], [375.1455873282025, 760.0], [655.1455873282025, 480.0]], [[200.0, 760.0], [0.0, 760.0], [0.0, 560.0], [200.0, 480.0], [200.0, 760.0]], [[455.1455873282025, 400.0], [615.1455873282025, 480.0], [455.1455873282025, 560.0], [455.1455873282025, 400.0]], [[200.0, 292.2635510032984], [200.0, 12.263551003298403], [440.0, 152.2635510032984], [200.0, 292.2635510032984]]]"
Thu Jul 23 00:42:36 2020,2,3,True,661.6970432014846,0.8614214100794113,"[0, 0, 1, 0, 0, 0, 0, 1, 3, 2, 3, 1]","[[[0.0, 279.8699566799179], [200.0, 279.8699566799179], [200.0, 479.8699566799179], [0.0, 479.8699566799179], [0.0, 279.8699566799179]], [[426.46437705765004, 79.86995667991789], [626.46437705765, 79.86995667991789], [626.46437705765, 279.8699566799179], [426.46437705765004, 279.8699566799179], [426.46437705765004, 79.86995667991789]], [[180.0, 479.8699566799179], [180.0, 759.8699566799179], [0.0, 759.8699566799179], [0.0, 479.8699566799179], [180.0, 479.8699566799179]], [[246.68140138912338, 279.8699566799179], [526.6814013891234, 279.8699566799179], [386.6814013891234, 419.8699566799179], [246.68140138912338, 279.8699566799179]], [[200.0, 479.86048435833857], [200.0, 299.86048435833857], [480.0, 479.86048435833857], [200.0, 479.86048435833857]], [[180.0, 479.8699566799179], [460.0, 479.8699566799179], [460.0, 759.8699566799179], [180.0, 759.8699566799179], [180.0, 479.8699566799179]], [[460.0, 479.86048435833857], [660.0, 559.8604843583386], [660.0, 659.8604843583386], [460.0, 659.8604843583386], [460.0, 479.86048435833857]], [[640.0, 660.0], [640.0, 760.0], [460.0, 760.0], [460.0, 660.0], [640.0, 660.0]], [[0.0, 280.0], [0.0, 0.0], [280.0, 0.0], [0.0, 280.0]], [[426.46437705765004, 280.0], [226.46437705765004, 280.0], [226.46437705765004, 80.0], [426.46437705765004, 0.0], [426.46437705765004, 280.0]], [[226.75336221338807, 293.2466377866119], [66.75336221338807, 213.24663778661193], [226.75336221338807, 133.24663778661193], [226.75336221338807, 293.2466377866119]], [[640.115619259534, 271.9067320621523], [640.115619259534, 551.9067320621523], [400.115619259534, 411.9067320621523], [640.115619259534, 271.9067320621523]]]"
Thu Jul 23 00:44:27 2020,2,5,True,668.3140136334994,0.85289248522714,"[0, 0, 1, 1, 1, 0, 1, 0, 1, 1, 0, 3]","[[[280.0, 200.0], [480.0, 200.0], [480.0, 400.0], [280.0, 400.0], [280.0, 200.0]], [[468.31401363349937, 560.0], [668.3140136334994, 560.0], [668.3140136334994, 760.0], [468.31401363349937, 760.0], [468.31401363349937, 560.0]], [[180.0, 280.0], [180.0, 560.0], [0.0, 560.0], [0.0, 280.0], [180.0, 280.0]], [[668.3140136334994, 264.84486768122315], [668.3140136334994, 544.8448676812231], [528.3140136334994, 404.84486768122315], [668.3140136334994, 264.84486768122315]], [[479.9999999999999, 200.0], [659.9999999999999, 200.0], [479.9999999999999, 480.0], [479.9999999999999, 200.0]], [[0.0, 0.0], [280.0, 0.0], [280.0, 280.0], [0.0, 280.0], [0.0, 0.0]], [[180.0, 560.0], [100.0, 760.0], [0.0, 760.0], [0.0, 560.0], [180.0, 560.0]], [[280.0, 0.0], [380.0, 0.0], [380.0, 180.0], [280.0, 180.0], [280.0, 0.0]], [[421.6666666666665, 480.0], [421.6666666666665, 760.0], [141.66666666666652, 760.0], [421.6666666666665, 480.0]], [[668.3140136334994, 0.0], [668.3140136334994, 200.0], [468.31401363349937, 200.0], [388.31401363349937, 0.0], [668.3140136334994, 0.0]], [[445.8915797928878, 560.0], [525.8915797928878, 400.0], [605.8915797928878, 560.0], [445.8915797928878, 560.0]], [[180.0, 621.6666666666666], [180.0, 341.66666666666663], [420.0, 481.66666666666663], [180.0, 621.6666666666666]]]"
Thu Jul 23 00:46:00 2020,2,3,True,674.9971537698344,0.844448005175386,"[0, 0, 1, 3, 0, 0, 1, 1, 0, 0, 0, 1]","[[[441.5814530881594, 560.0], [641.5814530881594, 560.0], [641.5814530881594, 760.0], [441.5814530881594, 760.0], [441.5814530881594, 560.0]], [[180.0, 560.0], [380.0, 560.0], [380.0, 760.0], [180.0, 760.0], [180.0, 560.0]], [[180.0, 480.0], [180.0, 760.0], [0.0, 760.0], [0.0, 480.0], [180.0, 480.0]], [[361.5814530881593, 560.0], [361.5814530881593, 280.0], [501.5814530881593, 420.0], [361.5814530881593, 560.0]], [[0.0, 459.0774856985737], [0.0, 279.0774856985737], [280.0, 459.0774856985737], [0.0, 459.0774856985737]], [[381.43502224666315, 0.0], [661.4350222466632, 0.0], [661.4350222466632, 280.0], [381.43502224666315, 280.0], [381.43502224666315, 0.0]], [[381.43502224666315, 0.0], [301.43502224666315, 200.0], [201.43502224666315, 200.0], [201.43502224666315, 0.0], [381.43502224666315, 0.0]], [[360.0, 459.0774856985737], [360.0, 559.0774856985737], [180.0, 559.0774856985737], [180.0, 459.0774856985737], [360.0, 459.0774856985737]], [[391.5814530881594, 280.0], [671.5814530881594, 280.0], [671.5814530881594, 560.0], [391.5814530881594, 280.0]], [[1.4350222466631395, 0.0], [201.43502224666315, 0.0], [201.43502224666315, 200.0], [1.4350222466631395, 280.0], [1.4350222466631395, 0.0]], [[431.5814530881594, 560.0], [511.5814530881594, 400.0], [591.5814530881594, 560.0], [431.5814530881594, 560.0]], [[361.5814530881593, 180.0], [361.5814530881593, 460.0], [121.58145308815932, 320.0], [361.5814530881593, 180.0]]]"
Thu Jul 23 00:46:24 2020,2,1,True,681.7471253075328,0.8360871338370159,"[0, 0, 1, 2, 0, 0, 1, 0, 0, 0, 0, 3]","[[[0.0, 557.1428571428571], [200.0, 557.1428571428571], [200.0, 757.1428571428571], [0.0, 757.1428571428571], [0.0, 557.1428571428571]], [[200.0, 560.0], [400.0, 560.0], [400.0, 760.0], [200.0, 760.0], [200.0, 560.0]], [[401.74712530753277, 0.0], [401.74712530753277, 280.0], [221.74712530753277, 280.0], [221.74712530753277, 0.0], [401.74712530753277, 0.0]], [[681.7471253075328, 560.0], [401.74712530753277, 560.0], [541.7471253075328, 420.0], [681.7471253075328, 560.0]], [[0.0, 557.1428571428571], [0.0, 377.1428571428571], [280.0, 557.1428571428571], [0.0, 557.1428571428571]], [[401.74712530753277, 0.0], [681.7471253075328, 0.0], [681.7471253075328, 280.0], [401.74712530753277, 280.0], [401.74712530753277, 0.0]], [[580.0, 560.0], [500.0, 760.0], [400.0, 760.0], [400.0, 560.0], [580.0, 560.0]], [[572.0, 580.0], [672.0, 580.0], [672.0, 760.0], [572.0, 760.0], [572.0, 580.0]], [[401.74712530753277, 280.0], [681.7471253075328, 280.0], [681.7471253075328, 560.0], [401.74712530753277, 280.0]], [[0.0, 0.0], [200.0, 0.0], [200.0, 200.0], [0.0, 280.0], [0.0, 0.0]], [[29.58904109589044, 396.16438356164383], [109.58904109589044, 236.16438356164383], [189.58904109589045, 396.16438356164383], [29.58904109589044, 396.16438356164383]], [[301.74712530753277, 560.0], [301.74712530753277, 280.0], [541.7471253075328, 420.0], [301.74712530753277, 560.0]]]"
Thu Jul 23 00:46:38 2020,2,1,True,688.5645965606082,0.827809043402986,"[0, 0, 1, 2, 0, 0, 3, 0, 0, 0, 2, 1]","[[[0.0, 560.0], [200.0, 560.0], [200.0, 760.0], [0.0, 760.0], [0.0, 560.0]], [[488.56459656060815, 80.0], [688.5645965606082, 80.0], [688.5645965606082, 280.0], [488.56459656060815, 280.0], [488.56459656060815, 80.0]], [[508.56459656060815, 480.0], [508.56459656060815, 760.0], [328.56459656060815, 760.0], [328.56459656060815, 480.0], [508.56459656060815, 480.0]], [[608.5645965606082, 480.0], [328.56459656060815, 480.0], [468.56459656060815, 340.0], [608.5645965606082, 480.0]], [[0.0, 560.0], [0.0, 380.0], [280.0, 560.0], [0.0, 560.0]], [[208.56459656060815, 0.0], [488.56459656060815, 0.0], [488.56459656060815, 280.0], [208.56459656060815, 280.0], [208.56459656060815, 0.0]], [[508.56459656060815, 760.0], [588.5645965606082, 560.0], [688.5645965606082, 560.0], [688.5645965606082, 760.0], [508.56459656060815, 760.0]], [[200.0, 560.0], [300.0, 560.0], [300.0, 740.0], [200.0, 740.0], [200.0, 560.0]], [[408.56459656060815, 280.0], [688.5645965606082, 280.0], [688.5645965606082, 560.0], [408.56459656060815, 280.0]], [[0.0, 0.25300991741278267], [200.0, 0.25300991741278267], [200.0, 200.25300991741278], [0.0, 280.2530099174128], [0.0, 0.25300991741278267]], [[168.46179033176566, 276.8682937847065], [88.46179033176564, 436.8682937847065], [8.461790331765641, 276.8682937847065], [168.46179033176566, 276.8682937847065]], [[328.56459656060815, 296.66268132702146], [328.56459656060815, 576.6626813270215], [88.56459656060815, 436.66268132702146], [328.56459656060815, 296.66268132702146]]]"
Thu Jul 23 00:46:55 2020,2,1,True,695.4502425262142,0.8196129142603822,"[0, 0, 1, 1, 1, 0, 1, 0, 2, 0, 1, 1]","[[[461.02201269818215, 23.531315641934555], [661.0220126981822, 23.531315641934555], [661.0220126981822, 223.53131564193455], [461.02201269818215, 223.53131564193455], [461.02201269818215, 23.531315641934555]], [[199.9999999999983, 280.0000000000026], [399.9999999999983, 280.0000000000026], [399.9999999999983, 480.0000000000026], [199.9999999999983, 480.0000000000026], [199.9999999999983, 280.0000000000026]], [[460.0, 480.0], [460.0, 760.0], [280.0, 760.0], [280.0, 480.0], [460.0, 480.0]], [[140.51100634909193, 140.51100634909193], [140.51100634909193, 420.51100634909193], [0.5110063490919288, 280.51100634909193], [140.51100634909193, 140.51100634909193]], [[1.0220126981838575, 0.0], [181.02201269818386, 0.0], [1.0220126981838575, 280.0], [1.0220126981838575, 0.0]], [[181.02201269818215, 2.6147972675971687e-12], [461.02201269818215, 2.6147972675971687e-12], [461.02201269818215, 280.0000000000026], [181.02201269818215, 280.0000000000026], [181.02201269818215, 2.6147972675971687e-12]], [[188.0, 560.0], [108.0, 760.0], [8.0, 760.0], [8.0, 560.0], [188.0, 560.0]], [[180.0, 580.0], [280.0, 580.0], [280.0, 760.0], [180.0, 760.0], [180.0, 580.0]], [[280.0, 560.0], [0.0, 560.0], [0.0, 280.0], [280.0, 560.0]], [[460.0, 462.76887343529097], [660.0, 462.76887343529097], [660.0, 662.768873435291], [460.0, 742.768873435291], [460.0, 462.76887343529097]], [[399.9999999999983, 320.0], [559.9999999999983, 400.0], [399.9999999999983, 480.0], [399.9999999999983, 320.0]], [[695.4502425262142, 203.4481815755825], [695.4502425262142, 483.4481815755825], [455.4502425262142, 343.4481815755825], [695.4502425262142, 203.4481815755825]]]"
Thu Jul 23 00:47:02 2020,2,0,True,667.6322328251656,0.8537634523545647,"[0, 0, 1, 1, 1, 0, 1, 0, 2, 2, 1, 1]","[[[458.121608507474, 0.0], [658.121608507474, 0.0], [658.121608507474, 200.0], [458.121608507474, 200.0], [458.121608507474, 0.0]], [[199.9999999999983, 280.0000000000026], [399.9999999999983, 280.0000000000026], [399.9999999999983, 480.0000000000026], [199.9999999999983, 480.0000000000026], [199.9999999999983, 280.0000000000026]], [[467.6322328251656, 480.0], [467.6322328251656, 760.0], [287.6322328251656, 760.0], [287.6322328251656, 480.0], [467.6322328251656, 480.0]], [[140.51100634909193, 140.51100634909193], [140.51100634909193, 420.51100634909193], [0.5110063490919288, 280.51100634909193], [140.51100634909193, 140.51100634909193]], [[1.0220126981838575, 0.0], [181.02201269818386, 0.0], [1.0220126981838575, 280.0], [1.0220126981838575, 0.0]], [[181.02201269818215, 2.6147972675971687e-12], [461.02201269818215, 2.6147972675971687e-12], [461.02201269818215, 280.0000000000026], [181.02201269818215, 280.0000000000026], [181.02201269818215, 2.6147972675971687e-12]], [[195.63223282516554, 560.0], [115.63223282516556, 760.0], [15.63223282516556, 760.0], [15.63223282516556, 560.0], [195.63223282516554, 560.0]], [[187.6322328251656, 580.0], [287.6322328251656, 580.0], [287.6322328251656, 760.0], [187.6322328251656, 760.0], [187.6322328251656, 580.0]], [[280.0, 560.0], [0.0, 560.0], [0.0, 280.0], [280.0, 560.0]], [[667.6322328251656, 754.4521358146799], [467.6322328251656, 754.4521358146799], [467.6322328251656, 554.4521358146799], [667.6322328251656, 474.4521358146799], [667.6322328251656, 754.4521358146799]], [[467.6322328251656, 371.1188024813466], [627.6322328251656, 451.1188024813466], [467.6322328251656, 531.1188024813466], [467.6322328251656, 371.1188024813466]], [[667.6322328251656, 194.45213581467993], [667.6322328251656, 474.45213581467993], [427.6322328251656, 334.45213581467993], [667.6322328251656, 194.45213581467993]]]"
Thu Jul 23 00:47:24 2020,2,1,True,674.3085551534173,0.8453103488659057,"[0, 0, 1, 1, 0, 0, 2, 1, 3, 2, 3, 2]","[[[474.3085551534173, 280.0], [674.3085551534173, 280.0], [674.3085551534173, 480.0], [474.3085551534173, 480.0], [474.3085551534173, 280.0]], [[274.3085551534173, 440.0], [474.3085551534173, 440.0], [474.3085551534173, 640.0], [274.3085551534173, 640.0], [274.3085551534173, 440.0]], [[662.1429131891313, 0.0], [662.1429131891313, 280.0], [482.14291318913126, 280.0], [482.14291318913126, 0.0], [662.1429131891313, 0.0]], [[277.15427757670864, 377.15427757670864], [277.15427757670864, 657.1542775767086], [137.15427757670864, 517.1542775767086], [277.15427757670864, 377.15427757670864]], [[0.0, 331.4285714285714], [0.0, 151.4285714285714], [280.0, 331.4285714285714], [0.0, 331.4285714285714]], [[200.0, 0.0], [480.0, 0.0], [480.0, 280.0], [200.0, 280.0], [200.0, 0.0]], [[200.0, 180.0], [0.0, 100.0], [0.0, 0.0], [200.0, 0.0], [200.0, 180.0]], [[460.0, 660.0], [460.0, 760.0], [280.0, 760.0], [280.0, 660.0], [460.0, 660.0]], [[0.0, 654.3085551534173], [0.0, 374.3085551534173], [280.0, 374.3085551534173], [0.0, 654.3085551534173]], [[674.3085551534173, 760.0], [474.3085551534173, 760.0], [474.3085551534173, 560.0], [674.3085551534173, 480.0], [674.3085551534173, 760.0]], [[411.38288969316545, 440.0], [251.38288969316545, 360.0], [411.38288969316545, 280.0], [411.38288969316545, 440.0]], [[280.0, 760.0], [0.0, 760.0], [140.0, 520.0], [280.0, 760.0]]]"
Thu Jul 23 00:47:42 2020,2,1,True,681.0516407049514,0.8369409394711939,"[0, 0, 1, 2, 1, 0, 2, 1, 3, 0, 0, 2]","[[[460.0, 280.0], [660.0, 280.0], [660.0, 480.0], [460.0, 480.0], [460.0, 280.0]], [[260.0, 380.0], [460.0, 380.0], [460.0, 580.0], [260.0, 580.0], [260.0, 380.0]], [[660.0, 0.0], [660.0, 280.0], [480.0, 280.0], [480.0, 0.0], [660.0, 0.0]], [[280.0, 367.3362129472806], [0.0, 367.3362129472806], [140.0, 227.33621294728061], [280.0, 367.3362129472806]], [[460.0, 480.0], [640.0, 480.0], [460.0, 760.0], [460.0, 480.0]], [[200.0, 0.0], [480.0, 0.0], [480.0, 280.0], [200.0, 280.0], [200.0, 0.0]], [[433.3333333333333, 760.0], [233.33333333333331, 680.0], [233.33333333333331, 580.0], [433.3333333333333, 580.0], [433.3333333333333, 760.0]], [[460.0, 280.0], [460.0, 380.0], [280.0, 380.0], [280.0, 280.0], [460.0, 280.0]], [[0.0, 647.3362129472806], [0.0, 367.3362129472806], [280.0, 367.3362129472806], [0.0, 647.3362129472806]], [[0.0, 0.0], [200.0, 0.0], [200.0, 200.0], [0.0, 280.0], [0.0, 0.0]], [[482.85714285714283, 760.0], [562.8571428571429, 600.0], [642.8571428571429, 760.0], [482.85714285714283, 760.0]], [[280.0, 760.0], [0.0, 760.0], [140.0, 520.0], [280.0, 760.0]]]"
Thu Jul 23 00:48:00 2020,2,1,True,687.8621571120009,0.8286543955160336,"[0, 0, 1, 2, 3, 0, 1, 1, 3, 3, 2, 1]","[[[480.0, 459.16081670266544], [680.0, 459.16081670266544], [680.0, 659.1608167026654], [480.0, 659.1608167026654], [480.0, 459.16081670266544]], [[459.9999999999998, 0.0], [659.9999999999998, 0.0], [659.9999999999998, 200.0], [459.9999999999998, 200.0], [459.9999999999998, 0.0]], [[180.0, 0.0], [180.0, 280.0], [0.0, 280.0], [0.0, 0.0], [180.0, 0.0]], [[280.0, 560.0], [0.0, 560.0], [140.0, 420.0], [280.0, 560.0]], [[480.0, 760.0], [300.0, 760.0], [480.0, 480.0], [480.0, 760.0]], [[179.99999999999983, 0.0], [459.99999999999983, 0.0], [459.99999999999983, 280.0], [179.99999999999983, 280.0], [179.99999999999983, 0.0]], [[437.142857142857, 337.142857142857], [357.142857142857, 537.142857142857], [257.142857142857, 537.142857142857], [257.142857142857, 337.142857142857], [437.142857142857, 337.142857142857]], [[660.0, 660.0], [660.0, 760.0], [480.0, 760.0], [480.0, 660.0], [660.0, 660.0]], [[0.0, 560.0], [0.0, 280.0], [280.0, 280.0], [0.0, 560.0]], [[0.0, 760.0], [0.0, 560.0], [200.0, 560.0], [280.0, 760.0], [0.0, 760.0]], [[364.85513715519966, 572.1378428879991], [284.85513715519966, 732.1378428879991], [204.85513715519966, 572.1378428879991], [364.85513715519966, 572.1378428879991]], [[687.8621571120009, 183.74707501799935], [687.8621571120009, 463.74707501799935], [447.8621571120009, 323.74707501799935], [687.8621571120009, 183.74707501799935]]]"
Thu Jul 23 00:48:00 2020,2,0,True,660.3476708275208,0.8631816619958684,"[0, 0, 1, 2, 3, 0, 1, 1, 3, 3, 2, 2]","[[[460.3476708275208, 460.0], [660.3476708275208, 460.0], [660.3476708275208, 660.0], [460.3476708275208, 660.0], [460.3476708275208, 460.0]], [[459.9999999999998, 0.0], [659.9999999999998, 0.0], [659.9999999999998, 200.0], [459.9999999999998, 200.0], [459.9999999999998, 0.0]], [[180.0, 0.0], [180.0, 280.0], [0.0, 280.0], [0.0, 0.0], [180.0, 0.0]], [[280.0, 560.0], [0.0, 560.0], [140.0, 420.0], [280.0, 560.0]], [[460.0, 760.0], [280.0, 760.0], [460.0, 480.0], [460.0, 760.0]], [[179.99999999999983, 0.0], [459.99999999999983, 0.0], [459.99999999999983, 280.0], [179.99999999999983, 280.0], [179.99999999999983, 0.0]], [[431.67690773394344, 331.6769077339434], [351.67690773394344, 531.6769077339434], [251.67690773394344, 531.6769077339434], [251.67690773394344, 331.6769077339434], [431.67690773394344, 331.6769077339434]], [[660.0, 660.0], [660.0, 760.0], [480.0, 760.0], [480.0, 660.0], [660.0, 660.0]], [[0.0, 560.0], [0.0, 280.0], [280.0, 280.0], [0.0, 560.0]], [[0.0, 760.0], [0.0, 560.0], [200.0, 560.0], [280.0, 760.0], [0.0, 760.0]], [[360.0, 560.0], [280.0, 720.0], [200.0, 560.0], [360.0, 560.0]], [[660.3476708275208, 460.0], [380.3476708275208, 460.0], [520.3476708275208, 220.0], [660.3476708275208, 460.0]]]"
Thu Jul 23 00:49:32 2020,2,5,True,666.951147535796,0.8546353089068003,"[0, 0, 1, 3, 3, 0, 0, 0, 3, 2, 2, 1]","[[[0.0, 0.0], [200.0, 0.0], [200.0, 200.0], [0.0, 200.0], [0.0, 0.0]], [[186.95114753579605, 560.0], [386.95114753579605, 560.0], [386.95114753579605, 760.0], [186.95114753579605, 760.0], [186.95114753579605, 560.0]], [[380.0, 0.0], [380.0, 280.0], [200.0, 280.0], [200.0, 0.0], [380.0, 0.0]], [[300.0, 560.0], [300.0, 280.0], [440.0, 420.0], [300.0, 560.0]], [[186.95114753579605, 760.0], [6.9511475357960535, 760.0], [186.95114753579605, 480.0], [186.95114753579605, 760.0]], [[386.95114753579605, 480.0], [666.951147535796, 480.0], [666.951147535796, 760.0], [386.95114753579605, 760.0], [386.95114753579605, 480.0]], [[440.0, 299.62626603182963], [640.0, 379.62626603182963], [640.0, 479.62626603182963], [440.0, 479.62626603182963], [440.0, 299.62626603182963]], [[200.0, 280.0], [300.0, 280.0], [300.0, 460.0], [200.0, 460.0], [200.0, 280.0]], [[380.0, 280.0], [380.0, 0.0], [660.0, 0.0], [380.0, 280.0]], [[200.0, 480.0], [0.0, 480.0], [0.0, 280.0], [200.0, 200.0], [200.0, 480.0]], [[160.0, 480.0], [80.0, 640.0], [0.0, 480.0], [160.0, 480.0]], [[652.8676214535813, 107.13237854641869], [652.8676214535813, 387.1323785464187], [412.86762145358125, 247.1323785464187], [652.8676214535813, 107.13237854641869]]]"
Thu Jul 23 00:49:59 2020,2,1,True,673.620659011154,0.8461735731750498,"[0, 0, 1, 2, 2, 0, 1, 1, 0, 0, 1, 3]","[[[0.0, 0.0], [200.0, 0.0], [200.0, 200.0], [0.0, 200.0], [0.0, 0.0]], [[280.0, 280.0], [480.0, 280.0], [480.0, 480.0], [280.0, 480.0], [280.0, 280.0]], [[660.0, 200.0], [660.0, 480.0], [480.0, 480.0], [480.0, 200.0], [660.0, 200.0]], [[379.72689836563575, 760.0], [99.72689836563575, 760.0], [239.72689836563575, 620.0], [379.72689836563575, 760.0]], [[280.0, 300.0], [280.0, 480.0], [0.0, 300.0], [280.0, 300.0]], [[200.0, 0.0], [480.0, 0.0], [480.0, 280.0], [200.0, 280.0], [200.0, 0.0]], [[660.0, 0.0], [580.0, 200.0], [480.0, 200.0], [480.0, 0.0], [660.0, 0.0]], [[180.0, 200.0], [180.0, 300.0], [0.0, 300.0], [0.0, 200.0], [180.0, 200.0]], [[100.0, 480.0], [380.0, 480.0], [380.0, 760.0], [100.0, 480.0]], [[379.72689836563575, 480.0], [579.7268983656357, 480.0], [579.7268983656357, 680.0], [379.72689836563575, 760.0], [379.72689836563575, 480.0]], [[0.0, 320.0], [160.0, 400.0], [0.0, 480.0], [0.0, 320.0]], [[0.0, 760.0], [0.0, 480.0], [240.0, 620.0], [0.0, 760.0]]]"
Thu Jul 23 00:50:15 2020,2,1,True,680.3568656012656,0.8377956170049998,"[0, 0, 0, 0, 0, 0, 2, 1, 2, 0, 0, 1]","[[[200.0, 280.0], [400.0, 280.0], [400.0, 480.0], [200.0, 480.0], [200.0, 280.0]], [[0.0, 560.0], [200.0, 560.0], [200.0, 760.0], [0.0, 760.0], [0.0, 560.0]], [[200.0, 580.0], [480.0, 580.0], [480.0, 760.0], [200.0, 760.0], [200.0, 580.0]], [[394.05630068490063, 494.05630068490063], [674.0563006849006, 494.05630068490063], [534.0563006849006, 634.0563006849006], [394.05630068490063, 494.05630068490063]], [[400.0, 494.0563006849007], [400.0, 314.0563006849007], [680.0, 494.0563006849007], [400.0, 494.0563006849007]], [[200.35686560126555, 0.0], [480.35686560126555, 0.0], [480.35686560126555, 280.0], [200.35686560126555, 280.0], [200.35686560126555, 0.0]], [[200.0, 300.0], [0.0, 220.0], [0.0, 120.0], [200.0, 120.0], [200.0, 300.0]], [[180.0, 20.0], [180.0, 120.0], [0.0, 120.0], [0.0, 20.0], [180.0, 20.0]], [[280.0, 560.0], [0.0, 560.0], [0.0, 280.0], [280.0, 560.0]], [[480.35686560126555, 0.0], [680.3568656012656, 0.0], [680.3568656012656, 200.0], [480.35686560126555, 280.0], [480.35686560126555, 0.0]], [[488.11260136980127, 760.0], [568.1126013698013, 600.0], [648.1126013698013, 760.0], [488.11260136980127, 760.0]], [[680.3568656012656, 200.0], [680.3568656012656, 480.0], [440.35686560126555, 340.0], [680.3568656012656, 200.0]]]"
Thu Jul 23 00:50:24 2020,2,0,True,653.1425909772149,0.8727037677135415,"[0, 0, 1, 1, 3, 0, 1, 0, 2, 3, 2, 0]","[[[100.0, 560.0], [300.0, 560.0], [300.0, 760.0], [100.0, 760.0], [100.0, 560.0]], [[451.3122349399422, 280.0], [651.3122349399422, 280.0], [651.3122349399422, 480.0], [451.3122349399422, 480.0], [451.3122349399422, 280.0]], [[640.0, 0.0], [640.0, 280.0], [460.0, 280.0], [460.0, 0.0], [640.0, 0.0]], [[156.7571506022672, 143.2428493977328], [156.7571506022672, 423.2428493977328], [16.75715060226719, 283.2428493977328], [156.7571506022672, 143.2428493977328]], [[451.3122349399422, 560.0], [271.3122349399422, 560.0], [451.3122349399422, 280.0], [451.3122349399422, 560.0]], [[180.0, 0.0], [460.0, 0.0], [460.0, 280.0], [180.0, 280.0], [180.0, 0.0]], [[180.0, 0.0], [100.0, 200.0], [0.0, 200.0], [0.0, 0.0], [180.0, 0.0]], [[0.0, 560.0], [100.0, 560.0], [100.0, 740.0], [0.0, 740.0], [0.0, 560.0]], [[280.0, 546.4856987954656], [0.0, 546.4856987954656], [0.0, 266.4856987954656], [280.0, 546.4856987954656]], [[300.0, 760.0], [300.0, 560.0], [500.0, 560.0], [580.0, 760.0], [300.0, 760.0]], [[653.1425909772149, 480.0], [573.1425909772149, 640.0], [493.1425909772149, 480.0], [653.1425909772149, 480.0]], [[156.7571506022672, 280.0], [436.7571506022672, 280.0], [296.7571506022672, 520.0], [156.7571506022672, 280.0]]]"
Thu Jul 23 00:50:45 2020,2,1,True,659.674016886987,0.8640631363500411,"[0, 0, 1, 1, 3, 0, 0, 1, 2, 2, 2, 0]","[[[259.67401688698703, 559.674016886987], [459.67401688698703, 559.674016886987], [459.67401688698703, 759.674016886987], [259.67401688698703, 759.674016886987], [259.67401688698703, 559.674016886987]], [[459.67401688698703, 280.0], [659.674016886987, 280.0], [659.674016886987, 480.0], [459.67401688698703, 480.0], [459.67401688698703, 280.0]], [[256.6666666666667, 480.0], [256.6666666666667, 760.0], [76.66666666666669, 760.0], [76.66666666666669, 480.0], [256.6666666666667, 480.0]], [[160.0, 80.0], [160.0, 360.0], [20.0, 220.0], [160.0, 80.0]], [[459.67401688698703, 559.674016886987], [279.67401688698703, 559.674016886987], [459.67401688698703, 279.67401688698703], [459.67401688698703, 559.674016886987]], [[379.67401688698703, 0.0], [659.674016886987, 0.0], [659.674016886987, 280.0], [379.67401688698703, 280.0], [379.67401688698703, 0.0]], [[160.0, 0.0], [360.0, 80.0], [360.0, 180.0], [160.0, 180.0], [160.0, 0.0]], [[340.0, 180.0], [340.0, 280.0], [160.0, 280.0], [160.0, 180.0], [340.0, 180.0]], [[280.0, 480.0], [0.0, 480.0], [0.0, 200.0], [280.0, 480.0]], [[659.674016886987, 759.674016886987], [459.67401688698703, 759.674016886987], [459.67401688698703, 559.674016886987], [659.674016886987, 479.67401688698703], [659.674016886987, 759.674016886987]], [[160.0, 0.0], [80.0, 160.0], [0.0, 0.0], [160.0, 0.0]], [[163.33333333333337, 280.0], [443.33333333333337, 280.0], [303.33333333333337, 520.0], [163.33333333333337, 280.0]]]"
Thu Jul 23 00:51:11 2020,2,1,True,666.270757055857,0.8555080557921199,"[0, 0, 1, 1, 1, 0, 3, 1, 2, 0, 3, 2]","[[[445.1815911563749, 280.0], [645.1815911563749, 280.0], [645.1815911563749, 480.0], [445.1815911563749, 480.0], [445.1815911563749, 280.0]], [[0.0, 280.0], [200.0, 280.0], [200.0, 480.0], [0.0, 480.0], [0.0, 280.0]], [[380.0, 0.0], [380.0, 280.0], [200.0, 280.0], [200.0, 0.0], [380.0, 0.0]], [[666.270757055857, 458.91083410051806], [666.270757055857, 738.9108341005181], [526.270757055857, 598.9108341005181], [666.270757055857, 458.91083410051806]], [[325.9537228781739, 480.0], [505.9537228781739, 480.0], [325.9537228781739, 760.0], [325.9537228781739, 480.0]], [[386.27075705585696, 0.0], [666.270757055857, 0.0], [666.270757055857, 280.0], [386.27075705585696, 280.0], [386.27075705585696, 0.0]], [[265.1815911563749, 480.0], [345.1815911563749, 280.0], [445.1815911563749, 280.0], [445.1815911563749, 480.0], [265.1815911563749, 480.0]], [[280.0, 480.0], [280.0, 580.0], [100.0, 580.0], [100.0, 480.0], [280.0, 480.0]], [[280.0, 760.0], [0.0, 760.0], [0.0, 480.0], [280.0, 760.0]], [[0.0, 0.0], [200.0, 0.0], [200.0, 200.0], [0.0, 280.0], [0.0, 0.0]], [[325.9537228781739, 717.023138560913], [165.9537228781739, 637.023138560913], [325.9537228781739, 557.023138560913], [325.9537228781739, 717.023138560913]], [[620.2394371638882, 760.0], [340.23943716388817, 760.0], [480.23943716388817, 520.0], [620.2394371638882, 760.0]]]"
Thu Jul 23 00:53:12 2020,2,5,False,672.9334646264156,0.8470376790020988,"[0, 0, 1, 0, 1, 0, 0, 1, 1, 3, 0, 0]","[[[0.0, 560.0], [200.0, 560.0], [200.0, 760.0], [0.0, 760.0], [0.0, 560.0]], [[200.0, 560.0], [400.0, 560.0], [400.0, 760.0], [200.0, 760.0], [200.0, 560.0]], [[459.6001312930822, 180.0], [459.6001312930822, 460.0], [279.6001312930822, 460.0], [279.6001312930822, 180.0], [459.6001312930822, 180.0]], [[392.93346462641557, 0.0], [672.9334646264156, 0.0], [532.9334646264156, 140.0], [392.93346462641557, 0.0]], [[459.6001312930822, 172.93346462641557], [639.6001312930822, 172.93346462641557], [459.6001312930822, 452.93346462641557], [459.6001312930822, 172.93346462641557]], [[0.0, 280.0], [280.0, 280.0], [280.0, 560.0], [0.0, 560.0], [0.0, 280.0]], [[240.0520173280329, 0.0], [440.0520173280329, 80.0], [440.0520173280329, 180.0], [240.0520173280329, 180.0], [240.0520173280329, 0.0]], [[388.0520173280329, 0.0], [388.0520173280329, 100.0], [208.0520173280329, 100.0], [208.0520173280329, 0.0], [388.0520173280329, 0.0]], [[672.9334646264156, 239.9999999999999], [672.9334646264156, 519.9999999999999], [392.93346462641557, 519.9999999999999], [672.9334646264156, 239.9999999999999]], [[0.0, 279.8699566799178], [0.0, 79.86995667991778], [200.0, 79.86995667991778], [280.0, 279.8699566799178], [0.0, 279.8699566799178]], [[512.9334646264156, 760.0], [592.9334646264156, 600.0], [672.9334646264156, 760.0], [512.9334646264156, 760.0]], [[359.60013129308226, 520.0], [639.6001312930823, 520.0], [499.60013129308226, 760.0], [359.60013129308226, 520.0]]]"
Thu Jul 23 00:53:47 2020,2,1,True,679.6627992726798,0.8386511673288107,"[0, 0, 0, 2, 2, 0, 1, 0, 2, 2, 0, 1]","[[[199.66279927267976, 560.0], [399.66279927267976, 560.0], [399.66279927267976, 760.0], [199.66279927267976, 760.0], [199.66279927267976, 560.0]], [[180.0, 0.0], [380.0, 0.0], [380.0, 200.0], [180.0, 200.0], [180.0, 0.0]], [[380.0, 214.16136438899218], [660.0, 214.16136438899218], [660.0, 394.1613643889922], [380.0, 394.1613643889922], [380.0, 214.16136438899218]], [[645.8386356110078, 214.16136438899218], [365.8386356110078, 214.16136438899218], [505.8386356110078, 74.16136438899218], [645.8386356110078, 214.16136438899218]], [[679.6627992726798, 5.9054696000671925], [679.6627992726798, 185.9054696000672], [399.66279927267976, 5.9054696000671925], [679.6627992726798, 5.9054696000671925]], [[0.0, 200.0], [280.0, 200.0], [280.0, 480.0], [0.0, 480.0], [0.0, 200.0]], [[180.0, 0.0], [100.0, 200.0], [0.0, 200.0], [0.0, 0.0], [180.0, 0.0]], [[280.0, 214.16136438899218], [380.0, 214.16136438899218], [380.0, 394.1613643889922], [280.0, 394.1613643889922], [280.0, 214.16136438899218]], [[679.6627992726798, 760.0], [399.66279927267976, 760.0], [399.66279927267976, 480.0], [679.6627992726798, 760.0]], [[200.0, 760.0], [0.0, 760.0], [0.0, 560.0], [200.0, 480.0], [200.0, 760.0]], [[239.66279927267976, 560.0], [319.66279927267976, 400.0], [399.66279927267976, 560.0], [239.66279927267976, 560.0]], [[679.6627992726798, 382.6913981465957], [679.6627992726798, 662.6913981465957], [439.66279927267976, 522.6913981465957], [679.6627992726798, 382.6913981465957]]]"
Thu Jul 23 00:54:20 2020,2,0,True,652.4762873017726,0.8735949659675112,"[0, 0, 0, 2, 0, 0, 1, 1, 0, 0, 1, 1]","[[[200.0, 560.0], [400.0, 560.0], [400.0, 760.0], [200.0, 760.0], [200.0, 560.0]], [[0.0, 560.0], [200.0, 560.0], [200.0, 760.0], [0.0, 760.0], [0.0, 560.0]], [[0.0, 0.0], [280.0, 0.0], [280.0, 180.0], [0.0, 180.0], [0.0, 0.0]], [[460.0, 560.0], [180.0, 560.0], [320.0, 420.0], [460.0, 560.0]], [[280.0, 187.52371269822743], [280.0, 7.523712698227428], [560.0, 187.52371269822743], [280.0, 187.52371269822743]], [[0.0, 180.0], [280.0, 180.0], [280.0, 460.0], [0.0, 460.0], [0.0, 180.0]], [[460.0, 203.59435188040106], [380.0, 403.59435188040106], [280.0, 403.59435188040106], [280.0, 203.59435188040106], [460.0, 203.59435188040106]], [[180.0, 460.0], [180.0, 560.0], [0.0, 560.0], [0.0, 460.0], [180.0, 460.0]], [[372.4762873017726, 0.0], [652.4762873017726, 0.0], [652.4762873017726, 280.0], [372.4762873017726, 0.0]], [[440.7720011697271, 260.7720011697271], [640.7720011697271, 260.7720011697271], [640.7720011697271, 460.7720011697271], [440.7720011697271, 540.7720011697271], [440.7720011697271, 260.7720011697271]], [[400.0, 600.0], [560.0, 680.0], [400.0, 760.0], [400.0, 600.0]], [[652.4762873017726, 453.9445009260339], [652.4762873017726, 733.9445009260339], [412.4762873017726, 593.9445009260339], [652.4762873017726, 453.9445009260339]]]"
Thu Jul 23 00:54:56 2020,2,1,True,659.0010501747903,0.8649455108589219,"[0, 0, 0, 0, 0, 0, 0, 1, 2, 1, 2, 1]","[[[457.28856476014505, 0.0], [657.288564760145, 0.0], [657.288564760145, 200.0], [457.28856476014505, 200.0], [457.28856476014505, 0.0]], [[179.0010501747903, 480.0], [379.0010501747903, 480.0], [379.0010501747903, 680.0], [179.0010501747903, 680.0], [179.0010501747903, 480.0]], [[379.0010501747903, 480.0], [659.0010501747903, 480.0], [659.0010501747903, 660.0], [379.0010501747903, 660.0], [379.0010501747903, 480.0]], [[278.5384772607158, 198.5384772607158], [558.5384772607158, 198.5384772607158], [418.5384772607158, 338.5384772607158], [278.5384772607158, 198.5384772607158]], [[0.0, 760.0], [0.0, 580.0], [280.0, 760.0], [0.0, 760.0]], [[0.0, 200.0], [280.0, 200.0], [280.0, 480.0], [0.0, 480.0], [0.0, 200.0]], [[0.0, 20.0], [200.0, 100.0], [200.0, 200.0], [0.0, 200.0], [0.0, 20.0]], [[580.0, 660.0], [580.0, 760.0], [400.0, 760.0], [400.0, 660.0], [580.0, 660.0]], [[560.0, 480.0], [280.0, 480.0], [280.0, 200.0], [560.0, 480.0]], [[457.28856476014505, 0.0], [457.28856476014505, 200.0], [257.28856476014505, 200.0], [177.28856476014505, 0.0], [457.28856476014505, 0.0]], [[173.33333333333348, 480.0000000000001], [93.3333333333335, 640.0000000000001], [13.3333333333335, 480.0000000000001], [173.33333333333348, 480.0000000000001]], [[659.0010501747903, 199.0010501747903], [659.0010501747903, 479.0010501747903], [419.0010501747903, 339.0010501747903], [659.0010501747903, 199.0010501747903]]]"
Thu Jul 23 00:55:23 2020,2,1,True,665.5910606765382,0.8563816939197246,"[0, 0, 0, 3, 0, 0, 1, 1, 0, 1, 0, 1]","[[[280.0, 380.0], [480.0, 380.0], [480.0, 580.0], [280.0, 580.0], [280.0, 380.0]], [[465.59106067653784, 0.0], [665.5910606765378, 0.0], [665.5910606765378, 200.0], [465.59106067653784, 200.0], [465.59106067653784, 0.0]], [[0.0, 480.0], [280.0, 480.0], [280.0, 660.0], [0.0, 660.0], [0.0, 480.0]], [[480.0, 574.4089393234618], [480.0, 294.4089393234618], [620.0, 434.4089393234618], [480.0, 574.4089393234618]], [[280.0, 760.0], [280.0, 580.0], [560.0, 760.0], [280.0, 760.0]], [[0.0, 200.0], [280.0, 200.0], [280.0, 480.0], [0.0, 480.0], [0.0, 200.0]], [[465.59106067653784, 0.0], [385.59106067653784, 200.0], [285.59106067653784, 200.0], [285.59106067653784, 0.0], [465.59106067653784, 0.0]], [[180.0, 660.0], [180.0, 760.0], [0.0, 760.0], [0.0, 660.0], [180.0, 660.0]], [[385.59106067653784, 200.0], [665.5910606765378, 200.0], [665.5910606765378, 480.0], [385.59106067653784, 200.0]], [[285.59106067653784, 0.0], [285.59106067653784, 200.0], [85.59106067653784, 200.0], [5.591060676537836, 0.0], [285.59106067653784, 0.0]], [[280.0, 360.0], [360.0, 200.0], [440.0, 360.0], [280.0, 360.0]], [[665.5910606765378, 480.0], [665.5910606765378, 760.0], [425.59106067653784, 620.0], [665.5910606765378, 480.0]]]"
Thu Jul 23 00:56:05 2020,2,1,True,672.2469712833035,0.8479026672472522,"[0, 0, 1, 1, 1, 0, 0, 0, 0, 1, 0, 2]","[[[180.0, 480.0], [380.0, 480.0], [380.0, 680.0], [180.0, 680.0], [180.0, 480.0]], [[100.0, 0.0], [300.0, 0.0], [300.0, 200.0], [100.0, 200.0], [100.0, 0.0]], [[180.0, 480.0], [180.0, 760.0], [0.0, 760.0], [0.0, 480.0], [180.0, 480.0]], [[672.2469712833035, 380.0], [672.2469712833035, 660.0], [532.2469712833035, 520.0], [672.2469712833035, 380.0]], [[380.0, 476.8286219962499], [560.0, 476.8286219962499], [380.0, 756.8286219962499], [380.0, 476.8286219962499]], [[0.0, 200.0], [280.0, 200.0], [280.0, 480.0], [0.0, 480.0], [0.0, 200.0]], [[326.0211594709225, 53.77418818761896], [526.0211594709225, 133.77418818761896], [526.0211594709225, 233.77418818761896], [326.0211594709225, 233.77418818761896], [326.0211594709225, 53.77418818761896]], [[0.0, 20.0], [100.0, 20.0], [100.0, 200.0], [0.0, 200.0], [0.0, 20.0]], [[392.24697128330354, 0.0], [672.2469712833035, 0.0], [672.2469712833035, 280.0], [392.24697128330354, 0.0]], [[618.4727830956846, 233.77418818761896], [618.4727830956846, 433.77418818761896], [418.4727830956846, 433.77418818761896], [338.4727830956846, 233.77418818761896], [618.4727830956846, 233.77418818761896]], [[280.0, 476.8286219962499], [360.0, 316.8286219962499], [440.0, 476.8286219962499], [280.0, 476.8286219962499]], [[672.2469712833035, 760.0], [392.24697128330354, 760.0], [532.2469712833035, 520.0], [672.2469712833035, 760.0]]]"
Thu Jul 23 00:56:21 2020,2,1,True,678.9694409961365,0.8395075913339131,"[0, 0, 1, 1, 1, 0, 1, 0, 1, 2, 0, 0]","[[[0.0, 0.0], [200.0, 0.0], [200.0, 200.0], [0.0, 200.0], [0.0, 0.0]], [[198.96944099613654, 0.0], [398.96944099613654, 0.0], [398.96944099613654, 200.0], [198.96944099613654, 200.0], [198.96944099613654, 0.0]], [[180.0, 480.0], [180.0, 760.0], [0.0, 760.0], [0.0, 480.0], [180.0, 480.0]], [[654.2857142857142, 454.28571428571433], [654.2857142857142, 734.2857142857143], [514.2857142857142, 594.2857142857143], [654.2857142857142, 454.28571428571433]], [[280.0, 212.24489795918385], [460.0, 212.24489795918385], [280.0, 492.24489795918385], [280.0, 212.24489795918385]], [[0.0, 200.0], [280.0, 200.0], [280.0, 480.0], [0.0, 480.0], [0.0, 200.0]], [[560.0, 480.0], [480.0, 680.0], [380.0, 680.0], [380.0, 480.0], [560.0, 480.0]], [[578.9694409961365, 171.42857142857156], [678.9694409961365, 171.42857142857156], [678.9694409961365, 351.42857142857156], [578.9694409961365, 351.42857142857156], [578.9694409961365, 171.42857142857156]], [[578.9694409961367, 200.0], [578.9694409961367, 480.0], [298.96944099613665, 480.0], [578.9694409961367, 200.0]], [[380.0, 760.0], [180.0, 760.0], [180.0, 560.0], [380.0, 480.0], [380.0, 760.0]], [[440.0, 760.0], [520.0, 600.0], [600.0, 760.0], [440.0, 760.0]], [[398.96944099613654, 0.0], [678.9694409961365, 0.0], [538.9694409961365, 240.0], [398.96944099613654, 0.0]]]"
Thu Jul 23 00:56:39 2020,2,1,True,685.7591354060979,0.8311956349840723,"[0, 0, 0, 2, 2, 0, 0, 0, 3, 0, 2, 1]","[[[484.44444444444446, 0.0], [684.4444444444445, 0.0], [684.4444444444445, 200.0], [484.44444444444446, 200.0], [484.44444444444446, 0.0]], [[0.0, 480.0], [200.0, 480.0], [200.0, 680.0], [0.0, 680.0], [0.0, 480.0]], [[380.0, 197.45196439298843], [660.0, 197.45196439298843], [660.0, 377.45196439298843], [380.0, 377.45196439298843], [380.0, 197.45196439298843]], [[600.0, 760.0], [320.0, 760.0], [460.0, 620.0], [600.0, 760.0]], [[324.44444444444446, 0.0], [324.44444444444446, 180.0], [44.44444444444446, 0.0], [324.44444444444446, 0.0]], [[0.0, 200.0], [280.0, 200.0], [280.0, 480.0], [0.0, 480.0], [0.0, 200.0]], [[0.0, 20.0], [200.0, 100.0], [200.0, 200.0], [0.0, 200.0], [0.0, 20.0]], [[280.0, 180.0], [380.0, 180.0], [380.0, 360.0], [280.0, 360.0], [280.0, 180.0]], [[400.0, 657.4519643929884], [400.0, 377.45196439298843], [680.0, 377.45196439298843], [400.0, 657.4519643929884]], [[200.0, 480.0], [400.0, 480.0], [400.0, 680.0], [200.0, 760.0], [200.0, 480.0]], [[484.44444444444446, 0.0], [404.44444444444446, 160.0], [324.44444444444446, 0.0], [484.44444444444446, 0.0]], [[685.7591354060979, 471.6928289868904], [685.7591354060979, 751.6928289868904], [445.7591354060979, 611.6928289868904], [685.7591354060979, 471.6928289868904]]]"
Thu Jul 23 00:56:49 2020,2,0,True,658.328769989854,0.8658287864417421,"[0, 0, 1, 2, 0, 0, 0, 1, 3, 0, 3, 1]","[[[458.328769989854, 0.0], [658.328769989854, 0.0], [658.328769989854, 200.0], [458.328769989854, 200.0], [458.328769989854, 0.0]], [[58.32876998985398, 0.0], [258.328769989854, 0.0], [258.328769989854, 200.0], [58.32876998985398, 200.0], [58.32876998985398, 0.0]], [[658.328769989854, 199.34604043081242], [658.328769989854, 479.3460404308124], [478.328769989854, 479.3460404308124], [478.328769989854, 199.34604043081242], [658.328769989854, 199.34604043081242]], [[560.0, 760.0], [280.0, 760.0], [420.0, 620.0], [560.0, 760.0]], [[0.0, 760.0], [0.0, 580.0], [280.0, 760.0], [0.0, 760.0]], [[0.0, 300.0], [280.0, 300.0], [280.0, 580.0], [0.0, 580.0], [0.0, 300.0]], [[280.0, 280.66849200405835], [480.0, 360.66849200405835], [480.0, 460.66849200405835], [280.0, 460.66849200405835], [280.0, 280.66849200405835]], [[180.0, 200.0], [180.0, 300.0], [0.0, 300.0], [0.0, 200.0], [180.0, 200.0]], [[280.0, 759.3460404308124], [280.0, 479.3460404308124], [560.0, 479.3460404308124], [280.0, 759.3460404308124]], [[258.328769989854, 0.0], [458.328769989854, 0.0], [458.328769989854, 200.0], [258.328769989854, 280.0], [258.328769989854, 0.0]], [[478.3287699898541, 360.0], [318.3287699898541, 280.0], [478.3287699898541, 200.0], [478.3287699898541, 360.0]], [[658.328769989854, 479.02511582741477], [658.328769989854, 759.0251158274148], [418.328769989854, 619.0251158274148], [658.328769989854, 479.02511582741477]]]"
Thu Jul 23 00:58:03 2020,2,3,True,664.9120576897525,0.8572562241997447,"[0, 0, 1, 0, 0, 0, 0, 1, 1, 0, 1, 1]","[[[264.9120576897525, 0.0], [464.9120576897525, 0.0], [464.9120576897525, 200.0], [264.9120576897525, 200.0], [264.9120576897525, 0.0]], [[464.9120576897525, 0.0], [664.9120576897525, 0.0], [664.9120576897525, 200.0], [464.9120576897525, 200.0], [464.9120576897525, 0.0]], [[180.0, 11.666666666666742], [180.0, 291.66666666666674], [0.0, 291.66666666666674], [0.0, 11.666666666666742], [180.0, 11.666666666666742]], [[149.99999999999994, 503.9656500851472], [429.99999999999994, 503.9656500851472], [289.99999999999994, 643.9656500851472], [149.99999999999994, 503.9656500851472]], [[0.0, 471.66666666666674], [0.0, 291.66666666666674], [280.0, 471.66666666666674], [0.0, 471.66666666666674]], [[357.60867550514945, 200.0], [637.6086755051494, 200.0], [637.6086755051494, 480.0], [357.60867550514945, 480.0], [357.60867550514945, 200.0]], [[0.0, 473.96565008514733], [200.0, 553.9656500851473], [200.0, 653.9656500851473], [0.0, 653.9656500851473], [0.0, 473.96565008514733]], [[180.0, 653.9656500851473], [180.0, 753.9656500851473], [0.0, 753.9656500851473], [0.0, 653.9656500851473], [180.0, 653.9656500851473]], [[453.9656500851472, 480.0], [453.9656500851472, 760.0], [173.96565008514722, 760.0], [453.9656500851472, 480.0]], [[453.9656500851472, 480.0], [653.9656500851472, 480.0], [653.9656500851472, 680.0], [453.9656500851472, 760.0], [453.9656500851472, 480.0]], [[180.0, 157.54397115512376], [340.0, 237.54397115512376], [180.0, 317.54397115512376], [180.0, 157.54397115512376]], [[357.6086755051494, 227.2722437771199], [357.6086755051494, 507.2722437771199], [117.60867550514939, 367.2722437771199], [357.6086755051494, 227.2722437771199]]]"
Thu Jul 23 00:58:28 2020,2,1,True,671.56117826665,0.8487685388116284,"[0, 0, 0, 2, 1, 0, 2, 1, 3, 1, 0, 2]","[[[462.8571428571429, 200.0], [662.8571428571429, 200.0], [662.8571428571429, 400.0], [462.8571428571429, 400.0], [462.8571428571429, 200.0]], [[462.8571428571429, 0.0], [662.8571428571429, 0.0], [662.8571428571429, 200.0], [462.8571428571429, 200.0], [462.8571428571429, 0.0]], [[0.0, 580.0], [280.0, 580.0], [280.0, 760.0], [0.0, 760.0], [0.0, 580.0]], [[280.0, 580.0], [0.0, 580.0], [140.0, 440.0], [280.0, 580.0]], [[0.0, 0.0], [180.0, 0.0], [0.0, 280.0], [0.0, 0.0]], [[182.85714285714283, 0.0], [462.85714285714283, 0.0], [462.85714285714283, 280.0], [182.85714285714283, 280.0], [182.85714285714283, 0.0]], [[380.0, 560.0], [180.0, 480.0], [180.0, 380.0], [380.0, 380.0], [380.0, 560.0]], [[460.0, 280.0], [460.0, 380.0], [280.0, 380.0], [280.0, 280.0], [460.0, 280.0]], [[0.0, 560.0], [0.0, 280.0], [280.0, 280.0], [0.0, 560.0]], [[671.56117826665, 400.0], [671.56117826665, 600.0], [471.56117826665, 600.0], [391.56117826665, 400.0], [671.56117826665, 400.0]], [[22.857142857142833, 280.0], [102.85714285714283, 120.0], [182.85714285714283, 280.0], [22.857142857142833, 280.0]], [[560.0, 751.6094086857429], [280.0, 751.6094086857429], [420.0, 511.6094086857429], [560.0, 751.6094086857429]]]"
Thu Jul 23 00:59:22 2020,2,3,True,678.2767900493166,0.8403648899125034,"[0, 0, 1, 0, 2, 0, 0, 1, 2, 3, 1, 1]","[[[189.1072382330193, 274.3080248767086], [389.1072382330193, 274.3080248767086], [389.1072382330193, 474.3080248767086], [189.1072382330193, 474.3080248767086], [189.1072382330193, 274.3080248767086]], [[0.0, 9.10723823301933], [200.0, 9.10723823301933], [200.0, 209.10723823301933], [0.0, 209.10723823301933], [0.0, 9.10723823301933]], [[189.1072382330193, 209.1072382330193], [189.1072382330193, 489.1072382330193], [9.107238233019302, 489.1072382330193], [9.107238233019302, 209.1072382330193], [189.1072382330193, 209.1072382330193]], [[9.107238233019302, 489.1072382330193], [289.1072382330193, 489.1072382330193], [149.1072382330193, 629.1072382330193], [9.107238233019302, 489.1072382330193]], [[465.8331849708588, 0.0], [465.8331849708588, 180.0], [185.83318497085878, 0.0], [465.8331849708588, 0.0]], [[398.27679004931656, 380.0], [678.2767900493166, 380.0], [678.2767900493166, 660.0], [398.27679004931656, 660.0], [398.27679004931656, 380.0]], [[200.0, 94.3080248767086], [400.0, 174.3080248767086], [400.0, 274.3080248767086], [200.0, 274.3080248767086], [200.0, 94.3080248767086]], [[589.1072382330193, 660.0], [589.1072382330193, 760.0], [409.1072382330193, 760.0], [409.1072382330193, 660.0], [589.1072382330193, 660.0]], [[280.0, 760.0], [0.0, 760.0], [0.0, 480.0], [280.0, 760.0]], [[398.27679004931656, 380.0], [398.27679004931656, 180.0], [598.2767900493166, 180.0], [678.2767900493166, 380.0], [398.27679004931656, 380.0]], [[465.8331849708588, 0.0], [625.8331849708588, 80.0], [465.8331849708588, 160.0], [465.8331849708588, 0.0]], [[398.2144764660386, 480.0], [398.2144764660386, 760.0], [158.2144764660386, 620.0], [398.2144764660386, 480.0]]]"
Thu Jul 23 00:59:46 2020,2,1,True,685.0595579498097,0.8320444454579241,"[0, 0, 1, 1, 1, 0, 1, 0, 1, 1, 0, 2]","[[[180.0, 480.0], [380.0, 480.0], [380.0, 680.0], [180.0, 680.0], [180.0, 480.0]], [[485.0595579498097, 0.0], [685.0595579498097, 0.0], [685.0595579498097, 200.0], [485.0595579498097, 200.0], [485.0595579498097, 0.0]], [[180.0, 480.0], [180.0, 760.0], [0.0, 760.0], [0.0, 480.0], [180.0, 480.0]], [[674.2857142857143, 380.0], [674.2857142857143, 660.0], [534.2857142857143, 520.0], [674.2857142857143, 380.0]], [[380.0, 480.0], [560.0, 480.0], [380.0, 760.0], [380.0, 480.0]], [[280.0, 200.0], [560.0, 200.0], [560.0, 480.0], [280.0, 480.0], [280.0, 200.0]], [[180.0, 180.0], [100.0, 380.0], [0.0, 380.0], [0.0, 180.0], [180.0, 180.0]], [[0.0, 0.0], [100.0, 0.0], [100.0, 180.0], [0.0, 180.0], [0.0, 0.0]], [[280.0, 200.0], [280.0, 480.0], [0.0, 480.0], [280.0, 200.0]], [[468.0, 0.0], [468.0, 200.0], [268.0, 200.0], [188.0, 0.0], [468.0, 0.0]], [[100.0, 180.0], [180.0, 20.0], [260.0, 180.0], [100.0, 180.0]], [[674.2857142857143, 760.0], [394.28571428571433, 760.0], [534.2857142857143, 520.0], [674.2857142857143, 760.0]]]"
Thu Jul 23 00:59:49 2020,2,0,True,657.6571756318173,0.8667129640186709,"[0, 0, 1, 1, 1, 0, 1, 0, 1, 1, 0, 2]","[[[180.0, 480.0], [380.0, 480.0], [380.0, 680.0], [180.0, 680.0], [180.0, 480.0]], [[457.65717563181727, 0.0], [657.6571756318173, 0.0], [657.6571756318173, 200.0], [457.65717563181727, 200.0], [457.65717563181727, 0.0]], [[180.0, 480.0], [180.0, 760.0], [0.0, 760.0], [0.0, 480.0], [180.0, 480.0]], [[657.657175631817, 380.0], [657.657175631817, 660.0], [517.657175631817, 520.0], [657.657175631817, 380.0]], [[0.0, 200.0], [180.0, 200.0], [0.0, 480.0], [0.0, 200.0]], [[277.65717563181704, 200.0], [557.657175631817, 200.0], [557.657175631817, 480.0], [277.65717563181704, 480.0], [277.65717563181704, 200.0]], [[180.0, 0.0], [100.0, 200.0], [0.0, 200.0], [0.0, 0.0], [180.0, 0.0]], [[557.6571756318173, 200.0], [657.6571756318173, 200.0], [657.6571756318173, 380.0], [557.6571756318173, 380.0], [557.6571756318173, 200.0]], [[280.0, 200.0], [280.0, 480.0], [0.0, 480.0], [280.0, 200.0]], [[460.0, 0.0], [460.0, 200.0], [260.0, 200.0], [180.0, 0.0], [460.0, 0.0]], [[100.0, 200.0], [180.0, 40.0], [260.0, 200.0], [100.0, 200.0]], [[657.657175631817, 760.0], [377.65717563181704, 760.0], [517.657175631817, 520.0], [657.657175631817, 760.0]]]"
Thu Jul 23 01:01:37 2020,2,5,True,664.2337473881355,0.8581316475432385,"[0, 0, 1, 0, 1, 0, 0, 0, 1, 1, 1, 1]","[[[0.0, 280.0], [200.0, 280.0], [200.0, 480.0], [0.0, 480.0], [0.0, 280.0]], [[200.0, 180.0], [400.0, 180.0], [400.0, 380.0], [200.0, 380.0], [200.0, 180.0]], [[180.0, 0.0], [180.0, 280.0], [0.0, 280.0], [0.0, 0.0], [180.0, 0.0]], [[200.0, 380.0], [480.0, 380.0], [340.0, 520.0], [200.0, 380.0]], [[100.0, 480.0], [280.0, 480.0], [100.0, 760.0], [100.0, 480.0]], [[384.2337473881355, 480.0], [664.2337473881355, 480.0], [664.2337473881355, 760.0], [384.2337473881355, 760.0], [384.2337473881355, 480.0]], [[180.0, 0.0], [380.0, 80.0], [380.0, 180.0], [180.0, 180.0], [180.0, 0.0]], [[0.0, 480.0], [100.0, 480.0], [100.0, 660.0], [0.0, 660.0], [0.0, 480.0]], [[384.2337473881355, 480.0], [384.2337473881355, 760.0], [104.2337473881355, 760.0], [384.2337473881355, 480.0]], [[642.085359381598, 5.684341886080802e-14], [642.085359381598, 200.00000000000006], [442.085359381598, 200.00000000000006], [362.085359381598, 5.684341886080802e-14], [642.085359381598, 5.684341886080802e-14]], [[400.0, 178.95732030920107], [560.0, 258.95732030920107], [400.0, 338.95732030920107], [400.0, 178.95732030920107]], [[664.2337473881355, 198.1543009994553], [664.2337473881355, 478.1543009994553], [424.2337473881355, 338.1543009994553], [664.2337473881355, 198.1543009994553]]]"
Thu Jul 23 01:02:37 2020,2,3,True,670.8760848620169,0.8496352945972658,"[0, 0, 0, 0, 1, 0, 3, 0, 2, 3, 0, 0]","[[[180.0, 200.0], [380.0, 200.0], [380.0, 400.0], [180.0, 400.0], [180.0, 200.0]], [[140.0, 0.0], [340.0, 0.0], [340.0, 200.0], [140.0, 200.0], [140.0, 0.0]], [[357.6643974926101, 0.0], [637.6643974926101, 0.0], [637.6643974926101, 180.0], [357.6643974926101, 180.0], [357.6643974926101, 0.0]], [[120.0, 600.0], [400.0, 600.0], [260.0, 740.0], [120.0, 600.0]], [[0.0, 200.0], [180.0, 200.0], [0.0, 480.0], [0.0, 200.0]], [[380.0, 180.0], [660.0, 180.0], [660.0, 460.0], [380.0, 460.0], [380.0, 180.0]], [[490.8760848620169, 760.0], [570.8760848620169, 560.0], [670.8760848620169, 560.0], [670.8760848620169, 760.0], [490.8760848620169, 760.0]], [[0.0, 0.0], [100.0, 0.0], [100.0, 180.0], [0.0, 180.0], [0.0, 0.0]], [[280.0, 760.0], [0.0, 760.0], [0.0, 480.0], [280.0, 760.0]], [[125.20941819535022, 600.0], [125.20941819535022, 400.0], [325.2094181953502, 400.0], [405.2094181953502, 600.0], [125.20941819535022, 600.0]], [[320.0, 760.0], [400.0, 600.0], [480.0, 760.0], [320.0, 760.0]], [[349.2094181953502, 460.0], [629.2094181953503, 460.0], [489.2094181953502, 700.0], [349.2094181953502, 460.0]]]"
Thu Jul 23 01:03:24 2020,2,3,True,677.5848457106371,0.8412230639576889,"[0, 0, 1, 2, 0, 0, 1, 1, 0, 3, 1, 1]","[[[444.04104146753616, 560.0], [644.0410414675362, 560.0], [644.0410414675362, 760.0], [444.04104146753616, 760.0], [444.04104146753616, 560.0]], [[27.996923561076443, 200.0], [227.99692356107644, 200.0], [227.99692356107644, 400.0], [27.996923561076443, 400.0], [27.996923561076443, 200.0]], [[644.0410414675362, 0.0], [644.0410414675362, 280.0], [464.04104146753616, 280.0], [464.04104146753616, 0.0], [644.0410414675362, 0.0]], [[380.0, 200.0], [100.0, 200.0], [240.0, 60.0], [380.0, 200.0]], [[0.0, 562.0019777107366], [0.0, 382.0019777107366], [280.0, 562.0019777107366], [0.0, 562.0019777107366]], [[387.9969235610764, 280.0], [667.9969235610764, 280.0], [667.9969235610764, 560.0], [387.9969235610764, 560.0], [387.9969235610764, 280.0]], [[180.0, 0.0], [100.0, 200.0], [0.0, 200.0], [0.0, 0.0], [180.0, 0.0]], [[444.04104146753616, 602.4575406254187], [444.04104146753616, 702.4575406254187], [264.04104146753616, 702.4575406254187], [264.04104146753616, 602.4575406254187], [444.04104146753616, 602.4575406254187]], [[184.04104146753616, 0.0], [464.04104146753616, 0.0], [464.04104146753616, 280.0], [184.04104146753616, 0.0]], [[0.0, 760.0], [0.0, 560.0], [200.0, 560.0], [280.0, 760.0], [0.0, 760.0]], [[227.99692356107644, 200.0], [387.9969235610764, 280.0], [227.99692356107644, 360.0], [227.99692356107644, 200.0]], [[363.1425546290376, 321.1650485436893], [363.1425546290376, 601.1650485436893], [123.14255462903759, 461.1650485436893], [363.1425546290376, 321.1650485436893]]]"
Thu Jul 23 01:03:25 2020,2,0,True,650.4814518822116,0.8762740249559259,"[0, 0, 1, 2, 0, 0, 1, 1, 0, 3, 2, 1]","[[[444.04104146753616, 560.0], [644.0410414675362, 560.0], [644.0410414675362, 760.0], [444.04104146753616, 760.0], [444.04104146753616, 560.0]], [[24.04104146753616, 200.0], [224.04104146753616, 200.0], [224.04104146753616, 400.0], [24.04104146753616, 400.0], [24.04104146753616, 200.0]], [[644.0410414675362, 0.0], [644.0410414675362, 280.0], [464.04104146753616, 280.0], [464.04104146753616, 0.0], [644.0410414675362, 0.0]], [[380.0, 200.0], [100.0, 200.0], [240.0, 60.0], [380.0, 200.0]], [[0.0, 562.0019777107366], [0.0, 382.0019777107366], [280.0, 562.0019777107366], [0.0, 562.0019777107366]], [[370.48145188221156, 280.0], [650.4814518822116, 280.0], [650.4814518822116, 560.0], [370.48145188221156, 560.0], [370.48145188221156, 280.0]], [[180.0, 0.0], [100.0, 200.0], [0.0, 200.0], [0.0, 0.0], [180.0, 0.0]], [[444.04104146753616, 602.4575406254187], [444.04104146753616, 702.4575406254187], [264.04104146753616, 702.4575406254187], [264.04104146753616, 602.4575406254187], [444.04104146753616, 602.4575406254187]], [[184.04104146753616, 0.0], [464.04104146753616, 0.0], [464.04104146753616, 280.0], [184.04104146753616, 0.0]], [[0.0, 760.0], [0.0, 560.0], [200.0, 560.0], [280.0, 760.0], [0.0, 760.0]], [[384.04104146753616, 200.0], [304.04104146753616, 360.0], [224.04104146753616, 200.0], [384.04104146753616, 200.0]], [[368.3995432525327, 322.4575406254187], [368.3995432525327, 602.4575406254187], [128.39954325253268, 462.4575406254187], [368.3995432525327, 322.4575406254187]]]"
Thu Jul 23 01:03:59 2020,2,1,True,656.9862664010337,0.8675980445108177,"[0, 0, 1, 0, 0, 0, 0, 0, 0, 1, 0, 1]","[[[0.0, 0.0], [200.0, 0.0], [200.0, 200.0], [0.0, 200.0], [0.0, 0.0]], [[0.0, 200.0], [200.0, 200.0], [200.0, 400.0], [0.0, 400.0], [0.0, 200.0]], [[656.9862664010337, 0.0], [656.9862664010337, 280.0], [476.98626640103373, 280.0], [476.98626640103373, 0.0], [656.9862664010337, 0.0]], [[100.0, 580.0], [380.0, 580.0], [240.0, 720.0], [100.0, 580.0]], [[376.98626640103373, 560.0], [376.98626640103373, 380.0], [656.9862664010337, 560.0], [376.98626640103373, 560.0]], [[200.0, 0.0], [480.0, 0.0], [480.0, 280.0], [200.0, 280.0], [200.0, 0.0]], [[11.115389944924573, 400.0], [211.11538994492457, 480.0], [211.11538994492457, 580.0], [11.115389944924573, 580.0], [11.115389944924573, 400.0]], [[0.0, 580.0], [100.0, 580.0], [100.0, 760.0], [0.0, 760.0], [0.0, 580.0]], [[376.98626640103373, 280.0], [656.9862664010337, 280.0], [656.9862664010337, 560.0], [376.98626640103373, 280.0]], [[656.9862664010337, 560.0], [656.9862664010337, 760.0], [456.98626640103373, 760.0], [376.98626640103373, 560.0], [656.9862664010337, 560.0]], [[280.0, 760.0], [360.0, 600.0], [440.0, 760.0], [280.0, 760.0]], [[376.98626640103373, 296.7580112660637], [376.98626640103373, 576.7580112660637], [136.98626640103373, 436.7580112660637], [376.98626640103373, 296.7580112660637]]]"
Thu Jul 23 01:04:42 2020,2,3,True,663.556129065044,0.8590079648621958,"[0, 0, 1, 2, 3, 0, 3, 1, 3, 0, 2, 1]","[[[460.0, 560.0], [660.0, 560.0], [660.0, 760.0], [460.0, 760.0], [460.0, 560.0]], [[0.0, 121.66666666666652], [200.0, 121.66666666666652], [200.0, 321.6666666666665], [0.0, 321.6666666666665], [0.0, 121.66666666666652]], [[460.0, 280.0], [460.0, 560.0], [280.0, 560.0], [280.0, 280.0], [460.0, 280.0]], [[280.0, 760.0], [0.0, 760.0], [140.0, 620.0], [280.0, 760.0]], [[662.8571428571428, 280.0], [482.8571428571428, 280.0], [662.8571428571428, 0.0], [662.8571428571428, 280.0]], [[200.0, 0.0], [480.0, 0.0], [480.0, 280.0], [200.0, 280.0], [200.0, 0.0]], [[280.0, 760.0], [360.0, 560.0], [460.0, 560.0], [460.0, 760.0], [280.0, 760.0]], [[180.0, 21.666666666666515], [180.0, 121.66666666666652], [0.0, 121.66666666666652], [0.0, 21.666666666666515], [180.0, 21.666666666666515]], [[0.0, 601.6666666666665], [0.0, 321.6666666666665], [280.0, 321.6666666666665], [0.0, 601.6666666666665]], [[460.0, 280.0], [660.0, 280.0], [660.0, 480.0], [460.0, 560.0], [460.0, 280.0]], [[640.0, 0.0], [560.0, 160.0], [480.0, 0.0], [640.0, 0.0]], [[279.99999999999983, 421.66666666666663], [279.99999999999983, 701.6666666666666], [39.99999999999983, 561.6666666666666], [279.99999999999983, 421.66666666666663]]]"
Thu Jul 23 01:05:10 2020,2,1,True,670.1916903556945,0.8505029355071245,"[0, 0, 1, 2, 1, 0, 2, 1, 1, 1, 0, 3]","[[[0.0, 0.0], [200.0, 0.0], [200.0, 200.0], [0.0, 200.0], [0.0, 0.0]], [[180.0, 280.0], [380.0, 280.0], [380.0, 480.0], [180.0, 480.0], [180.0, 280.0]], [[180.0, 480.0], [180.0, 760.0], [0.0, 760.0], [0.0, 480.0], [180.0, 480.0]], [[560.0, 760.0], [280.0, 760.0], [420.0, 620.0], [560.0, 760.0]], [[480.0, 0.0], [660.0, 0.0], [480.0, 280.0], [480.0, 0.0]], [[200.0, 0.0], [480.0, 0.0], [480.0, 280.0], [200.0, 280.0], [200.0, 0.0]], [[670.1916903556945, 749.8083096443055], [470.1916903556945, 669.8083096443055], [470.1916903556945, 569.8083096443055], [670.1916903556945, 569.8083096443055], [670.1916903556945, 749.8083096443055]], [[180.0, 380.0], [180.0, 480.0], [0.0, 480.0], [0.0, 380.0], [180.0, 380.0]], [[670.1916903556945, 89.8083096443055], [670.1916903556945, 369.8083096443055], [390.1916903556945, 369.8083096443055], [670.1916903556945, 89.8083096443055]], [[670.1916903556945, 369.8083096443055], [670.1916903556945, 569.8083096443055], [470.1916903556945, 569.8083096443055], [390.1916903556945, 369.8083096443055], [670.1916903556945, 369.8083096443055]], [[0.0, 360.0], [80.0, 200.0], [160.0, 360.0], [0.0, 360.0]], [[180.0, 760.0], [180.0, 480.0], [420.0, 620.0], [180.0, 760.0]]]"
Thu Jul 23 01:05:41 2020,2,1,True,676.8936072592514,0.8420821143634896,"[0, 0, 0, 0, 0, 0, 3, 1, 2, 0, 2, 1]","[[[476.89360725925144, 0.0], [676.8936072592514, 0.0], [676.8936072592514, 200.0], [476.89360725925144, 200.0], [476.89360725925144, 0.0]], [[0.0, 180.0], [200.0, 180.0], [200.0, 380.0], [0.0, 380.0], [0.0, 180.0]], [[396.89360725925144, 200.0], [676.8936072592514, 200.0], [676.8936072592514, 380.0], [396.89360725925144, 380.0], [396.89360725925144, 200.0]], [[77.77777777777777, 0.0], [357.77777777777777, 0.0], [217.77777777777777, 140.0], [77.77777777777777, 0.0]], [[0.0, 180.0], [0.0, 0.0], [280.0, 180.0], [0.0, 180.0]], [[396.89360725925144, 380.2525521381574], [676.8936072592514, 380.2525521381574], [676.8936072592514, 660.2525521381574], [396.89360725925144, 660.2525521381574], [396.89360725925144, 380.2525521381574]], [[277.77777777777777, 200.0], [357.77777777777777, 0.0], [457.77777777777777, 0.0], [457.77777777777777, 200.0], [277.77777777777777, 200.0]], [[676.8936072592514, 659.7987998656756], [676.8936072592514, 759.7987998656756], [496.89360725925144, 759.7987998656756], [496.89360725925144, 659.7987998656756], [676.8936072592514, 659.7987998656756]], [[280.0, 760.0], [0.0, 760.0], [0.0, 480.0], [280.0, 760.0]], [[196.89360725925144, 200.0], [396.89360725925144, 200.0], [396.89360725925144, 400.0], [196.89360725925144, 480.0], [196.89360725925144, 200.0]], [[197.59373794896015, 437.5937379489602], [117.59373794896017, 597.5937379489602], [37.59373794896017, 437.5937379489602], [197.59373794896015, 437.5937379489602]], [[357.59373794896015, 457.5937379489601], [357.59373794896015, 737.5937379489601], [117.59373794896015, 597.5937379489601], [357.59373794896015, 457.5937379489601]]]"
Thu Jul 23 01:06:11 2020,2,1,True,683.662543331844,0.8337446676866234,"[0, 0, 1, 1, 2, 0, 2, 1, 2, 0, 0, 1]","[[[275.71428571428567, 560.0], [475.71428571428567, 560.0], [475.71428571428567, 760.0], [275.71428571428567, 760.0], [275.71428571428567, 560.0]], [[475.71428571428567, 560.0], [675.7142857142857, 560.0], [675.7142857142857, 760.0], [475.71428571428567, 760.0], [475.71428571428567, 560.0]], [[180.0, 0.0], [180.0, 280.0], [0.0, 280.0], [0.0, 0.0], [180.0, 0.0]], [[679.7315093894001, 0.0], [679.7315093894001, 280.0], [539.7315093894001, 140.0], [679.7315093894001, 0.0]], [[460.0, 0.0], [460.0, 180.0], [180.0, 0.0], [460.0, 0.0]], [[399.7315093894001, 280.0], [679.7315093894001, 280.0], [679.7315093894001, 560.0], [399.7315093894001, 560.0], [399.7315093894001, 280.0]], [[400.0, 460.0], [200.0, 380.0], [200.0, 280.0], [400.0, 280.0], [400.0, 460.0]], [[180.0, 660.0], [180.0, 760.0], [0.0, 760.0], [0.0, 660.0], [180.0, 660.0]], [[460.0, 280.0], [180.0, 280.0], [180.0, 0.0], [460.0, 280.0]], [[0.0, 280.0], [200.0, 280.0], [200.0, 480.0], [0.0, 560.0], [0.0, 280.0]], [[429.86575469470006, 240.26849061059988], [509.86575469470006, 80.26849061059988], [589.8657546947001, 240.26849061059988], [429.86575469470006, 240.26849061059988]], [[275.71428571428567, 435.83333333333326], [275.71428571428567, 715.8333333333333], [35.714285714285666, 575.8333333333333], [275.71428571428567, 435.83333333333326]]]"
Thu Jul 23 01:06:19 2020,2,0,True,656.3160415985702,0.8684840288402327,"[0, 0, 1, 0, 0, 0, 1, 0, 3, 0, 1, 1]","[[[256.3160415985702, 560.0], [456.3160415985702, 560.0], [456.3160415985702, 760.0], [256.3160415985702, 760.0], [256.3160415985702, 560.0]], [[456.3160415985702, 560.0], [656.3160415985702, 560.0], [656.3160415985702, 760.0], [456.3160415985702, 760.0], [456.3160415985702, 560.0]], [[180.0, 0.0], [180.0, 280.0], [0.0, 280.0], [0.0, 0.0], [180.0, 0.0]], [[257.77777777777777, 0.0], [537.7777777777778, 0.0], [397.77777777777777, 140.0], [257.77777777777777, 0.0]], [[180.0, 180.0], [180.0, 0.0], [460.0, 180.0], [180.0, 180.0]], [[376.3160415985702, 280.0], [656.3160415985702, 280.0], [656.3160415985702, 560.0], [376.3160415985702, 560.0], [376.3160415985702, 280.0]], [[656.3160415985702, 61.461736179207605], [576.3160415985702, 261.4617361792076], [476.3160415985702, 261.4617361792076], [476.3160415985702, 61.461736179207605], [656.3160415985702, 61.461736179207605]], [[276.3160415985702, 380.0], [376.3160415985702, 380.0], [376.3160415985702, 560.0], [276.3160415985702, 560.0], [276.3160415985702, 380.0]], [[196.31604159857022, 460.0], [196.31604159857022, 180.0], [476.3160415985702, 180.0], [196.31604159857022, 460.0]], [[0.0, 280.0], [200.0, 280.0], [200.0, 480.0], [0.0, 560.0], [0.0, 280.0]], [[0.0, 600.0], [160.0, 680.0], [0.0, 760.0], [0.0, 600.0]], [[248.57142857142864, 451.66666666666674], [248.57142857142864, 731.6666666666667], [8.57142857142864, 591.6666666666667], [248.57142857142864, 451.66666666666674]]]"
Thu Jul 23 01:06:47 2020,2,1,True,662.879202014556,0.8598851770695373,"[0, 0, 0, 1, 3, 0, 1, 1, 3, 3, 2, 2]","[[[0.0, 0.0], [200.0, 0.0], [200.0, 200.0], [0.0, 200.0], [0.0, 0.0]], [[206.94776620790407, 0.0], [406.94776620790407, 0.0], [406.94776620790407, 200.0], [206.94776620790407, 200.0], [206.94776620790407, 0.0]], [[382.879202014556, 300.0], [662.879202014556, 300.0], [662.879202014556, 480.0], [382.879202014556, 480.0], [382.879202014556, 300.0]], [[662.879202014556, 20.0], [662.879202014556, 300.0], [522.879202014556, 160.0], [662.879202014556, 20.0]], [[375.0, 580.0], [195.0, 580.0], [375.0, 300.0], [375.0, 580.0]], [[382.879202014556, 480.0], [662.879202014556, 480.0], [662.879202014556, 760.0], [382.879202014556, 760.0], [382.879202014556, 480.0]], [[586.9477662079041, 0.0], [506.94776620790407, 200.0], [406.94776620790407, 200.0], [406.94776620790407, 0.0], [586.9477662079041, 0.0]], [[546.9477662079041, 200.0], [546.9477662079041, 300.0], [366.9477662079041, 300.0], [366.9477662079041, 200.0], [546.9477662079041, 200.0]], [[0.0, 680.0], [0.0, 400.0], [280.0, 400.0], [0.0, 680.0]], [[0.0, 400.0], [0.0, 200.0], [200.0, 200.0], [280.0, 400.0], [0.0, 400.0]], [[366.94776620790407, 200.0], [286.94776620790407, 360.0], [206.94776620790407, 200.0], [366.94776620790407, 200.0]], [[300.0, 760.0], [20.0, 760.0], [160.0, 520.0], [300.0, 760.0]]]"
Thu Jul 23 01:07:02 2020,2,1,True,669.5079940347015,0.8513714624450864,"[0, 0, 1, 1, 3, 0, 1, 0, 3, 0, 0, 2]","[[[0.0, 0.0], [200.0, 0.0], [200.0, 200.0], [0.0, 200.0], [0.0, 0.0]], [[200.0, 0.0], [400.0, 0.0], [400.0, 200.0], [200.0, 200.0], [200.0, 0.0]], [[180.0, 200.0], [180.0, 480.0], [0.0, 480.0], [0.0, 200.0], [180.0, 200.0]], [[389.5079940347015, 480.0], [389.5079940347015, 760.0], [249.50799403470148, 620.0], [389.5079940347015, 480.0]], [[460.0, 480.0], [280.0, 480.0], [460.0, 200.0], [460.0, 480.0]], [[389.5079940347015, 480.0], [669.5079940347015, 480.0], [669.5079940347015, 760.0], [389.5079940347015, 760.0], [389.5079940347015, 480.0]], [[580.0, 0.0], [500.0, 200.0], [400.0, 200.0], [400.0, 0.0], [580.0, 0.0]], [[0.0, 496.2994183452025], [100.0, 496.2994183452025], [100.0, 676.2994183452025], [0.0, 676.2994183452025], [0.0, 496.2994183452025]], [[180.0, 480.0], [180.0, 200.0], [460.0, 200.0], [180.0, 480.0]], [[460.0, 200.0], [660.0, 200.0], [660.0, 400.0], [460.0, 480.0], [460.0, 200.0]], [[500.0, 200.0], [580.0, 40.0], [660.0, 200.0], [500.0, 200.0]], [[331.17466070136817, 760.0], [51.17466070136817, 760.0], [191.17466070136817, 520.0], [331.17466070136817, 760.0]]]"
Thu Jul 23 01:07:16 2020,2,1,True,676.2030739750485,0.842942042024838,"[0, 0, 1, 1, 3, 0, 1, 1, 3, 2, 2, 3]","[[[0.0, 0.0], [200.0, 0.0], [200.0, 200.0], [0.0, 200.0], [0.0, 0.0]], [[373.83721913095246, 117.27232572668663], [573.8372191309525, 117.27232572668663], [573.8372191309525, 317.27232572668663], [373.83721913095246, 317.27232572668663], [373.83721913095246, 117.27232572668663]], [[180.0, 200.0], [180.0, 480.0], [0.0, 480.0], [0.0, 200.0], [180.0, 200.0]], [[373.83721913095235, 106.1627808690476], [373.83721913095235, 386.1627808690476], [233.83721913095235, 246.1627808690476], [373.83721913095235, 106.1627808690476]], [[649.2265713838225, 480.0], [469.2265713838225, 480.0], [649.2265713838225, 200.0], [649.2265713838225, 480.0]], [[362.72767427331337, 480.0], [642.7276742733134, 480.0], [642.7276742733134, 760.0], [362.72767427331337, 760.0], [362.72767427331337, 480.0]], [[180.0, 480.0], [100.0, 680.0], [0.0, 680.0], [0.0, 480.0], [180.0, 480.0]], [[642.7276742733134, 17.27232572668663], [642.7276742733134, 117.27232572668663], [462.72767427331337, 117.27232572668663], [462.72767427331337, 17.27232572668663], [642.7276742733134, 17.27232572668663]], [[199.99999999999997, 280.0], [199.99999999999997, 0.0], [480.0, 0.0], [199.99999999999997, 280.0]], [[362.72767427331337, 760.0], [162.72767427331337, 760.0], [162.72767427331337, 560.0], [362.72767427331337, 480.0], [362.72767427331337, 760.0]], [[533.4544651453373, 320.0], [453.45446514533734, 480.0], [373.45446514533734, 320.0], [533.4544651453373, 320.0]], [[179.99999999999997, 553.0910697093253], [179.99999999999997, 273.0910697093253], [420.0, 413.0910697093253], [179.99999999999997, 553.0910697093253]]]"
Thu Jul 23 01:07:16 2020,2,0,True,649.1549510160465,0.8780646271092063,"[0, 0, 1, 1, 3, 0, 1, 1, 3, 2, 2, 3]","[[[0.0, 0.0], [200.0, 0.0], [200.0, 200.0], [0.0, 200.0], [0.0, 0.0]], [[373.83721913095246, 117.27232572668663], [573.8372191309525, 117.27232572668663], [573.8372191309525, 317.27232572668663], [373.83721913095246, 317.27232572668663], [373.83721913095246, 117.27232572668663]], [[180.0, 200.0], [180.0, 480.0], [0.0, 480.0], [0.0, 200.0], [180.0, 200.0]], [[373.83721913095235, 106.1627808690476], [373.83721913095235, 386.1627808690476], [233.83721913095235, 246.1627808690476], [373.83721913095235, 106.1627808690476]], [[649.1549510160465, 480.1114094609849], [469.15495101604654, 480.1114094609849], [649.1549510160465, 200.11140946098487], [649.1549510160465, 480.1114094609849]], [[362.72767427331337, 480.0], [642.7276742733134, 480.0], [642.7276742733134, 760.0], [362.72767427331337, 760.0], [362.72767427331337, 480.0]], [[180.0, 480.0], [100.0, 680.0], [0.0, 680.0], [0.0, 480.0], [180.0, 480.0]], [[642.7276742733134, 17.27232572668663], [642.7276742733134, 117.27232572668663], [462.72767427331337, 117.27232572668663], [462.72767427331337, 17.27232572668663], [642.7276742733134, 17.27232572668663]], [[199.99999999999997, 280.0], [199.99999999999997, 0.0], [480.0, 0.0], [199.99999999999997, 280.0]], [[362.72767427331337, 760.0], [162.72767427331337, 760.0], [162.72767427331337, 560.0], [362.72767427331337, 480.0], [362.72767427331337, 760.0]], [[533.4544651453373, 320.0], [453.45446514533734, 480.0], [373.45446514533734, 320.0], [533.4544651453373, 320.0]], [[179.9999999999999, 553.0910697093253], [179.9999999999999, 273.0910697093253], [419.9999999999999, 413.0910697093253], [179.9999999999999, 553.0910697093253]]]"
Thu Jul 23 01:07:46 2020,2,1,True,655.646500526207,0.8693709179299073,"[0, 0, 1, 3, 3, 0, 2, 0, 2, 2, 1, 1]","[[[200.0, 0.0], [400.0, 0.0], [400.0, 200.0], [200.0, 200.0], [200.0, 0.0]], [[0.0, 0.0], [200.0, 0.0], [200.0, 200.0], [0.0, 200.0], [0.0, 0.0]], [[180.0, 200.0], [180.0, 480.0], [0.0, 480.0], [0.0, 200.0], [180.0, 200.0]], [[480.0, 402.72449880983817], [480.0, 122.72449880983817], [620.0, 262.72449880983817], [480.0, 402.72449880983817]], [[655.646500526207, 477.88322140367814], [475.646500526207, 477.88322140367814], [655.646500526207, 197.88322140367814], [655.646500526207, 477.88322140367814]], [[366.7297287210415, 477.88322140367814], [646.7297287210415, 477.88322140367814], [646.7297287210415, 757.8832214036781], [366.7297287210415, 757.8832214036781], [366.7297287210415, 477.88322140367814]], [[623.1887529754046, 180.0], [423.18875297540455, 100.0], [423.18875297540455, 0.0], [623.1887529754046, 0.0], [623.1887529754046, 180.0]], [[180.0, 200.0], [280.0, 200.0], [280.0, 380.0], [180.0, 380.0], [180.0, 200.0]], [[280.0, 760.0], [0.0, 760.0], [0.0, 480.0], [280.0, 760.0]], [[480.0, 448.0], [280.0, 448.0], [280.0, 248.0], [480.0, 168.0], [480.0, 448.0]], [[180.0, 402.3220704749824], [340.0, 482.3220704749824], [180.0, 562.3220704749824], [180.0, 402.3220704749824]], [[366.7297287210415, 466.7297287210415], [366.7297287210415, 746.7297287210415], [126.72972872104151, 606.7297287210415], [366.7297287210415, 466.7297287210415]]]"
Thu Jul 23 01:08:16 2020,2,1,True,662.2029655314691,0.860763285079116,"[0, 0, 1, 0, 0, 0, 0, 0, 0, 1, 1, 1]","[[[0.0, 280.0], [200.0, 280.0], [200.0, 480.0], [0.0, 480.0], [0.0, 280.0]], [[462.2029655314691, 17.79703446853091], [662.2029655314691, 17.79703446853091], [662.2029655314691, 217.7970344685309], [462.2029655314691, 217.7970344685309], [462.2029655314691, 17.79703446853091]], [[180.0, 0.0], [180.0, 280.0], [0.0, 280.0], [0.0, 0.0], [180.0, 0.0]], [[180.0, 199.7388792569909], [460.0, 199.7388792569909], [320.0, 339.7388792569909], [180.0, 199.7388792569909]], [[0.0, 760.0], [0.0, 580.0], [280.0, 760.0], [0.0, 760.0]], [[279.6361035529512, 480.0], [559.6361035529512, 480.0], [559.6361035529512, 760.0], [279.6361035529512, 760.0], [279.6361035529512, 480.0]], [[200.0, 291.7388792569909], [400.0, 371.7388792569909], [400.0, 471.7388792569909], [200.0, 471.7388792569909], [200.0, 291.7388792569909]], [[559.6361035529512, 538.3333333333333], [659.6361035529512, 538.3333333333333], [659.6361035529512, 718.3333333333333], [559.6361035529512, 718.3333333333333], [559.6361035529512, 538.3333333333333]], [[0.0, 480.0], [280.0, 480.0], [280.0, 760.0], [0.0, 480.0]], [[460.0, 0.0], [460.0, 200.0], [260.0, 200.0], [180.0, 0.0], [460.0, 0.0]], [[448.69555170279637, 211.04332755419455], [608.6955517027964, 291.04332755419455], [448.69555170279637, 371.04332755419455], [448.69555170279637, 211.04332755419455]], [[662.2029655314691, 259.83066948746875], [662.2029655314691, 539.8306694874688], [422.2029655314691, 399.83066948746875], [662.2029655314691, 259.83066948746875]]]"
Thu Jul 23 01:10:11 2020,2,3,True,668.8249951867838,0.8522408763159565,"[0, 0, 1, 3, 1, 0, 0, 1, 1, 0, 2, 2]","[[[0.0, 280.0], [200.0, 280.0], [200.0, 480.0], [0.0, 480.0], [0.0, 280.0]], [[268.8249951867838, 516.3530529732619], [468.8249951867838, 516.3530529732619], [468.8249951867838, 716.3530529732619], [268.8249951867838, 716.3530529732619], [268.8249951867838, 516.3530529732619]], [[180.0, 0.0], [180.0, 280.0], [0.0, 280.0], [0.0, 0.0], [180.0, 0.0]], [[200.0, 560.0], [200.0, 280.0], [340.0, 420.0], [200.0, 560.0]], [[0.0, 480.0], [180.0, 480.0], [0.0, 760.0], [0.0, 480.0]], [[180.0, 0.0], [460.0, 0.0], [460.0, 280.0], [180.0, 280.0], [180.0, 0.0]], [[468.8249951867838, 575.5299980747136], [668.8249951867838, 655.5299980747136], [668.8249951867838, 755.5299980747136], [468.8249951867838, 755.5299980747136], [468.8249951867838, 575.5299980747136]], [[660.0, 480.0], [660.0, 580.0], [480.0, 580.0], [480.0, 480.0], [660.0, 480.0]], [[668.5310173434684, 200.0], [668.5310173434684, 480.0], [388.5310173434684, 480.0], [668.5310173434684, 200.0]], [[468.8249951867838, 0.0], [668.8249951867838, 0.0], [668.8249951867838, 200.0], [468.8249951867838, 280.0], [468.8249951867838, 0.0]], [[508.5310173434684, 280.0], [428.5310173434684, 440.0], [348.5310173434684, 280.0], [508.5310173434684, 280.0]], [[294.28571428571433, 760.0], [14.285714285714334, 760.0], [154.28571428571433, 520.0], [294.28571428571433, 760.0]]]"
Thu Jul 23 01:10:43 2020,2,1,True,675.5132451386517,0.8438028478375806,"[0, 0, 1, 2, 1, 0, 1, 0, 1, 1, 0, 2]","[[[0.0, 280.0], [200.0, 280.0], [200.0, 480.0], [0.0, 480.0], [0.0, 280.0]], [[473.13848853266916, 344.48675486134835], [673.1384885326692, 344.48675486134835], [673.1384885326692, 544.4867548613483], [473.13848853266916, 544.4867548613483], [473.13848853266916, 344.48675486134835]], [[180.0, 0.0], [180.0, 280.0], [0.0, 280.0], [0.0, 0.0], [180.0, 0.0]], [[673.1384885326693, 760.0], [393.13848853266927, 760.0], [533.1384885326693, 620.0], [673.1384885326693, 760.0]], [[460.0, 0.0], [640.0, 0.0], [460.0, 280.0], [460.0, 0.0]], [[180.0, 0.0], [460.0, 0.0], [460.0, 280.0], [180.0, 280.0], [180.0, 0.0]], [[380.0, 280.0], [300.0, 480.0], [200.0, 480.0], [200.0, 280.0], [380.0, 280.0]], [[0.0, 476.80883748457563], [100.0, 476.80883748457563], [100.0, 656.8088374845756], [0.0, 656.8088374845756], [0.0, 476.80883748457563]], [[675.5132451386517, 64.48675486134835], [675.5132451386517, 344.48675486134835], [395.51324513865165, 344.48675486134835], [675.5132451386517, 64.48675486134835]], [[473.13848853266916, 480.0], [473.13848853266916, 680.0], [273.13848853266916, 680.0], [193.13848853266916, 480.0], [473.13848853266916, 480.0]], [[300.0, 480.0], [380.0, 320.0], [460.0, 480.0], [300.0, 480.0]], [[319.8051551993358, 760.0], [39.805155199335786, 760.0], [179.8051551993358, 520.0], [319.8051551993358, 760.0]]]"
Thu Jul 23 01:11:03 2020,2,1,True,682.2683775900382,0.8354483641956244,"[0, 0, 1, 0, 1, 0, 3, 1, 2, 3, 1, 1]","[[[460.0, 100.0], [660.0, 100.0], [660.0, 300.0], [460.0, 300.0], [460.0, 100.0]], [[0.0, 280.0], [200.0, 280.0], [200.0, 480.0], [0.0, 480.0], [0.0, 280.0]], [[180.0, 0.0], [180.0, 280.0], [0.0, 280.0], [0.0, 0.0], [180.0, 0.0]], [[228.57142857142856, 480.0], [508.57142857142856, 480.0], [368.57142857142856, 620.0], [228.57142857142856, 480.0]], [[0.0, 480.0], [180.0, 480.0], [0.0, 760.0], [0.0, 480.0]], [[180.0, 0.0], [460.0, 0.0], [460.0, 280.0], [180.0, 280.0], [180.0, 0.0]], [[48.57142857142856, 760.0], [128.57142857142856, 560.0], [228.57142857142856, 560.0], [228.57142857142856, 760.0], [48.57142857142856, 760.0]], [[645.9875119996094, 0.0], [645.9875119996094, 100.0], [465.9875119996094, 100.0], [465.9875119996094, 0.0], [645.9875119996094, 0.0]], [[508.57142857142856, 760.0], [228.57142857142856, 760.0], [228.57142857142856, 480.0], [508.57142857142856, 760.0]], [[200.0, 480.0], [200.0, 280.0], [400.0, 280.0], [480.0, 480.0], [200.0, 480.0]], [[508.57142857142856, 368.58454744448227], [668.5714285714286, 448.58454744448227], [508.57142857142856, 528.5845474444823], [508.57142857142856, 368.58454744448227]], [[625.954830294833, 480.0], [625.954830294833, 760.0], [385.95483029483296, 620.0], [625.954830294833, 480.0]]]"
Thu Jul 23 01:11:07 2020,2,1,True,689.0910613659386,0.8271765982134895,"[0, 0, 1, 0, 1, 0, 3, 1, 2, 3, 0, 1]","[[[0.0, 280.0], [200.0, 280.0], [200.0, 480.0], [0.0, 480.0], [0.0, 280.0]], [[460.0, 100.0], [660.0, 100.0], [660.0, 300.0], [460.0, 300.0], [460.0, 100.0]], [[180.0, 0.0], [180.0, 280.0], [0.0, 280.0], [0.0, 0.0], [180.0, 0.0]], [[228.57142857142856, 480.0], [508.57142857142856, 480.0], [368.57142857142856, 620.0], [228.57142857142856, 480.0]], [[0.0, 480.0], [180.0, 480.0], [0.0, 760.0], [0.0, 480.0]], [[180.0, 0.0], [460.0, 0.0], [460.0, 280.0], [180.0, 280.0], [180.0, 0.0]], [[48.57142857142856, 760.0], [128.57142857142856, 560.0], [228.57142857142856, 560.0], [228.57142857142856, 760.0], [48.57142857142856, 760.0]], [[645.9875119996094, 0.0], [645.9875119996094, 100.0], [465.9875119996094, 100.0], [465.9875119996094, 0.0], [645.9875119996094, 0.0]], [[508.57142857142856, 760.0], [228.57142857142856, 760.0], [228.57142857142856, 480.0], [508.57142857142856, 760.0]], [[199.99999999999994, 480.0], [199.99999999999994, 280.0], [399.99999999999994, 280.0], [479.99999999999994, 480.0], [199.99999999999994, 480.0]], [[472.0, 460.0], [552.0, 300.0], [632.0, 460.0], [472.0, 460.0]], [[608.5714285714284, 480.0], [608.5714285714284, 760.0], [368.57142857142844, 620.0], [608.5714285714284, 480.0]]]"
Thu Jul 23 01:11:07 2020,2,0,True,661.527418911301,0.8616422898057183,"[0, 0, 1, 0, 1, 0, 3, 1, 2, 3, 0, 1]","[[[0.0, 280.0], [200.0, 280.0], [200.0, 480.0], [0.0, 480.0], [0.0, 280.0]], [[460.0, 100.0], [660.0, 100.0], [660.0, 300.0], [460.0, 300.0], [460.0, 100.0]], [[180.0, 0.0], [180.0, 280.0], [0.0, 280.0], [0.0, 0.0], [180.0, 0.0]], [[228.57142857142856, 480.0], [508.57142857142856, 480.0], [368.57142857142856, 620.0], [228.57142857142856, 480.0]], [[0.0, 480.0], [180.0, 480.0], [0.0, 760.0], [0.0, 480.0]], [[180.0, 0.0], [460.0, 0.0], [460.0, 280.0], [180.0, 280.0], [180.0, 0.0]], [[48.57142857142856, 760.0], [128.57142857142856, 560.0], [228.57142857142856, 560.0], [228.57142857142856, 760.0], [48.57142857142856, 760.0]], [[645.9875119996094, 0.0], [645.9875119996094, 100.0], [465.9875119996094, 100.0], [465.9875119996094, 0.0], [645.9875119996094, 0.0]], [[508.57142857142856, 760.0], [228.57142857142856, 760.0], [228.57142857142856, 480.0], [508.57142857142856, 760.0]], [[199.99999999999994, 480.0], [199.99999999999994, 280.0], [399.99999999999994, 280.0], [479.99999999999994, 480.0], [199.99999999999994, 480.0]], [[472.0, 460.0], [552.0, 300.0], [632.0, 460.0], [472.0, 460.0]], [[608.5714285714284, 480.0], [608.5714285714284, 760.0], [368.57142857142844, 620.0], [608.5714285714284, 480.0]]]"
Thu Jul 23 01:12:42 2020,2,5,False,668.142693100414,0.8531111780254635,"[0, 0, 1, 1, 1, 0, 0, 0, 0, 1, 0, 3]","[[[288.142693100414, 280.0], [488.142693100414, 280.0], [488.142693100414, 480.0], [288.142693100414, 480.0], [288.142693100414, 280.0]], [[468.142693100414, 0.0], [668.142693100414, 0.0], [668.142693100414, 200.0], [468.142693100414, 200.0], [468.142693100414, 0.0]], [[460.0, 0.0], [460.0, 280.0], [280.0, 280.0], [280.0, 0.0], [460.0, 0.0]], [[288.142693100414, 471.857306899586], [288.142693100414, 751.857306899586], [148.14269310041402, 611.857306899586], [288.142693100414, 471.857306899586]], [[488.142693100414, 195.55555555555554], [668.142693100414, 195.55555555555554], [488.142693100414, 475.55555555555554], [488.142693100414, 195.55555555555554]], [[288.142693100414, 480.0], [568.142693100414, 480.0], [568.142693100414, 760.0], [288.142693100414, 760.0], [288.142693100414, 480.0]], [[0.0, 580.0], [200.0, 660.0], [200.0, 760.0], [0.0, 760.0], [0.0, 580.0]], [[568.142693100414, 484.44444444444446], [668.142693100414, 484.44444444444446], [668.142693100414, 664.4444444444445], [568.142693100414, 664.4444444444445], [568.142693100414, 484.44444444444446]], [[0.0, 200.0], [280.0, 200.0], [280.0, 480.0], [0.0, 200.0]], [[280.0, 0.0], [280.0, 200.0], [80.0, 200.0], [0.0, 0.0], [280.0, 0.0]], [[508.142693100414, 480.0], [588.142693100414, 320.0], [668.142693100414, 480.0], [508.142693100414, 480.0]], [[0.0, 580.0], [0.0, 300.0], [240.0, 440.0], [0.0, 580.0]]]"
Thu Jul 23 01:12:56 2020,2,1,True,674.8241200314181,0.8446645326984789,"[0, 0, 1, 1, 2, 0, 1, 1, 3, 3, 0, 3]","[[[0.0, 560.0], [200.0, 560.0], [200.0, 760.0], [0.0, 760.0], [0.0, 560.0]], [[0.0, 360.0], [200.0, 360.0], [200.0, 560.0], [0.0, 560.0], [0.0, 360.0]], [[674.8241200314181, 380.0], [674.8241200314181, 660.0], [494.82412003141815, 660.0], [494.82412003141815, 380.0], [674.8241200314181, 380.0]], [[280.0, 0.0], [280.0, 280.0], [140.0, 140.0], [280.0, 0.0]], [[641.4169853763974, 0.0], [641.4169853763974, 180.0], [361.4169853763974, 0.0], [641.4169853763974, 0.0]], [[214.82412003141815, 480.0], [494.82412003141815, 480.0], [494.82412003141815, 760.0], [214.82412003141815, 760.0], [214.82412003141815, 480.0]], [[628.0000000000001, 182.0], [548.0000000000001, 382.0], [448.0000000000001, 382.0], [448.0000000000001, 182.0], [628.0000000000001, 182.0]], [[674.8241200314181, 660.0], [674.8241200314181, 760.0], [494.82412003141815, 760.0], [494.82412003141815, 660.0], [674.8241200314181, 660.0]], [[0.0, 280.0], [0.0, 0.0], [280.0, 0.0], [0.0, 280.0]], [[200.0, 480.0], [200.0, 280.0], [400.0, 280.0], [480.0, 480.0], [200.0, 480.0]], [[0.0, 360.0], [80.0, 200.0], [160.0, 360.0], [0.0, 360.0]], [[280.0, 280.0], [280.0, 0.0], [520.0, 140.0], [280.0, 280.0]]]"
Thu Jul 23 01:13:37 2020,2,3,True,681.5723612317323,0.8363015175232464,"[0, 0, 1, 1, 1, 0, 1, 1, 1, 0, 0, 0]","[[[250.9575274740306, 0.0], [450.9575274740306, 0.0], [450.9575274740306, 200.0], [250.9575274740306, 200.0], [250.9575274740306, 0.0]], [[50.9575274740306, 0.0], [250.9575274740306, 0.0], [250.9575274740306, 200.0], [50.9575274740306, 200.0], [50.9575274740306, 0.0]], [[180.0, 479.54939883575025], [180.0, 759.5493988357503], [0.0, 759.5493988357503], [0.0, 479.54939883575025], [180.0, 479.54939883575025]], [[681.5723612317323, 378.9319989444839], [681.5723612317323, 658.9319989444839], [541.5723612317323, 518.9319989444839], [681.5723612317323, 378.9319989444839]], [[450.9575274740306, 0.0], [630.9575274740306, 0.0], [450.9575274740306, 280.0], [450.9575274740306, 0.0]], [[180.0, 480.0], [460.0, 480.0], [460.0, 760.0], [180.0, 760.0], [180.0, 480.0]], [[380.0, 200.0], [300.0, 400.0], [200.0, 400.0], [200.0, 200.0], [380.0, 200.0]], [[640.0, 660.0], [640.0, 760.0], [460.0, 760.0], [460.0, 660.0], [640.0, 660.0]], [[681.5723612317323, 49.38516624229828], [681.5723612317323, 329.3851662422983], [401.5723612317323, 329.3851662422983], [681.5723612317323, 49.38516624229828]], [[0.0, 199.54939883575025], [200.0, 199.54939883575025], [200.0, 399.54939883575025], [0.0, 479.54939883575025], [0.0, 199.54939883575025]], [[260.2253005821249, 480.0], [340.2253005821249, 320.0], [420.2253005821249, 480.0], [260.2253005821249, 480.0]], [[372.141346974674, 329.38516624229817], [652.141346974674, 329.38516624229817], [512.141346974674, 569.3851662422982], [372.141346974674, 329.38516624229817]]]"
Thu Jul 23 01:13:38 2020,2,0,True,654.309466782463,0.871147414086715,"[0, 0, 1, 1, 1, 0, 1, 1, 1, 0, 0, 0]","[[[208.01517170151988, 0.0], [408.0151717015199, 0.0], [408.0151717015199, 200.0], [208.01517170151988, 200.0], [208.01517170151988, 0.0]], [[0.0, 0.0], [200.0, 0.0], [200.0, 200.0], [0.0, 200.0], [0.0, 0.0]], [[180.0, 479.54939883575025], [180.0, 759.5493988357503], [0.0, 759.5493988357503], [0.0, 479.54939883575025], [180.0, 479.54939883575025]], [[654.309466782463, 394.309466782463], [654.309466782463, 674.309466782463], [514.309466782463, 534.309466782463], [654.309466782463, 394.309466782463]], [[408.0151717015199, 0.0], [588.0151717015199, 0.0], [408.0151717015199, 280.0], [408.0151717015199, 0.0]], [[180.0, 480.0], [460.0, 480.0], [460.0, 760.0], [180.0, 760.0], [180.0, 480.0]], [[380.0, 200.0], [300.0, 400.0], [200.0, 400.0], [200.0, 200.0], [380.0, 200.0]], [[640.0, 660.0], [640.0, 760.0], [460.0, 760.0], [460.0, 660.0], [640.0, 660.0]], [[654.309466782463, 33.70570491905687], [654.309466782463, 313.70570491905687], [374.309466782463, 313.70570491905687], [654.309466782463, 33.70570491905687]], [[0.0, 199.54939883575025], [200.0, 199.54939883575025], [200.0, 399.54939883575025], [0.0, 479.54939883575025], [0.0, 199.54939883575025]], [[260.2253005821249, 480.0], [340.2253005821249, 320.0], [420.2253005821249, 480.0], [260.2253005821249, 480.0]], [[362.99499453611656, 313.70570491905687], [642.9949945361166, 313.70570491905687], [502.99499453611656, 553.7057049190569], [362.99499453611656, 313.70570491905687]]]"
Thu Jul 23 01:14:05 2020,2,1,True,660.8525614502877,0.8625221921650643,"[0, 0, 1, 0, 1, 0, 0, 1, 1, 1, 0, 2]","[[[460.8525614502877, 200.0], [660.8525614502877, 200.0], [660.8525614502877, 400.0], [460.8525614502877, 400.0], [460.8525614502877, 200.0]], [[438.66933915399886, 0.0], [638.6693391539989, 0.0], [638.6693391539989, 200.0], [438.66933915399886, 200.0], [438.66933915399886, 0.0]], [[466.38999376357265, 479.9999999999999], [466.38999376357265, 759.9999999999999], [286.38999376357265, 759.9999999999999], [286.38999376357265, 479.9999999999999], [466.38999376357265, 479.9999999999999]], [[110.0, 270.85256145028757], [390.0, 270.85256145028757], [250.0, 410.85256145028757], [110.0, 270.85256145028757]], [[466.38999376357265, 400.0], [646.3899937635726, 400.0], [466.38999376357265, 680.0], [466.38999376357265, 400.0]], [[0.0, 479.9999999999999], [280.0, 479.9999999999999], [280.0, 759.9999999999999], [0.0, 759.9999999999999], [0.0, 479.9999999999999]], [[0.0, 280.85256145028757], [200.0, 360.85256145028757], [200.0, 460.85256145028757], [0.0, 460.85256145028757], [0.0, 280.85256145028757]], [[660.8525614502877, 660.0], [660.8525614502877, 760.0], [480.8525614502877, 760.0], [480.8525614502877, 660.0], [660.8525614502877, 660.0]], [[460.8525614502877, 199.9999999999999], [460.8525614502877, 479.9999999999999], [180.85256145028768, 479.9999999999999], [460.8525614502877, 199.9999999999999]], [[438.6693391539989, 0.0], [438.6693391539989, 200.0], [238.66933915399892, 200.0], [158.66933915399892, 0.0], [438.6693391539989, 0.0]], [[500.8525614502877, 660.0], [580.8525614502877, 500.0], [660.8525614502877, 660.0], [500.8525614502877, 660.0]], [[280.0, 270.85256145028757], [0.0, 270.85256145028757], [140.0, 30.852561450287567], [280.0, 270.85256145028757]]]"
Thu Jul 23 01:15:39 2020,2,5,True,667.4610870647906,0.8539823684802617,"[0, 0, 1, 0, 1, 0, 1, 1, 2, 0, 3, 2]","[[[287.46108706479055, 560.0], [487.46108706479055, 560.0], [487.46108706479055, 760.0], [287.46108706479055, 760.0], [287.46108706479055, 560.0]], [[185.97154881830824, 0.0], [385.97154881830824, 0.0], [385.97154881830824, 200.0], [185.97154881830824, 200.0], [185.97154881830824, 0.0]], [[467.4610870647906, 280.0], [467.4610870647906, 560.0], [287.4610870647906, 560.0], [287.4610870647906, 280.0], [467.4610870647906, 280.0]], [[0.0, 361.19163059718585], [280.0, 361.19163059718585], [140.0, 501.19163059718585], [0.0, 361.19163059718585]], [[0.0, 0.0], [180.0, 0.0], [0.0, 280.0], [0.0, 0.0]], [[387.4610870647906, 0.0], [667.4610870647906, 0.0], [667.4610870647906, 280.0], [387.4610870647906, 280.0], [387.4610870647906, 0.0]], [[667.4610870647905, 552.0], [587.4610870647905, 752.0], [487.4610870647905, 752.0], [487.4610870647905, 552.0], [667.4610870647905, 552.0]], [[280.0, 660.0], [280.0, 760.0], [100.0, 760.0], [100.0, 660.0], [280.0, 660.0]], [[280.0, 660.0], [0.0, 660.0], [0.0, 380.0], [280.0, 660.0]], [[467.4610870647906, 280.0], [667.4610870647906, 280.0], [667.4610870647906, 480.0], [467.4610870647906, 560.0], [467.4610870647906, 280.0]], [[287.46108706479055, 587.4610870647906], [127.46108706479055, 507.4610870647906], [287.46108706479055, 427.4610870647906], [287.46108706479055, 587.4610870647906]], [[280.0, 361.19163059718585], [0.0, 361.19163059718585], [140.0, 121.19163059718585], [280.0, 361.19163059718585]]]"
Thu Jul 23 01:16:20 2020,2,1,True,674.1356979354385,0.8455270975052095,"[0, 0, 1, 3, 1, 0, 2, 0, 0, 1, 0, 2]","[[[444.13569793543854, 0.0], [644.1356979354385, 0.0], [644.1356979354385, 200.0], [444.13569793543854, 200.0], [444.13569793543854, 0.0]], [[0.0, 560.0], [200.0, 560.0], [200.0, 760.0], [0.0, 760.0], [0.0, 560.0]], [[180.0, 280.0], [180.0, 560.0], [0.0, 560.0], [0.0, 280.0], [180.0, 280.0]], [[176.32701862666664, 502.1913206912281], [176.32701862666664, 222.1913206912281], [316.32701862666664, 362.1913206912281], [176.32701862666664, 502.1913206912281]], [[0.0, 0.0], [180.0, 0.0], [0.0, 280.0], [0.0, 0.0]], [[394.13569793543854, 200.0], [674.1356979354385, 200.0], [674.1356979354385, 480.0], [394.13569793543854, 480.0], [394.13569793543854, 200.0]], [[444.13569793543854, 180.0], [244.13569793543854, 100.0], [244.13569793543854, 0.0], [444.13569793543854, 0.0], [444.13569793543854, 180.0]], [[200.0, 478.51833931789474], [300.0, 478.51833931789474], [300.0, 658.5183393178947], [200.0, 658.5183393178947], [200.0, 478.51833931789474]], [[114.13569793543854, 160.0], [394.13569793543854, 160.0], [394.13569793543854, 440.0], [114.13569793543854, 160.0]], [[674.1356979354385, 480.0], [674.1356979354385, 680.0], [474.13569793543854, 680.0], [394.13569793543854, 480.0], [674.1356979354385, 480.0]], [[99.99999999999999, 160.0], [180.0, 0.0], [260.0, 160.0], [99.99999999999999, 160.0]], [[520.8023646021053, 760.0], [240.80236460210529, 760.0], [380.8023646021053, 520.0], [520.8023646021053, 760.0]]]"
Thu Jul 23 01:17:21 2020,2,3,True,680.8770549147929,0.8371555420843658,"[0, 0, 0, 2, 3, 0, 0, 1, 0, 0, 0, 0]","[[[200.0, 0.0], [400.0, 0.0], [400.0, 200.0], [200.0, 200.0], [200.0, 0.0]], [[0.0, 0.0], [200.0, 0.0], [200.0, 200.0], [0.0, 200.0], [0.0, 0.0]], [[400.0, 0.0], [680.0, 0.0], [680.0, 180.0], [400.0, 180.0], [400.0, 0.0]], [[460.0, 760.0], [180.0, 760.0], [320.0, 620.0], [460.0, 760.0]], [[380.0, 480.0], [200.0, 480.0], [380.0, 200.0], [380.0, 480.0]], [[400.0, 180.0], [680.0, 180.0], [680.0, 460.0], [400.0, 460.0], [400.0, 180.0]], [[480.0, 460.0], [680.0, 540.0], [680.0, 640.0], [480.0, 640.0], [480.0, 460.0]], [[660.0, 640.0], [660.0, 740.0], [480.0, 740.0], [480.0, 640.0], [660.0, 640.0]], [[200.0, 480.0], [480.0, 480.0], [480.0, 760.0], [200.0, 480.0]], [[0.0, 460.0], [200.0, 460.0], [200.0, 660.0], [0.0, 740.0], [0.0, 460.0]], [[0.0, 408.37760688802246], [80.0, 248.37760688802246], [160.0, 408.37760688802246], [0.0, 408.37760688802246]], [[51.779729315320225, 200.0], [331.7797293153202, 200.0], [191.77972931532022, 440.0], [51.779729315320225, 200.0]]]"
Thu Jul 23 01:17:52 2020,2,1,True,687.6858254639408,0.8288668733508573,"[0, 0, 1, 2, 3, 0, 0, 0, 3, 3, 2, 1]","[[[0.0, 560.0], [200.0, 560.0], [200.0, 760.0], [0.0, 760.0], [0.0, 560.0]], [[180.0, 279.9999999999999], [380.0, 279.9999999999999], [380.0, 479.9999999999999], [180.0, 479.9999999999999], [180.0, 279.9999999999999]], [[180.0, 280.0], [180.0, 560.0], [0.0, 560.0], [0.0, 280.0], [180.0, 280.0]], [[480.0, 760.0], [200.0, 760.0], [340.0, 620.0], [480.0, 760.0]], [[180.0, 280.0], [0.0, 280.0], [180.0, 0.0], [180.0, 280.0]], [[380.0, 199.9999999999999], [660.0, 199.9999999999999], [660.0, 479.9999999999999], [380.0, 479.9999999999999], [380.0, 199.9999999999999]], [[452.0, 0.0], [652.0, 80.0], [652.0, 180.0], [452.0, 180.0], [452.0, 0.0]], [[579.9999999999999, 580.0], [679.9999999999999, 580.0], [679.9999999999999, 760.0], [579.9999999999999, 760.0], [579.9999999999999, 580.0]], [[200.0, 759.9999999999999], [200.0, 479.9999999999999], [480.0, 479.9999999999999], [200.0, 759.9999999999999]], [[180.0, 200.0], [180.0, 0.0], [380.0, 0.0], [460.0, 200.0], [180.0, 200.0]], [[160.0, 0.0], [80.0, 160.0], [0.0, 0.0], [160.0, 0.0]], [[579.9999999999999, 480.0], [579.9999999999999, 760.0], [339.9999999999999, 620.0], [579.9999999999999, 480.0]]]"
Thu Jul 23 01:17:52 2020,2,0,True,660.1783924453831,0.8634029930738097,"[0, 0, 1, 2, 3, 0, 3, 0, 3, 0, 2, 1]","[[[0.0, 560.0], [200.0, 560.0], [200.0, 760.0], [0.0, 760.0], [0.0, 560.0]], [[180.0, 279.9999999999999], [380.0, 279.9999999999999], [380.0, 479.9999999999999], [180.0, 479.9999999999999], [180.0, 279.9999999999999]], [[180.0, 280.0], [180.0, 560.0], [0.0, 560.0], [0.0, 280.0], [180.0, 280.0]], [[480.0, 760.0], [200.0, 760.0], [340.0, 620.0], [480.0, 760.0]], [[182.85714285714286, 280.0], [2.857142857142861, 280.0], [182.85714285714286, 0.0], [182.85714285714286, 280.0]], [[380.0, 199.9999999999999], [660.0, 199.9999999999999], [660.0, 479.9999999999999], [380.0, 479.9999999999999], [380.0, 199.9999999999999]], [[474.85714285714295, 200.0], [554.8571428571429, 0.0], [654.8571428571429, 0.0], [654.8571428571429, 200.0], [474.85714285714295, 200.0]], [[382.8571428571429, 0.0], [482.8571428571429, 0.0], [482.8571428571429, 180.0], [382.8571428571429, 180.0], [382.8571428571429, 0.0]], [[200.0, 759.9999999999999], [200.0, 479.9999999999999], [480.0, 479.9999999999999], [200.0, 759.9999999999999]], [[182.85714285714286, 0.0], [382.8571428571429, 0.0], [382.8571428571429, 200.0], [182.85714285714286, 280.0], [182.85714285714286, 0.0]], [[160.0, 0.0], [80.0, 160.0], [0.0, 0.0], [160.0, 0.0]], [[580.0, 479.9999999999999], [580.0, 759.9999999999999], [340.0, 619.9999999999999], [580.0, 479.9999999999999]]]"
Thu Jul 23 01:18:56 2020,2,3,True,666.7801763698369,0.8548544485879306,"[0, 0, 1, 2, 0, 0, 1, 1, 0, 0, 1, 1]","[[[180.0, 480.0], [380.0, 480.0], [380.0, 680.0], [180.0, 680.0], [180.0, 480.0]], [[466.7801763698369, 0.0], [666.7801763698369, 0.0], [666.7801763698369, 200.0], [466.7801763698369, 200.0], [466.7801763698369, 0.0]], [[180.0, 480.0], [180.0, 760.0], [0.0, 760.0], [0.0, 480.0], [180.0, 480.0]], [[666.7801763698369, 760.0], [386.7801763698369, 760.0], [526.7801763698369, 620.0], [666.7801763698369, 760.0]], [[173.9136689334705, 475.2158276663238], [173.9136689334705, 295.2158276663238], [453.9136689334705, 475.2158276663238], [173.9136689334705, 475.2158276663238]], [[0.0, 0.0], [280.0, 0.0], [280.0, 280.0], [0.0, 280.0], [0.0, 0.0]], [[180.0, 280.0], [100.0, 480.0], [0.0, 480.0], [0.0, 280.0], [180.0, 280.0]], [[460.0, 0.0], [460.0, 100.0], [280.0, 100.0], [280.0, 0.0], [460.0, 0.0]], [[386.7801763698369, 480.0], [666.7801763698369, 480.0], [666.7801763698369, 760.0], [386.7801763698369, 480.0]], [[466.7801763698369, 200.0], [666.7801763698369, 200.0], [666.7801763698369, 400.0], [466.7801763698369, 480.0], [466.7801763698369, 200.0]], [[280.0, 100.0], [440.0, 180.0], [280.0, 260.0], [280.0, 100.0]], [[466.7801763698369, 189.2014395897022], [466.7801763698369, 469.2014395897022], [226.7801763698369, 329.2014395897022], [466.7801763698369, 189.2014395897022]]]"
Thu Jul 23 01:19:07 2020,2,1,True,673.4479781335352,0.846390543156367,"[0, 0, 1, 2, 3, 0, 1, 1, 0, 0, 0, 3]","[[[200.0, 280.0], [400.0, 280.0], [400.0, 480.0], [200.0, 480.0], [200.0, 280.0]], [[459.8910306849566, 0.0], [659.8910306849566, 0.0], [659.8910306849566, 200.0], [459.8910306849566, 200.0], [459.8910306849566, 0.0]], [[639.8910306849566, 200.0], [639.8910306849566, 480.0], [459.8910306849566, 480.0], [459.8910306849566, 200.0], [639.8910306849566, 200.0]], [[659.8554196420715, 760.0], [379.8554196420715, 760.0], [519.8554196420715, 620.0], [659.8554196420715, 760.0]], [[280.0, 760.0], [100.0, 760.0], [280.0, 480.0], [280.0, 760.0]], [[0.0, 0.0], [280.0, 0.0], [280.0, 280.0], [0.0, 280.0], [0.0, 0.0]], [[180.0, 560.0], [100.0, 760.0], [0.0, 760.0], [0.0, 560.0], [180.0, 560.0]], [[459.8910306849566, 160.0], [459.8910306849566, 260.0], [279.8910306849566, 260.0], [279.8910306849566, 160.0], [459.8910306849566, 160.0]], [[379.8554196420715, 480.0], [659.8554196420715, 480.0], [659.8554196420715, 760.0], [379.8554196420715, 480.0]], [[0.0, 280.0], [200.0, 280.0], [200.0, 480.0], [0.0, 560.0], [0.0, 280.0]], [[280.0, 160.0], [360.0, 0.0], [440.0, 160.0], [280.0, 160.0]], [[280.0, 760.0], [280.0, 480.0], [520.0, 620.0], [280.0, 760.0]]]"
Thu Jul 23 01:19:21 2020,2,1,True,680.1824579148706,0.8380104387686801,"[0, 0, 0, 2, 3, 0, 0, 1, 3, 0, 2, 1]","[[[0.0, 0.0], [200.0, 0.0], [200.0, 200.0], [0.0, 200.0], [0.0, 0.0]], [[480.1824579148706, 499.8175420851294], [680.1824579148706, 499.8175420851294], [680.1824579148706, 699.8175420851294], [480.1824579148706, 699.8175420851294], [480.1824579148706, 499.8175420851294]], [[400.0, 280.0], [680.0, 280.0], [680.0, 460.0], [400.0, 460.0], [400.0, 280.0]], [[516.6666666666667, 760.0], [236.66666666666674, 760.0], [376.66666666666674, 620.0], [516.6666666666667, 760.0]], [[400.0, 280.0], [220.0, 280.0], [400.0, 0.0], [400.0, 280.0]], [[400.1824579148706, 0.0], [680.1824579148706, 0.0], [680.1824579148706, 280.0], [400.1824579148706, 280.0], [400.1824579148706, 0.0]], [[200.0, 272.0], [400.0, 352.0], [400.0, 452.0], [200.0, 452.0], [200.0, 272.0]], [[180.0, 200.0], [180.0, 300.0], [0.0, 300.0], [0.0, 200.0], [180.0, 200.0]], [[240.0, 740.0], [240.0, 460.0], [520.0, 460.0], [240.0, 740.0]], [[0.0, 300.0], [200.0, 300.0], [200.0, 500.0], [0.0, 580.0], [0.0, 300.0]], [[360.0, 0.0], [280.0, 160.0], [200.0, 0.0], [360.0, 0.0]], [[240.0, 476.66666666666674], [240.0, 756.6666666666667], [0.0, 616.6666666666667], [240.0, 476.66666666666674]]]"
Thu Jul 23 01:19:35 2020,2,0,True,652.9751595982758,0.8729275403840417,"[0, 0, 1, 1, 0, 0, 0, 1, 0, 3, 0, 0]","[[[452.9751595982758, 275.4840311703201], [652.9751595982758, 275.4840311703201], [652.9751595982758, 475.4840311703201], [452.9751595982758, 475.4840311703201], [452.9751595982758, 275.4840311703201]], [[452.9751595982758, 46.32829783152715], [652.9751595982758, 46.32829783152715], [652.9751595982758, 246.32829783152715], [452.9751595982758, 246.32829783152715], [452.9751595982758, 46.32829783152715]], [[652.7075088222545, 475.31196995716357], [652.7075088222545, 755.3119699571636], [472.70750882225445, 755.3119699571636], [472.70750882225445, 475.31196995716357], [652.7075088222545, 475.31196995716357]], [[452.9751595982758, 127.02484040172419], [452.9751595982758, 407.0248404017242], [312.9751595982758, 267.0248404017242], [452.9751595982758, 127.02484040172419]], [[200.0, 760.0], [200.0, 580.0], [480.0, 760.0], [200.0, 760.0]], [[0.0, 200.0], [280.0, 200.0], [280.0, 480.0], [0.0, 480.0], [0.0, 200.0]], [[0.0, 480.0], [200.0, 560.0], [200.0, 660.0], [0.0, 660.0], [0.0, 480.0]], [[192.9751595982757, 660.0], [192.9751595982757, 760.0], [12.975159598275695, 760.0], [12.975159598275695, 660.0], [192.9751595982757, 660.0]], [[192.70750882225445, 479.82793878684345], [472.70750882225445, 479.82793878684345], [472.70750882225445, 759.8279387868434], [192.70750882225445, 479.82793878684345]], [[0.0, 200.0], [0.0, 0.0], [200.0, 0.0], [280.0, 200.0], [0.0, 200.0]], [[280.0, 474.0496808034484], [360.0, 314.0496808034484], [440.0, 474.0496808034484], [280.0, 474.0496808034484]], [[200.0, 0.0], [480.0, 0.0], [340.0, 240.0], [200.0, 0.0]]]"
Thu Jul 23 01:20:12 2020,2,1,True,659.5049111942586,0.8642846934495462,"[0, 0, 1, 1, 0, 0, 0, 0, 0, 0, 2, 1]","[[[459.5049111942586, 0.0], [659.5049111942586, 0.0], [659.5049111942586, 200.0], [459.5049111942586, 200.0], [459.5049111942586, 0.0]], [[0.0, 560.0], [200.0, 560.0], [200.0, 760.0], [0.0, 760.0], [0.0, 560.0]], [[459.5049111942586, 0.0], [459.5049111942586, 280.0], [279.5049111942586, 280.0], [279.5049111942586, 0.0], [459.5049111942586, 0.0]], [[659.5049111942586, 307.34077066275916], [659.5049111942586, 587.3407706627592], [519.5049111942586, 447.34077066275916], [659.5049111942586, 307.34077066275916]], [[0.0, 560.0], [0.0, 380.0], [280.0, 560.0], [0.0, 560.0]], [[0.0, 0.0], [280.0, 0.0], [280.0, 280.0], [0.0, 280.0], [0.0, 0.0]], [[200.0, 580.0], [400.0, 660.0], [400.0, 760.0], [200.0, 760.0], [200.0, 580.0]], [[525.1939372755985, 553.029796744099], [625.1939372755985, 553.029796744099], [625.1939372755985, 733.029796744099], [525.1939372755985, 733.029796744099], [525.1939372755985, 553.029796744099]], [[0.0, 280.0], [280.0, 280.0], [280.0, 560.0], [0.0, 280.0]], [[279.5049111942586, 279.6817286248805], [479.5049111942586, 279.6817286248805], [479.5049111942586, 479.6817286248805], [279.5049111942586, 559.6817286248805], [279.5049111942586, 279.6817286248805]], [[628.7245918735515, 258.1210899834663], [548.7245918735515, 418.1210899834663], [468.7245918735515, 258.1210899834663], [628.7245918735515, 258.1210899834663]], [[525.1939372755985, 453.02979674409903], [525.1939372755985, 733.029796744099], [285.1939372755985, 593.029796744099], [525.1939372755985, 453.02979674409903]]]"
Thu Jul 23 01:21:08 2020,2,3,True,666.0999603062012,0.8557274192569765,"[0, 0, 1, 0, 1, 0, 3, 0, 1, 3, 2, 2]","[[[466.0999603062012, 0.0], [666.0999603062012, 0.0], [666.0999603062012, 200.0], [466.0999603062012, 200.0], [466.0999603062012, 0.0]], [[466.0999603062012, 200.0], [666.0999603062012, 200.0], [666.0999603062012, 400.0], [466.0999603062012, 400.0], [466.0999603062012, 200.0]], [[464.4135687957954, 0.0], [464.4135687957954, 280.0], [284.4135687957954, 280.0], [284.4135687957954, 0.0], [464.4135687957954, 0.0]], [[0.0, 488.0510701082835], [280.0, 488.0510701082835], [140.0, 628.0510701082835], [0.0, 488.0510701082835]], [[0.0, 0.0], [180.0, 0.0], [0.0, 280.0], [0.0, 0.0]], [[286.0999603062012, 479.9999999999999], [566.0999603062012, 479.9999999999999], [566.0999603062012, 759.9999999999999], [286.0999603062012, 759.9999999999999], [286.0999603062012, 479.9999999999999]], [[286.0999603062012, 479.9999999999999], [366.0999603062012, 279.9999999999999], [466.0999603062012, 279.9999999999999], [466.0999603062012, 479.9999999999999], [286.0999603062012, 479.9999999999999]], [[566.0999603062012, 400.0], [666.0999603062012, 400.0], [666.0999603062012, 580.0], [566.0999603062012, 580.0], [566.0999603062012, 400.0]], [[288.05107010828345, 480.0], [288.05107010828345, 760.0], [8.051070108283454, 760.0], [288.05107010828345, 480.0]], [[0.0, 488.05107010828345], [0.0, 288.05107010828345], [200.0, 288.05107010828345], [280.0, 488.05107010828345], [0.0, 488.05107010828345]], [[361.4397661314439, 291.6504854368932], [281.4397661314439, 451.6504854368932], [201.4397661314439, 291.6504854368932], [361.4397661314439, 291.6504854368932]], [[289.1100263589607, 288.05107010828345], [9.110026358960681, 288.05107010828345], [149.11002635896068, 48.051070108283454], [289.1100263589607, 288.05107010828345]]]"
Thu Jul 23 01:22:58 2020,2,4,True,639.4559618939531,0.8913827283926838,"[0, 0, 0, 2, 1, 0, 0, 0, 0, 0, 2, 2]","[[[100.0, 0.0], [300.0, 0.0], [300.0, 200.0], [100.0, 200.0], [100.0, 0.0]], [[199.72798094697646, 560.0], [399.72798094697646, 560.0], [399.72798094697646, 760.0], [199.72798094697646, 760.0], [199.72798094697646, 560.0]], [[359.45596189395314, 0.0], [639.4559618939531, 0.0], [639.4559618939531, 180.0], [359.45596189395314, 180.0], [359.45596189395314, 0.0]], [[479.72798094697646, 560.0], [199.72798094697646, 560.0], [339.72798094697646, 420.0], [479.72798094697646, 560.0]], [[279.72798094697646, 200.0], [459.72798094697646, 200.0], [279.72798094697646, 480.0], [279.72798094697646, 200.0]], [[0.0, 199.72798094697657], [280.0, 199.72798094697657], [280.0, 479.7279809469766], [0.0, 479.7279809469766], [0.0, 199.72798094697657]], [[399.72798094697646, 580.0], [599.7279809469765, 660.0], [599.7279809469765, 760.0], [399.72798094697646, 760.0], [399.72798094697646, 580.0]], [[0.0, 19.727980946976572], [100.0, 19.727980946976572], [100.0, 199.72798094697657], [0.0, 199.72798094697657], [0.0, 19.727980946976572]], [[359.45596189395314, 419.7279809469767], [639.4559618939531, 419.7279809469767], [639.4559618939531, 699.7279809469767], [359.45596189395314, 419.7279809469767]], [[0.0, 479.7279809469766], [200.0, 479.7279809469766], [200.0, 679.7279809469766], [0.0, 759.7279809469766], [0.0, 479.7279809469766]], [[639.4559618939531, 180.0], [559.4559618939531, 340.0], [479.45596189395314, 180.0], [639.4559618939531, 180.0]], [[605.636416417679, 420.0], [325.636416417679, 420.0], [465.636416417679, 180.0], [605.636416417679, 420.0]]]"
Thu Jul 23 01:25:52 2020,2,5,False,645.8505215128927,0.8825571568244395,"[0, 0, 0, 3, 1, 0, 3, 1, 0, 0, 3, 2]","[[[0.0, 200.0], [200.0, 200.0], [200.0, 400.0], [0.0, 400.0], [0.0, 200.0]], [[0.0, 0.0], [200.0, 0.0], [200.0, 200.0], [0.0, 200.0], [0.0, 0.0]], [[203.90647234056667, 280.0], [483.90647234056667, 280.0], [483.90647234056667, 460.0], [203.90647234056667, 460.0], [203.90647234056667, 280.0]], [[489.0960933131404, 398.3772140998761], [489.0960933131404, 118.37721409987608], [629.0960933131404, 258.3772140998761], [489.0960933131404, 398.3772140998761]], [[196.84110027756375, 10.990578764671113], [376.8411002775638, 10.990578764671113], [196.84110027756375, 290.9905787646711], [196.84110027756375, 10.990578764671113]], [[365.85052151289267, 480.0], [645.8505215128927, 480.0], [645.8505215128927, 760.0], [365.85052151289267, 760.0], [365.85052151289267, 480.0]], [[176.0, 660.0], [256.0, 460.0], [356.0, 460.0], [356.0, 660.0], [176.0, 660.0]], [[365.85052151289267, 660.0], [365.85052151289267, 760.0], [185.85052151289267, 760.0], [185.85052151289267, 660.0], [365.85052151289267, 660.0]], [[365.85052151289267, 0.0], [645.8505215128927, 0.0], [645.8505215128927, 280.0], [365.85052151289267, 0.0]], [[0.0, 400.0], [200.0, 400.0], [200.0, 600.0], [0.0, 680.0], [0.0, 400.0]], [[645.8505215128927, 480.0], [485.85052151289267, 400.0], [645.8505215128927, 320.0], [645.8505215128927, 480.0]], [[489.0960933131404, 294.14947848710733], [209.0960933131404, 294.14947848710733], [349.0960933131404, 54.14947848710733], [489.0960933131404, 294.14947848710733]]]"
Thu Jul 23 01:28:01 2020,2,5,False,652.3090267280216,0.8738189671529103,"[0, 0, 0, 2, 0, 0, 1, 1, 1, 1, 2, 3]","[[[452.30902672802165, 560.0], [652.3090267280216, 560.0], [652.3090267280216, 760.0], [452.30902672802165, 760.0], [452.30902672802165, 560.0]], [[0.0, 333.33333333333337], [200.0, 333.33333333333337], [200.0, 533.3333333333334], [0.0, 533.3333333333334], [0.0, 333.33333333333337]], [[372.30902672802154, 280.0], [652.3090267280215, 280.0], [652.3090267280215, 460.0], [372.30902672802154, 460.0], [372.30902672802154, 280.0]], [[280.0, 760.0], [0.0, 760.0], [140.0, 620.0], [280.0, 760.0]], [[200.0, 552.5607665132793], [200.0, 372.5607665132793], [480.0, 552.5607665132793], [200.0, 552.5607665132793]], [[372.30902672802165, 0.0], [652.3090267280216, 0.0], [652.3090267280216, 280.0], [372.30902672802165, 280.0], [372.30902672802165, 0.0]], [[180.0, 533.3333333333334], [100.0, 733.3333333333334], [0.0, 733.3333333333334], [0.0, 533.3333333333334], [180.0, 533.3333333333334]], [[652.3090267280216, 460.0], [652.3090267280216, 560.0], [472.30902672802165, 560.0], [472.30902672802165, 460.0], [652.3090267280216, 460.0]], [[372.30902672802154, 53.33333333333337], [372.30902672802154, 333.33333333333337], [92.30902672802154, 333.33333333333337], [372.30902672802154, 53.33333333333337]], [[452.30902672802165, 552.5607665132793], [452.30902672802165, 752.5607665132793], [252.30902672802165, 752.5607665132793], [172.30902672802165, 552.5607665132793], [452.30902672802165, 552.5607665132793]], [[320.0, 0.0], [239.99999999999997, 160.0], [159.99999999999997, 0.0], [320.0, 0.0]], [[0.0, 333.33333333333337], [0.0, 53.33333333333337], [240.0, 193.33333333333337], [0.0, 333.33333333333337]]]"
Thu Jul 23 01:29:21 2020,2,3,True,658.8321169953018,0.8651672942108023,"[0, 0, 1, 0, 1, 0, 2, 1, 2, 1, 3, 2]","[[[458.8321169953018, 280.0], [658.8321169953018, 280.0], [658.8321169953018, 480.0], [458.8321169953018, 480.0], [458.8321169953018, 280.0]], [[0.0, 140.0], [200.0, 140.0], [200.0, 340.0], [0.0, 340.0], [0.0, 140.0]], [[380.0, 20.855057706231833], [380.0, 300.85505770623183], [200.0, 300.85505770623183], [200.0, 20.855057706231833], [380.0, 20.855057706231833]], [[352.8289888638443, 480.85505770623183], [632.8289888638443, 480.85505770623183], [492.8289888638443, 620.8550577062318], [352.8289888638443, 480.85505770623183]], [[0.0, 345.71428571428567], [180.0, 345.71428571428567], [0.0, 625.7142857142857], [0.0, 345.71428571428567]], [[378.8321169953018, 0.0], [658.8321169953018, 0.0], [658.8321169953018, 280.0], [378.8321169953018, 280.0], [378.8321169953018, 0.0]], [[458.8321169953018, 480.85505770623183], [258.8321169953018, 400.85505770623183], [258.8321169953018, 300.85505770623183], [458.8321169953018, 300.85505770623183], [458.8321169953018, 480.85505770623183]], [[180.0, 40.0], [180.0, 140.0], [0.0, 140.0], [0.0, 40.0], [180.0, 40.0]], [[631.6666666666665, 759.692735509054], [351.6666666666665, 759.692735509054], [351.6666666666665, 479.69273550905405], [631.6666666666665, 759.692735509054]], [[351.6666666666665, 559.692735509054], [351.6666666666665, 759.692735509054], [151.66666666666652, 759.692735509054], [71.66666666666652, 559.692735509054], [351.6666666666665, 559.692735509054]], [[658.8321169953018, 706.8581858376893], [498.8321169953018, 626.8581858376893], [658.8321169953018, 546.8581858376893], [658.8321169953018, 706.8581858376893]], [[351.6666666666665, 560.0], [71.66666666666652, 560.0], [211.66666666666652, 320.0], [351.6666666666665, 560.0]]]"
Thu Jul 23 01:30:47 2020,2,5,False,665.4204381652548,0.8566012813968339,"[0, 0, 0, 1, 2, 0, 1, 1, 2, 3, 2, 3]","[[[0.0, 0.0], [200.0, 0.0], [200.0, 200.0], [0.0, 200.0], [0.0, 0.0]], [[280.0, 555.1020408163265], [480.0, 555.1020408163265], [480.0, 755.1020408163265], [280.0, 755.1020408163265], [280.0, 555.1020408163265]], [[200.0, 0.0], [480.0, 0.0], [480.0, 180.0], [200.0, 180.0], [200.0, 0.0]], [[208.57142857142867, 191.42857142857133], [208.57142857142867, 471.42857142857133], [68.57142857142867, 331.42857142857133], [208.57142857142867, 191.42857142857133]], [[659.3209576156798, 480.0], [659.3209576156798, 660.0], [379.32095761567984, 480.0], [659.3209576156798, 480.0]], [[385.42043816525484, 200.0], [665.4204381652548, 200.0], [665.4204381652548, 480.0], [385.42043816525484, 480.0], [385.42043816525484, 200.0]], [[393.42043816525484, 180.0], [313.42043816525484, 380.0], [213.42043816525484, 380.0], [213.42043816525484, 180.0], [393.42043816525484, 180.0]], [[665.4204381652548, 660.0], [665.4204381652548, 760.0], [485.42043816525484, 760.0], [485.42043816525484, 660.0], [665.4204381652548, 660.0]], [[292.24489795918385, 555.1020408163265], [12.244897959183845, 555.1020408163265], [12.244897959183845, 275.1020408163265], [292.24489795918385, 555.1020408163265]], [[0.0, 755.1020408163265], [0.0, 555.1020408163265], [200.0, 555.1020408163265], [280.0, 755.1020408163265], [0.0, 755.1020408163265]], [[380.0, 380.0], [300.0, 540.0], [220.0, 380.0], [380.0, 380.0]], [[336.5915842848951, 746.8168314302098], [336.5915842848951, 466.81683143020985], [576.5915842848951, 606.8168314302098], [336.5915842848951, 746.8168314302098]]]"
Thu Jul 23 01:31:07 2020,2,1,True,672.0746425469074,0.8481200805909246,"[0, 0, 0, 3, 2, 0, 1, 1, 0, 3, 2, 2]","[[[472.0746425469074, 200.0], [672.0746425469074, 200.0], [672.0746425469074, 400.0], [472.0746425469074, 400.0], [472.0746425469074, 200.0]], [[472.0746425469074, 400.0], [672.0746425469074, 400.0], [672.0746425469074, 600.0], [472.0746425469074, 600.0], [472.0746425469074, 400.0]], [[0.0, 580.0], [280.0, 580.0], [280.0, 760.0], [0.0, 760.0], [0.0, 580.0]], [[280.0, 580.0], [280.0, 300.0], [420.0, 440.0], [280.0, 580.0]], [[636.3873656860477, 0.0], [636.3873656860477, 180.0], [356.3873656860477, 0.0], [636.3873656860477, 0.0]], [[0.0, 300.0], [280.0, 300.0], [280.0, 580.0], [0.0, 580.0], [0.0, 300.0]], [[180.0, 0.0], [100.0, 200.0], [0.0, 200.0], [0.0, 0.0], [180.0, 0.0]], [[180.0, 200.0], [180.0, 300.0], [0.0, 300.0], [0.0, 200.0], [180.0, 200.0]], [[192.0746425469074, 212.0746425469074], [472.0746425469074, 212.0746425469074], [472.0746425469074, 492.0746425469074], [192.0746425469074, 212.0746425469074]], [[180.0, 215.1795506303979], [180.0, 15.179550630397898], [380.0, 15.179550630397898], [460.0, 215.1795506303979], [180.0, 215.1795506303979]], [[651.6666666666667, 599.9999999999999], [571.6666666666667, 759.9999999999999], [491.66666666666674, 599.9999999999999], [651.6666666666667, 599.9999999999999]], [[565.4079758802408, 760.0], [285.40797588024077, 760.0], [425.40797588024077, 520.0], [565.4079758802408, 760.0]]]"
Thu Jul 23 01:31:34 2020,2,1,True,678.7953889723765,0.8397228520702225,"[0, 0, 0, 3, 0, 0, 2, 0, 0, 0, 3, 3]","[[[447.72849108589503, 0.0], [647.728491085895, 0.0], [647.728491085895, 200.0], [447.72849108589503, 200.0], [447.72849108589503, 0.0]], [[460.0000000000001, 200.0], [660.0000000000001, 200.0], [660.0000000000001, 400.0], [460.0000000000001, 400.0], [460.0000000000001, 200.0]], [[0.0, 579.9999999999999], [280.0, 579.9999999999999], [280.0, 759.9999999999999], [0.0, 759.9999999999999], [0.0, 579.9999999999999]], [[280.0, 593.7514101690994], [280.0, 313.75141016909936], [420.0, 453.75141016909936], [280.0, 593.7514101690994]], [[293.7514101690995, 760.0], [293.7514101690995, 580.0], [573.7514101690995, 760.0], [293.7514101690995, 760.0]], [[0.0, 299.9999999999999], [280.0, 299.9999999999999], [280.0, 579.9999999999999], [0.0, 579.9999999999999], [0.0, 299.9999999999999]], [[345.19165684503105, 180.0], [145.19165684503105, 100.0], [145.19165684503105, 0.0], [345.19165684503105, 0.0], [345.19165684503105, 180.0]], [[345.19165684503105, 0.0], [445.19165684503105, 0.0], [445.19165684503105, 180.0], [345.19165684503105, 180.0], [345.19165684503105, 0.0]], [[180.0000000000001, 200.0], [460.0000000000001, 200.0], [460.0000000000001, 480.0], [180.0000000000001, 200.0]], [[460.0000000000001, 400.0], [660.0000000000001, 400.0], [660.0000000000001, 600.0], [460.0000000000001, 680.0], [460.0000000000001, 400.0]], [[649.306965724655, 760.0], [489.306965724655, 680.0], [649.306965724655, 600.0], [649.306965724655, 760.0]], [[0.0, 295.3048668403985], [0.0, 15.304866840398518], [240.0, 155.30486684039852], [0.0, 295.3048668403985]]]"
Thu Jul 23 01:31:35 2020,2,0,True,651.6435734134814,0.8747113042398151,"[0, 0, 0, 3, 0, 0, 2, 0, 0, 0, 3, 3]","[[[451.64357341348136, 0.0], [651.6435734134814, 0.0], [651.6435734134814, 200.0], [451.64357341348136, 200.0], [451.64357341348136, 0.0]], [[451.64357341348136, 200.0], [651.6435734134814, 200.0], [651.6435734134814, 400.0], [451.64357341348136, 400.0], [451.64357341348136, 200.0]], [[0.0, 579.9999999999999], [280.0, 579.9999999999999], [280.0, 759.9999999999999], [0.0, 759.9999999999999], [0.0, 579.9999999999999]], [[280.0, 593.7514101690994], [280.0, 313.75141016909936], [420.0, 453.75141016909936], [280.0, 593.7514101690994]], [[293.7514101690995, 760.0], [293.7514101690995, 580.0], [573.7514101690995, 760.0], [293.7514101690995, 760.0]], [[0.0, 299.9999999999999], [280.0, 299.9999999999999], [280.0, 579.9999999999999], [0.0, 579.9999999999999], [0.0, 299.9999999999999]], [[345.1916568450311, 180.0], [145.1916568450311, 100.0], [145.1916568450311, 0.0], [345.1916568450311, 0.0], [345.1916568450311, 180.0]], [[345.19165684503105, 0.0], [445.19165684503105, 0.0], [445.19165684503105, 180.0], [345.19165684503105, 180.0], [345.19165684503105, 0.0]], [[171.64357341348136, 191.64357341348125], [451.64357341348136, 191.64357341348125], [451.64357341348136, 471.64357341348125], [171.64357341348136, 191.64357341348125]], [[451.64357341348136, 400.0], [651.6435734134814, 400.0], [651.6435734134814, 600.0], [451.64357341348136, 680.0], [451.64357341348136, 400.0]], [[651.6435734134811, 760.0], [491.64357341348114, 680.0], [651.6435734134811, 600.0], [651.6435734134811, 760.0]], [[0.0, 291.76899123801206], [0.0, 11.768991238012063], [240.0, 151.76899123801206], [0.0, 291.76899123801206]]]"
Thu Jul 23 01:32:01 2020,2,1,True,658.1600091476162,0.8660507962770446,"[0, 0, 0, 0, 0, 0, 1, 1, 1, 0, 1, 1]","[[[454.8439811506298, 560.0], [654.8439811506298, 560.0], [654.8439811506298, 760.0], [454.8439811506298, 760.0], [454.8439811506298, 560.0]], [[0.0, 0.0], [200.0, 0.0], [200.0, 200.0], [0.0, 200.0], [0.0, 0.0]], [[0.0, 580.0], [280.0, 580.0], [280.0, 760.0], [0.0, 760.0], [0.0, 580.0]], [[251.8022812957039, 0.0], [531.8022812957039, 0.0], [391.8022812957039, 140.0], [251.8022812957039, 0.0]], [[200.0, 196.69853345276178], [200.0, 16.69853345276178], [480.0, 196.69853345276178], [200.0, 196.69853345276178]], [[0.0, 300.0], [280.0, 300.0], [280.0, 580.0], [0.0, 580.0], [0.0, 300.0]], [[460.0, 547.1099528765742], [380.0, 747.1099528765742], [280.0, 747.1099528765742], [280.0, 547.1099528765742], [460.0, 547.1099528765742]], [[180.0, 200.0], [180.0, 300.0], [0.0, 300.0], [0.0, 200.0], [180.0, 200.0]], [[658.1600091476162, 267.1099528765742], [658.1600091476162, 547.1099528765742], [378.16000914761617, 547.1099528765742], [658.1600091476162, 267.1099528765742]], [[280.0, 200.0], [480.0, 200.0], [480.0, 400.0], [280.0, 480.0], [280.0, 200.0]], [[480.0, 205.26996202419036], [640.0, 285.26996202419036], [480.0, 365.26996202419036], [480.0, 205.26996202419036]], [[640.0, 5.269962024190363], [640.0, 285.26996202419036], [400.0, 145.26996202419036], [640.0, 5.269962024190363]]]"
Thu Jul 23 01:32:17 2020,2,1,True,664.7416092390923,0.857476035917866,"[0, 0, 1, 0, 0, 0, 2, 0, 2, 0, 0, 1]","[[[300.0, 260.984247738476], [500.0, 260.984247738476], [500.0, 460.984247738476], [300.0, 460.984247738476], [300.0, 260.984247738476]], [[100.0, 0.0], [300.0, 0.0], [300.0, 200.0], [100.0, 200.0], [100.0, 0.0]], [[660.0, 480.0], [660.0, 760.0], [480.0, 760.0], [480.0, 480.0], [660.0, 480.0]], [[300.0, 0.0], [580.0, 0.0], [440.0, 140.0], [300.0, 0.0]], [[300.0, 260.984247738476], [300.0, 80.98424773847597], [580.0, 260.984247738476], [300.0, 260.984247738476]], [[0.0, 480.0], [280.0, 480.0], [280.0, 760.0], [0.0, 760.0], [0.0, 480.0]], [[300.0, 380.0], [100.0, 300.0], [100.0, 200.0], [300.0, 200.0], [300.0, 380.0]], [[0.0, 20.0], [100.0, 20.0], [100.0, 200.0], [0.0, 200.0], [0.0, 20.0]], [[280.0, 480.0], [0.0, 480.0], [0.0, 200.0], [280.0, 480.0]], [[280.0, 480.0], [480.0, 480.0], [480.0, 680.0], [280.0, 760.0], [280.0, 480.0]], [[490.492123869238, 480.0], [570.492123869238, 320.0], [650.492123869238, 480.0], [490.492123869238, 480.0]], [[654.7312931064856, 14.740079021216786], [654.7312931064856, 294.7400790212168], [414.7312931064856, 154.7400790212168], [654.7312931064856, 14.740079021216786]]]"
Thu Jul 23 01:33:59 2020,2,5,True,671.3890253314833,0.848986174176105,"[0, 0, 1, 1, 1, 0, 1, 1, 0, 3, 3, 2]","[[[0.0, 246.49114189590534], [200.0, 246.49114189590534], [200.0, 446.49114189590534], [0.0, 446.49114189590534], [0.0, 246.49114189590534]], [[471.38902533148325, 560.0], [671.3890253314833, 560.0], [671.3890253314833, 760.0], [471.38902533148325, 760.0], [471.38902533148325, 560.0]], [[671.3890253314833, 0.0], [671.3890253314833, 280.0], [491.38902533148325, 280.0], [491.38902533148325, 0.0], [671.3890253314833, 0.0]], [[356.49858159476514, 360.82668163738174], [356.49858159476514, 640.8266816373817], [216.49858159476514, 500.82668163738174], [356.49858159476514, 360.82668163738174]], [[200.0, 246.49114189590534], [380.0, 246.49114189590534], [200.0, 526.4911418959053], [200.0, 246.49114189590534]], [[391.38902533148325, 280.0], [671.3890253314833, 280.0], [671.3890253314833, 560.0], [391.38902533148325, 560.0], [391.38902533148325, 280.0]], [[185.00000000000006, 0.0], [105.00000000000007, 200.0], [5.000000000000071, 200.0], [5.000000000000071, 0.0], [185.00000000000006, 0.0]], [[180.0, 460.0], [180.0, 560.0], [0.0, 560.0], [0.0, 460.0], [180.0, 460.0]], [[211.38902533148325, 0.0], [491.38902533148325, 0.0], [491.38902533148325, 280.0], [211.38902533148325, 0.0]], [[0.0, 760.0], [0.0, 560.0], [200.0, 560.0], [280.0, 760.0], [0.0, 760.0]], [[438.1519448695286, 760.0], [278.1519448695286, 680.0], [438.1519448695286, 600.0], [438.1519448695286, 760.0]], [[357.8801672273886, 246.49114189590534], [77.8801672273886, 246.49114189590534], [217.8801672273886, 6.4911418959053435], [357.8801672273886, 246.49114189590534]]]"
Thu Jul 23 01:34:02 2020,2,0,True,644.5334643182239,0.8843605981001094,"[0, 0, 1, 1, 1, 0, 1, 1, 0, 3, 1, 2]","[[[0.0, 260.0], [200.0, 260.0], [200.0, 460.0], [0.0, 460.0], [0.0, 260.0]], [[444.5334643182239, 560.0], [644.5334643182239, 560.0], [644.5334643182239, 760.0], [444.5334643182239, 760.0], [444.5334643182239, 560.0]], [[644.5334643182239, 0.0], [644.5334643182239, 280.0], [464.5334643182239, 280.0], [464.5334643182239, 0.0], [644.5334643182239, 0.0]], [[364.5334643182239, 362.26673215911194], [364.5334643182239, 642.2667321591119], [224.53346431822388, 502.26673215911194], [364.5334643182239, 362.26673215911194]], [[200.0, 260.0], [380.0, 260.0], [200.0, 540.0], [200.0, 260.0]], [[364.5334643182239, 280.0], [644.5334643182239, 280.0], [644.5334643182239, 560.0], [364.5334643182239, 560.0], [364.5334643182239, 280.0]], [[180.0, 0.0], [100.0, 200.0], [0.0, 200.0], [0.0, 0.0], [180.0, 0.0]], [[180.0, 460.0], [180.0, 560.0], [0.0, 560.0], [0.0, 460.0], [180.0, 460.0]], [[184.53346431822388, 0.0], [464.5334643182239, 0.0], [464.5334643182239, 280.0], [184.53346431822388, 0.0]], [[0.0, 760.0], [0.0, 560.0], [200.0, 560.0], [280.0, 760.0], [0.0, 760.0]], [[280.0, 600.0], [440.0, 680.0], [280.0, 760.0], [280.0, 600.0]], [[344.5334643182239, 260.0], [64.53346431822388, 260.0], [204.53346431822388, 20.0], [344.5334643182239, 260.0]]]"
Thu Jul 23 01:36:08 2020,2,5,False,650.9787989614061,0.8756045525743658,"[0, 0, 1, 1, 1, 0, 3, 0, 2, 1, 2, 2]","[[[180.0, 553.3172528061006], [380.0, 553.3172528061006], [380.0, 753.3172528061006], [180.0, 753.3172528061006], [180.0, 553.3172528061006]], [[450.97879896140614, 0.0], [650.9787989614061, 0.0], [650.9787989614061, 200.0], [450.97879896140614, 200.0], [450.97879896140614, 0.0]], [[550.9787989614061, 480.0], [550.9787989614061, 760.0], [370.97879896140614, 760.0], [370.97879896140614, 480.0], [550.9787989614061, 480.0]], [[353.51508772892333, 235.50611330967058], [353.51508772892333, 515.5061133096706], [213.51508772892333, 375.5061133096706], [353.51508772892333, 235.50611330967058]], [[0.0, 309.02120103859386], [180.0, 309.02120103859386], [0.0, 589.0212010385939], [0.0, 309.02120103859386]], [[353.5150877289234, 200.0], [633.5150877289234, 200.0], [633.5150877289234, 480.0], [353.5150877289234, 480.0], [353.5150877289234, 200.0]], [[0.0, 760.0], [80.0, 560.0], [180.0, 560.0], [180.0, 760.0], [0.0, 760.0]], [[550.9787989614061, 480.0], [650.9787989614061, 480.0], [650.9787989614061, 660.0], [550.9787989614061, 660.0], [550.9787989614061, 480.0]], [[280.0, 309.02120103859386], [0.0, 309.02120103859386], [0.0, 29.02120103859386], [280.0, 309.02120103859386]], [[450.97879896140614, 0.0], [450.97879896140614, 200.0], [250.97879896140614, 200.0], [170.97879896140614, 0.0], [450.97879896140614, 0.0]], [[348.0655555707953, 309.02120103859386], [268.0655555707953, 469.02120103859386], [188.0655555707953, 309.02120103859386], [348.0655555707953, 309.02120103859386]], [[317.2382524351742, 553.3172528061006], [37.23825243517422, 553.3172528061006], [177.23825243517422, 313.31725280610056], [317.2382524351742, 553.3172528061006]]]"
Thu Jul 23 01:36:33 2020,2,1,True,657.4885869510202,0.8669352005686789,"[0, 0, 1, 2, 2, 0, 1, 1, 3, 0, 3, 2]","[[[280.0, 0.0], [480.0, 0.0], [480.0, 200.0], [280.0, 200.0], [280.0, 0.0]], [[0.0, 280.0], [200.0, 280.0], [200.0, 480.0], [0.0, 480.0], [0.0, 280.0]], [[657.4885869510202, 0.0], [657.4885869510202, 280.0], [477.48858695102024, 280.0], [477.48858695102024, 0.0], [657.4885869510202, 0.0]], [[457.48858695102035, 760.0], [177.48858695102035, 760.0], [317.48858695102035, 620.0], [457.48858695102035, 760.0]], [[655.0, 280.0], [655.0, 460.0], [375.0, 280.0], [655.0, 280.0]], [[0.0, 0.0], [280.0, 0.0], [280.0, 280.0], [0.0, 280.0], [0.0, 0.0]], [[657.4885869510202, 560.0], [577.4885869510202, 760.0], [477.48858695102024, 760.0], [477.48858695102024, 560.0], [657.4885869510202, 560.0]], [[657.4885869510202, 460.0], [657.4885869510202, 560.0], [477.48858695102024, 560.0], [477.48858695102024, 460.0], [657.4885869510202, 460.0]], [[200.0, 737.4885869510202], [200.0, 457.48858695102024], [480.0, 457.48858695102024], [200.0, 737.4885869510202]], [[0.0, 480.0], [200.0, 480.0], [200.0, 680.0], [0.0, 760.0], [0.0, 480.0]], [[477.48858695102024, 700.0], [317.48858695102024, 620.0], [477.48858695102024, 540.0], [477.48858695102024, 700.0]], [[478.53500905476176, 457.48858695102024], [198.53500905476176, 457.48858695102024], [338.53500905476176, 217.48858695102024], [478.53500905476176, 457.48858695102024]]]"



Thu Jul 23 01:37:38 2020,2,开始运行[全局邻域-检验重叠] 初始利用率,0.7746751124110888
Thu Jul 23 01:37:38 2020,2,0,True,706.3606294216704,0.8069532420948842,"[0, 0, 1, 2, 1, 0, 0, 0, 1, 2, 0, 0]","[[[0.0, 0.0], [200.0, 0.0], [200.0, 200.0], [0.0, 200.0]], [[0.0, 200.0], [200.0, 200.0], [200.0, 400.0], [0.0, 400.0]], [[446.3606294216704, 460.0], [446.3606294216704, 740.0], [266.3606294216704, 740.0], [266.3606294216704, 460.0], [446.3606294216704, 460.0]], [[280.0, 753.6393705783296], [0.0, 753.6393705783296], [140.0, 613.6393705783296], [280.0, 753.6393705783296]], [[442.3606294216704, 464.0], [622.3606294216704, 464.0], [442.3606294216704, 744.0], [442.3606294216704, 464.0]], [[210.0, 180.0], [490.0, 180.0], [490.0, 460.0], [210.0, 460.0], [210.0, 180.0]], [[200.0, 0.0], [400.0, 80.0], [400.0, 180.0], [200.0, 180.0], [200.0, 0.0]], [[0.0, 400.0], [100.0, 400.0], [100.0, 580.0], [0.0, 580.0], [0.0, 400.0]], [[706.3606294216704, 480.0], [706.3606294216704, 760.0], [426.3606294216704, 760.0], [706.3606294216704, 480.0]], [[706.3606294216704, 463.99999999999994], [506.3606294216704, 463.99999999999994], [506.3606294216704, 263.99999999999994], [706.3606294216704, 183.99999999999994], [706.3606294216704, 463.99999999999994]], [[100.0, 560.0], [180.0, 400.0], [260.0, 560.0], [100.0, 560.0]], [[426.3606294216704, 0.0], [706.3606294216704, 0.0], [566.3606294216704, 240.0]]]"
Thu Jul 23 01:37:46 2020,2,0,True,678.1062042448036,0.8405762938488377,"[0, 0, 1, 2, 1, 0, 0, 1, 1, 2, 2, 0]","[[[0.0, 280.0], [200.0, 280.0], [200.0, 480.0], [0.0, 480.0], [0.0, 280.0]], [[0.0, 80.0], [200.0, 80.0], [200.0, 280.0], [0.0, 280.0], [0.0, 80.0]], [[415.34868594272507, 460.0], [415.34868594272507, 740.0], [235.34868594272507, 740.0], [235.34868594272507, 460.0], [415.34868594272507, 460.0]], [[500.0, 180.0], [220.0, 180.0], [360.0, 40.0], [500.0, 180.0]], [[415.34868594272507, 462.75751830207855], [595.3486859427251, 462.75751830207855], [415.34868594272507, 742.7575183020786], [415.34868594272507, 462.75751830207855]], [[200.0, 180.0], [480.0, 180.0], [480.0, 460.0], [200.0, 460.0], [200.0, 180.0]], [[0.0, 480.0], [200.0, 560.0], [200.0, 660.0], [0.0, 660.0], [0.0, 480.0]], [[180.0, 660.0], [180.0, 760.0], [0.0, 760.0], [0.0, 660.0], [180.0, 660.0]], [[678.1062042448036, 480.0], [678.1062042448036, 760.0], [398.1062042448036, 760.0], [678.1062042448036, 480.0]], [[678.1062042448036, 462.75751830207855], [478.1062042448036, 462.75751830207855], [478.1062042448036, 262.75751830207855], [678.1062042448036, 182.75751830207855], [678.1062042448036, 462.75751830207855]], [[320.0, 0.0], [240.0, 160.0], [160.0, 0.0], [320.0, 0.0]], [[395.0, 0.0], [675.0, 0.0], [535.0, 240.0], [395.0, 0.0]]]"
Thu Jul 23 01:38:58 2020,2,3,True,684.8872662872517,0.8322537562859779,"[0, 0, 0, 0, 3, 0, 3, 1, 3, 0, 3, 3]","[[[280.0, 560.0], [480.0, 560.0], [480.0, 760.0], [280.0, 760.0], [280.0, 560.0]], [[0.0, 280.0], [200.0, 280.0], [200.0, 480.0], [0.0, 480.0], [0.0, 280.0]], [[200.0, 300.0], [480.0, 300.0], [480.0, 480.0], [200.0, 480.0], [200.0, 300.0]], [[344.8872662872517, 0.0], [624.8872662872517, 0.0], [484.8872662872517, 140.0], [344.8872662872517, 0.0]], [[280.0, 760.0], [100.0, 760.0], [280.0, 480.0], [280.0, 760.0]], [[0.0, 0.0], [280.0, 0.0], [280.0, 280.0], [0.0, 280.0], [0.0, 0.0]], [[504.8872662872517, 380.0], [584.8872662872517, 180.0], [684.8872662872517, 180.0], [684.8872662872517, 380.0], [504.8872662872517, 380.0]], [[660.0, 380.0], [660.0, 480.0], [480.0, 480.0], [480.0, 380.0], [660.0, 380.0]], [[0.0, 760.0], [0.0, 480.0], [280.0, 480.0], [0.0, 760.0]], [[480.0, 480.0], [680.0, 480.0], [680.0, 680.0], [480.0, 760.0], [480.0, 480.0]], [[684.8872662872517, 180.0], [524.8872662872517, 100.0], [684.8872662872517, 20.0], [684.8872662872517, 180.0]], [[280.0, 300.48242799910315], [280.0, 20.48242799910315], [520.0, 160.48242799910315], [280.0, 300.48242799910315]]]"
Thu Jul 23 01:39:18 2020,2,1,True,691.7361389501242,0.8240136200851266,"[0, 0, 0, 2, 3, 0, 1, 0, 3, 2, 1, 0]","[[[280.0, 0.0], [480.0, 0.0], [480.0, 200.0], [280.0, 200.0], [280.0, 0.0]], [[257.49177563576154, 537.4917756357615], [457.49177563576154, 537.4917756357615], [457.49177563576154, 737.4917756357615], [257.49177563576154, 737.4917756357615], [257.49177563576154, 537.4917756357615]], [[100.0, 300.0], [380.0, 300.0], [380.0, 480.0], [100.0, 480.0], [100.0, 300.0]], [[280.0, 760.0], [0.0, 760.0], [140.0, 620.0], [280.0, 760.0]], [[670.2519190183222, 390.99671025430456], [490.25191901832216, 390.99671025430456], [670.2519190183222, 110.99671025430456], [670.2519190183222, 390.99671025430456]], [[0.0, 0.0], [280.0, 0.0], [280.0, 280.0], [0.0, 280.0], [0.0, 0.0]], [[660.0, 0.0], [580.0, 200.0], [480.0, 200.0], [480.0, 0.0], [660.0, 0.0]], [[0.0, 280.0], [100.0, 280.0], [100.0, 460.0], [0.0, 460.0], [0.0, 280.0]], [[0.0, 760.0], [0.0, 480.0], [280.0, 480.0], [0.0, 760.0]], [[667.743694654084, 760.0], [467.74369465408404, 760.0], [467.74369465408404, 560.0], [667.743694654084, 480.0], [667.743694654084, 760.0]], [[490.2519190183223, 390.9967102543046], [650.2519190183223, 470.9967102543046], [490.2519190183223, 550.9967102543046], [490.2519190183223, 390.9967102543046]], [[321.6666666666667, 200.0], [601.6666666666667, 200.0], [461.6666666666667, 440.0], [321.6666666666667, 200.0]]]"
Thu Jul 23 01:39:20 2020,2,0,True,664.0666933921192,0.858347520922007,"[0, 0, 0, 2, 3, 0, 1, 0, 3, 2, 0, 0]","[[[280.0, 0.0], [480.0, 0.0], [480.0, 200.0], [280.0, 200.0], [280.0, 0.0]], [[257.49177563576154, 537.4917756357615], [457.49177563576154, 537.4917756357615], [457.49177563576154, 737.4917756357615], [257.49177563576154, 737.4917756357615], [257.49177563576154, 537.4917756357615]], [[96.74199732598913, 294.41485255883845], [376.74199732598913, 294.41485255883845], [376.74199732598913, 474.41485255883845], [96.74199732598913, 474.41485255883845], [96.74199732598913, 294.41485255883845]], [[280.0, 760.0], [0.0, 760.0], [140.0, 620.0], [280.0, 760.0]], [[664.0666933921192, 401.5999541849385], [484.0666933921192, 401.5999541849385], [664.0666933921192, 121.5999541849385], [664.0666933921192, 401.5999541849385]], [[0.0, 0.0], [280.0, 0.0], [280.0, 280.0], [0.0, 280.0], [0.0, 0.0]], [[660.0, 0.0], [580.0, 200.0], [480.0, 200.0], [480.0, 0.0], [660.0, 0.0]], [[0.0, 280.0], [100.0, 280.0], [100.0, 460.0], [0.0, 460.0], [0.0, 280.0]], [[0.0, 760.0], [0.0, 480.0], [280.0, 480.0], [0.0, 760.0]], [[664.0666933921192, 760.0], [464.0666933921192, 760.0], [464.0666933921192, 560.0], [664.0666933921192, 480.0], [664.0666933921192, 760.0]], [[345.20353578752764, 537.4917756357615], [425.20353578752764, 377.49177563576154], [505.20353578752764, 537.4917756357615], [345.20353578752764, 537.4917756357615]], [[321.6666666666667, 200.0], [601.6666666666667, 200.0], [461.6666666666667, 440.0], [321.6666666666667, 200.0]]]"
Thu Jul 23 01:40:46 2020,2,5,True,670.7073603260404,0.8498490306158484,"[0, 0, 1, 1, 1, 0, 0, 0, 3, 1, 0, 2]","[[[0.0, 560.0], [200.0, 560.0], [200.0, 760.0], [0.0, 760.0], [0.0, 560.0]], [[380.0, 360.0], [580.0, 360.0], [580.0, 560.0], [380.0, 560.0], [380.0, 360.0]], [[180.0, 280.0], [180.0, 560.0], [0.0, 560.0], [0.0, 280.0], [180.0, 280.0]], [[670.7073603260404, 170.70736032604043], [670.7073603260404, 450.70736032604043], [530.7073603260404, 310.70736032604043], [670.7073603260404, 170.70736032604043]], [[280.0, 0.0], [460.0, 0.0], [280.0, 280.0], [280.0, 0.0]], [[0.0, 0.0], [280.0, 0.0], [280.0, 280.0], [0.0, 280.0], [0.0, 0.0]], [[200.0, 580.0], [400.0, 660.0], [400.0, 760.0], [200.0, 760.0], [200.0, 580.0]], [[565.0, 0.0], [665.0, 0.0], [665.0, 180.0], [565.0, 180.0], [565.0, 0.0]], [[180.0, 560.0], [180.0, 280.0], [460.0, 280.0], [180.0, 560.0]], [[670.7073603260404, 560.0], [670.7073603260404, 760.0], [470.70736032604043, 760.0], [390.70736032604043, 560.0], [670.7073603260404, 560.0]], [[228.57142857142858, 591.4285714285714], [308.57142857142856, 431.42857142857144], [388.57142857142856, 591.4285714285714], [228.57142857142858, 591.4285714285714]], [[600.0, 240.0], [320.0, 240.0], [460.0, 0.0], [600.0, 240.0]]]"
Thu Jul 23 01:41:00 2020,2,1,True,677.4144339293008,0.8414346837780677,"[0, 0, 1, 0, 0, 0, 2, 0, 1, 0, 3, 3]","[[[377.4144339293008, 0.0], [577.4144339293008, 0.0], [577.4144339293008, 200.0], [377.4144339293008, 200.0], [377.4144339293008, 0.0]], [[440.0, 505.7142857142858], [640.0, 505.7142857142858], [640.0, 705.7142857142858], [440.0, 705.7142857142858], [440.0, 505.7142857142858]], [[180.0, 0.0], [180.0, 280.0], [0.0, 280.0], [0.0, 0.0], [180.0, 0.0]], [[0.0, 280.0], [280.0, 280.0], [140.0, 420.0], [0.0, 280.0]], [[199.99999999999991, 760.0], [199.99999999999991, 580.0], [479.9999999999999, 760.0], [199.99999999999991, 760.0]], [[397.4144339293008, 200.0], [677.4144339293008, 200.0], [677.4144339293008, 480.0], [397.4144339293008, 480.0], [397.4144339293008, 200.0]], [[440.0, 685.7142857142858], [240.0, 605.7142857142858], [240.0, 505.7142857142858], [440.0, 505.7142857142858], [440.0, 685.7142857142858]], [[577.4144339293008, 20.0], [677.4144339293008, 20.0], [677.4144339293008, 200.0], [577.4144339293008, 200.0], [577.4144339293008, 20.0]], [[388.5714285714286, 200.0], [388.5714285714286, 480.0], [108.57142857142861, 480.0], [388.5714285714286, 200.0]], [[180.0, 0.0], [380.0, 0.0], [380.0, 200.0], [180.0, 280.0], [180.0, 0.0]], [[188.57142857142856, 760.0], [28.571428571428555, 680.0], [188.57142857142856, 600.0], [188.57142857142856, 760.0]], [[0.0, 696.6666666666666], [0.0, 416.66666666666663], [240.0, 556.6666666666666], [0.0, 696.6666666666666]]]"
Thu Jul 23 01:41:24 2020,2,1,True,684.1885782685938,0.8331036473050176,"[0, 0, 0, 2, 1, 0, 1, 0, 1, 0, 2, 1]","[[[200.0, 200.0], [400.0, 200.0], [400.0, 400.0], [200.0, 400.0], [200.0, 200.0]], [[200.0, 0.0], [400.0, 0.0], [400.0, 200.0], [200.0, 200.0], [200.0, 0.0]], [[400.0, 0.0], [680.0, 0.0], [680.0, 180.0], [400.0, 180.0], [400.0, 0.0]], [[580.0, 760.0], [300.0, 760.0], [440.0, 620.0], [580.0, 760.0]], [[0.0, 480.0], [180.0, 480.0], [0.0, 760.0], [0.0, 480.0]], [[400.0, 180.0], [680.0, 180.0], [680.0, 460.0], [400.0, 460.0], [400.0, 180.0]], [[480.0, 460.0], [400.0, 660.0], [300.0, 660.0], [300.0, 460.0], [480.0, 460.0]], [[0.0, 280.0], [100.0, 280.0], [100.0, 460.0], [0.0, 460.0], [0.0, 280.0]], [[300.0, 480.0], [300.0, 760.0], [20.0, 760.0], [300.0, 480.0]], [[0.0, 0.0], [200.0, 0.0], [200.0, 200.0], [0.0, 280.0], [0.0, 0.0]], [[300.0, 400.0], [220.0, 560.0], [140.0, 400.0], [300.0, 400.0]], [[684.1885782685938, 480.0], [684.1885782685938, 760.0], [444.1885782685938, 620.0], [684.1885782685938, 480.0]]]"
Thu Jul 23 01:41:48 2020,2,1,True,691.0304640512798,0.8248550963416016,"[0, 0, 1, 1, 0, 0, 0, 0, 3, 0, 3, 1]","[[[480.0, 480.0], [680.0, 480.0], [680.0, 680.0], [480.0, 680.0], [480.0, 480.0]], [[451.03046405127975, 0.0], [651.0304640512798, 0.0], [651.0304640512798, 200.0], [451.03046405127975, 200.0], [451.03046405127975, 0.0]], [[411.03046405127975, 185.75077420950038], [411.03046405127975, 465.7507742095004], [231.03046405127975, 465.7507742095004], [231.03046405127975, 185.75077420950038], [411.03046405127975, 185.75077420950038]], [[223.774724596495, 156.225275403505], [223.774724596495, 436.225275403505], [83.77472459649499, 296.225275403505], [223.774724596495, 156.225275403505]], [[0.0, 760.0], [0.0, 580.0], [280.0, 760.0], [0.0, 760.0]], [[411.03046405127975, 200.0], [691.0304640512798, 200.0], [691.0304640512798, 480.0], [411.03046405127975, 480.0], [411.03046405127975, 200.0]], [[0.0, 332.45055080701], [200.0, 412.45055080701], [200.0, 512.45055080701], [0.0, 512.45055080701], [0.0, 332.45055080701]], [[0.0, 0.0], [100.0, 0.0], [100.0, 180.0], [0.0, 180.0], [0.0, 0.0]], [[100.0, 280.0], [100.0, 0.0], [380.0, 0.0], [100.0, 280.0]], [[280.0, 480.0], [480.0, 480.0], [480.0, 680.0], [280.0, 760.0], [280.0, 480.0]], [[451.03046405127975, 200.0], [291.03046405127975, 120.0], [451.03046405127975, 40.0], [451.03046405127975, 200.0]], [[280.05675988144503, 465.7507742095004], [280.05675988144503, 745.7507742095004], [40.05675988144503, 605.7507742095004], [280.05675988144503, 465.7507742095004]]]"
Thu Jul 23 01:42:01 2020,2,0,True,663.3892454892285,0.8592240586891684,"[0, 0, 1, 1, 3, 0, 1, 0, 2, 2, 3, 3]","[[[0.0, 560.0], [200.0, 560.0], [200.0, 760.0], [0.0, 760.0], [0.0, 560.0]], [[451.03046405127975, 0.0], [651.0304640512798, 0.0], [651.0304640512798, 200.0], [451.03046405127975, 200.0], [451.03046405127975, 0.0]], [[380.0, 180.0], [380.0, 460.0], [200.0, 460.0], [200.0, 180.0], [380.0, 180.0]], [[199.99999999999997, 180.0], [199.99999999999997, 460.0], [59.99999999999997, 320.0], [199.99999999999997, 180.0]], [[659.9999999999999, 760.0], [479.9999999999999, 760.0], [659.9999999999999, 480.0], [659.9999999999999, 760.0]], [[380.0, 200.0], [660.0, 200.0], [660.0, 480.0], [380.0, 480.0], [380.0, 200.0]], [[611.4285714285712, 480.0], [531.4285714285712, 680.0], [431.4285714285712, 680.0], [431.4285714285712, 480.0], [611.4285714285712, 480.0]], [[351.03046405127975, 0.0], [451.03046405127975, 0.0], [451.03046405127975, 180.0], [351.03046405127975, 180.0], [351.03046405127975, 0.0]], [[280.0, 540.0], [0.0, 540.0], [0.0, 260.0], [280.0, 540.0]], [[431.4285714285712, 760.0], [231.42857142857122, 760.0], [231.42857142857122, 560.0], [431.4285714285712, 480.0], [431.4285714285712, 760.0]], [[351.03046405127975, 177.6384585719486], [191.03046405127975, 97.6384585719486], [351.03046405127975, 17.638458571948604], [351.03046405127975, 177.6384585719486]], [[26.110838963969627, 281.43534393768437], [26.110838963969627, 1.4353439376843653], [266.1108389639696, 141.43534393768437], [26.110838963969627, 281.43534393768437]]]"
Thu Jul 23 01:42:17 2020,2,1,True,670.0231379441208,0.8507168897912558,"[0, 0, 1, 1, 2, 0, 1, 0, 3, 0, 0, 3]","[[[64.16920905609425, 256.8536756696593], [264.16920905609425, 256.8536756696593], [264.16920905609425, 456.8536756696593], [64.16920905609425, 456.8536756696593], [64.16920905609425, 256.8536756696593]], [[470.0231379441208, 0.0], [670.0231379441208, 0.0], [670.0231379441208, 200.0], [470.0231379441208, 200.0], [470.0231379441208, 0.0]], [[456.8536756696593, 480.0], [456.8536756696593, 760.0], [276.8536756696593, 760.0], [276.8536756696593, 480.0], [456.8536756696593, 480.0]], [[276.8536756696593, 460.0], [276.8536756696593, 740.0], [136.8536756696593, 600.0], [276.8536756696593, 460.0]], [[280.0, 0.0], [280.0, 180.0], [0.0, 0.0], [280.0, 0.0]], [[364.16920905609425, 200.0], [644.1692090560942, 200.0], [644.1692090560942, 480.0], [364.16920905609425, 480.0], [364.16920905609425, 200.0]], [[460.0, 0.0], [380.0, 200.0], [280.0, 200.0], [280.0, 0.0], [460.0, 0.0]], [[264.16920905609425, 200.0], [364.16920905609425, 200.0], [364.16920905609425, 380.0], [264.16920905609425, 380.0], [264.16920905609425, 200.0]], [[0.0, 736.8536756696593], [0.0, 456.8536756696593], [280.0, 456.8536756696593], [0.0, 736.8536756696593]], [[456.8536756696593, 480.0], [656.8536756696593, 480.0], [656.8536756696593, 680.0], [456.8536756696593, 760.0], [456.8536756696593, 480.0]], [[56.85367566965931, 760.0], [136.8536756696593, 600.0], [216.8536756696593, 760.0], [56.85367566965931, 760.0]], [[0.0, 294.2857142857143], [0.0, 14.285714285714278], [240.0, 154.28571428571428], [0.0, 294.2857142857143]]]"
Thu Jul 23 01:42:38 2020,2,1,True,676.723369323562,0.8422939502883722,"[0, 0, 1, 1, 1, 0, 3, 1, 3, 0, 3, 2]","[[[280.0, 246.62838258460556], [480.0, 246.62838258460556], [480.0, 446.62838258460556], [280.0, 446.62838258460556], [280.0, 246.62838258460556]], [[476.723369323562, 0.0], [676.723369323562, 0.0], [676.723369323562, 200.0], [476.723369323562, 200.0], [476.723369323562, 0.0]], [[660.0, 200.0], [660.0, 480.0], [480.0, 480.0], [480.0, 200.0], [660.0, 200.0]], [[362.1677983797352, 446.62838258460556], [362.1677983797352, 726.6283825846056], [222.1677983797352, 586.6283825846056], [362.1677983797352, 446.62838258460556]], [[226.6987581279513, 0.0], [406.6987581279513, 0.0], [226.6987581279513, 280.0], [226.6987581279513, 0.0]], [[362.16779837973513, 480.0], [642.1677983797351, 480.0], [642.1677983797351, 760.0], [362.16779837973513, 760.0], [362.16779837973513, 480.0]], [[296.723369323562, 246.62838258460556], [376.723369323562, 46.62838258460556], [476.723369323562, 46.62838258460556], [476.723369323562, 246.62838258460556], [296.723369323562, 246.62838258460556]], [[180.0, 323.30124187204865], [180.0, 423.30124187204865], [0.0, 423.30124187204865], [0.0, 323.30124187204865], [180.0, 323.30124187204865]], [[0.0, 703.3012418720486], [0.0, 423.30124187204865], [280.0, 423.30124187204865], [0.0, 703.3012418720486]], [[0.0, 0.0], [200.0, 0.0], [200.0, 200.0], [0.0, 280.0], [0.0, 0.0]], [[226.6987581279513, 346.65062093602427], [66.6987581279513, 266.65062093602427], [226.6987581279513, 186.65062093602427], [226.6987581279513, 346.65062093602427]], [[323.30124187204865, 760.0], [43.30124187204865, 760.0], [183.30124187204865, 520.0], [323.30124187204865, 760.0]]]"
Thu Jul 23 01:42:57 2020,2,1,True,683.4906030167976,0.833954406226111,"[0, 0, 1, 1, 1, 0, 0, 0, 1, 0, 2, 2]","[[[200.0, 280.0], [400.0, 280.0], [400.0, 480.0], [200.0, 480.0], [200.0, 280.0]], [[234.76190476190482, 480.0], [434.7619047619048, 480.0], [434.7619047619048, 680.0], [234.76190476190482, 680.0], [234.76190476190482, 480.0]], [[180.0, 0.0], [180.0, 280.0], [0.0, 280.0], [0.0, 0.0], [180.0, 0.0]], [[649.6544345506194, 200.0000000000001], [649.6544345506194, 480.0000000000001], [509.6544345506194, 340.0000000000001], [649.6544345506194, 200.0000000000001]], [[0.0, 460.0], [180.0, 460.0], [0.0, 740.0], [0.0, 460.0]], [[180.0, 0.0], [460.0, 0.0], [460.0, 280.0], [180.0, 280.0], [180.0, 0.0]], [[0.0, 280.0], [200.0, 360.0], [200.0, 460.0], [0.0, 460.0], [0.0, 280.0]], [[400.0, 280.0], [500.0, 280.0], [500.0, 460.0], [400.0, 460.0], [400.0, 280.0]], [[649.6544345506195, 480.0], [649.6544345506195, 760.0], [369.6544345506195, 760.0], [649.6544345506195, 480.0]], [[460.0, 0.0], [660.0, 0.0], [660.0, 200.0], [460.0, 280.0], [460.0, 0.0]], [[585.5457221192056, 460.0], [505.5457221192056, 620.0], [425.5457221192056, 460.0], [585.5457221192056, 460.0]], [[281.42857142857144, 760.0], [1.4285714285714448, 760.0], [141.42857142857144, 520.0], [281.42857142857144, 760.0]]]"
Thu Jul 23 01:42:57 2020,2,0,True,656.1509788961257,0.8687025064855323,"[0, 0, 1, 1, 1, 0, 0, 0, 1, 0, 2, 2]","[[[200.0, 280.0], [400.0, 280.0], [400.0, 480.0], [200.0, 480.0], [200.0, 280.0]], [[234.76190476190482, 480.0], [434.7619047619048, 480.0], [434.7619047619048, 680.0], [234.76190476190482, 680.0], [234.76190476190482, 480.0]], [[180.0, 0.0], [180.0, 280.0], [0.0, 280.0], [0.0, 0.0], [180.0, 0.0]], [[640.0, 206.46039155845028], [640.0, 486.4603915584503], [500.0, 346.4603915584503], [640.0, 206.46039155845028]], [[0.0, 460.0], [180.0, 460.0], [0.0, 740.0], [0.0, 460.0]], [[180.0, 0.0], [460.0, 0.0], [460.0, 280.0], [180.0, 280.0], [180.0, 0.0]], [[0.0, 280.0], [200.0, 360.0], [200.0, 460.0], [0.0, 460.0], [0.0, 280.0]], [[400.0, 280.0], [500.0, 280.0], [500.0, 460.0], [400.0, 460.0], [400.0, 280.0]], [[649.6544345506195, 480.0], [649.6544345506195, 760.0], [369.6544345506195, 760.0], [649.6544345506195, 480.0]], [[456.1509788961257, 0.0], [656.1509788961257, 0.0], [656.1509788961257, 200.0], [456.1509788961257, 280.0], [456.1509788961257, 0.0]], [[585.5457221192056, 460.0], [505.5457221192056, 620.0], [425.5457221192056, 460.0], [585.5457221192056, 460.0]], [[281.42857142857144, 760.0], [1.4285714285714448, 760.0], [141.42857142857144, 520.0], [281.42857142857144, 760.0]]]"
Thu Jul 23 01:43:44 2020,2,1,True,662.712488685087,0.8601014915698338,"[0, 0, 1, 3, 3, 0, 3, 0, 1, 0, 1, 0]","[[[0.0, 280.0], [200.0, 280.0], [200.0, 480.0], [0.0, 480.0], [0.0, 280.0]], [[200.0, 280.0], [400.0, 280.0], [400.0, 480.0], [200.0, 480.0], [200.0, 280.0]], [[380.0, 480.0], [380.0, 760.0], [200.0, 760.0], [200.0, 480.0], [380.0, 480.0]], [[280.0, 280.0], [280.0, 0.0], [420.0, 140.0], [280.0, 280.0]], [[632.6190476190476, 280.0000000000001], [452.6190476190476, 280.0000000000001], [632.6190476190476, 1.1368683772161603e-13], [632.6190476190476, 280.0000000000001]], [[0.0, 0.0], [280.0, 0.0], [280.0, 280.0], [0.0, 280.0], [0.0, 0.0]], [[482.712488685087, 760.0], [562.712488685087, 560.0], [662.712488685087, 560.0], [662.712488685087, 760.0], [482.712488685087, 760.0]], [[380.0, 527.287511314913], [480.0, 527.287511314913], [480.0, 707.287511314913], [380.0, 707.287511314913], [380.0, 527.287511314913]], [[662.712488685087, 247.287511314913], [662.712488685087, 527.287511314913], [382.712488685087, 527.287511314913], [662.712488685087, 247.287511314913]], [[0.0, 480.0], [200.0, 480.0], [200.0, 680.0], [0.0, 760.0], [0.0, 480.0]], [[400.0, 253.69047619047632], [560.0, 333.6904761904763], [400.0, 413.6904761904763], [400.0, 253.69047619047632]], [[338.33333333333337, 0.0], [618.3333333333334, 0.0], [478.33333333333337, 240.0], [338.33333333333337, 0.0]]]"
Thu Jul 23 01:44:50 2020,2,3,True,669.3396135719379,0.8515856352176573,"[0, 0, 0, 0, 1, 0, 1, 0, 0, 2, 3, 2]","[[[469.3396135719379, 0.0], [669.3396135719379, 0.0], [669.3396135719379, 200.0], [469.3396135719379, 200.0], [469.3396135719379, 0.0]], [[469.3396135719379, 200.0], [669.3396135719379, 200.0], [669.3396135719379, 400.0], [469.3396135719379, 400.0], [469.3396135719379, 200.0]], [[19.285714285714278, 250.0], [299.2857142857143, 250.0], [299.2857142857143, 430.0], [19.285714285714278, 430.0], [19.285714285714278, 250.0]], [[360.0, 400.0], [640.0, 400.0], [500.0, 540.0], [360.0, 400.0]], [[0.0, 0.0], [180.0, 0.0], [0.0, 280.0], [0.0, 0.0]], [[160.0, 480.0], [440.0, 480.0], [440.0, 760.0], [160.0, 760.0], [160.0, 480.0]], [[180.0, 430.0], [100.0, 630.0], [0.0, 630.0], [0.0, 430.0], [180.0, 430.0]], [[313.5714285714286, 220.0], [413.5714285714286, 220.0], [413.5714285714286, 400.0], [313.5714285714286, 400.0], [313.5714285714286, 220.0]], [[189.3396135719379, 0.0], [469.3396135719379, 0.0], [469.3396135719379, 280.0], [189.3396135719379, 0.0]], [[669.3396135719379, 760.0], [469.3396135719379, 760.0], [469.3396135719379, 560.0], [669.3396135719379, 480.0], [669.3396135719379, 760.0]], [[160.0, 760.0], [0.0, 680.0], [160.0, 600.0], [160.0, 760.0]], [[313.5714285714286, 250.0], [33.57142857142861, 250.0], [173.5714285714286, 10.0], [313.5714285714286, 250.0]]]"
Thu Jul 23 01:45:04 2020,2,0,True,642.5660290290604,0.887068370018393,"[0, 0, 1, 3, 1, 0, 3, 1, 0, 1, 0, 2]","[[[442.56602902906036, 0.0], [642.5660290290604, 0.0], [642.5660290290604, 200.0], [442.56602902906036, 200.0], [442.56602902906036, 0.0]], [[442.56602902906036, 200.0], [642.5660290290604, 200.0], [642.5660290290604, 400.0], [442.56602902906036, 400.0], [442.56602902906036, 200.0]], [[180.0, 480.0], [180.0, 760.0], [0.0, 760.0], [0.0, 480.0], [180.0, 480.0]], [[289.00627382944066, 433.5597551996197], [289.00627382944066, 153.5597551996197], [429.00627382944066, 293.5597551996197], [289.00627382944066, 433.5597551996197]], [[7.105427357601002e-14, 0.0], [180.00000000000006, 0.0], [7.105427357601002e-14, 280.0], [7.105427357601002e-14, 0.0]], [[180.0, 480.0], [460.0, 480.0], [460.0, 760.0], [180.0, 760.0], [180.0, 480.0]], [[460.0, 600.0], [540.0, 400.0], [640.0, 400.0], [640.0, 600.0], [460.0, 600.0]], [[640.0, 660.0], [640.0, 760.0], [460.0, 760.0], [460.0, 660.0], [640.0, 660.0]], [[162.56602902906036, 27.119510399239402], [442.56602902906036, 27.119510399239402], [442.56602902906036, 307.1195103992394], [162.56602902906036, 27.119510399239402]], [[280.0, 280.0], [280.0, 480.0], [80.0, 480.0], [0.0, 280.0], [280.0, 280.0]], [[322.56602902906036, 480.0], [402.56602902906036, 320.0], [482.56602902906036, 480.0], [322.56602902906036, 480.0]], [[289.00627382944066, 280.0], [9.006273829440659, 280.0], [149.00627382944066, 40.0], [289.00627382944066, 280.0]]]"
Thu Jul 23 01:47:15 2020,2,5,False,648.9916893193509,0.8782855148696961,"[0, 0, 1, 3, 3, 0, 0, 0, 0, 2, 3, 3]","[[[0.0, 7.8630790576064555], [200.0, 7.8630790576064555], [200.0, 207.86307905760646], [0.0, 207.86307905760646], [0.0, 7.8630790576064555]], [[441.0083106806492, 280.0], [641.0083106806492, 280.0], [641.0083106806492, 480.0], [441.0083106806492, 480.0], [441.0083106806492, 280.0]], [[405.00000000000006, 180.0], [405.00000000000006, 460.0], [225.00000000000006, 460.0], [225.00000000000006, 180.0], [405.00000000000006, 180.0]], [[405.00000000000006, 316.0083106806491], [405.00000000000006, 36.00831068064912], [545.0, 176.00831068064912], [405.00000000000006, 316.0083106806491]], [[648.9916893193509, 760.0], [468.99168931935094, 760.0], [648.9916893193509, 480.0], [648.9916893193509, 760.0]], [[200.0, 480.0], [480.0, 480.0], [480.0, 760.0], [200.0, 760.0], [200.0, 480.0]], [[200.0, 0.0], [400.0, 80.0], [400.0, 180.0], [200.0, 180.0], [200.0, 0.0]], [[433.2774036050653, 480.0], [533.2774036050653, 480.0], [533.2774036050653, 660.0], [433.2774036050653, 660.0], [433.2774036050653, 480.0]], [[368.99168931935094, 0.0], [648.9916893193509, 0.0], [648.9916893193509, 280.0], [368.99168931935094, 0.0]], [[200.0, 760.0], [0.0, 760.0], [0.0, 560.0], [200.0, 480.0], [200.0, 760.0]], [[197.14285714285708, 367.86307905760646], [37.14285714285708, 287.86307905760646], [197.14285714285708, 207.86307905760646], [197.14285714285708, 367.86307905760646]], [[0.0, 546.1964123909398], [0.0, 266.1964123909398], [240.0, 406.1964123909398], [0.0, 546.1964123909398]]]"
Thu Jul 23 01:49:27 2020,2,5,True,655.4816062125444,0.8695896186828675,"[0, 0, 1, 3, 1, 0, 3, 0, 0, 1, 0, 3]","[[[0.0, 202.111292353341], [200.0, 202.111292353341], [200.0, 402.111292353341], [0.0, 402.111292353341], [0.0, 202.111292353341]], [[0.0, 4.518393787455523], [200.0, 4.518393787455523], [200.0, 204.51839378745552], [0.0, 204.51839378745552], [0.0, 4.518393787455523]], [[655.4816062125444, 0.0], [655.4816062125444, 280.0], [475.4816062125444, 280.0], [475.4816062125444, 0.0], [655.4816062125444, 0.0]], [[200.0, 284.5183937874555], [200.0, 4.518393787455523], [340.0, 144.51839378745552], [200.0, 284.5183937874555]], [[0.0, 402.111292353341], [180.0, 402.111292353341], [0.0, 682.111292353341], [0.0, 402.111292353341]], [[375.4816062125444, 480.0], [655.4816062125444, 480.0], [655.4816062125444, 760.0], [375.4816062125444, 760.0], [375.4816062125444, 480.0]], [[136.8445169413364, 560.0], [216.8445169413364, 360.0], [316.8445169413364, 360.0], [316.8445169413364, 560.0], [136.8445169413364, 560.0]], [[555.2866144594707, 280.0], [655.2866144594707, 280.0], [655.2866144594707, 460.0], [555.2866144594707, 460.0], [555.2866144594707, 280.0]], [[195.48160621254448, 0.0], [475.4816062125445, 0.0], [475.4816062125445, 280.0], [195.48160621254448, 0.0]], [[375.4816062125444, 560.0], [375.4816062125444, 760.0], [175.48160621254442, 760.0], [95.48160621254442, 560.0], [375.4816062125444, 560.0]], [[0.0, 760.0], [80.0, 600.0], [160.0, 760.0], [0.0, 760.0]], [[315.4816062125444, 466.66666666666663], [315.4816062125444, 186.66666666666663], [555.4816062125444, 326.66666666666663], [315.4816062125444, 466.66666666666663]]]"
Thu Jul 23 01:49:47 2020,2,1,True,662.0364222746699,0.8609798204780865,"[0, 0, 0, 1, 2, 0, 3, 0, 2, 0, 1, 0]","[[[0.0, 560.0], [200.0, 560.0], [200.0, 760.0], [0.0, 760.0], [0.0, 560.0]], [[198.70308894133655, 560.0], [398.70308894133655, 560.0], [398.70308894133655, 760.0], [198.70308894133655, 760.0], [198.70308894133655, 560.0]], [[280.0, 280.0], [560.0, 280.0], [560.0, 460.0], [280.0, 460.0], [280.0, 280.0]], [[180.0, 0.0], [180.0, 280.0], [40.0, 140.0], [180.0, 0.0]], [[280.0, 380.0], [280.0, 560.0], [0.0, 380.0], [280.0, 380.0]], [[380.0, 0.0], [660.0, 0.0], [660.0, 280.0], [380.0, 280.0], [380.0, 0.0]], [[482.0364222746699, 760.0], [562.0364222746699, 560.0], [662.0364222746699, 560.0], [662.0364222746699, 760.0], [482.0364222746699, 760.0]], [[562.0364222746699, 280.0], [662.0364222746699, 280.0], [662.0364222746699, 460.0], [562.0364222746699, 460.0], [562.0364222746699, 280.0]], [[280.0, 380.0], [0.0, 380.0], [0.0, 100.0], [280.0, 380.0]], [[180.0, 0.0], [380.0, 0.0], [380.0, 200.0], [180.0, 280.0], [180.0, 0.0]], [[0.0, 402.8571428571429], [160.0, 482.8571428571429], [0.0, 562.8571428571429], [0.0, 402.8571428571429]], [[340.3697556080032, 460.0], [620.3697556080032, 460.0], [480.3697556080032, 700.0], [340.3697556080032, 460.0]]]"
Thu Jul 23 01:50:14 2020,2,1,True,668.6567864974166,0.8524552678000856,"[0, 0, 0, 3, 3, 0, 0, 0, 0, 3, 0, 0]","[[[0.0, 560.0], [200.0, 560.0], [200.0, 760.0], [0.0, 760.0], [0.0, 560.0]], [[0.0, 176.3501759172825], [200.0, 176.3501759172825], [200.0, 376.3501759172825], [0.0, 376.3501759172825], [0.0, 176.3501759172825]], [[355.5549653836831, 279.9999999999998], [635.5549653836831, 279.9999999999998], [635.5549653836831, 459.9999999999998], [355.5549653836831, 459.9999999999998], [355.5549653836831, 279.9999999999998]], [[200.0, 397.52935598052363], [200.0, 117.52935598052363], [340.0, 257.52935598052363], [200.0, 397.52935598052363]], [[668.6567864974166, 723.6311999068853], [488.65678649741665, 723.6311999068853], [668.6567864974166, 443.6311999068853], [668.6567864974166, 723.6311999068853]], [[355.5549653836831, 0.0], [635.5549653836831, 0.0], [635.5549653836831, 280.0], [355.5549653836831, 280.0], [355.5549653836831, 0.0]], [[0.0, 376.3501759172825], [200.0, 456.3501759172825], [200.0, 556.3501759172825], [0.0, 556.3501759172825], [0.0, 376.3501759172825]], [[255.5549653836831, 341.9743905968403], [355.5549653836831, 341.9743905968403], [355.5549653836831, 521.9743905968403], [255.5549653836831, 521.9743905968403], [255.5549653836831, 341.9743905968403]], [[75.55496538368311, 0.0], [355.5549653836831, 0.0], [355.5549653836831, 280.0], [75.55496538368311, 0.0]], [[200.0, 721.9743905968403], [200.0, 521.9743905968403], [400.0, 521.9743905968403], [480.0, 721.9743905968403], [200.0, 721.9743905968403]], [[0.0, 164.4450346163169], [80.0, 4.445034616316889], [160.0, 164.4450346163169], [0.0, 164.4450346163169]], [[363.84827215184305, 459.9999999999998], [643.848272151843, 459.9999999999998], [503.84827215184305, 699.9999999999998], [363.84827215184305, 459.9999999999998]]]"
Thu Jul 23 01:50:14 2020,2,0,True,641.91051503752,0.887974237291756,"[0, 0, 0, 3, 3, 0, 0, 0, 0, 3, 0, 0]","[[[0.0, 560.0], [200.0, 560.0], [200.0, 760.0], [0.0, 760.0], [0.0, 560.0]], [[0.0, 176.3501759172825], [200.0, 176.3501759172825], [200.0, 376.3501759172825], [0.0, 376.3501759172825], [0.0, 176.3501759172825]], [[355.5549653836831, 279.9999999999998], [635.5549653836831, 279.9999999999998], [635.5549653836831, 459.9999999999998], [355.5549653836831, 459.9999999999998], [355.5549653836831, 279.9999999999998]], [[196.54216068210337, 400.98719529842003], [196.54216068210337, 120.98719529842003], [336.5421606821034, 260.98719529842003], [196.54216068210337, 400.98719529842003]], [[641.91051503752, 760.0], [461.91051503752, 760.0], [641.91051503752, 480.0], [641.91051503752, 760.0]], [[355.5549653836831, 0.0], [635.5549653836831, 0.0], [635.5549653836831, 280.0], [355.5549653836831, 280.0], [355.5549653836831, 0.0]], [[0.0, 376.3501759172825], [200.0, 456.3501759172825], [200.0, 556.3501759172825], [0.0, 556.3501759172825], [0.0, 376.3501759172825]], [[255.5549653836831, 341.9743905968403], [355.5549653836831, 341.9743905968403], [355.5549653836831, 521.9743905968403], [255.5549653836831, 521.9743905968403], [255.5549653836831, 341.9743905968403]], [[75.55496538368311, 0.0], [355.5549653836831, 0.0], [355.5549653836831, 280.0], [75.55496538368311, 0.0]], [[200.0, 725.2962599356797], [200.0, 525.2962599356797], [400.0, 525.2962599356797], [480.0, 725.2962599356797], [200.0, 725.2962599356797]], [[0.0, 164.4450346163169], [80.0, 4.445034616316889], [160.0, 164.4450346163169], [0.0, 164.4450346163169]], [[361.23090338703463, 458.8349514563106], [641.2309033870347, 458.8349514563106], [501.23090338703463, 698.8349514563106], [361.23090338703463, 458.8349514563106]]]"
Thu Jul 23 01:52:34 2020,2,5,True,648.3296201878952,0.8791824131601543,"[0, 0, 0, 0, 0, 0, 3, 0, 2, 0, 3, 1]","[[[168.32962018789522, 229.17594953026196], [368.3296201878952, 229.17594953026196], [368.3296201878952, 429.17594953026196], [168.32962018789522, 429.17594953026196], [168.32962018789522, 229.17594953026196]], [[0.0, 560.0], [200.0, 560.0], [200.0, 760.0], [0.0, 760.0], [0.0, 560.0]], [[368.3296201878952, 280.0], [648.3296201878952, 280.0], [648.3296201878952, 460.0], [368.3296201878952, 460.0], [368.3296201878952, 280.0]], [[180.0, 460.0], [460.0, 460.0], [320.0, 600.0], [180.0, 460.0]], [[267.0899470899472, 760.0], [267.0899470899472, 580.0], [547.0899470899471, 760.0], [267.0899470899472, 760.0]], [[368.3296201878952, 0.0], [648.3296201878952, 0.0], [648.3296201878952, 280.0], [368.3296201878952, 280.0], [368.3296201878952, 0.0]], [[188.32962018789522, 229.17594953026196], [268.3296201878952, 29.17594953026196], [368.3296201878952, 29.17594953026196], [368.3296201878952, 229.17594953026196], [188.32962018789522, 229.17594953026196]], [[548.3296201878952, 460.0], [648.3296201878952, 460.0], [648.3296201878952, 640.0], [548.3296201878952, 640.0], [548.3296201878952, 460.0]], [[280.0, 560.0], [0.0, 560.0], [0.0, 280.0], [280.0, 560.0]], [[0.0, 0.0], [200.0, 0.0], [200.0, 200.0], [0.0, 280.0], [0.0, 0.0]], [[168.32962018789522, 372.66815192484194], [8.329620187895216, 292.66815192484194], [168.32962018789522, 212.66815192484194], [168.32962018789522, 372.66815192484194]], [[548.5714285714287, 466.66666666666674], [548.5714285714287, 746.6666666666667], [308.57142857142867, 606.6666666666667], [548.5714285714287, 466.66666666666674]]]"
Thu Jul 23 01:54:42 2020,2,5,False,654.8129163897742,0.870477636792232,"[0, 0, 0, 2, 0, 0, 2, 1, 0, 1, 0, 2]","[[[280.0, 0.0], [480.0, 0.0], [480.0, 200.0], [280.0, 200.0], [280.0, 0.0]], [[0.0, 473.3327231252845], [200.0, 473.3327231252845], [200.0, 673.3327231252845], [0.0, 673.3327231252845], [0.0, 473.3327231252845]], [[374.81291638977416, 200.0], [654.8129163897742, 200.0], [654.8129163897742, 380.0], [374.81291638977416, 380.0], [374.81291638977416, 200.0]], [[633.5993148204989, 573.0679620542167], [353.5993148204989, 573.0679620542167], [493.5993148204989, 433.06796205421665], [633.5993148204989, 573.0679620542167]], [[0.0, 473.3327231252844], [0.0, 293.3327231252844], [280.0, 473.3327231252844], [0.0, 473.3327231252844]], [[0.0, 0.0], [280.0, 0.0], [280.0, 280.0], [0.0, 280.0], [0.0, 0.0]], [[654.8129163897742, 535.3843449612027], [454.81291638977416, 455.3843449612027], [454.81291638977416, 355.3843449612027], [654.8129163897742, 355.3843449612027], [654.8129163897742, 535.3843449612027]], [[182.6430036222058, 660.0], [182.6430036222058, 760.0], [2.6430036222058106, 760.0], [2.6430036222058106, 660.0], [182.6430036222058, 660.0]], [[86.66727687471558, 280.0], [366.6672768747156, 280.0], [366.6672768747156, 560.0], [86.66727687471558, 280.0]], [[646.2967709025565, 531.9778867663156], [646.2967709025565, 731.9778867663156], [446.29677090255655, 731.9778867663156], [366.29677090255655, 531.9778867663156], [646.2967709025565, 531.9778867663156]], [[480.0, 160.0], [560.0, 0.0], [640.0, 160.0], [480.0, 160.0]], [[462.6430036222058, 760.0], [182.6430036222058, 760.0], [322.6430036222058, 520.0], [462.6430036222058, 760.0]]]"
Thu Jul 23 01:55:09 2020,2,1,True,661.3610455536719,0.8618590463289425,"[0, 0, 1, 1, 3, 0, 0, 0, 3, 1, 2, 2]","[[[0.0, 560.0], [200.0, 560.0], [200.0, 760.0], [0.0, 760.0], [0.0, 560.0]], [[240.0, 361.76520954279636], [440.0, 361.76520954279636], [440.0, 561.7652095427964], [240.0, 561.7652095427964], [240.0, 361.76520954279636]], [[661.3610455536719, 480.0], [661.3610455536719, 760.0], [481.36104555367194, 760.0], [481.36104555367194, 480.0], [661.3610455536719, 480.0]], [[240.0, 320.0], [240.0, 600.0], [100.0, 460.0], [240.0, 320.0]], [[660.0, 480.0], [480.0, 480.0], [660.0, 200.0], [660.0, 480.0]], [[0.0, 0.0], [280.0, 0.0], [280.0, 280.0], [0.0, 280.0], [0.0, 0.0]], [[240.0, 561.7652095427964], [440.0, 641.7652095427964], [440.0, 741.7652095427964], [240.0, 741.7652095427964], [240.0, 561.7652095427964]], [[280.0, 0.0], [380.0, 0.0], [380.0, 180.0], [280.0, 180.0], [280.0, 0.0]], [[0.0, 560.0], [0.0, 280.0], [280.0, 280.0], [0.0, 560.0]], [[660.0, 0.0], [660.0, 200.0], [460.0, 200.0], [380.0, 0.0], [660.0, 0.0]], [[632.9405888667375, 200.0], [552.9405888667375, 360.0], [472.94058886673747, 200.0], [632.9405888667375, 200.0]], [[553.9702944333687, 361.76520954279636], [273.97029443336874, 361.76520954279636], [413.97029443336874, 121.76520954279636], [553.9702944333687, 361.76520954279636]]]"
Thu Jul 23 01:55:45 2020,2,1,True,667.9746560092086,0.8533257884444976,"[0, 0, 0, 2, 2, 0, 3, 1, 0, 0, 0, 3]","[[[0.0, 92.02534399079138], [200.0, 92.02534399079138], [200.0, 292.0253439907914], [0.0, 292.0253439907914], [0.0, 92.02534399079138]], [[187.97465600920862, 560.0], [387.9746560092086, 560.0], [387.9746560092086, 760.0], [187.97465600920862, 760.0], [187.97465600920862, 560.0]], [[387.9746560092086, 100.0], [667.9746560092086, 100.0], [667.9746560092086, 280.0], [387.9746560092086, 280.0], [387.9746560092086, 100.0]], [[621.307989342542, 480.0], [341.307989342542, 480.0], [481.307989342542, 340.0], [621.307989342542, 480.0]], [[667.9746560092086, 280.0], [667.9746560092086, 460.0], [387.9746560092086, 280.0], [667.9746560092086, 280.0]], [[387.9746560092086, 480.0], [667.9746560092086, 480.0], [667.9746560092086, 760.0], [387.9746560092086, 760.0], [387.9746560092086, 480.0]], [[7.974656009208616, 760.0], [87.97465600920862, 560.0], [187.97465600920862, 560.0], [187.97465600920862, 760.0], [7.974656009208616, 760.0]], [[580.0, 0.0], [580.0, 100.0], [400.0, 100.0], [400.0, 0.0], [580.0, 0.0]], [[107.97465600920862, 0.0], [387.9746560092086, 0.0], [387.9746560092086, 280.0], [107.97465600920862, 0.0]], [[0.0, 292.0253439907914], [200.0, 292.0253439907914], [200.0, 492.0253439907914], [0.0, 572.0253439907914], [0.0, 292.0253439907914]], [[211.61976684699454, 560.0], [291.61976684699454, 400.0], [371.61976684699454, 560.0], [211.61976684699454, 560.0]], [[200.0, 453.44486399408015], [200.0, 173.44486399408015], [440.0, 313.44486399408015], [200.0, 453.44486399408015]]]"
Thu Jul 23 01:56:09 2020,2,1,True,674.6544025693007,0.8448770182618788,"[0, 0, 1, 0, 0, 0, 1, 0, 0, 1, 3, 2]","[[[294.6544025693007, 0.0], [494.6544025693007, 0.0], [494.6544025693007, 200.0], [294.6544025693007, 200.0], [294.6544025693007, 0.0]], [[165.00000000000006, 267.4999999999999], [365.00000000000006, 267.4999999999999], [365.00000000000006, 467.4999999999999], [165.00000000000006, 467.4999999999999], [165.00000000000006, 267.4999999999999]], [[674.6544025693007, 0.0], [674.6544025693007, 280.0], [494.6544025693007, 280.0], [494.6544025693007, 0.0], [674.6544025693007, 0.0]], [[0.0, 0.0], [280.0, 0.0], [140.0, 140.0], [0.0, 0.0]], [[0.0, 230.0], [0.0, 50.0], [280.0, 230.0], [0.0, 230.0]], [[392.5000000000001, 480.0], [672.5000000000001, 480.0], [672.5000000000001, 760.0], [392.5000000000001, 760.0], [392.5000000000001, 480.0]], [[180.0, 230.0], [100.0, 430.0], [0.0, 430.0], [0.0, 230.0], [180.0, 230.0]], [[0.0, 430.0], [100.0, 430.0], [100.0, 610.0], [0.0, 610.0], [0.0, 430.0]], [[112.50000000000011, 480.0], [392.5000000000001, 480.0], [392.5000000000001, 760.0], [112.50000000000011, 480.0]], [[645.0, 280.0], [645.0, 480.0], [445.0, 480.0], [365.0, 280.0], [645.0, 280.0]], [[294.6544025693007, 216.56354450883617], [134.65440256930071, 136.56354450883617], [294.6544025693007, 56.56354450883617], [294.6544025693007, 216.56354450883617]], [[292.5000000000001, 760.0], [12.500000000000114, 760.0], [152.5000000000001, 520.0], [292.5000000000001, 760.0]]]"
Thu Jul 23 01:56:58 2020,2,3,True,681.4009465949937,0.8365118992691869,"[0, 0, 1, 3, 1, 0, 0, 0, 1, 1, 1, 1]","[[[280.0, 280.0], [480.0, 280.0], [480.0, 480.0], [280.0, 480.0], [280.0, 280.0]], [[280.0, 560.0], [480.0, 560.0], [480.0, 760.0], [280.0, 760.0], [280.0, 560.0]], [[395.71428571428567, 0.0], [395.71428571428567, 280.0], [215.71428571428567, 280.0], [215.71428571428567, 0.0], [395.71428571428567, 0.0]], [[480.0, 462.1935345611916], [480.0, 182.1935345611916], [620.0, 322.1935345611916], [480.0, 462.1935345611916]], [[0.0, 0.0], [180.0, 0.0], [0.0, 280.0], [0.0, 0.0]], [[0.0, 280.0], [280.0, 280.0], [280.0, 560.0], [0.0, 560.0], [0.0, 280.0]], [[480.0, 571.9117060386474], [680.0, 651.9117060386474], [680.0, 751.9117060386474], [480.0, 751.9117060386474], [480.0, 571.9117060386474]], [[115.7142857142857, 100.0], [215.7142857142857, 100.0], [215.7142857142857, 280.0], [115.7142857142857, 280.0], [115.7142857142857, 100.0]], [[680.0, 280.0], [680.0, 560.0], [400.0, 560.0], [680.0, 280.0]], [[280.0, 560.0], [280.0, 760.0], [80.0, 760.0], [0.0, 560.0], [280.0, 560.0]], [[391.3655043133195, 0.0], [551.3655043133194, 80.0], [391.3655043133195, 160.0], [391.3655043133195, 0.0]], [[668.0882939613526, 11.91170603864731], [668.0882939613526, 291.9117060386473], [428.08829396135263, 151.9117060386473], [668.0882939613526, 11.91170603864731]]]"
Thu Jul 23 01:57:15 2020,2,1,True,688.2149560609437,0.8282296032368187,"[0, 0, 1, 1, 1, 0, 0, 1, 1, 0, 2, 2]","[[[0.0, 560.0], [200.0, 560.0], [200.0, 760.0], [0.0, 760.0], [0.0, 560.0]], [[488.2149560609437, 0.0], [688.2149560609437, 0.0], [688.2149560609437, 200.0], [488.2149560609437, 200.0], [488.2149560609437, 0.0]], [[660.0, 200.0], [660.0, 480.0], [480.0, 480.0], [480.0, 200.0], [660.0, 200.0]], [[420.0, 224.0], [420.0, 504.0], [280.0, 364.0], [420.0, 224.0]], [[0.0, 0.0], [180.0, 0.0], [0.0, 280.0], [0.0, 0.0]], [[0.0, 280.0], [280.0, 280.0], [280.0, 560.0], [0.0, 560.0], [0.0, 280.0]], [[200.0, 574.7472883432677], [400.0, 654.7472883432677], [400.0, 754.7472883432677], [200.0, 754.7472883432677], [200.0, 574.7472883432677]], [[464.91682308088696, 508.7140175756225], [464.91682308088696, 608.7140175756225], [284.91682308088696, 608.7140175756225], [284.91682308088696, 508.7140175756225], [464.91682308088696, 508.7140175756225]], [[280.0, 0.0], [280.0, 280.0], [0.0, 280.0], [280.0, 0.0]], [[280.0, 0.0], [480.0, 0.0], [480.0, 200.0], [280.0, 280.0], [280.0, 0.0]], [[688.2149560609437, 480.0], [608.2149560609437, 640.0], [528.2149560609437, 480.0], [688.2149560609437, 480.0]], [[676.9359182002394, 760.0], [396.93591820023937, 760.0], [536.9359182002394, 520.0], [676.9359182002394, 760.0]]]"
Thu Jul 23 01:57:28 2020,2,1,True,695.0971056215532,0.8200293101354641,"[0, 0, 1, 3, 0, 0, 3, 0, 1, 1, 3, 0]","[[[0.0, 540.0], [200.0, 540.0], [200.0, 740.0], [0.0, 740.0], [0.0, 540.0]], [[495.09710562155317, 0.0], [695.0971056215532, 0.0], [695.0971056215532, 200.0], [495.09710562155317, 200.0], [495.09710562155317, 0.0]], [[640.0, 480.0], [640.0, 760.0], [460.0, 760.0], [460.0, 480.0], [640.0, 480.0]], [[280.0, 641.6666666666667], [280.0, 361.66666666666674], [420.0, 501.66666666666674], [280.0, 641.6666666666667]], [[0.0, 260.0], [0.0, 80.0], [280.0, 260.0], [0.0, 260.0]], [[0.0, 260.0], [280.0, 260.0], [280.0, 540.0], [0.0, 540.0], [0.0, 260.0]], [[398.33333333333326, 480.0], [478.33333333333326, 280.0], [578.3333333333333, 280.0], [578.3333333333333, 480.0], [398.33333333333326, 480.0]], [[578.3333333333333, 200.0], [678.3333333333333, 200.0], [678.3333333333333, 380.0], [578.3333333333333, 380.0], [578.3333333333333, 200.0]], [[460.0, 480.0], [460.0, 760.0], [180.0, 760.0], [460.0, 480.0]], [[440.0, 0.0], [440.0, 200.0], [240.0, 200.0], [160.0, 0.0], [440.0, 0.0]], [[160.0, 160.0], [0.0, 80.0], [160.0, 0.0], [160.0, 160.0]], [[245.0, 200.0], [525.0, 200.0], [385.0, 440.0], [245.0, 200.0]]]"
Thu Jul 23 01:57:29 2020,2,0,True,667.293221396691,0.854197198057775,"[0, 0, 1, 3, 0, 0, 3, 0, 1, 1, 3, 0]","[[[0.0, 558.9259061771013], [200.0, 558.9259061771013], [200.0, 758.9259061771013], [0.0, 758.9259061771013], [0.0, 558.9259061771013]], [[467.293221396691, 0.0], [667.293221396691, 0.0], [667.293221396691, 200.0], [467.293221396691, 200.0], [467.293221396691, 0.0]], [[658.9259061771013, 480.0], [658.9259061771013, 760.0], [478.9259061771013, 760.0], [478.9259061771013, 480.0], [658.9259061771013, 480.0]], [[280.0, 652.706778603309], [280.0, 372.706778603309], [420.0, 512.706778603309], [280.0, 652.706778603309]], [[0.0, 278.9259061771013], [0.0, 98.9259061771013], [280.0, 278.9259061771013], [0.0, 278.9259061771013]], [[0.0, 278.9259061771013], [280.0, 278.9259061771013], [280.0, 558.9259061771013], [0.0, 558.9259061771013], [0.0, 278.9259061771013]], [[387.293221396691, 480.0], [467.293221396691, 280.0], [567.293221396691, 280.0], [567.293221396691, 480.0], [387.293221396691, 480.0]], [[567.293221396691, 200.0], [667.293221396691, 200.0], [667.293221396691, 380.0], [567.293221396691, 380.0], [567.293221396691, 200.0]], [[478.9259061771013, 480.0], [478.9259061771013, 760.0], [198.9259061771013, 760.0], [478.9259061771013, 480.0]], [[440.0, 0.0], [440.0, 200.0], [240.0, 200.0], [160.0, 0.0], [440.0, 0.0]], [[160.0, 160.0], [0.0, 80.0], [160.0, 0.0], [160.0, 160.0]], [[233.9598880633576, 200.0], [513.9598880633575, 200.0], [373.9598880633576, 440.0], [233.9598880633576, 200.0]]]"
Thu Jul 23 01:57:51 2020,2,1,True,673.9661536106579,0.8457398000572031,"[0, 0, 1, 2, 1, 0, 2, 1, 1, 2, 2, 0]","[[[199.99999999999994, 560.0], [399.99999999999994, 560.0], [399.99999999999994, 760.0], [199.99999999999994, 760.0], [199.99999999999994, 560.0]], [[0.0, 560.0], [200.0, 560.0], [200.0, 760.0], [0.0, 760.0], [0.0, 560.0]], [[660.0, 162.50493912252068], [660.0, 442.5049391225207], [480.0, 442.5049391225207], [480.0, 162.50493912252068], [660.0, 162.50493912252068]], [[579.2718564157536, 162.50493912252057], [299.27185641575363, 162.50493912252057], [439.27185641575363, 22.504939122520568], [579.2718564157536, 162.50493912252057]], [[223.73931728023115, 0.0], [403.73931728023115, 0.0], [223.73931728023115, 280.0], [223.73931728023115, 0.0]], [[0.0, 280.0], [280.0, 280.0], [280.0, 560.0], [0.0, 560.0], [0.0, 280.0]], [[223.73931728023115, 180.0], [23.73931728023115, 100.0], [23.73931728023115, 0.0], [223.73931728023115, 0.0], [223.73931728023115, 180.0]], [[180.0, 162.50427308790756], [180.0, 262.50427308790756], [0.0, 262.50427308790756], [0.0, 162.50427308790756], [180.0, 162.50427308790756]], [[673.9661536106579, 480.0], [673.9661536106579, 760.0], [393.9661536106579, 760.0], [673.9661536106579, 480.0]], [[480.0, 442.50493912252057], [280.0, 442.50493912252057], [280.0, 242.50493912252057], [480.0, 162.50493912252057], [480.0, 442.50493912252057]], [[656.7669172932331, 0.0], [576.7669172932331, 160.0], [496.76691729323306, 0.0], [656.7669172932331, 0.0]], [[331.461214488137, 442.5049391225207], [611.461214488137, 442.5049391225207], [471.461214488137, 682.5049391225207], [331.461214488137, 442.5049391225207]]]"
Thu Jul 23 01:58:13 2020,2,1,True,680.7058151467645,0.837366138670498,"[0, 0, 1, 2, 0, 0, 0, 1, 0, 0, 1, 0]","[[[280.0, 149.72966060906106], [480.0, 149.72966060906106], [480.0, 349.72966060906106], [280.0, 349.72966060906106], [280.0, 149.72966060906106]], [[0.0, 560.0], [200.0, 560.0], [200.0, 760.0], [0.0, 760.0], [0.0, 560.0]], [[180.0, 280.0], [180.0, 560.0], [0.0, 560.0], [0.0, 280.0], [180.0, 280.0]], [[550.4354757558256, 149.72966060906106], [270.43547575582556, 149.72966060906106], [410.43547575582556, 9.729660609061057], [550.4354757558256, 149.72966060906106]], [[0.0, 280.0], [0.0, 100.0], [280.0, 280.0], [0.0, 280.0]], [[400.0, 379.2941848532355], [680.0, 379.2941848532355], [680.0, 659.2941848532355], [400.0, 659.2941848532355], [400.0, 379.2941848532355]], [[480.0, 199.2941848532355], [680.0, 279.2941848532355], [680.0, 379.2941848532355], [480.0, 379.2941848532355], [480.0, 199.2941848532355]], [[564.4264798229881, 660.0], [564.4264798229881, 760.0], [384.4264798229881, 760.0], [384.4264798229881, 660.0], [564.4264798229881, 660.0]], [[400.7058151467645, 0.0], [680.7058151467645, 0.0], [680.7058151467645, 280.0], [400.7058151467645, 0.0]], [[200.0, 453.77059192919523], [400.0, 453.77059192919523], [400.0, 653.7705919291952], [200.0, 733.7705919291952], [200.0, 453.77059192919523]], [[180.0, 303.77059192919523], [340.0, 383.77059192919523], [180.0, 463.77059192919523], [180.0, 303.77059192919523]], [[77.77777777777777, 0.0], [357.77777777777777, 0.0], [217.77777777777777, 240.0], [77.77777777777777, 0.0]]]"
Thu Jul 23 01:58:39 2020,2,1,True,687.5128732982322,0.8290753848222752,"[0, 0, 0, 1, 3, 0, 0, 1, 0, 0, 2, 3]","[[[0.0, 0.0], [200.0, 0.0], [200.0, 200.0], [0.0, 200.0], [0.0, 0.0]], [[0.0, 560.0], [200.0, 560.0], [200.0, 760.0], [0.0, 760.0], [0.0, 560.0]], [[200.0, 0.0], [480.0, 0.0], [480.0, 180.0], [200.0, 180.0], [200.0, 0.0]], [[687.5128732982322, 100.0], [687.5128732982322, 380.0], [547.5128732982322, 240.0], [687.5128732982322, 100.0]], [[407.5128732982322, 760.0], [227.5128732982322, 760.0], [407.5128732982322, 480.0], [407.5128732982322, 760.0]], [[407.5128732982322, 480.0], [687.5128732982322, 480.0], [687.5128732982322, 760.0], [407.5128732982322, 760.0], [407.5128732982322, 480.0]], [[487.5128732982322, 300.0], [687.5128732982322, 380.0], [687.5128732982322, 480.0], [487.5128732982322, 480.0], [487.5128732982322, 300.0]], [[230.0, 460.0], [230.0, 560.0], [50.0, 560.0], [50.0, 460.0], [230.0, 460.0]], [[207.5128732982322, 180.0], [487.5128732982322, 180.0], [487.5128732982322, 460.0], [207.5128732982322, 180.0]], [[0.0, 200.0], [200.0, 200.0], [200.0, 400.0], [0.0, 480.0], [0.0, 200.0]], [[687.5128732982322, 0.0], [607.5128732982322, 160.0], [527.5128732982322, 0.0], [687.5128732982322, 0.0]], [[230.0, 582.4871267017678], [230.0, 302.4871267017678], [470.0, 442.4871267017678], [230.0, 582.4871267017678]]]"
Thu Jul 23 01:58:45 2020,2,1,True,694.3880020312146,0.820866717645817,"[0, 0, 0, 3, 3, 0, 3, 1, 0, 0, 2, 3]","[[[0.0, 0.0], [200.0, 0.0], [200.0, 200.0], [0.0, 200.0], [0.0, 0.0]], [[0.0, 560.0], [200.0, 560.0], [200.0, 760.0], [0.0, 760.0], [0.0, 560.0]], [[200.0, 0.0], [480.0, 0.0], [480.0, 180.0], [200.0, 180.0], [200.0, 0.0]], [[480.0, 339.9876416336971], [480.0, 59.98764163369708], [620.0, 199.98764163369708], [480.0, 339.9876416336971]], [[414.38800203121457, 760.0], [234.38800203121457, 760.0], [414.38800203121457, 480.0], [414.38800203121457, 760.0]], [[414.38800203121457, 480.0], [694.3880020312146, 480.0], [694.3880020312146, 760.0], [414.38800203121457, 760.0], [414.38800203121457, 480.0]], [[472.0, 480.0], [552.0, 280.0], [652.0, 280.0], [652.0, 480.0], [472.0, 480.0]], [[230.0, 460.0], [230.0, 560.0], [50.0, 560.0], [50.0, 460.0], [230.0, 460.0]], [[200.0, 180.0], [480.0, 180.0], [480.0, 460.0], [200.0, 180.0]], [[0.0, 200.0], [200.0, 200.0], [200.0, 400.0], [0.0, 480.0], [0.0, 200.0]], [[660.0123583663029, 0.0], [580.0123583663029, 160.0], [500.0123583663029, 0.0], [660.0123583663029, 0.0]], [[230.0, 587.5596678515419], [230.0, 307.5596678515419], [470.0, 447.5596678515419], [230.0, 587.5596678515419]]]"
Thu Jul 23 01:58:45 2020,2,0,True,666.612481949966,0.8550694975477261,"[0, 0, 0, 3, 3, 0, 3, 1, 0, 0, 2, 3]","[[[0.0, 0.0], [200.0, 0.0], [200.0, 200.0], [0.0, 200.0], [0.0, 0.0]], [[0.0, 560.0], [200.0, 560.0], [200.0, 760.0], [0.0, 760.0], [0.0, 560.0]], [[200.0, 0.0], [480.0, 0.0], [480.0, 180.0], [200.0, 180.0], [200.0, 0.0]], [[480.0, 339.9876416336971], [480.0, 59.98764163369708], [620.0, 199.98764163369708], [480.0, 339.9876416336971]], [[386.61248194996597, 760.0], [206.61248194996597, 760.0], [386.61248194996597, 480.0], [386.61248194996597, 760.0]], [[386.61248194996597, 480.0], [666.612481949966, 480.0], [666.612481949966, 760.0], [386.61248194996597, 760.0], [386.61248194996597, 480.0]], [[472.0, 480.0], [552.0, 280.0], [652.0, 280.0], [652.0, 480.0], [472.0, 480.0]], [[218.22565124472428, 460.0], [218.22565124472428, 560.0], [38.225651244724276, 560.0], [38.225651244724276, 460.0], [218.22565124472428, 460.0]], [[200.0, 180.0], [480.0, 180.0], [480.0, 460.0], [200.0, 180.0]], [[0.0, 200.0], [200.0, 200.0], [200.0, 400.0], [0.0, 480.0], [0.0, 200.0]], [[660.0123583663029, 0.0], [580.0123583663029, 160.0], [500.0123583663029, 0.0], [660.0123583663029, 0.0]], [[218.22565124472428, 578.2256512447243], [218.22565124472428, 298.2256512447243], [458.2256512447243, 438.2256512447243], [218.22565124472428, 578.2256512447243]]]"
Thu Jul 23 01:59:07 2020,2,1,True,673.2786067694657,0.8466034629185406,"[0, 0, 0, 1, 0, 0, 3, 1, 2, 1, 0, 0]","[[[193.27860676946568, 480.0], [393.2786067694657, 480.0], [393.2786067694657, 680.0], [193.27860676946568, 680.0], [193.27860676946568, 480.0]], [[293.2786067694657, 0.0], [493.2786067694657, 0.0], [493.2786067694657, 200.0], [293.2786067694657, 200.0], [293.2786067694657, 0.0]], [[390.0, 200.0], [670.0, 200.0], [670.0, 380.0], [390.0, 380.0], [390.0, 200.0]], [[673.2786067694656, 479.9999999999999], [673.2786067694656, 759.9999999999999], [533.2786067694656, 619.9999999999999], [673.2786067694656, 479.9999999999999]], [[0.0, 760.0], [0.0, 580.0], [280.0, 760.0], [0.0, 760.0]], [[13.278606769465682, 0.0], [293.2786067694657, 0.0], [293.2786067694657, 280.0], [13.278606769465682, 280.0], [13.278606769465682, 0.0]], [[493.2786067694657, 200.0], [573.2786067694657, 0.0], [673.2786067694657, 0.0], [673.2786067694657, 200.0], [493.2786067694657, 200.0]], [[180.0, 480.0], [180.0, 580.0], [0.0, 580.0], [0.0, 480.0], [180.0, 480.0]], [[673.2786067694657, 760.0], [393.2786067694657, 760.0], [393.2786067694657, 480.0], [673.2786067694657, 760.0]], [[280.0, 280.0], [280.0, 480.0], [80.0, 480.0], [0.0, 280.0], [280.0, 280.0]], [[280.0, 480.0], [360.0, 320.0], [440.0, 480.0], [280.0, 480.0]], [[393.2786067694657, 380.0], [673.2786067694657, 380.0], [533.2786067694657, 620.0], [393.2786067694657, 380.0]]]"
Thu Jul 23 01:59:33 2020,2,1,True,680.0113928371603,0.8382212504143967,"[0, 0, 1, 1, 3, 0, 0, 0, 3, 0, 0, 1]","[[[460.0, 560.0], [660.0, 560.0], [660.0, 760.0], [460.0, 760.0], [460.0, 560.0]], [[357.87585966104905, 269.98860716283957], [557.875859661049, 269.98860716283957], [557.875859661049, 469.98860716283957], [357.87585966104905, 469.98860716283957], [357.87585966104905, 269.98860716283957]], [[180.0, 480.0], [180.0, 760.0], [0.0, 760.0], [0.0, 480.0], [180.0, 480.0]], [[680.0113928371603, 0.0], [680.0113928371603, 280.0], [540.0113928371603, 140.0], [680.0113928371603, 0.0]], [[680.0113928371603, 560.0], [500.0113928371603, 560.0], [680.0113928371603, 280.0], [680.0113928371603, 560.0]], [[180.0, 480.0], [460.0, 480.0], [460.0, 760.0], [180.0, 760.0], [180.0, 480.0]], [[0.0, 300.0], [200.0, 380.0], [200.0, 480.0], [0.0, 480.0], [0.0, 300.0]], [[250.52631578947364, 280.0], [350.52631578947364, 280.0], [350.52631578947364, 460.0], [250.52631578947364, 460.0], [250.52631578947364, 280.0]], [[0.0, 280.0], [0.0, 0.0], [280.0, 0.0], [0.0, 280.0]], [[280.0, 0.0], [480.0, 0.0], [480.0, 200.0], [280.0, 280.0], [280.0, 0.0]], [[445.00569641858016, 269.9886071628397], [525.0056964185801, 109.98860716283968], [605.0056964185801, 269.9886071628397], [445.00569641858016, 269.9886071628397]], [[250.52631578947367, 129.4736842105263], [250.52631578947367, 409.4736842105263], [10.52631578947367, 269.4736842105263], [250.52631578947367, 129.4736842105263]]]"
Thu Jul 23 01:59:50 2020,2,1,True,686.8115067655319,0.8299220301132639,"[0, 0, 1, 1, 3, 0, 0, 0, 3, 2, 0, 0]","[[[462.8571428571429, 280.0], [662.8571428571429, 280.0], [662.8571428571429, 480.0], [462.8571428571429, 480.0], [462.8571428571429, 280.0]], [[460.0, 480.0], [660.0, 480.0], [660.0, 680.0], [460.0, 680.0], [460.0, 480.0]], [[180.0, 480.0], [180.0, 760.0], [0.0, 760.0], [0.0, 480.0], [180.0, 480.0]], [[262.8571428571429, 17.14285714285711], [262.8571428571429, 297.1428571428571], [122.85714285714289, 157.1428571428571], [262.8571428571429, 17.14285714285711]], [[652.8109371236739, 280.0], [472.81093712367385, 280.0], [652.8109371236739, 0.0], [652.8109371236739, 280.0]], [[180.0, 480.0], [460.0, 480.0], [460.0, 760.0], [180.0, 760.0], [180.0, 480.0]], [[0.0, 300.0], [200.0, 380.0], [200.0, 480.0], [0.0, 480.0], [0.0, 300.0]], [[262.8571428571429, 38.72600756549741], [362.8571428571429, 38.72600756549741], [362.8571428571429, 218.7260075654974], [262.8571428571429, 218.7260075654974], [262.8571428571429, 38.72600756549741]], [[0.0, 280.0], [0.0, 0.0], [280.0, 0.0], [0.0, 280.0]], [[462.8571428571429, 480.0], [262.8571428571429, 480.0], [262.8571428571429, 280.0], [462.8571428571429, 200.0], [462.8571428571429, 480.0]], [[42.85714285714286, 317.14285714285717], [122.85714285714286, 157.14285714285717], [202.85714285714286, 317.14285714285717], [42.85714285714286, 317.14285714285717]], [[346.1904761904762, 0.0], [626.1904761904761, 0.0], [486.1904761904762, 240.0], [346.1904761904762, 0.0]]]"
Thu Jul 23 01:59:50 2020,2,0,True,659.3390464949106,0.8645021147013167,"[0, 0, 1, 1, 3, 0, 0, 0, 3, 2, 3, 0]","[[[459.3390464949106, 280.0], [659.3390464949106, 280.0], [659.3390464949106, 480.0], [459.3390464949106, 480.0], [459.3390464949106, 280.0]], [[459.3390464949106, 480.0], [659.3390464949106, 480.0], [659.3390464949106, 680.0], [459.3390464949106, 680.0], [459.3390464949106, 480.0]], [[180.0, 480.0], [180.0, 760.0], [0.0, 760.0], [0.0, 480.0], [180.0, 480.0]], [[259.3390464949106, 20.660953505089424], [259.3390464949106, 300.6609535050894], [119.33904649491058, 160.66095350508942], [259.3390464949106, 20.660953505089424]], [[652.8109371236739, 280.0], [472.81093712367385, 280.0], [652.8109371236739, 0.0], [652.8109371236739, 280.0]], [[179.33904649491058, 480.0], [459.3390464949106, 480.0], [459.3390464949106, 760.0], [179.33904649491058, 760.0], [179.33904649491058, 480.0]], [[0.0, 300.0], [200.0, 380.0], [200.0, 480.0], [0.0, 480.0], [0.0, 300.0]], [[262.8571428571429, 38.72600756549741], [362.8571428571429, 38.72600756549741], [362.8571428571429, 218.7260075654974], [262.8571428571429, 218.7260075654974], [262.8571428571429, 38.72600756549741]], [[0.0, 280.0], [0.0, 0.0], [280.0, 0.0], [0.0, 280.0]], [[459.3390464949106, 472.93251202240765], [259.3390464949106, 472.93251202240765], [259.3390464949106, 272.93251202240765], [459.3390464949106, 192.93251202240765], [459.3390464949106, 472.93251202240765]], [[160.0, 361.32190701017885], [0.0, 281.32190701017885], [160.0, 201.32190701017885], [160.0, 361.32190701017885]], [[346.1904761904762, 0.0], [626.1904761904761, 0.0], [486.1904761904762, 240.0], [346.1904761904762, 0.0]]]"
Thu Jul 23 02:01:18 2020,2,5,False,665.9324369598597,0.8559426878230858,"[0, 0, 1, 2, 3, 0, 1, 0, 3, 1, 0, 0]","[[[280.0, 280.0], [480.0, 280.0], [480.0, 480.0], [280.0, 480.0], [280.0, 280.0]], [[200.0, 560.0], [400.0, 560.0], [400.0, 760.0], [200.0, 760.0], [200.0, 560.0]], [[180.0, 0.0], [180.0, 280.0], [0.0, 280.0], [0.0, 0.0], [180.0, 0.0]], [[460.0, 280.0], [180.0, 280.0], [320.0, 140.0], [460.0, 280.0]], [[200.0, 760.0], [20.0, 760.0], [200.0, 480.0], [200.0, 760.0]], [[385.93243695985973, 480.0], [665.9324369598597, 480.0], [665.9324369598597, 760.0], [385.93243695985973, 760.0], [385.93243695985973, 480.0]], [[660.0, 254.11790070938287], [580.0, 454.11790070938287], [480.0, 454.11790070938287], [480.0, 254.11790070938287], [660.0, 254.11790070938287]], [[565.9324369598597, 14.039943174363088], [665.9324369598597, 14.039943174363088], [665.9324369598597, 194.0399431743631], [565.9324369598597, 194.0399431743631], [565.9324369598597, 14.039943174363088]], [[0.0, 760.0], [0.0, 480.0], [280.0, 480.0], [0.0, 760.0]], [[280.0, 280.0], [280.0, 480.0], [80.0, 480.0], [0.0, 280.0], [280.0, 280.0]], [[434.11790070938287, 254.11790070938287], [514.1179007093829, 94.11790070938287], [594.1179007093829, 254.11790070938287], [434.11790070938287, 254.11790070938287]], [[289.02000945652287, 0.0], [569.0200094565229, 0.0], [429.02000945652287, 240.0], [289.02000945652287, 0.0]]]"
Thu Jul 23 02:01:54 2020,2,1,True,672.5917613294583,0.8474680077456295,"[0, 0, 1, 1, 1, 0, 0, 1, 0, 2, 3, 3]","[[[239.2951394814653, 0.0], [439.2951394814653, 0.0], [439.2951394814653, 200.0], [239.2951394814653, 200.0], [239.2951394814653, 0.0]], [[439.2951394814653, 0.0], [639.2951394814653, 0.0], [639.2951394814653, 200.0], [439.2951394814653, 200.0], [439.2951394814653, 0.0]], [[640.0, 471.71805579258614], [640.0, 751.7180557925861], [460.0, 751.7180557925861], [460.0, 471.71805579258614], [640.0, 471.71805579258614]], [[161.03896103896105, 207.2727272727273], [161.03896103896105, 487.2727272727273], [21.038961038961048, 347.2727272727273], [161.03896103896105, 207.2727272727273]], [[0.0, 100.0], [180.0, 100.0], [0.0, 380.0], [0.0, 100.0]], [[161.03896103896102, 199.71805579258614], [441.038961038961, 199.71805579258614], [441.038961038961, 479.71805579258614], [161.03896103896102, 479.71805579258614], [161.03896103896102, 199.71805579258614]], [[160.0, 580.0], [360.0, 660.0], [360.0, 760.0], [160.0, 760.0], [160.0, 580.0]], [[180.0, 0.0], [180.0, 100.0], [0.0, 100.0], [0.0, 0.0], [180.0, 0.0]], [[180.0, 479.71805579258614], [460.0, 479.71805579258614], [460.0, 759.7180557925861], [180.0, 479.71805579258614]], [[660.0, 471.71805579258614], [460.0, 471.71805579258614], [460.0, 271.71805579258614], [660.0, 191.71805579258614], [660.0, 471.71805579258614]], [[160.0, 760.0], [0.0, 680.0], [160.0, 600.0], [160.0, 760.0]], [[0.0, 673.3333333333333], [0.0, 393.33333333333326], [240.0, 533.3333333333333], [0.0, 673.3333333333333]]]"
Thu Jul 23 02:01:55 2020,2,0,True,645.68809087628,0.8827791747350309,"[0, 0, 1, 1, 1, 0, 0, 1, 0, 0, 3, 3]","[[[239.2951394814653, 0.0], [439.2951394814653, 0.0], [439.2951394814653, 200.0], [239.2951394814653, 200.0], [239.2951394814653, 0.0]], [[439.2951394814653, 0.0], [639.2951394814653, 0.0], [639.2951394814653, 200.0], [439.2951394814653, 200.0], [439.2951394814653, 0.0]], [[640.0, 471.71805579258614], [640.0, 751.7180557925861], [460.0, 751.7180557925861], [460.0, 471.71805579258614], [640.0, 471.71805579258614]], [[161.03896103896102, 207.2727272727272], [161.03896103896102, 487.2727272727272], [21.03896103896102, 347.2727272727272], [161.03896103896102, 207.2727272727272]], [[0.0, 100.0], [180.0, 100.0], [0.0, 380.0], [0.0, 100.0]], [[161.03896103896102, 199.71805579258614], [441.038961038961, 199.71805579258614], [441.038961038961, 479.71805579258614], [161.03896103896102, 479.71805579258614], [161.03896103896102, 199.71805579258614]], [[160.0, 580.0], [360.0, 660.0], [360.0, 760.0], [160.0, 760.0], [160.0, 580.0]], [[180.0, 0.0], [180.0, 100.0], [0.0, 100.0], [0.0, 0.0], [180.0, 0.0]], [[180.0, 479.71805579258614], [460.0, 479.71805579258614], [460.0, 759.7180557925861], [180.0, 479.71805579258614]], [[441.038961038961, 199.71805579258614], [641.038961038961, 199.71805579258614], [641.038961038961, 399.71805579258614], [441.038961038961, 479.71805579258614], [441.038961038961, 199.71805579258614]], [[160.0, 760.0], [0.0, 680.0], [160.0, 600.0], [160.0, 760.0]], [[0.0, 673.3333333333333], [0.0, 393.33333333333326], [240.0, 533.3333333333333], [0.0, 673.3333333333333]]]"
Thu Jul 23 02:03:58 2020,2,5,False,652.1449717850428,0.874038786866367,"[0, 0, 1, 0, 1, 0, 0, 1, 1, 1, 3, 2]","[[[0.0, 0.0], [200.0, 0.0], [200.0, 200.0], [0.0, 200.0], [0.0, 0.0]], [[0.0, 455.10566591721624], [200.0, 455.10566591721624], [200.0, 655.1056659172162], [0.0, 655.1056659172162], [0.0, 455.10566591721624]], [[652.1449717850428, 187.8550282149572], [652.1449717850428, 467.8550282149572], [472.1449717850428, 467.8550282149572], [472.1449717850428, 187.8550282149572], [652.1449717850428, 187.8550282149572]], [[320.0, 0.0], [600.0, 0.0], [460.0, 140.0], [320.0, 0.0]], [[0.0, 200.0], [180.0, 200.0], [0.0, 480.0], [0.0, 200.0]], [[372.1449717850428, 480.0], [652.1449717850428, 480.0], [652.1449717850428, 760.0], [372.1449717850428, 760.0], [372.1449717850428, 480.0]], [[200.0, 0.0], [400.0, 80.0], [400.0, 180.0], [200.0, 180.0], [200.0, 0.0]], [[472.1449717850428, 400.0], [472.1449717850428, 500.0], [292.1449717850428, 500.0], [292.1449717850428, 400.0], [472.1449717850428, 400.0]], [[375.10566591721636, 480.0], [375.10566591721636, 760.0], [95.10566591721636, 760.0], [375.10566591721636, 480.0]], [[460.0, 200.0], [460.0, 400.0], [260.0, 400.0], [180.0, 200.0], [460.0, 200.0]], [[652.1449717850428, 187.8550282149572], [492.1449717850428, 107.8550282149572], [652.1449717850428, 27.8550282149572], [652.1449717850428, 187.8550282149572]], [[292.1449717850428, 455.10566591721624], [12.144971785042799, 455.10566591721624], [152.1449717850428, 215.10566591721624], [292.1449717850428, 455.10566591721624]]]"
Thu Jul 23 02:05:28 2020,2,3,True,658.6664215028933,0.8653849374914524,"[0, 0, 1, 3, 1, 0, 1, 0, 0, 2, 1, 2]","[[[0.0, 200.0], [200.0, 200.0], [200.0, 400.0], [0.0, 400.0], [0.0, 200.0]], [[0.0, 0.0], [200.0, 0.0], [200.0, 200.0], [0.0, 200.0], [0.0, 0.0]], [[380.0, 480.0], [380.0, 760.0], [200.0, 760.0], [200.0, 480.0], [380.0, 480.0]], [[428.6664215028933, 330.0], [428.6664215028933, 50.0], [568.6664215028933, 190.0], [428.6664215028933, 330.0]], [[200.0, 0.0], [380.0, 0.0], [200.0, 280.0], [200.0, 0.0]], [[378.6664215028933, 480.0], [658.6664215028933, 480.0], [658.6664215028933, 760.0], [378.6664215028933, 760.0], [378.6664215028933, 480.0]], [[380.0, 279.9999999999999], [300.0, 479.9999999999999], [200.0, 479.9999999999999], [200.0, 279.9999999999999], [380.0, 279.9999999999999]], [[315.7142857142858, 99.99999999999989], [415.7142857142858, 99.99999999999989], [415.7142857142858, 279.9999999999999], [315.7142857142858, 279.9999999999999], [315.7142857142858, 99.99999999999989]], [[378.6664215028933, 0.0], [658.6664215028933, 0.0], [658.6664215028933, 280.0], [378.6664215028933, 0.0]], [[200.0, 760.0], [0.0, 760.0], [0.0, 560.0], [200.0, 480.0], [200.0, 760.0]], [[0.0, 400.0], [160.0, 480.0], [0.0, 560.0], [0.0, 400.0]], [[658.6664215028932, 480.0], [378.6664215028932, 480.0], [518.6664215028932, 240.0], [658.6664215028932, 480.0]]]"
Thu Jul 23 02:06:06 2020,2,1,True,665.2530857179222,0.8568167697935173,"[0, 0, 1, 2, 1, 0, 2, 1, 1, 0, 1, 1]","[[[432.3197646427775, 0.0], [632.3197646427775, 0.0], [632.3197646427775, 200.0], [432.3197646427775, 200.0], [432.3197646427775, 0.0]], [[0.0, 0.0], [200.0, 0.0], [200.0, 200.0], [0.0, 200.0], [0.0, 0.0]], [[180.0, 200.0], [180.0, 480.0], [0.0, 480.0], [0.0, 200.0], [180.0, 200.0]], [[285.2530857179222, 760.0], [5.253085717922204, 760.0], [145.2530857179222, 620.0], [285.2530857179222, 760.0]], [[380.0, 208.0], [560.0, 208.0], [380.0, 488.0], [380.0, 208.0]], [[385.2530857179222, 480.0], [665.2530857179222, 480.0], [665.2530857179222, 760.0], [385.2530857179222, 760.0], [385.2530857179222, 480.0]], [[380.0, 460.0], [180.0, 380.0], [180.0, 280.0], [380.0, 280.0], [380.0, 460.0]], [[213.8245142893507, 480.0], [213.8245142893507, 580.0], [33.8245142893507, 580.0], [33.8245142893507, 480.0], [213.8245142893507, 480.0]], [[665.1428571428572, 200.0], [665.1428571428572, 480.0], [385.1428571428572, 480.0], [665.1428571428572, 200.0]], [[200.0, 0.0], [400.0, 0.0], [400.0, 200.0], [200.0, 280.0], [200.0, 0.0]], [[213.8245142893507, 401.5298057157403], [373.8245142893507, 481.5298057157403], [213.8245142893507, 561.5298057157403], [213.8245142893507, 401.5298057157403]], [[385.2530857179222, 480.0], [385.2530857179222, 760.0], [145.2530857179222, 620.0], [385.2530857179222, 480.0]]]"
Thu Jul 23 02:07:16 2020,2,3,True,671.9056165751015,0.848333435439126,"[0, 0, 1, 1, 1, 0, 0, 1, 3, 0, 3, 2]","[[[265.32485875706243, 386.129943502825], [465.32485875706243, 386.129943502825], [465.32485875706243, 586.129943502825], [265.32485875706243, 586.129943502825], [265.32485875706243, 386.129943502825]], [[0.0, 560.0], [200.0, 560.0], [200.0, 760.0], [0.0, 760.0], [0.0, 560.0]], [[645.3248587570624, 480.0], [645.3248587570624, 760.0], [465.32485875706243, 760.0], [465.32485875706243, 480.0], [645.3248587570624, 480.0]], [[240.0, 320.0], [240.0, 600.0], [100.0, 460.0], [240.0, 320.0]], [[280.0, 0.0], [460.0, 0.0], [280.0, 280.0], [280.0, 0.0]], [[0.0, 0.0], [280.0, 0.0], [280.0, 280.0], [0.0, 280.0], [0.0, 0.0]], [[240.0, 576.0], [440.0, 656.0], [440.0, 756.0], [240.0, 756.0], [240.0, 576.0]], [[645.3248587570624, 380.0], [645.3248587570624, 480.0], [465.32485875706243, 480.0], [465.32485875706243, 380.0], [645.3248587570624, 380.0]], [[0.0, 560.0], [0.0, 280.0], [280.0, 280.0], [0.0, 560.0]], [[471.9056165751015, 0.0], [671.9056165751015, 0.0], [671.9056165751015, 200.0], [471.9056165751015, 280.0], [471.9056165751015, 0.0]], [[639.473184142669, 372.972972972973], [479.47318414266897, 292.972972972973], [639.473184142669, 212.97297297297303], [639.473184142669, 372.972972972973]], [[520.6107116024803, 363.49444861836423], [240.61071160248025, 363.49444861836423], [380.61071160248025, 123.49444861836423], [520.6107116024803, 363.49444861836423]]]"
Thu Jul 23 02:07:34 2020,2,1,True,678.6246727408525,0.8399340944941842,"[0, 0, 0, 1, 3, 0, 0, 0, 3, 1, 2, 2]","[[[478.6246727408525, 178.8888888888889], [678.6246727408525, 178.8888888888889], [678.6246727408525, 378.8888888888889], [478.6246727408525, 378.8888888888889], [478.6246727408525, 178.8888888888889]], [[280.0, 180.0], [480.0, 180.0], [480.0, 380.0], [280.0, 380.0], [280.0, 180.0]], [[380.0, 0.0], [660.0, 0.0], [660.0, 180.0], [380.0, 180.0], [380.0, 0.0]], [[677.2222222222223, 378.8888888888889], [677.2222222222223, 658.8888888888889], [537.2222222222223, 518.8888888888889], [677.2222222222223, 378.8888888888889]], [[180.0, 737.4265202197566], [0.0, 737.4265202197566], [180.0, 457.42652021975664], [180.0, 737.4265202197566]], [[0.0, 0.0], [280.0, 0.0], [280.0, 280.0], [0.0, 280.0], [0.0, 0.0]], [[180.0, 580.0], [380.0, 660.0], [380.0, 760.0], [180.0, 760.0], [180.0, 580.0]], [[280.0, 0.0], [380.0, 0.0], [380.0, 180.0], [280.0, 180.0], [280.0, 0.0]], [[0.0, 560.0], [0.0, 280.0], [280.0, 280.0], [0.0, 560.0]], [[437.8781370800695, 402.12186291993044], [437.8781370800695, 602.1218629199304], [237.8781370800695, 602.1218629199304], [157.8781370800695, 402.12186291993044], [437.8781370800695, 402.12186291993044]], [[606.6666666666667, 380.0], [526.6666666666667, 540.0], [446.66666666666674, 380.0], [606.6666666666667, 380.0]], [[678.3333333333334, 760.0], [398.33333333333337, 760.0], [538.3333333333334, 520.0], [678.3333333333334, 760.0]]]"
Thu Jul 23 02:07:52 2020,2,1,True,685.410919468261,0.8316179153407764,"[0, 0, 1, 0, 3, 0, 0, 1, 2, 1, 2, 1]","[[[0.0, 0.0], [200.0, 0.0], [200.0, 200.0], [0.0, 200.0], [0.0, 0.0]], [[280.0, 280.0], [480.0, 280.0], [480.0, 480.0], [280.0, 480.0], [280.0, 280.0]], [[380.0, 480.0], [380.0, 760.0], [200.0, 760.0], [200.0, 480.0], [380.0, 480.0]], [[280.0, 0.0], [560.0, 0.0], [420.0, 140.0], [280.0, 0.0]], [[662.857142857143, 559.9999999999999], [482.857142857143, 559.9999999999999], [662.857142857143, 279.9999999999999], [662.857142857143, 559.9999999999999]], [[0.0, 200.0], [280.0, 200.0], [280.0, 480.0], [0.0, 480.0], [0.0, 200.0]], [[0.0, 480.0], [200.0, 560.0], [200.0, 660.0], [0.0, 660.0], [0.0, 480.0]], [[191.47968583121838, 660.0], [191.47968583121838, 760.0], [11.479685831218376, 760.0], [11.479685831218376, 660.0], [191.47968583121838, 660.0]], [[560.0, 280.0], [280.0, 280.0], [280.0, 0.0], [560.0, 280.0]], [[660.0, 559.9999999999999], [660.0, 759.9999999999999], [460.0, 759.9999999999999], [380.0, 559.9999999999999], [660.0, 559.9999999999999]], [[640.0, 280.0], [560.0, 440.0], [480.0, 280.0], [640.0, 280.0]], [[660.0, 0.0], [660.0, 280.0], [420.0, 140.0], [660.0, 0.0]]]"
Thu Jul 23 02:08:07 2020,2,1,True,692.2650286629436,0.8233840745948281,"[0, 0, 1, 0, 3, 0, 1, 0, 2, 1, 2, 1]","[[[0.0, 0.0], [200.0, 0.0], [200.0, 200.0], [0.0, 200.0], [0.0, 0.0]], [[280.0, 280.0], [480.0, 280.0], [480.0, 480.0], [280.0, 480.0], [280.0, 280.0]], [[408.57142857142856, 480.0], [408.57142857142856, 760.0], [228.57142857142856, 760.0], [228.57142857142856, 480.0], [408.57142857142856, 480.0]], [[280.0, 0.0], [560.0, 0.0], [420.0, 140.0], [280.0, 0.0]], [[228.57142857142856, 760.0], [48.571428571428555, 760.0], [228.57142857142856, 480.0], [228.57142857142856, 760.0]], [[0.0, 200.0], [280.0, 200.0], [280.0, 480.0], [0.0, 480.0], [0.0, 200.0]], [[180.0, 480.0], [100.0, 680.0], [0.0, 680.0], [0.0, 480.0], [180.0, 480.0]], [[590.0, 379.9999999999999], [690.0, 379.9999999999999], [690.0, 559.9999999999999], [590.0, 559.9999999999999], [590.0, 379.9999999999999]], [[560.0, 280.0], [280.0, 280.0], [280.0, 0.0], [560.0, 280.0]], [[688.5714285714286, 559.9999999999999], [688.5714285714286, 759.9999999999999], [488.57142857142856, 759.9999999999999], [408.57142857142856, 559.9999999999999], [688.5714285714286, 559.9999999999999]], [[640.0, 280.0], [560.0, 440.0], [480.0, 280.0], [640.0, 280.0]], [[660.0, 0.0], [660.0, 280.0], [420.0, 140.0], [660.0, 0.0]]]"
Thu Jul 23 02:08:11 2020,2,1,True,699.187678949573,0.8152317570245825,"[0, 0, 1, 0, 1, 0, 0, 1, 2, 1, 0, 1]","[[[280.0, 280.0], [480.0, 280.0], [480.0, 480.0], [280.0, 480.0], [280.0, 280.0]], [[0.0, 460.0], [200.0, 460.0], [200.0, 660.0], [0.0, 660.0], [0.0, 460.0]], [[380.0, 480.0], [380.0, 760.0], [200.0, 760.0], [200.0, 480.0], [380.0, 480.0]], [[280.0, 0.0], [560.0, 0.0], [420.0, 140.0], [280.0, 0.0]], [[479.9999999999999, 280.0], [659.9999999999999, 280.0], [479.9999999999999, 560.0], [479.9999999999999, 280.0]], [[0.0, 180.0], [280.0, 180.0], [280.0, 460.0], [0.0, 460.0], [0.0, 180.0]], [[0.0, 0.0], [200.0, 80.0], [200.0, 180.0], [0.0, 180.0], [0.0, 0.0]], [[200.0, 660.0], [200.0, 760.0], [20.0, 760.0], [20.0, 660.0], [200.0, 660.0]], [[560.0, 280.0], [280.0, 280.0], [280.0, 0.0], [560.0, 280.0]], [[660.0, 560.0], [660.0, 760.0], [460.0, 760.0], [380.0, 560.0], [660.0, 560.0]], [[502.85714285714283, 560.0], [582.8571428571429, 400.0], [662.8571428571429, 560.0], [502.85714285714283, 560.0]], [[660.0, 0.0], [660.0, 280.0], [420.0, 140.0], [660.0, 0.0]]]"
Thu Jul 23 02:08:11 2020,2,0,True,671.22017179159,0.8491997469006067,"[0, 0, 1, 0, 1, 0, 0, 1, 2, 1, 0, 1]","[[[280.0, 280.0], [480.0, 280.0], [480.0, 480.0], [280.0, 480.0], [280.0, 280.0]], [[0.0, 460.0], [200.0, 460.0], [200.0, 660.0], [0.0, 660.0], [0.0, 460.0]], [[380.0, 480.0], [380.0, 760.0], [200.0, 760.0], [200.0, 480.0], [380.0, 480.0]], [[280.0, 0.0], [560.0, 0.0], [420.0, 140.0], [280.0, 0.0]], [[479.9999999999999, 280.0], [659.9999999999999, 280.0], [479.9999999999999, 560.0], [479.9999999999999, 280.0]], [[0.0, 180.0], [280.0, 180.0], [280.0, 460.0], [0.0, 460.0], [0.0, 180.0]], [[0.0, 0.0], [200.0, 80.0], [200.0, 180.0], [0.0, 180.0], [0.0, 0.0]], [[200.0, 660.0], [200.0, 760.0], [20.0, 760.0], [20.0, 660.0], [200.0, 660.0]], [[560.0, 280.0], [280.0, 280.0], [280.0, 0.0], [560.0, 280.0]], [[660.0, 560.0], [660.0, 760.0], [460.0, 760.0], [380.0, 560.0], [660.0, 560.0]], [[502.85714285714283, 560.0], [582.8571428571429, 400.0], [662.8571428571429, 560.0], [502.85714285714283, 560.0]], [[660.0, 0.0], [660.0, 280.0], [420.0, 140.0], [660.0, 0.0]]]"
Thu Jul 23 02:08:22 2020,2,1,True,677.932373509506,0.840791828614462,"[0, 0, 0, 0, 0, 0, 1, 1, 3, 2, 0, 1]","[[[280.0, 249.16368349104266], [480.0, 249.16368349104266], [480.0, 449.16368349104266], [280.0, 449.16368349104266], [280.0, 249.16368349104266]], [[0.0, 460.0], [200.0, 460.0], [200.0, 660.0], [0.0, 660.0], [0.0, 460.0]], [[0.0, 0.0], [280.0, 0.0], [280.0, 180.0], [0.0, 180.0], [0.0, 0.0]], [[280.0, 0.0], [560.0, 0.0], [420.0, 140.0], [280.0, 0.0]], [[280.0, 249.16368349104266], [280.0, 69.16368349104266], [560.0, 249.16368349104266], [280.0, 249.16368349104266]], [[0.0, 180.0], [280.0, 180.0], [280.0, 460.0], [0.0, 460.0], [0.0, 180.0]], [[660.0, 289.1167037967096], [580.0, 489.1167037967096], [480.0, 489.1167037967096], [480.0, 289.1167037967096], [660.0, 289.1167037967096]], [[180.0, 660.0], [180.0, 760.0], [0.0, 760.0], [0.0, 660.0], [180.0, 660.0]], [[200.0, 760.0], [200.0, 480.0], [480.0, 480.0], [200.0, 760.0]], [[640.0, 760.0], [440.0, 760.0], [440.0, 560.0], [640.0, 480.0], [640.0, 760.0]], [[280.0, 760.0], [360.0, 600.0], [440.0, 760.0], [280.0, 760.0]], [[644.3713649199264, 9.1167037967096], [644.3713649199264, 289.1167037967096], [404.37136491992635, 149.1167037967096], [644.3713649199264, 9.1167037967096]]]"
Thu Jul 23 02:08:23 2020,2,0,True,650.8150785691257,0.8758248214733979,"[0, 0, 0, 0, 0, 0, 3, 1, 3, 2, 0, 1]","[[[280.0, 249.16368349104266], [480.0, 249.16368349104266], [480.0, 449.16368349104266], [280.0, 449.16368349104266], [280.0, 249.16368349104266]], [[0.0, 460.0], [200.0, 460.0], [200.0, 660.0], [0.0, 660.0], [0.0, 460.0]], [[0.0, 0.0], [280.0, 0.0], [280.0, 180.0], [0.0, 180.0], [0.0, 0.0]], [[280.0, 0.0], [560.0, 0.0], [420.0, 140.0], [280.0, 0.0]], [[280.0, 249.16368349104266], [280.0, 69.16368349104266], [560.0, 249.16368349104266], [280.0, 249.16368349104266]], [[0.0, 180.0], [280.0, 180.0], [280.0, 460.0], [0.0, 460.0], [0.0, 180.0]], [[467.6654733964171, 480.0], [547.6654733964172, 280.0], [647.6654733964172, 280.0], [647.6654733964172, 480.0], [467.6654733964171, 480.0]], [[180.0, 660.0], [180.0, 760.0], [0.0, 760.0], [0.0, 660.0], [180.0, 660.0]], [[200.0, 760.0], [200.0, 480.0], [480.0, 480.0], [200.0, 760.0]], [[640.0, 760.0], [440.0, 760.0], [440.0, 560.0], [640.0, 480.0], [640.0, 760.0]], [[280.0, 760.0], [360.0, 600.0], [440.0, 760.0], [280.0, 760.0]], [[650.8150785691257, 1.8372696840800131], [650.8150785691257, 281.83726968408], [410.8150785691257, 141.83726968408], [650.8150785691257, 1.8372696840800131]]]"
Thu Jul 23 02:09:14 2020,2,3,True,657.3232293548169,0.8671532885875227,"[0, 0, 0, 1, 1, 0, 2, 0, 2, 0, 2, 2]","[[[457.32322935481693, 0.37078435734633786], [657.3232293548169, 0.37078435734633786], [657.3232293548169, 200.37078435734634], [457.32322935481693, 200.37078435734634], [457.32322935481693, 0.37078435734633786]], [[0.0, 0.0], [200.0, 0.0], [200.0, 200.0], [0.0, 200.0], [0.0, 0.0]], [[201.72078112904632, 277.32322935481693], [481.7207811290463, 277.32322935481693], [481.7207811290463, 457.32322935481693], [201.72078112904632, 457.32322935481693], [201.72078112904632, 277.32322935481693]], [[657.3232293548169, 274.60581863775474], [657.3232293548169, 554.6058186377547], [517.3232293548169, 414.60581863775474], [657.3232293548169, 274.60581863775474]], [[200.0, 0.0], [380.0, 0.0], [200.0, 280.0], [200.0, 0.0]], [[277.32322935481693, 457.32322935481693], [557.3232293548169, 457.32322935481693], [557.3232293548169, 737.3232293548169], [277.32322935481693, 737.3232293548169], [277.32322935481693, 457.32322935481693]], [[277.32322935481693, 637.3232293548169], [77.32322935481693, 557.3232293548169], [77.32322935481693, 457.32322935481693], [277.32322935481693, 457.32322935481693], [277.32322935481693, 637.3232293548169]], [[557.3232293548169, 554.6058186377547], [657.3232293548169, 554.6058186377547], [657.3232293548169, 734.6058186377547], [557.3232293548169, 734.6058186377547], [557.3232293548169, 554.6058186377547]], [[280.0, 760.0], [0.0, 760.0], [0.0, 480.0], [280.0, 760.0]], [[0.0, 200.0], [200.0, 200.0], [200.0, 400.0], [0.0, 480.0], [0.0, 200.0]], [[625.6256639917048, 200.37078435734634], [545.6256639917048, 360.37078435734634], [465.62566399170476, 200.37078435734634], [625.6256639917048, 200.37078435734634]], [[496.00649541476054, 277.32322935481693], [216.00649541476054, 277.32322935481693], [356.00649541476054, 37.32322935481693], [496.00649541476054, 277.32322935481693]]]"
Thu Jul 23 02:10:58 2020,2,5,False,663.8964616483651,0.8585676124628939,"[0, 0, 1, 3, 1, 0, 2, 0, 1, 2, 3, 2]","[[[200.0, 360.0], [400.0, 360.0], [400.0, 560.0], [200.0, 560.0], [200.0, 360.0]], [[183.89646164836506, 560.0], [383.89646164836506, 560.0], [383.89646164836506, 760.0], [183.89646164836506, 760.0], [183.89646164836506, 560.0]], [[663.8964616483651, 0.0], [663.8964616483651, 280.0], [483.89646164836506, 280.0], [483.89646164836506, 0.0], [663.8964616483651, 0.0]], [[505.1351351351351, 638.7613265132298], [505.1351351351351, 358.76132651322985], [645.1351351351351, 498.76132651322985], [505.1351351351351, 638.7613265132298]], [[0.0, 280.0], [180.0, 280.0], [0.0, 560.0], [0.0, 280.0]], [[0.0, 0.0], [280.0, 0.0], [280.0, 280.0], [0.0, 280.0], [0.0, 0.0]], [[480.0, 180.0], [280.0, 100.0], [280.0, 0.0], [480.0, 0.0], [480.0, 180.0]], [[400.0, 380.0], [500.0, 380.0], [500.0, 560.0], [400.0, 560.0], [400.0, 380.0]], [[663.8964616483651, 480.0], [663.8964616483651, 760.0], [383.89646164836506, 760.0], [663.8964616483651, 480.0]], [[200.0, 760.0], [0.0, 760.0], [0.0, 560.0], [200.0, 480.0], [200.0, 760.0]], [[663.8964616483651, 439.99999999999994], [503.89646164836506, 359.99999999999994], [663.8964616483651, 279.99999999999994], [663.8964616483651, 439.99999999999994]], [[505.1351351351351, 374.05405405405406], [225.1351351351351, 374.05405405405406], [365.1351351351351, 134.05405405405406], [505.1351351351351, 374.05405405405406]]]"
Thu Jul 23 02:11:41 2020,2,1,True,670.5354262648488,0.8500669430325682,"[0, 0, 1, 1, 2, 0, 0, 0, 3, 2, 2, 2]","[[[430.53542626484875, 560.0], [630.5354262648488, 560.0], [630.5354262648488, 760.0], [430.53542626484875, 760.0], [430.53542626484875, 560.0]], [[0.0, 560.0], [200.0, 560.0], [200.0, 760.0], [0.0, 760.0], [0.0, 560.0]], [[280.0, 0.0], [280.0, 280.0], [100.0, 280.0], [100.0, 0.0], [280.0, 0.0]], [[430.53542626484875, 409.46457373515125], [430.53542626484875, 689.4645737351512], [290.53542626484875, 549.4645737351512], [430.53542626484875, 409.46457373515125]], [[670.5354262648488, 0.0], [670.5354262648488, 180.0], [390.53542626484875, 0.0], [670.5354262648488, 0.0]], [[0.0, 280.0], [280.0, 280.0], [280.0, 560.0], [0.0, 560.0], [0.0, 280.0]], [[200.0, 578.9291474703025], [400.0, 658.9291474703025], [400.0, 758.9291474703025], [200.0, 758.9291474703025], [200.0, 578.9291474703025]], [[0.0, 100.0], [100.0, 100.0], [100.0, 280.0], [0.0, 280.0], [0.0, 100.0]], [[280.0, 558.0324207777919], [280.0, 278.0324207777919], [560.0, 278.0324207777919], [280.0, 558.0324207777919]], [[670.5354262648488, 560.0], [470.53542626484875, 560.0], [470.53542626484875, 360.0], [670.5354262648488, 280.0], [670.5354262648488, 560.0]], [[440.0, 31.798654544025794], [360.0, 191.7986545440258], [280.0, 31.798654544025794], [440.0, 31.798654544025794]], [[589.6969696969696, 278.03242077779197], [309.69696969696963, 278.03242077779197], [449.69696969696963, 38.03242077779197], [589.6969696969696, 278.03242077779197]]]"
Thu Jul 23 02:11:54 2020,2,1,True,677.2407805274972,0.8416504386461071,"[0, 0, 0, 0, 0, 0, 3, 1, 0, 2, 2, 2]","[[[0.0, 460.0], [200.0, 460.0], [200.0, 660.0], [0.0, 660.0], [0.0, 460.0]], [[477.24078052749724, 557.3949940486093], [677.2407805274972, 557.3949940486093], [677.2407805274972, 757.3949940486093], [477.24078052749724, 757.3949940486093], [477.24078052749724, 557.3949940486093]], [[200.0, 557.3949940486093], [480.0, 557.3949940486093], [480.0, 737.3949940486093], [200.0, 737.3949940486093], [200.0, 557.3949940486093]], [[77.77777777777777, 0.0], [357.77777777777777, 0.0], [217.77777777777777, 140.0], [77.77777777777777, 0.0]], [[0.0, 180.32847136505927], [0.0, 0.3284713650592721], [280.0, 180.32847136505927], [0.0, 180.32847136505927]], [[0.0, 180.0], [280.0, 180.0], [280.0, 460.0], [0.0, 460.0], [0.0, 180.0]], [[244.8912037074711, 547.7719907313223], [324.8912037074711, 347.77199073132226], [424.8912037074711, 347.77199073132226], [424.8912037074711, 547.7719907313223], [244.8912037074711, 547.7719907313223]], [[180.0, 660.0], [180.0, 760.0], [0.0, 760.0], [0.0, 660.0], [180.0, 660.0]], [[363.7140092142548, 0.0], [643.7140092142548, 0.0], [643.7140092142548, 280.0], [363.7140092142548, 0.0]], [[677.2407805274972, 557.3949940486093], [477.24078052749724, 557.3949940486093], [477.24078052749724, 357.3949940486093], [677.2407805274972, 277.3949940486093], [677.2407805274972, 557.3949940486093]], [[405.9259259259259, 111.8518518518519], [325.9259259259259, 271.8518518518519], [245.92592592592592, 111.8518518518519], [405.9259259259259, 111.8518518518519]], [[580.0037967670451, 316.28978755279024], [300.00379676704506, 316.28978755279024], [440.00379676704506, 76.28978755279024], [580.0037967670451, 316.28978755279024]]]"
Thu Jul 23 02:12:10 2020,2,1,True,684.0131883327722,0.8333172659862447,"[0, 0, 0, 0, 3, 0, 1, 0, 1, 0, 3, 3]","[[[481.1111111111111, 280.0], [681.1111111111111, 280.0], [681.1111111111111, 480.0], [481.1111111111111, 480.0], [481.1111111111111, 280.0]], [[200.0, 0.0], [400.0, 0.0], [400.0, 200.0], [200.0, 200.0], [200.0, 0.0]], [[400.0, 0.0], [680.0, 0.0], [680.0, 180.0], [400.0, 180.0], [400.0, 0.0]], [[370.1511493063973, 480.0], [650.1511493063973, 480.0], [510.1511493063973, 620.0], [370.1511493063973, 480.0]], [[259.99999999999994, 760.0], [79.99999999999994, 760.0], [259.99999999999994, 480.0], [259.99999999999994, 760.0]], [[201.1111111111111, 200.0], [481.1111111111111, 200.0], [481.1111111111111, 480.0], [201.1111111111111, 480.0], [201.1111111111111, 200.0]], [[180.0, 528.8888888888889], [100.0, 728.8888888888889], [0.0, 728.8888888888889], [0.0, 528.8888888888889], [180.0, 528.8888888888889]], [[100.0, 0.0], [200.0, 0.0], [200.0, 180.0], [100.0, 180.0], [100.0, 0.0]], [[684.0131883327722, 480.0], [684.0131883327722, 760.0], [404.0131883327722, 760.0], [684.0131883327722, 480.0]], [[0.0, 180.0], [200.0, 180.0], [200.0, 380.0], [0.0, 460.0], [0.0, 180.0]], [[201.1111111111111, 539.4444444444445], [41.111111111111086, 459.44444444444446], [201.1111111111111, 379.44444444444446], [201.1111111111111, 539.4444444444445]], [[259.99999999999994, 760.0], [259.99999999999994, 480.0], [499.99999999999994, 620.0], [259.99999999999994, 760.0]]]"
Thu Jul 23 02:12:12 2020,2,0,True,656.6526607994613,0.8680388187356716,"[0, 0, 1, 0, 3, 0, 1, 1, 1, 0, 3, 3]","[[[400.0, 0.0], [600.0, 0.0], [600.0, 200.0], [400.0, 200.0], [400.0, 0.0]], [[200.0, 0.0], [400.0, 0.0], [400.0, 200.0], [200.0, 200.0], [200.0, 0.0]], [[656.6526607994613, 200.0], [656.6526607994613, 480.0], [476.6526607994613, 480.0], [476.6526607994613, 200.0], [656.6526607994613, 200.0]], [[370.1511493063973, 480.0], [650.1511493063973, 480.0], [510.1511493063973, 620.0], [370.1511493063973, 480.0]], [[259.99999999999994, 760.0], [79.99999999999994, 760.0], [259.99999999999994, 480.0], [259.99999999999994, 760.0]], [[200.0, 200.0], [480.0, 200.0], [480.0, 480.0], [200.0, 480.0], [200.0, 200.0]], [[180.0, 528.8888888888889], [100.0, 728.8888888888889], [0.0, 728.8888888888889], [0.0, 528.8888888888889], [180.0, 528.8888888888889]], [[180.0, 59.5499532086734], [180.0, 159.5499532086734], [0.0, 159.5499532086734], [0.0, 59.5499532086734], [180.0, 59.5499532086734]], [[656.6526607994613, 480.0], [656.6526607994613, 760.0], [376.6526607994613, 760.0], [656.6526607994613, 480.0]], [[0.0, 159.5499532086734], [200.0, 159.5499532086734], [200.0, 359.5499532086734], [0.0, 439.5499532086734], [0.0, 159.5499532086734]], [[176.65266079946127, 528.8888888888889], [16.652660799461273, 448.8888888888889], [176.65266079946127, 368.8888888888889], [176.65266079946127, 528.8888888888889]], [[259.99999999999994, 760.0], [259.99999999999994, 480.0], [499.99999999999994, 620.0], [259.99999999999994, 760.0]]]"
Thu Jul 23 02:13:58 2020,2,5,False,663.2191874074559,0.8594443749858134,"[0, 0, 0, 1, 1, 0, 0, 1, 2, 0, 0, 0]","[[[200.0, 0.0], [400.0, 0.0], [400.0, 200.0], [200.0, 200.0], [200.0, 0.0]], [[0.0, 0.0], [200.0, 0.0], [200.0, 200.0], [0.0, 200.0], [0.0, 0.0]], [[380.0, 280.0], [660.0, 280.0], [660.0, 460.0], [380.0, 460.0], [380.0, 280.0]], [[663.2191874074559, 0.0], [663.2191874074559, 280.0], [523.2191874074559, 140.0], [663.2191874074559, 0.0]], [[400.0, 0.0], [580.0, 0.0], [400.0, 280.0], [400.0, 0.0]], [[383.21918740745593, 480.0], [663.2191874074559, 480.0], [663.2191874074559, 760.0], [383.21918740745593, 760.0], [383.21918740745593, 480.0]], [[0.0, 300.0], [200.0, 380.0], [200.0, 480.0], [0.0, 480.0], [0.0, 300.0]], [[180.0, 200.0], [180.0, 300.0], [0.0, 300.0], [0.0, 200.0], [180.0, 200.0]], [[280.0, 760.0], [0.0, 760.0], [0.0, 480.0], [280.0, 760.0]], [[180.0, 200.0], [380.0, 200.0], [380.0, 400.0], [180.0, 480.0], [180.0, 200.0]], [[422.8571428571429, 280.0], [502.8571428571429, 120.0], [582.8571428571429, 280.0], [422.8571428571429, 280.0]], [[100.0, 480.0], [380.0, 480.0], [240.0, 720.0], [100.0, 480.0]]]"
Thu Jul 23 02:15:18 2020,2,3,True,669.8513792815305,0.8509350247384291,"[0, 0, 1, 0, 0, 0, 3, 0, 2, 1, 2, 1]","[[[360.0, 279.9999999999999], [560.0, 279.9999999999999], [560.0, 479.9999999999999], [360.0, 479.9999999999999], [360.0, 279.9999999999999]], [[289.8513792815305, 560.0], [489.8513792815305, 560.0], [489.8513792815305, 760.0], [289.8513792815305, 760.0], [289.8513792815305, 560.0]], [[669.8513792815305, 479.9999999999999], [669.8513792815305, 759.9999999999999], [489.8513792815305, 759.9999999999999], [489.8513792815305, 479.9999999999999], [669.8513792815305, 479.9999999999999]], [[280.0, 0.0], [560.0, 0.0], [420.0, 140.0], [280.0, 0.0]], [[0.0, 560.0], [0.0, 380.0], [280.0, 560.0], [0.0, 560.0]], [[0.0, 0.0], [280.0, 0.0], [280.0, 280.0], [0.0, 280.0], [0.0, 0.0]], [[109.85137928153051, 760.0], [189.8513792815305, 560.0], [289.8513792815305, 560.0], [289.8513792815305, 760.0], [109.85137928153051, 760.0]], [[560.0, 284.10474136730437], [660.0, 284.10474136730437], [660.0, 464.10474136730437], [560.0, 464.10474136730437], [560.0, 284.10474136730437]], [[560.0, 280.0], [280.0, 280.0], [280.0, 0.0], [560.0, 280.0]], [[355.5555555555554, 279.9999999999999], [355.5555555555554, 479.9999999999999], [155.55555555555537, 479.9999999999999], [75.55555555555537, 279.9999999999999], [355.5555555555554, 279.9999999999999]], [[189.8513792815305, 560.0], [109.85137928153051, 720.0], [29.851379281530512, 560.0], [189.8513792815305, 560.0]], [[669.8513792815305, 9.851379281530512], [669.8513792815305, 289.8513792815305], [429.8513792815305, 149.8513792815305], [669.8513792815305, 9.851379281530512]]]"
Thu Jul 23 02:15:42 2020,2,1,True,676.5498930743458,0.8425099254835932,"[0, 0, 1, 0, 1, 0, 3, 0, 1, 2, 2, 2]","[[[0.0, 0.0], [200.0, 0.0], [200.0, 200.0], [0.0, 200.0], [0.0, 0.0]], [[376.54989307434585, 279.9999999999999], [576.5498930743458, 279.9999999999999], [576.5498930743458, 479.9999999999999], [376.54989307434585, 479.9999999999999], [376.54989307434585, 279.9999999999999]], [[660.0, 0.0], [660.0, 280.0], [480.0, 280.0], [480.0, 0.0], [660.0, 0.0]], [[200.0, 0.0], [480.0, 0.0], [340.0, 140.0], [200.0, 0.0]], [[0.0, 477.54288452613355], [180.0, 477.54288452613355], [0.0, 757.5428845261335], [0.0, 477.54288452613355]], [[387.70614005251446, 479.9999999999999], [667.7061400525145, 479.9999999999999], [667.7061400525145, 759.9999999999999], [387.70614005251446, 759.9999999999999], [387.70614005251446, 479.9999999999999]], [[196.54989307434585, 595.1607194659966], [276.54989307434585, 395.16071946599664], [376.54989307434585, 395.16071946599664], [376.54989307434585, 595.1607194659966], [196.54989307434585, 595.1607194659966]], [[576.5498930743458, 280.0], [676.5498930743458, 280.0], [676.5498930743458, 460.0], [576.5498930743458, 460.0], [576.5498930743458, 280.0]], [[480.0, 0.0], [480.0, 280.0], [200.0, 280.0], [480.0, 0.0]], [[200.0, 477.54288452613355], [0.0, 477.54288452613355], [0.0, 277.54288452613355], [200.0, 197.54288452613355], [200.0, 477.54288452613355]], [[372.70614005251446, 600.0], [292.70614005251446, 760.0], [212.70614005251446, 600.0], [372.70614005251446, 600.0]], [[292.70614005251446, 760.0], [12.706140052514456, 760.0], [152.70614005251446, 520.0], [292.70614005251446, 760.0]]]"
Thu Jul 23 02:15:47 2020,2,1,True,683.3153920050893,0.8341682430530625,"[0, 0, 1, 0, 1, 0, 1, 1, 2, 0, 2, 2]","[[[0.0, 0.0], [200.0, 0.0], [200.0, 200.0], [0.0, 200.0], [0.0, 0.0]], [[380.0, 279.9999999999999], [580.0, 279.9999999999999], [580.0, 479.9999999999999], [380.0, 479.9999999999999], [380.0, 279.9999999999999]], [[180.0, 200.0], [180.0, 480.0], [0.0, 480.0], [0.0, 200.0], [180.0, 200.0]], [[200.0, 0.0], [480.0, 0.0], [340.0, 140.0], [200.0, 0.0]], [[0.0, 480.0], [180.0, 480.0], [0.0, 760.0], [0.0, 480.0]], [[369.487897351372, 479.9999999999999], [649.487897351372, 479.9999999999999], [649.487897351372, 759.9999999999999], [369.487897351372, 759.9999999999999], [369.487897351372, 479.9999999999999]], [[380.0, 390.512102648628], [300.0, 590.512102648628], [200.0, 590.512102648628], [200.0, 390.512102648628], [380.0, 390.512102648628]], [[380.0, 290.512102648628], [380.0, 390.512102648628], [200.0, 390.512102648628], [200.0, 290.512102648628], [380.0, 290.512102648628]], [[480.0, 280.0], [200.0, 280.0], [200.0, 0.0], [480.0, 280.0]], [[480.0, 0.0], [680.0, 0.0], [680.0, 200.0], [480.0, 280.0], [480.0, 0.0]], [[368.751107497414, 590.512102648628], [288.751107497414, 750.512102648628], [208.751107497414, 590.512102648628], [368.751107497414, 590.512102648628]], [[294.28571428571433, 760.0], [14.285714285714334, 760.0], [154.28571428571433, 520.0], [294.28571428571433, 760.0]]]"
Thu Jul 23 02:16:11 2020,2,1,True,690.1485459251402,0.8259091515376857,"[0, 0, 1, 0, 1, 0, 2, 1, 1, 0, 3, 2]","[[[0.0, 280.0], [200.0, 280.0], [200.0, 480.0], [0.0, 480.0], [0.0, 280.0]], [[480.0, 548.7128530572512], [680.0, 548.7128530572512], [680.0, 748.7128530572512], [480.0, 748.7128530572512], [480.0, 548.7128530572512]], [[460.0, 0.0], [460.0, 280.0], [280.0, 280.0], [280.0, 0.0], [460.0, 0.0]], [[0.0, 0.0], [280.0, 0.0], [140.0, 140.0], [0.0, 0.0]], [[0.0, 480.0], [180.0, 480.0], [0.0, 760.0], [0.0, 480.0]], [[200.0, 318.3673469387754], [480.0, 318.3673469387754], [480.0, 598.3673469387754], [200.0, 598.3673469387754], [200.0, 318.3673469387754]], [[690.1485459251402, 180.0], [490.1485459251402, 100.0], [490.1485459251402, 0.0], [690.1485459251402, 0.0], [690.1485459251402, 180.0]], [[448.58438690318167, 615.940581629944], [448.58438690318167, 715.940581629944], [268.58438690318167, 715.940581629944], [268.58438690318167, 615.940581629944], [448.58438690318167, 615.940581629944]], [[280.0, 0.0], [280.0, 280.0], [0.0, 280.0], [280.0, 0.0]], [[480.0, 175.94058162994395], [680.0, 175.94058162994395], [680.0, 375.94058162994395], [480.0, 455.94058162994395], [480.0, 175.94058162994395]], [[648.0693214317319, 548.7128530572512], [488.06932143173185, 468.7128530572512], [648.0693214317319, 388.7128530572512], [648.0693214317319, 548.7128530572512]], [[294.28571428571433, 760.0], [14.285714285714334, 760.0], [154.28571428571433, 520.0], [294.28571428571433, 760.0]]]"
Thu Jul 23 02:16:14 2020,2,0,True,662.5426040881346,0.8603220328517559,"[0, 0, 0, 2, 1, 0, 3, 0, 0, 0, 3, 3]","[[[460.0, 548.7128530572512], [660.0, 548.7128530572512], [660.0, 748.7128530572512], [460.0, 748.7128530572512], [460.0, 548.7128530572512]], [[260.0, 560.0], [460.0, 560.0], [460.0, 760.0], [260.0, 760.0], [260.0, 560.0]], [[380.0, 0.0], [660.0, 0.0], [660.0, 180.0], [380.0, 180.0], [380.0, 0.0]], [[379.99999999999994, 279.99999999999994], [99.99999999999994, 279.99999999999994], [239.99999999999994, 139.99999999999994], [379.99999999999994, 279.99999999999994]], [[0.0, 460.0], [180.0, 460.0], [0.0, 740.0], [0.0, 460.0]], [[180.0, 280.0], [460.0, 280.0], [460.0, 560.0], [180.0, 560.0], [180.0, 280.0]], [[35.71428571428571, 760.0], [115.71428571428571, 560.0], [215.71428571428572, 560.0], [215.71428571428572, 760.0], [35.71428571428571, 760.0]], [[0.0, 280.0], [100.0, 280.0], [100.0, 460.0], [0.0, 460.0], [0.0, 280.0]], [[100.0, 0.0], [380.0, 0.0], [380.0, 280.0], [100.0, 0.0]], [[460.0, 178.9829583647462], [660.0, 178.9829583647462], [660.0, 378.9829583647462], [460.0, 458.9829583647462], [460.0, 178.9829583647462]], [[648.0693214317319, 548.7128530572512], [488.06932143173185, 468.7128530572512], [648.0693214317319, 388.7128530572512], [648.0693214317319, 548.7128530572512]], [[0.0, 280.0], [0.0, 0.0], [240.0, 140.0], [0.0, 280.0]]]"
Thu Jul 23 02:17:12 2020,2,5,True,669.168030129016,0.8518039929225305,"[0, 0, 1, 3, 2, 0, 3, 1, 0, 3, 1, 3]","[[[0.0, 6.963409202775466], [200.0, 6.963409202775466], [200.0, 206.96340920277547], [0.0, 206.96340920277547], [0.0, 6.963409202775466]], [[469.16803012901596, 560.0], [669.168030129016, 560.0], [669.168030129016, 760.0], [469.16803012901596, 760.0], [469.16803012901596, 560.0]], [[180.0, 320.0], [180.0, 600.0], [0.0, 600.0], [0.0, 320.0], [180.0, 320.0]], [[460.0, 550.831969870984], [460.0, 270.83196987098404], [600.0, 410.83196987098404], [460.0, 550.831969870984]], [[502.22222222222223, 0.0], [502.22222222222223, 180.0], [222.22222222222223, 0.0], [502.22222222222223, 0.0]], [[180.0, 280.0], [460.0, 280.0], [460.0, 560.0], [180.0, 560.0], [180.0, 280.0]], [[489.16803012901596, 200.0], [569.168030129016, 0.0], [669.168030129016, 0.0], [669.168030129016, 200.0], [489.16803012901596, 200.0]], [[180.0, 206.96340920277544], [180.0, 306.96340920277544], [0.0, 306.96340920277544], [0.0, 206.96340920277544], [180.0, 206.96340920277544]], [[389.16803012901596, 200.0], [669.168030129016, 200.0], [669.168030129016, 480.0], [389.16803012901596, 200.0]], [[180.0, 760.0], [180.0, 560.0], [380.0, 560.0], [460.0, 760.0], [180.0, 760.0]], [[0.0, 600.0], [160.0, 680.0], [0.0, 760.0], [0.0, 600.0]], [[200.0, 280.0], [200.0, 0.0], [440.0, 140.0], [200.0, 280.0]]]"
Thu Jul 23 02:18:31 2020,2,3,True,675.8597104303061,0.8433702900223075,"[0, 0, 1, 1, 1, 0, 2, 1, 2, 0, 3, 3]","[[[465.6440577146104, 0.0], [665.6440577146104, 0.0], [665.6440577146104, 200.0], [465.6440577146104, 200.0], [465.6440577146104, 0.0]], [[240.0, 555.8240394056606], [440.0, 555.8240394056606], [440.0, 755.8240394056606], [240.0, 755.8240394056606], [240.0, 555.8240394056606]], [[665.6440577146104, 200.0], [665.6440577146104, 480.0], [485.6440577146104, 480.0], [485.6440577146104, 200.0], [665.6440577146104, 200.0]], [[183.05613718393383, 73.02378660276963], [183.05613718393383, 353.02378660276963], [43.05613718393383, 213.02378660276963], [183.05613718393383, 73.02378660276963]], [[0.0, 0.0], [180.0, 0.0], [0.0, 280.0], [0.0, 0.0]], [[185.64405771461043, 0.0], [465.6440577146104, 0.0], [465.6440577146104, 280.0], [185.64405771461043, 280.0], [185.64405771461043, 0.0]], [[485.6440577146104, 460.0], [285.6440577146104, 380.0], [285.6440577146104, 280.0], [485.6440577146104, 280.0], [485.6440577146104, 460.0]], [[180.0, 349.9676494188359], [180.0, 449.9676494188359], [0.0, 449.9676494188359], [0.0, 349.9676494188359], [180.0, 349.9676494188359]], [[461.46809712027107, 555.8240394056606], [181.46809712027107, 555.8240394056606], [181.46809712027107, 275.82403940566064], [461.46809712027107, 555.8240394056606]], [[461.46809712027107, 480.0], [661.4680971202711, 480.0], [661.4680971202711, 680.0], [461.46809712027107, 760.0], [461.46809712027107, 480.0]], [[240.0, 760.0], [80.0, 680.0], [240.0, 600.0], [240.0, 760.0]], [[0.0, 729.9676494188359], [0.0, 449.9676494188359], [240.0, 589.9676494188359], [0.0, 729.9676494188359]]]"
Thu Jul 23 02:18:44 2020,2,1,True,682.6183075346091,0.8350200891309976,"[0, 0, 0, 3, 3, 0, 1, 1, 1, 3, 0, 0]","[[[480.0, 560.0], [680.0, 560.0], [680.0, 760.0], [480.0, 760.0], [480.0, 560.0]], [[280.0, 560.0], [480.0, 560.0], [480.0, 760.0], [280.0, 760.0], [280.0, 560.0]], [[0.0, 380.0], [280.0, 380.0], [280.0, 560.0], [0.0, 560.0], [0.0, 380.0]], [[0.0, 306.5903864157124], [0.0, 26.590386415712373], [140.0, 166.59038641571237], [0.0, 306.5903864157124]], [[340.0, 280.0], [160.0, 280.0], [340.0, 0.0], [340.0, 280.0]], [[340.0, 0.0], [620.0, 0.0], [620.0, 280.0], [340.0, 280.0], [340.0, 0.0]], [[528.8253220130937, 280.0], [448.8253220130937, 480.0], [348.8253220130937, 480.0], [348.8253220130937, 280.0], [528.8253220130937, 280.0]], [[346.59038641571243, 280.0], [346.59038641571243, 380.0], [166.59038641571243, 380.0], [166.59038641571243, 280.0], [346.59038641571243, 280.0]], [[648.8253220130937, 280.0], [648.8253220130937, 560.0], [368.8253220130937, 560.0], [648.8253220130937, 280.0]], [[0.0, 760.0], [0.0, 560.0], [200.0, 560.0], [280.0, 760.0], [0.0, 760.0]], [[6.59038641571243, 380.0], [86.59038641571243, 220.0], [166.59038641571243, 380.0], [6.59038641571243, 380.0]], [[42.82227459083444, 0.0], [322.82227459083447, 0.0], [182.82227459083444, 240.0], [42.82227459083444, 0.0]]]"
Thu Jul 23 02:18:59 2020,2,0,True,655.3135752332247,0.8698125928447892,"[0, 0, 1, 1, 0, 0, 2, 0, 2, 2, 1, 1]","[[[455.3135752332247, 280.0], [655.3135752332247, 280.0], [655.3135752332247, 480.0], [455.3135752332247, 480.0], [455.3135752332247, 280.0]], [[0.0, 0.0], [200.0, 0.0], [200.0, 200.0], [0.0, 200.0], [0.0, 0.0]], [[180.0, 477.88930655926015], [180.0, 757.8893065592601], [0.0, 757.8893065592601], [0.0, 477.88930655926015], [180.0, 477.88930655926015]], [[444.93728495335506, 464.93728495335506], [444.93728495335506, 744.9372849533551], [304.93728495335506, 604.9372849533551], [444.93728495335506, 464.93728495335506]], [[0.0, 477.8893065592602], [0.0, 297.8893065592602], [280.0, 477.8893065592602], [0.0, 477.8893065592602]], [[255.3135752332247, 0.0], [535.3135752332247, 0.0], [535.3135752332247, 280.0], [255.3135752332247, 280.0], [255.3135752332247, 0.0]], [[455.3135752332247, 460.0], [255.3135752332247, 380.0], [255.3135752332247, 280.0], [455.3135752332247, 280.0], [455.3135752332247, 460.0]], [[555.3135752332247, 0.0], [655.3135752332247, 0.0], [655.3135752332247, 180.0], [555.3135752332247, 180.0], [555.3135752332247, 0.0]], [[460.0, 760.0], [180.0, 760.0], [180.0, 480.0], [460.0, 760.0]], [[655.3135752332247, 755.3135752332247], [455.3135752332247, 755.3135752332247], [455.3135752332247, 555.3135752332247], [655.3135752332247, 475.3135752332247], [655.3135752332247, 755.3135752332247]], [[280.0, 389.8745699067101], [440.0, 469.8745699067101], [280.0, 549.8745699067101], [280.0, 389.8745699067101]], [[255.3135752332247, 167.73374778061896], [255.3135752332247, 447.73374778061896], [15.313575233224697, 307.73374778061896], [255.3135752332247, 167.73374778061896]]]"
Thu Jul 23 02:19:21 2020,2,1,True,661.866710985557,0.8612005869750387,"[0, 0, 1, 2, 3, 0, 0, 1, 3, 3, 2, 1]","[[[0.0, 560.0], [200.0, 560.0], [200.0, 760.0], [0.0, 760.0], [0.0, 560.0]], [[460.0, 280.0], [660.0, 280.0], [660.0, 480.0], [460.0, 480.0], [460.0, 280.0]], [[180.0, 0.0], [180.0, 280.0], [0.0, 280.0], [0.0, 0.0], [180.0, 0.0]], [[480.0, 760.0], [200.0, 760.0], [340.0, 620.0], [480.0, 760.0]], [[180.0, 560.0], [0.0, 560.0], [180.0, 280.0], [180.0, 560.0]], [[180.0, 0.0], [460.0, 0.0], [460.0, 280.0], [180.0, 280.0], [180.0, 0.0]], [[460.0, 0.0], [660.0, 80.0], [660.0, 180.0], [460.0, 180.0], [460.0, 0.0]], [[640.0, 180.0], [640.0, 280.0], [460.0, 280.0], [460.0, 180.0], [640.0, 180.0]], [[200.0, 760.0], [200.0, 480.0], [480.0, 480.0], [200.0, 760.0]], [[180.0, 480.0], [180.0, 280.0], [380.0, 280.0], [460.0, 480.0], [180.0, 480.0]], [[160.0, 280.0], [80.0, 440.0], [0.0, 280.0], [160.0, 280.0]], [[629.1010322238957, 480.0], [629.1010322238957, 760.0], [389.1010322238957, 620.0], [629.1010322238957, 480.0]]]"
Thu Jul 23 02:19:36 2020,2,1,True,668.4853780954126,0.8526738484901374,"[0, 0, 1, 1, 0, 0, 1, 1, 2, 0, 3, 1]","[[[0.0, 560.0], [200.0, 560.0], [200.0, 760.0], [0.0, 760.0], [0.0, 560.0]], [[456.59571886980507, 283.24766332389333], [656.5957188698051, 283.24766332389333], [656.5957188698051, 483.24766332389333], [456.59571886980507, 483.24766332389333], [456.59571886980507, 283.24766332389333]], [[459.9999999999999, 280.0], [459.9999999999999, 560.0], [279.9999999999999, 560.0], [279.9999999999999, 280.0], [459.9999999999999, 280.0]], [[200.0, 200.0], [200.0, 480.0], [60.0, 340.0], [200.0, 200.0]], [[372.0, 760.0], [372.0, 580.0], [652.0, 760.0], [372.0, 760.0]], [[200.0, 0.0], [480.0, 0.0], [480.0, 280.0], [200.0, 280.0], [200.0, 0.0]], [[380.0, 560.0], [300.0, 760.0], [200.0, 760.0], [200.0, 560.0], [380.0, 560.0]], [[660.0, 0.0], [660.0, 100.0], [480.0, 100.0], [480.0, 0.0], [660.0, 0.0]], [[280.0, 560.0], [0.0, 560.0], [0.0, 280.0], [280.0, 560.0]], [[0.0, 0.0], [200.0, 0.0], [200.0, 200.0], [0.0, 280.0], [0.0, 0.0]], [[668.4853780954126, 289.1924929366971], [508.48537809541256, 209.19249293669708], [668.4853780954126, 129.19249293669708], [668.4853780954126, 289.1924929366971]], [[668.4853780954126, 476.31202877562237], [668.4853780954126, 756.3120287756224], [428.48537809541256, 616.3120287756224], [668.4853780954126, 476.31202877562237]]]"
Thu Jul 23 02:20:06 2020,2,1,True,675.1702318763666,0.8442315331585518,"[0, 0, 1, 3, 1, 0, 2, 1, 2, 1, 0, 2]","[[[0.0, 200.0], [200.0, 200.0], [200.0, 400.0], [0.0, 400.0], [0.0, 200.0]], [[15.170231876366643, 0.0], [215.17023187636664, 0.0], [215.17023187636664, 200.0], [15.170231876366643, 200.0], [15.170231876366643, 0.0]], [[675.1702318763666, 0.0], [675.1702318763666, 280.0], [495.17023187636664, 280.0], [495.17023187636664, 0.0], [675.1702318763666, 0.0]], [[216.42927739126208, 687.8578488198334], [216.42927739126208, 407.8578488198334], [356.4292773912621, 547.8578488198334], [216.42927739126208, 687.8578488198334]], [[489.2139532989888, 380.0], [669.2139532989888, 380.0], [489.2139532989888, 660.0], [489.2139532989888, 380.0]], [[215.17023187636664, 0.0], [495.17023187636664, 0.0], [495.17023187636664, 280.0], [215.17023187636664, 280.0], [215.17023187636664, 0.0]], [[216.42927739126208, 580.0], [16.429277391262076, 500.0], [16.429277391262076, 400.0], [216.42927739126208, 400.0], [216.42927739126208, 580.0]], [[668.5714285714287, 280.0], [668.5714285714287, 380.0], [488.57142857142867, 380.0], [488.57142857142867, 280.0], [668.5714285714287, 280.0]], [[280.0, 760.0], [0.0, 760.0], [0.0, 480.0], [280.0, 760.0]], [[488.57142857142867, 280.0], [488.57142857142867, 480.0], [288.57142857142867, 480.0], [208.57142857142867, 280.0], [488.57142857142867, 280.0]], [[515.1702318763666, 760.0], [595.1702318763666, 600.0], [675.1702318763666, 760.0], [515.1702318763666, 760.0]], [[530.1134879175769, 730.1134879175795], [250.1134879175769, 730.1134879175795], [390.1134879175769, 490.1134879175795], [530.1134879175769, 730.1134879175795]]]"
Thu Jul 23 02:20:19 2020,2,1,True,681.9219341951303,0.8358728051074771,"[0, 0, 1, 1, 1, 0, 2, 1, 3, 1, 0, 2]","[[[474.2857142857142, 557.959015891934], [674.2857142857142, 557.959015891934], [674.2857142857142, 757.959015891934], [474.2857142857142, 757.959015891934], [474.2857142857142, 557.959015891934]], [[0.0, 560.0], [200.0, 560.0], [200.0, 760.0], [0.0, 760.0], [0.0, 560.0]], [[474.2857142857143, 480.0], [474.2857142857143, 760.0], [294.2857142857143, 760.0], [294.2857142857143, 480.0], [474.2857142857143, 480.0]], [[648.1634226013119, 0.0], [648.1634226013119, 280.0], [508.16342260131194, 140.0], [648.1634226013119, 0.0]], [[0.0, 280.0], [180.0, 280.0], [0.0, 560.0], [0.0, 280.0]], [[60.0, 0.0], [340.0, 0.0], [340.0, 280.0], [60.0, 280.0], [60.0, 0.0]], [[662.4491368870262, 461.22438493245875], [462.44913688702616, 381.22438493245875], [462.44913688702616, 281.22438493245875], [662.4491368870262, 281.22438493245875], [662.4491368870262, 461.22438493245875]], [[654.2857142857142, 457.959015891934], [654.2857142857142, 557.959015891934], [474.2857142857142, 557.959015891934], [474.2857142857142, 457.959015891934], [654.2857142857142, 457.959015891934]], [[340.0, 280.0], [340.0, 0.0], [620.0, 0.0], [340.0, 280.0]], [[459.2128954005623, 281.22438493245875], [459.2128954005623, 481.22438493245875], [259.2128954005623, 481.22438493245875], [179.21289540056227, 281.22438493245875], [459.2128954005623, 281.22438493245875]], [[418.77561506754125, 281.22438493245875], [498.77561506754125, 121.22438493245875], [578.7756150675413, 281.22438493245875], [418.77561506754125, 281.22438493245875]], [[294.2857142857143, 560.0], [14.285714285714278, 560.0], [154.28571428571428, 320.0], [294.2857142857143, 560.0]]]"
Thu Jul 23 02:20:37 2020,2,1,True,688.7411535370817,0.8275968367400762,"[0, 0, 1, 3, 2, 0, 1, 0, 1, 0, 2, 3]","[[[460.0, 360.0], [660.0, 360.0], [660.0, 560.0], [460.0, 560.0], [460.0, 360.0]], [[480.0, 0.0], [680.0, 0.0], [680.0, 200.0], [480.0, 200.0], [480.0, 0.0]], [[460.0, 476.87628314927304], [460.0, 756.876283149273], [280.0, 756.876283149273], [280.0, 476.87628314927304], [460.0, 476.87628314927304]], [[0.0, 676.5454641310653], [0.0, 396.5454641310653], [140.0, 536.5454641310653], [0.0, 676.5454641310653]], [[454.6450568273251, 280.0], [454.6450568273251, 460.0], [174.6450568273251, 280.0], [454.6450568273251, 280.0]], [[200.0, 0.0], [480.0, 0.0], [480.0, 280.0], [200.0, 280.0], [200.0, 0.0]], [[640.0, 560.0], [560.0, 760.0], [460.0, 760.0], [460.0, 560.0], [640.0, 560.0]], [[45.32466847781052, 261.8701326088758], [145.32466847781052, 261.8701326088758], [145.32466847781052, 441.8701326088758], [45.32466847781052, 441.8701326088758], [45.32466847781052, 261.8701326088758]], [[280.0, 480.0], [280.0, 760.0], [0.0, 760.0], [280.0, 480.0]], [[0.0, 0.0], [200.0, 0.0], [200.0, 200.0], [0.0, 280.0], [0.0, 0.0]], [[654.6450568273251, 200.0], [574.6450568273251, 360.0], [494.6450568273251, 200.0], [654.6450568273251, 200.0]], [[145.32466847781052, 555.4368932038835], [145.32466847781052, 275.4368932038835], [385.3246684778105, 415.4368932038835], [145.32466847781052, 555.4368932038835]]]"
Thu Jul 23 02:20:38 2020,2,0,True,661.1915073955984,0.8620800382709128,"[0, 0, 1, 3, 2, 0, 1, 0, 1, 0, 2, 3]","[[[460.0, 360.0], [660.0, 360.0], [660.0, 560.0], [460.0, 560.0], [460.0, 360.0]], [[460.0, 560.0], [660.0, 560.0], [660.0, 760.0], [460.0, 760.0], [460.0, 560.0]], [[460.0, 476.87628314927304], [460.0, 756.876283149273], [280.0, 756.876283149273], [280.0, 476.87628314927304], [460.0, 476.87628314927304]], [[0.0, 676.5454641310653], [0.0, 396.5454641310653], [140.0, 536.5454641310653], [0.0, 676.5454641310653]], [[454.645056827325, 280.0], [454.645056827325, 460.0], [174.645056827325, 280.0], [454.645056827325, 280.0]], [[199.9999999999999, 0.0], [479.9999999999999, 0.0], [479.9999999999999, 280.0], [199.9999999999999, 280.0], [199.9999999999999, 0.0]], [[659.9999999999999, 0.0], [579.9999999999999, 200.0], [479.9999999999999, 200.0], [479.9999999999999, 0.0], [659.9999999999999, 0.0]], [[45.32466847781052, 261.8701326088758], [145.32466847781052, 261.8701326088758], [145.32466847781052, 441.8701326088758], [45.32466847781052, 441.8701326088758], [45.32466847781052, 261.8701326088758]], [[280.0, 480.0], [280.0, 760.0], [0.0, 760.0], [280.0, 480.0]], [[0.0, 0.0], [200.0, 0.0], [200.0, 200.0], [0.0, 280.0], [0.0, 0.0]], [[654.6450568273251, 200.0], [574.6450568273251, 360.0], [494.6450568273251, 200.0], [654.6450568273251, 200.0]], [[145.32466847781052, 555.4368932038835], [145.32466847781052, 275.4368932038835], [385.3246684778105, 415.4368932038835], [145.32466847781052, 555.4368932038835]]]"
Thu Jul 23 02:21:06 2020,2,1,True,667.8034224695543,0.8535445923474384,"[0, 0, 1, 3, 1, 0, 1, 0, 1, 3, 0, 1]","[[[0.0, 280.0], [200.0, 280.0], [200.0, 480.0], [0.0, 480.0], [0.0, 280.0]], [[467.80342246955433, 18.97245393624894], [667.8034224695543, 18.97245393624894], [667.8034224695543, 218.97245393624894], [467.80342246955433, 218.97245393624894], [467.80342246955433, 18.97245393624894]], [[180.0, 480.0], [180.0, 760.0], [0.0, 760.0], [0.0, 480.0], [180.0, 480.0]], [[480.0, 669.4204574956756], [480.0, 389.4204574956756], [620.0, 529.4204574956756], [480.0, 669.4204574956756]], [[300.0, 0.0], [480.0, 0.0], [300.0, 280.0], [300.0, 0.0]], [[200.0, 480.0], [480.0, 480.0], [480.0, 760.0], [200.0, 760.0], [200.0, 480.0]], [[180.0, 0.0], [100.0, 200.0], [0.0, 200.0], [0.0, 0.0], [180.0, 0.0]], [[567.8034224695543, 580.0], [667.8034224695543, 580.0], [667.8034224695543, 760.0], [567.8034224695543, 760.0], [567.8034224695543, 580.0]], [[300.0, 0.0], [300.0, 280.0], [20.0, 280.0], [300.0, 0.0]], [[200.0, 480.0], [200.0, 280.0], [400.0, 280.0], [480.0, 480.0], [200.0, 480.0]], [[322.8571428571429, 280.0], [402.8571428571429, 120.0], [482.8571428571429, 280.0], [322.8571428571429, 280.0]], [[667.8034224695543, 218.97245393624894], [667.8034224695543, 498.97245393624894], [427.80342246955433, 358.97245393624894], [667.8034224695543, 218.97245393624894]]]"
Thu Jul 23 02:21:34 2020,2,1,True,674.4814566942499,0.845093655789543,"[0, 0, 1, 1, 1, 0, 0, 1, 1, 1, 0, 3]","[[[474.4814566942499, 480.0], [674.4814566942499, 480.0], [674.4814566942499, 680.0], [474.4814566942499, 680.0], [474.4814566942499, 480.0]], [[468.8284107603083, 280.0], [668.8284107603083, 280.0], [668.8284107603083, 480.0], [468.8284107603083, 480.0], [468.8284107603083, 280.0]], [[674.4814566942499, 0.0], [674.4814566942499, 280.0], [494.4814566942499, 280.0], [494.4814566942499, 0.0], [674.4814566942499, 0.0]], [[196.76998963896057, 436.7699896389606], [196.76998963896057, 716.7699896389606], [56.76998963896057, 576.7699896389606], [196.76998963896057, 436.7699896389606]], [[14.481456694249893, 0.0], [194.48145669424989, 0.0], [14.481456694249893, 280.0], [14.481456694249893, 0.0]], [[194.4814566942499, 480.0], [474.4814566942499, 480.0], [474.4814566942499, 760.0], [194.4814566942499, 760.0], [194.4814566942499, 480.0]], [[294.4814566942499, 0.0], [494.4814566942499, 80.0], [494.4814566942499, 180.0], [294.4814566942499, 180.0], [294.4814566942499, 0.0]], [[480.69318897275025, 180.0], [480.69318897275025, 280.0], [300.69318897275025, 280.0], [300.69318897275025, 180.0], [480.69318897275025, 180.0]], [[294.4814566942499, 0.0], [294.4814566942499, 280.0], [14.481456694249914, 280.0], [294.4814566942499, 0.0]], [[468.8284107603083, 279.9999999999999], [468.8284107603083, 479.9999999999999], [268.8284107603083, 479.9999999999999], [188.82841076030832, 279.9999999999999], [468.8284107603083, 279.9999999999999]], [[0.0, 760.0], [80.0, 600.0], [160.0, 760.0], [0.0, 760.0]], [[0.0, 551.5524835950209], [0.0, 271.55248359502093], [240.0, 411.55248359502093], [0.0, 551.5524835950209]]]"
Thu Jul 23 02:22:08 2020,2,1,True,681.2262712611924,0.8367263918708346,"[0, 0, 1, 3, 3, 0, 3, 0, 0, 2, 2, 2]","[[[0.0, 280.0], [200.0, 280.0], [200.0, 480.0], [0.0, 480.0], [0.0, 280.0]], [[461.05207618699455, 280.0], [661.0520761869946, 280.0], [661.0520761869946, 480.0], [461.05207618699455, 480.0], [461.05207618699455, 280.0]], [[660.0, 480.0], [660.0, 760.0], [480.0, 760.0], [480.0, 480.0], [660.0, 480.0]], [[421.6666666666667, 280.0], [421.6666666666667, 0.0], [561.6666666666667, 140.0], [421.6666666666667, 280.0]], [[647.5021984264799, 280.0], [467.50219842647994, 280.0], [647.5021984264799, 0.0], [647.5021984264799, 280.0]], [[199.99999999999994, 480.0], [479.99999999999994, 480.0], [479.99999999999994, 760.0], [199.99999999999994, 760.0], [199.99999999999994, 480.0]], [[281.0520761869946, 480.0], [361.0520761869946, 280.0], [461.0520761869946, 280.0], [461.0520761869946, 480.0], [281.0520761869946, 480.0]], [[0.0, 0.0], [100.0, 0.0], [100.0, 180.0], [0.0, 180.0], [0.0, 0.0]], [[141.66666666666669, 0.0], [421.6666666666667, 0.0], [421.6666666666667, 280.0], [141.66666666666669, 0.0]], [[200.0, 760.0], [0.0, 760.0], [0.0, 560.0], [200.0, 480.0], [200.0, 760.0]], [[360.0, 282.6301904674865], [280.0, 442.6301904674865], [200.0, 282.6301904674865], [360.0, 282.6301904674865]], [[321.66666666666674, 280.0], [41.66666666666674, 280.0], [181.66666666666674, 40.0], [321.66666666666674, 280.0]]]"
Thu Jul 23 02:22:25 2020,2,1,True,688.0385339738044,0.8284419721493411,"[0, 0, 0, 1, 1, 0, 0, 1, 3, 0, 0, 2]","[[[480.0, 272.0], [680.0, 272.0], [680.0, 472.0], [480.0, 472.0], [480.0, 272.0]], [[256.66666666666663, 0.0], [456.66666666666663, 0.0], [456.66666666666663, 200.0], [256.66666666666663, 200.0], [256.66666666666663, 0.0]], [[0.0, 240.0], [280.0, 240.0], [280.0, 420.0], [0.0, 420.0], [0.0, 240.0]], [[220.0, 480.0], [220.0, 760.0], [80.0, 620.0], [220.0, 480.0]], [[500.0, 477.5908881642979], [680.0, 477.5908881642979], [500.0, 757.5908881642979], [500.0, 477.5908881642979]], [[220.0, 480.0], [500.0, 480.0], [500.0, 760.0], [220.0, 760.0], [220.0, 480.0]], [[280.0, 300.0], [480.0, 380.0], [480.0, 480.0], [280.0, 480.0], [280.0, 300.0]], [[460.0, 200.0], [460.0, 300.0], [280.0, 300.0], [280.0, 200.0], [460.0, 200.0]], [[0.0, 700.0], [0.0, 420.0], [280.0, 420.0], [0.0, 700.0]], [[460.0, 0.0], [660.0, 0.0], [660.0, 200.0], [460.0, 280.0], [460.0, 0.0]], [[521.30842810562, 760.0], [601.30842810562, 600.0], [681.30842810562, 760.0], [521.30842810562, 760.0]], [[280.0, 240.0], [0.0, 240.0], [140.0, 0.0], [280.0, 240.0]]]"
Thu Jul 23 02:22:44 2020,2,1,True,694.9189193135425,0.8202395763854863,"[0, 0, 1, 0, 1, 0, 3, 1, 1, 1, 0, 3]","[[[280.0, 0.0], [480.0, 0.0], [480.0, 200.0], [280.0, 200.0], [280.0, 0.0]], [[480.0, 0.0], [680.0, 0.0], [680.0, 200.0], [480.0, 200.0], [480.0, 0.0]], [[694.9189193135425, 480.0], [694.9189193135425, 760.0], [514.9189193135425, 760.0], [514.9189193135425, 480.0], [694.9189193135425, 480.0]], [[0.0, 0.0], [280.0, 0.0], [140.0, 140.0], [0.0, 0.0]], [[0.0, 420.0], [180.0, 420.0], [0.0, 700.0], [0.0, 420.0]], [[0.0, 140.0], [280.0, 140.0], [280.0, 420.0], [0.0, 420.0], [0.0, 140.0]], [[9.999999999999991, 760.0], [89.99999999999999, 560.0], [190.0, 560.0], [190.0, 760.0], [9.999999999999991, 760.0]], [[460.0, 378.44660194174753], [460.0, 478.44660194174753], [280.0, 478.44660194174753], [280.0, 378.44660194174753], [460.0, 378.44660194174753]], [[515.9466019417475, 480.0], [515.9466019417475, 760.0], [235.94660194174753, 760.0], [515.9466019417475, 480.0]], [[694.9189193135425, 265.74390022560374], [694.9189193135425, 465.74390022560374], [494.91891931354246, 465.74390022560374], [414.91891931354246, 265.74390022560374], [694.9189193135425, 265.74390022560374]], [[280.0, 360.0], [360.0, 200.0], [440.0, 360.0], [280.0, 360.0]], [[190.0, 705.9466019417475], [190.0, 425.94660194174753], [430.0, 565.9466019417475], [190.0, 705.9466019417475]]]"
Thu Jul 23 02:22:56 2020,2,1,True,701.8681085066779,0.8121183924608775,"[0, 0, 1, 0, 1, 0, 1, 1, 1, 0, 2, 2]","[[[280.0, 0.0], [480.0, 0.0], [480.0, 200.0], [280.0, 200.0], [280.0, 0.0]], [[459.9999999999998, 280.0], [659.9999999999998, 280.0], [659.9999999999998, 480.0], [459.9999999999998, 480.0], [459.9999999999998, 280.0]], [[680.0000000000001, 480.0], [680.0000000000001, 760.0], [500.0000000000001, 760.0], [500.0000000000001, 480.0], [680.0000000000001, 480.0]], [[0.0, 0.0], [280.0, 0.0], [140.0, 140.0], [0.0, 0.0]], [[0.0, 420.0], [180.0, 420.0], [0.0, 700.0], [0.0, 420.0]], [[0.0, 140.0], [280.0, 140.0], [280.0, 420.0], [0.0, 420.0], [0.0, 140.0]], [[460.0, 200.0], [380.0, 400.0], [280.0, 400.0], [280.0, 200.0], [460.0, 200.0]], [[205.71428571428572, 660.0], [205.71428571428572, 760.0], [25.714285714285722, 760.0], [25.714285714285722, 660.0], [205.71428571428572, 660.0]], [[500.0000000000001, 480.0], [500.0000000000001, 760.0], [220.0000000000001, 760.0], [500.0000000000001, 480.0]], [[480.0, 0.0], [680.0, 0.0], [680.0, 200.0], [480.0, 280.0], [480.0, 0.0]], [[399.99999999999983, 487.122162541001], [319.99999999999983, 647.122162541001], [239.99999999999983, 487.122162541001], [399.99999999999983, 487.122162541001]], [[319.99999999999994, 660.0], [39.99999999999994, 660.0], [179.99999999999994, 420.0], [319.99999999999994, 660.0]]]"
Thu Jul 23 02:23:04 2020,2,1,True,708.8867895917447,0.8040776162978986,"[0, 0, 1, 0, 1, 0, 1, 1, 1, 0, 2, 2]","[[[280.0, 280.0], [480.0, 280.0], [480.0, 480.0], [280.0, 480.0], [280.0, 280.0]], [[480.0, 277.5173536665643], [680.0, 277.5173536665643], [680.0, 477.5173536665643], [480.0, 477.5173536665643], [480.0, 277.5173536665643]], [[673.7933841664108, 480.0], [673.7933841664108, 760.0], [493.79338416641076, 760.0], [493.79338416641076, 480.0], [673.7933841664108, 480.0]], [[0.0, 0.0], [280.0, 0.0], [140.0, 140.0], [0.0, 0.0]], [[0.0, 420.0], [180.0, 420.0], [0.0, 700.0], [0.0, 420.0]], [[0.0, 140.0], [280.0, 140.0], [280.0, 420.0], [0.0, 420.0], [0.0, 140.0]], [[460.0, 0.0], [380.0, 200.0], [280.0, 200.0], [280.0, 0.0], [460.0, 0.0]], [[205.71428571428572, 660.0], [205.71428571428572, 760.0], [25.714285714285722, 760.0], [25.714285714285722, 660.0], [205.71428571428572, 660.0]], [[493.79338416641076, 480.0], [493.79338416641076, 760.0], [213.79338416641076, 760.0], [493.79338416641076, 480.0]], [[473.79338416641076, 0.0], [673.7933841664108, 0.0], [673.7933841664108, 200.0], [473.79338416641076, 280.0], [473.79338416641076, 0.0]], [[405.711857667383, 480.0], [325.711857667383, 640.0], [245.71185766738301, 480.0], [405.711857667383, 480.0]], [[319.99999999999994, 660.0], [39.99999999999994, 660.0], [179.99999999999994, 420.0], [319.99999999999994, 660.0]]]"
Thu Jul 23 02:23:04 2020,2,0,True,680.5313180080749,0.8375808503103109,"[0, 0, 1, 0, 1, 0, 1, 1, 1, 0, 2, 2]","[[[280.0, 280.0], [480.0, 280.0], [480.0, 480.0], [280.0, 480.0], [280.0, 280.0]], [[480.0, 277.5173536665643], [680.0, 277.5173536665643], [680.0, 477.5173536665643], [480.0, 477.5173536665643], [480.0, 277.5173536665643]], [[673.7933841664108, 480.0], [673.7933841664108, 760.0], [493.79338416641076, 760.0], [493.79338416641076, 480.0], [673.7933841664108, 480.0]], [[0.0, 0.0], [280.0, 0.0], [140.0, 140.0], [0.0, 0.0]], [[0.0, 420.0], [180.0, 420.0], [0.0, 700.0], [0.0, 420.0]], [[0.0, 140.0], [280.0, 140.0], [280.0, 420.0], [0.0, 420.0], [0.0, 140.0]], [[460.0, 0.0], [380.0, 200.0], [280.0, 200.0], [280.0, 0.0], [460.0, 0.0]], [[205.71428571428572, 660.0], [205.71428571428572, 760.0], [25.714285714285722, 760.0], [25.714285714285722, 660.0], [205.71428571428572, 660.0]], [[493.79338416641076, 480.0], [493.79338416641076, 760.0], [213.79338416641076, 760.0], [493.79338416641076, 480.0]], [[459.99999999999983, 0.0], [659.9999999999998, 0.0], [659.9999999999998, 200.0], [459.99999999999983, 280.0], [459.99999999999983, 0.0]], [[405.711857667383, 480.0], [325.711857667383, 640.0], [245.71185766738301, 480.0], [405.711857667383, 480.0]], [[319.99999999999994, 660.0], [39.99999999999994, 660.0], [179.99999999999994, 420.0], [319.99999999999994, 660.0]]]"
Thu Jul 23 02:23:34 2020,2,1,True,687.3366311881556,0.8292879706042684,"[0, 0, 1, 2, 1, 0, 1, 0, 3, 2, 0, 2]","[[[287.3366311881556, 560.0], [487.3366311881556, 560.0], [487.3366311881556, 760.0], [287.3366311881556, 760.0], [287.3366311881556, 560.0]], [[0.0, 0.0], [200.0, 0.0], [200.0, 200.0], [0.0, 200.0], [0.0, 0.0]], [[180.0, 480.0], [180.0, 760.0], [0.0, 760.0], [0.0, 480.0], [180.0, 480.0]], [[684.7549332000093, 193.84655916787028], [404.7549332000093, 193.84655916787028], [544.7549332000093, 53.84655916787028], [684.7549332000093, 193.84655916787028]], [[0.0, 200.0], [180.0, 200.0], [0.0, 480.0], [0.0, 200.0]], [[404.7549332000092, 193.84655916787028], [684.7549332000092, 193.84655916787028], [684.7549332000092, 473.8465591678703], [404.7549332000092, 473.8465591678703], [404.7549332000092, 193.84655916787028]], [[360.0, 378.3415779703889], [280.0, 578.3415779703889], [180.0, 578.3415779703889], [180.0, 378.3415779703889], [360.0, 378.3415779703889]], [[180.0, 578.3415779703889], [280.0, 578.3415779703889], [280.0, 758.3415779703889], [180.0, 758.3415779703889], [180.0, 578.3415779703889]], [[318.60149236787953, 280.0], [318.60149236787953, 0.0], [598.6014923678795, 0.0], [318.60149236787953, 280.0]], [[687.3366311881556, 760.0], [487.3366311881556, 760.0], [487.3366311881556, 560.0], [687.3366311881556, 480.0], [687.3366311881556, 760.0]], [[287.3366311881556, 560.0], [367.3366311881556, 400.0], [447.3366311881556, 560.0], [287.3366311881556, 560.0]], [[375.9674128506064, 378.3415779703889], [95.96741285060642, 378.3415779703889], [235.96741285060642, 138.34157797038893], [375.9674128506064, 378.3415779703889]]]"
Thu Jul 23 02:23:44 2020,2,0,True,659.8431659406293,0.863841636046113,"[0, 0, 1, 2, 3, 0, 0, 0, 3, 1, 0, 0]","[[[179.84316594062932, 560.0], [379.8431659406293, 560.0], [379.8431659406293, 760.0], [179.84316594062932, 760.0], [179.84316594062932, 560.0]], [[0.0, 0.0], [200.0, 0.0], [200.0, 200.0], [0.0, 200.0], [0.0, 0.0]], [[180.0, 480.0], [180.0, 760.0], [0.0, 760.0], [0.0, 480.0], [180.0, 480.0]], [[659.8431659406292, 260.0], [379.8431659406292, 260.0], [519.8431659406292, 120.0], [659.8431659406292, 260.0]], [[359.8431659406292, 380.0], [179.8431659406292, 380.0], [359.8431659406292, 100.0], [359.8431659406292, 380.0]], [[379.8431659406292, 260.0], [659.8431659406292, 260.0], [659.8431659406292, 540.0], [379.8431659406292, 540.0], [379.8431659406292, 260.0]], [[179.8431659406292, 380.0], [379.8431659406292, 460.0], [379.8431659406292, 560.0], [179.8431659406292, 560.0], [179.8431659406292, 380.0]], [[200.0, 0.0], [300.0, 0.0], [300.0, 180.0], [200.0, 180.0], [200.0, 0.0]], [[359.8431659406292, 280.0], [359.8431659406292, 0.0], [639.8431659406292, 0.0], [359.8431659406292, 280.0]], [[659.8431659406293, 560.0], [659.8431659406293, 760.0], [459.8431659406293, 760.0], [379.8431659406293, 560.0], [659.8431659406293, 560.0]], [[0.0, 480.0], [80.0, 320.0], [160.0, 480.0], [0.0, 480.0]], [[7.421582970314631, 195.57985652053947], [287.4215829703146, 195.57985652053947], [147.42158297031463, 435.57985652053947], [7.421582970314631, 195.57985652053947]]]"
Thu Jul 23 02:24:41 2020,2,3,True,666.4415976000356,0.8552887485605078,"[0, 0, 1, 2, 1, 0, 3, 1, 0, 2, 3, 3]","[[[0.0, 360.0], [200.0, 360.0], [200.0, 560.0], [0.0, 560.0], [0.0, 360.0]], [[0.0, 560.0], [200.0, 560.0], [200.0, 760.0], [0.0, 760.0], [0.0, 560.0]], [[666.4415976000356, 480.0], [666.4415976000356, 760.0], [486.4415976000356, 760.0], [486.4415976000356, 480.0], [666.4415976000356, 480.0]], [[660.0, 279.99999999999994], [380.0, 279.99999999999994], [520.0, 139.99999999999994], [660.0, 279.99999999999994]], [[200.0, 420.0], [380.0, 420.0], [200.0, 700.0], [200.0, 420.0]], [[0.0, 0.0], [280.0, 0.0], [280.0, 280.0], [0.0, 280.0], [0.0, 0.0]], [[460.0, 479.99999999999994], [540.0, 279.99999999999994], [640.0, 279.99999999999994], [640.0, 479.99999999999994], [460.0, 479.99999999999994]], [[500.0, 279.99999999999994], [500.0, 379.99999999999994], [320.0, 379.99999999999994], [320.0, 279.99999999999994], [500.0, 279.99999999999994]], [[380.0, 0.0], [660.0, 0.0], [660.0, 280.0], [380.0, 0.0]], [[488.57142857142856, 760.0], [288.57142857142856, 760.0], [288.57142857142856, 560.0], [488.57142857142856, 480.0], [488.57142857142856, 760.0]], [[320.0, 420.0], [160.0, 340.0], [320.0, 260.0], [320.0, 420.0]], [[279.99999999999994, 280.0], [279.99999999999994, 0.0], [520.0, 140.0], [279.99999999999994, 280.0]]]"
Thu Jul 23 02:26:23 2020,2,5,True,673.1060135760359,0.8468205431292157,"[0, 0, 1, 2, 1, 0, 3, 1, 3, 1, 0, 1]","[[[0.0, 2.793167573418714], [200.0, 2.793167573418714], [200.0, 202.7931675734187], [0.0, 202.7931675734187], [0.0, 2.793167573418714]], [[396.95573569315525, 560.0], [596.9557356931552, 560.0], [596.9557356931552, 760.0], [396.95573569315525, 760.0], [396.95573569315525, 560.0]], [[673.1060135760359, 280.0], [673.1060135760359, 560.0], [493.10601357603593, 560.0], [493.10601357603593, 280.0], [673.1060135760359, 280.0]], [[355.55555555555554, 560.0], [75.55555555555554, 560.0], [215.55555555555554, 420.0], [355.55555555555554, 560.0]], [[200.0, 0.0], [380.0, 0.0], [200.0, 280.0], [200.0, 0.0]], [[389.8506775686642, 0.0], [669.8506775686642, 0.0], [669.8506775686642, 280.0], [389.8506775686642, 280.0], [389.8506775686642, 0.0]], [[209.85067756866422, 340.2322793376335], [289.8506775686642, 140.23227933763349], [389.8506775686642, 140.23227933763349], [389.8506775686642, 340.2322793376335], [209.85067756866422, 340.2322793376335]], [[180.0, 202.7931675734187], [180.0, 302.7931675734187], [0.0, 302.7931675734187], [0.0, 202.7931675734187], [180.0, 202.7931675734187]], [[0.0, 635.5555555555555], [0.0, 355.55555555555554], [280.0, 355.55555555555554], [0.0, 635.5555555555555]], [[396.9557356931552, 560.0], [396.9557356931552, 760.0], [196.9557356931552, 760.0], [116.95573569315519, 560.0], [396.9557356931552, 560.0]], [[22.857142857142847, 760.0], [102.85714285714285, 600.0], [182.85714285714283, 760.0], [22.857142857142847, 760.0]], [[493.10601357603593, 280.0], [493.10601357603593, 560.0], [253.10601357603593, 420.0], [493.10601357603593, 280.0]]]"
Thu Jul 23 02:26:34 2020,2,1,True,679.8370737117963,0.8384361813160552,"[0, 0, 1, 2, 3, 0, 0, 0, 3, 1, 0, 0]","[[[479.8370737117963, 0.0], [679.8370737117963, 0.0], [679.8370737117963, 200.0], [479.8370737117963, 200.0], [479.8370737117963, 0.0]], [[0.0, 0.0], [200.0, 0.0], [200.0, 200.0], [0.0, 200.0], [0.0, 0.0]], [[679.8370737117963, 480.0], [679.8370737117963, 760.0], [499.8370737117963, 760.0], [499.8370737117963, 480.0], [679.8370737117963, 480.0]], [[380.0, 560.0], [100.0, 560.0], [240.0, 420.0], [380.0, 560.0]], [[646.1817730329944, 480.0], [466.18177303299444, 480.0], [646.1817730329944, 200.0], [646.1817730329944, 480.0]], [[199.83707371179628, 0.0], [479.8370737117963, 0.0], [479.8370737117963, 280.0], [199.83707371179628, 280.0], [199.83707371179628, 0.0]], [[0.0, 200.0], [200.0, 280.0], [200.0, 380.0], [0.0, 380.0], [0.0, 200.0]], [[380.0, 488.57142857142867], [480.0, 488.57142857142867], [480.0, 668.5714285714287], [380.0, 668.5714285714287], [380.0, 488.57142857142867]], [[0.0, 660.0], [0.0, 380.0], [280.0, 380.0], [0.0, 660.0]], [[380.0, 560.0], [380.0, 760.0], [180.0, 760.0], [100.0, 560.0], [380.0, 560.0]], [[0.0, 744.5455674175139], [80.0, 584.5455674175139], [160.0, 744.5455674175139], [0.0, 744.5455674175139]], [[221.66666666666669, 280.0], [501.6666666666667, 280.0], [361.6666666666667, 520.0], [221.66666666666669, 280.0]]]"
Thu Jul 23 02:26:54 2020,2,1,True,686.6354444489142,0.8301348329861933,"[0, 0, 1, 0, 0, 0, 2, 0, 0, 1, 0, 3]","[[[6.6354444489142, 0.0], [206.6354444489142, 0.0], [206.6354444489142, 200.0], [6.6354444489142, 200.0], [6.6354444489142, 0.0]], [[486.6354444489142, 180.0], [686.6354444489142, 180.0], [686.6354444489142, 380.0], [486.6354444489142, 380.0], [486.6354444489142, 180.0]], [[180.0, 480.0], [180.0, 760.0], [0.0, 760.0], [0.0, 480.0], [180.0, 480.0]], [[191.16054628921916, 280.0], [471.16054628921916, 280.0], [331.16054628921916, 420.0], [191.16054628921916, 280.0]], [[180.0, 744.9589193066886], [180.0, 564.9589193066886], [460.0, 744.9589193066886], [180.0, 744.9589193066886]], [[206.6354444489142, 0.0], [486.6354444489142, 0.0], [486.6354444489142, 280.0], [206.6354444489142, 280.0], [206.6354444489142, 0.0]], [[686.6354444489142, 180.0], [486.6354444489142, 100.0], [486.6354444489142, 0.0], [686.6354444489142, 0.0], [686.6354444489142, 180.0]], [[586.6354444489142, 380.0], [686.6354444489142, 380.0], [686.6354444489142, 560.0], [586.6354444489142, 560.0], [586.6354444489142, 380.0]], [[120.0, 420.0], [400.0, 420.0], [400.0, 700.0], [120.0, 420.0]], [[686.6354444489142, 560.0], [686.6354444489142, 760.0], [486.6354444489142, 760.0], [406.6354444489142, 560.0], [686.6354444489142, 560.0]], [[400.0, 526.7291111021716], [480.0, 366.7291111021716], [560.0, 526.7291111021716], [400.0, 526.7291111021716]], [[0.0, 476.1293240714667], [0.0, 196.12932407146673], [240.0, 336.1293240714667], [0.0, 476.1293240714667]]]"
Thu Jul 23 02:27:31 2020,2,1,True,693.5017988934034,0.8219156762239538,"[0, 0, 1, 2, 2, 0, 1, 1, 1, 3, 3, 3]","[[[0.0, 479.99999999999886], [200.0, 479.99999999999886], [200.0, 679.9999999999989], [0.0, 679.9999999999989], [0.0, 479.99999999999886]], [[420.92307692307713, 380.0], [620.9230769230771, 380.0], [620.9230769230771, 580.0], [420.92307692307713, 580.0], [420.92307692307713, 380.0]], [[180.0, 0.0], [180.0, 280.0], [0.0, 280.0], [0.0, 0.0], [180.0, 0.0]], [[580.0, 760.0], [300.0, 760.0], [440.0, 620.0], [580.0, 760.0]], [[657.7777777777778, 580.0], [657.7777777777778, 760.0], [377.7777777777778, 580.0], [657.7777777777778, 580.0]], [[180.0, 0.0], [460.0, 0.0], [460.0, 280.0], [180.0, 280.0], [180.0, 0.0]], [[640.0, 0.0], [560.0, 200.0], [460.0, 200.0], [460.0, 0.0], [640.0, 0.0]], [[420.0, 280.0], [420.0, 380.0], [240.0, 380.0], [240.0, 280.0], [420.0, 280.0]], [[693.5017988934034, 100.0], [693.5017988934034, 380.0], [413.50179889340336, 380.0], [693.5017988934034, 100.0]], [[0.0, 479.99999999999886], [0.0, 279.99999999999886], [200.0, 279.99999999999886], [280.0, 479.99999999999886], [0.0, 479.99999999999886]], [[420.92307692307713, 580.0], [260.92307692307713, 500.0], [420.92307692307713, 420.0], [420.92307692307713, 580.0]], [[199.9999999999984, 759.9999999999989], [199.9999999999984, 479.99999999999886], [439.9999999999984, 619.9999999999989], [199.9999999999984, 759.9999999999989]]]"
Thu Jul 23 02:27:32 2020,2,0,True,665.7617269376672,0.8561621627332852,"[0, 0, 1, 2, 2, 0, 1, 0, 1, 3, 3, 3]","[[[0.0, 479.99999999999886], [200.0, 479.99999999999886], [200.0, 679.9999999999989], [0.0, 679.9999999999989], [0.0, 479.99999999999886]], [[452.0, 380.0], [652.0, 380.0], [652.0, 580.0], [452.0, 580.0], [452.0, 380.0]], [[180.0, 0.0], [180.0, 280.0], [0.0, 280.0], [0.0, 0.0], [180.0, 0.0]], [[580.0, 760.0], [300.0, 760.0], [440.0, 620.0], [580.0, 760.0]], [[657.7777777777778, 580.0], [657.7777777777778, 760.0], [377.7777777777778, 580.0], [657.7777777777778, 580.0]], [[180.0, 0.0], [460.0, 0.0], [460.0, 280.0], [180.0, 280.0], [180.0, 0.0]], [[640.0, 0.0], [560.0, 200.0], [460.0, 200.0], [460.0, 0.0], [640.0, 0.0]], [[272.0, 280.0], [372.0, 280.0], [372.0, 460.0], [272.0, 460.0], [272.0, 280.0]], [[665.7617269376672, 100.0], [665.7617269376672, 380.0], [385.76172693766716, 380.0], [665.7617269376672, 100.0]], [[0.0, 479.99999999999886], [0.0, 279.99999999999886], [200.0, 279.99999999999886], [280.0, 479.99999999999886], [0.0, 479.99999999999886]], [[452.0, 580.0], [292.0, 500.0], [452.0, 420.0], [452.0, 580.0]], [[199.9999999999984, 759.9999999999989], [199.9999999999984, 479.99999999999886], [439.9999999999984, 619.9999999999989], [199.9999999999984, 759.9999999999989]]]"
Thu Jul 23 02:27:56 2020,2,1,True,672.4193442070439,0.847685309636916,"[0, 0, 0, 1, 1, 0, 2, 0, 2, 2, 0, 0]","[[[372.4193442070439, 0.0], [572.4193442070439, 0.0], [572.4193442070439, 200.0], [372.4193442070439, 200.0], [372.4193442070439, 0.0]], [[172.41934420704388, 11.792131233487225], [372.4193442070439, 11.792131233487225], [372.4193442070439, 211.79213123348723], [172.41934420704388, 211.79213123348723], [172.41934420704388, 11.792131233487225]], [[0.0, 299.99999999999886], [280.0, 299.99999999999886], [280.0, 479.99999999999886], [0.0, 479.99999999999886], [0.0, 299.99999999999886]], [[450.16877055984503, 370.1687705598439], [450.16877055984503, 650.1687705598439], [310.16877055984503, 510.1687705598439], [450.16877055984503, 370.1687705598439]], [[0.0, 0.0], [180.0, 0.0], [0.0, 280.0], [0.0, 0.0]], [[0.0, 479.99999999999886], [280.0, 479.99999999999886], [280.0, 759.9999999999989], [0.0, 759.9999999999989], [0.0, 479.99999999999886]], [[650.168770559845, 687.203557954012], [450.16877055984503, 607.203557954012], [450.16877055984503, 507.203557954012], [650.168770559845, 507.203557954012], [650.168770559845, 687.203557954012]], [[572.4193442070439, 47.20355795401201], [672.4193442070439, 47.20355795401201], [672.4193442070439, 227.203557954012], [572.4193442070439, 227.203557954012], [572.4193442070439, 47.20355795401201]], [[560.0, 759.9999999999989], [280.0, 759.9999999999989], [280.0, 479.99999999999886], [560.0, 759.9999999999989]], [[652.8887442992288, 507.203557954012], [452.88874429922885, 507.203557954012], [452.88874429922885, 307.203557954012], [652.8887442992288, 227.203557954012], [652.8887442992288, 507.203557954012]], [[22.857142857142833, 299.99999999999886], [102.85714285714283, 139.99999999999886], [182.85714285714283, 299.99999999999886], [22.857142857142833, 299.99999999999886]], [[228.54540988620158, 211.79213123348723], [508.5454098862016, 211.79213123348723], [368.5454098862016, 451.7921312334872], [228.54540988620158, 211.79213123348723]]]"
Thu Jul 23 02:28:04 2020,2,0,True,645.522570438762,0.8830055308717876,"[0, 0, 0, 1, 1, 0, 3, 1, 2, 2, 2, 0]","[[[415.7142857142858, 0.0], [615.7142857142858, 0.0], [615.7142857142858, 200.0], [415.7142857142858, 200.0], [415.7142857142858, 0.0]], [[215.71428571428578, 0.0], [415.7142857142858, 0.0], [415.7142857142858, 200.0], [215.71428571428578, 200.0], [215.71428571428578, 0.0]], [[0.0, 299.99999999999886], [280.0, 299.99999999999886], [280.0, 479.99999999999886], [0.0, 479.99999999999886], [0.0, 299.99999999999886]], [[445.52257043876205, 365.5225704387609], [445.52257043876205, 645.5225704387609], [305.52257043876205, 505.5225704387609], [445.52257043876205, 365.5225704387609]], [[0.0, 0.0], [180.0, 0.0], [0.0, 280.0], [0.0, 0.0]], [[0.0, 479.99999999999886], [280.0, 479.99999999999886], [280.0, 759.9999999999989], [0.0, 759.9999999999989], [0.0, 479.99999999999886]], [[35.71428571428575, 299.99999999999886], [115.71428571428575, 99.99999999999886], [215.71428571428575, 99.99999999999886], [215.71428571428575, 299.99999999999886], [35.71428571428575, 299.99999999999886]], [[625.522570438762, 496.24702210497867], [625.522570438762, 596.2470221049787], [445.52257043876205, 596.2470221049787], [445.52257043876205, 496.24702210497867], [625.522570438762, 496.24702210497867]], [[560.0, 759.9999999999989], [280.0, 759.9999999999989], [280.0, 479.99999999999886], [560.0, 759.9999999999989]], [[645.522570438762, 496.24702210497867], [445.52257043876205, 496.24702210497867], [445.52257043876205, 296.24702210497867], [645.522570438762, 216.24702210497867], [645.522570438762, 496.24702210497867]], [[636.2470221049798, 596.2470221049787], [556.2470221049798, 756.2470221049787], [476.2470221049798, 596.2470221049787], [636.2470221049798, 596.2470221049787]], [[221.66666666666623, 200.0], [501.66666666666623, 200.0], [361.66666666666623, 440.0], [221.66666666666623, 200.0]]]"
Thu Jul 23 02:30:41 2020,2,5,False,651.9777961431497,0.8742629018532551,"[0, 0, 1, 2, 0, 0, 2, 1, 3, 0, 1, 1]","[[[171.9777961431497, 480.0], [371.9777961431497, 480.0], [371.9777961431497, 680.0], [171.9777961431497, 680.0], [171.9777961431497, 480.0]], [[0.0, 280.0], [200.0, 280.0], [200.0, 480.0], [0.0, 480.0], [0.0, 280.0]], [[180.0, 480.0], [180.0, 760.0], [0.0, 760.0], [0.0, 480.0], [180.0, 480.0]], [[651.4285714285713, 140.0], [371.42857142857133, 140.0], [511.42857142857133, 0.0], [651.4285714285713, 140.0]], [[371.9777961431497, 660.0], [371.9777961431497, 480.0], [651.9777961431497, 660.0], [371.9777961431497, 660.0]], [[371.42857142857133, 140.0], [651.4285714285713, 140.0], [651.4285714285713, 420.0], [371.42857142857133, 420.0], [371.42857142857133, 140.0]], [[634.2000183653719, 600.0], [434.2000183653719, 520.0], [434.2000183653719, 420.0], [634.2000183653719, 420.0], [634.2000183653719, 600.0]], [[551.9777961431497, 660.0], [551.9777961431497, 760.0], [371.9777961431497, 760.0], [371.9777961431497, 660.0], [551.9777961431497, 660.0]], [[200.0, 280.0], [200.0, 0.0], [480.0, 0.0], [200.0, 280.0]], [[0.0, 0.0], [200.0, 0.0], [200.0, 200.0], [0.0, 280.0], [0.0, 0.0]], [[200.0, 303.3333333333333], [360.0, 383.3333333333333], [200.0, 463.3333333333333], [200.0, 303.3333333333333]], [[434.2000183653719, 143.3833226201998], [434.2000183653719, 423.3833226201998], [194.20001836537188, 283.3833226201998], [434.2000183653719, 143.3833226201998]]]"
Thu Jul 23 02:31:16 2020,2,1,True,658.4975741045812,0.8656068335180742,"[0, 0, 1, 2, 0, 0, 1, 0, 0, 0, 1, 1]","[[[425.89868429742364, 0.0], [625.8986842974236, 0.0], [625.8986842974236, 200.0], [425.89868429742364, 200.0], [425.89868429742364, 0.0]], [[270.70113208452875, 556.752830211322], [470.70113208452875, 556.752830211322], [470.70113208452875, 756.752830211322], [270.70113208452875, 756.752830211322], [270.70113208452875, 556.752830211322]], [[650.7011320845288, 480.0], [650.7011320845288, 760.0], [470.7011320845288, 760.0], [470.7011320845288, 480.0], [650.7011320845288, 480.0]], [[280.0, 556.752830211322], [0.0, 556.752830211322], [140.0, 416.752830211322], [280.0, 556.752830211322]], [[0.0, 180.0], [0.0, 0.0], [280.0, 180.0], [0.0, 180.0]], [[378.4975741045812, 200.0], [658.4975741045812, 200.0], [658.4975741045812, 480.0], [378.4975741045812, 480.0], [378.4975741045812, 200.0]], [[180.0, 556.752830211322], [100.0, 756.752830211322], [0.0, 756.752830211322], [0.0, 556.752830211322], [180.0, 556.752830211322]], [[170.70113208452875, 580.0], [270.70113208452875, 580.0], [270.70113208452875, 760.0], [170.70113208452875, 760.0], [170.70113208452875, 580.0]], [[100.0, 0.0], [380.0, 0.0], [380.0, 280.0], [100.0, 0.0]], [[0.0, 180.0], [200.0, 180.0], [200.0, 380.0], [0.0, 460.0], [0.0, 180.0]], [[200.0, 181.5024258954188], [360.0, 261.5024258954188], [200.0, 341.5024258954188], [200.0, 181.5024258954188]], [[378.4975741045812, 275.87641510566107], [378.4975741045812, 555.8764151056611], [138.4975741045812, 415.87641510566107], [378.4975741045812, 275.87641510566107]]]"
Thu Jul 23 02:31:31 2020,2,1,True,665.082549845627,0.8570364688297765,"[0, 0, 0, 3, 3, 0, 1, 1, 0, 1, 0, 2]","[[[0.0, 260.0], [200.0, 260.0], [200.0, 460.0], [0.0, 460.0], [0.0, 260.0]], [[0.0, 460.0], [200.0, 460.0], [200.0, 660.0], [0.0, 660.0], [0.0, 460.0]], [[360.0, 0.0], [640.0, 0.0], [640.0, 180.0], [360.0, 180.0], [360.0, 0.0]], [[200.0, 480.0], [200.0, 200.0], [340.0, 340.0], [200.0, 480.0]], [[380.0, 557.7777777777778], [200.0, 557.7777777777778], [380.0, 277.7777777777778], [380.0, 557.7777777777778]], [[380.0, 180.0], [660.0, 180.0], [660.0, 460.0], [380.0, 460.0], [380.0, 180.0]], [[380.0, 557.7777777777778], [300.0, 757.7777777777778], [200.0, 757.7777777777778], [200.0, 557.7777777777778], [380.0, 557.7777777777778]], [[180.0, 660.0], [180.0, 760.0], [0.0, 760.0], [0.0, 660.0], [180.0, 660.0]], [[380.0, 460.0], [660.0, 460.0], [660.0, 740.0], [380.0, 460.0]], [[360.0, 0.0], [360.0, 200.0], [160.0, 200.0], [80.0, 0.0], [360.0, 0.0]], [[0.0, 200.0], [80.0, 40.0], [160.0, 200.0], [0.0, 200.0]], [[578.7037037037037, 760.0], [298.7037037037037, 760.0], [438.7037037037037, 520.0], [578.7037037037037, 760.0]]]"
Thu Jul 23 02:32:39 2020,2,3,True,671.7333753440832,0.8485509592374025,"[0, 0, 1, 1, 1, 0, 3, 1, 0, 2, 1, 3]","[[[0.0, 559.6803007436122], [200.0, 559.6803007436122], [200.0, 759.6803007436122], [0.0, 759.6803007436122], [0.0, 559.6803007436122]], [[257.63479522056014, 560.0], [457.63479522056014, 560.0], [457.63479522056014, 760.0], [257.63479522056014, 760.0], [257.63479522056014, 560.0]], [[480.3196992563878, 0.0], [480.3196992563878, 280.0], [300.3196992563878, 280.0], [300.3196992563878, 0.0], [480.3196992563878, 0.0]], [[667.2916116108793, 53.028087645508435], [667.2916116108793, 333.02808764550844], [527.2916116108793, 193.02808764550844], [667.2916116108793, 53.028087645508435]], [[480.0, 325.73647603462916], [660.0, 325.73647603462916], [480.0, 605.7364760346292], [480.0, 325.73647603462916]], [[200.0, 279.6803007436122], [480.0, 279.6803007436122], [480.0, 559.6803007436122], [200.0, 559.6803007436122], [200.0, 279.6803007436122]], [[491.73337534408324, 663.0401143882775], [571.7333753440832, 463.0401143882775], [671.7333753440832, 463.0401143882775], [671.7333753440832, 663.0401143882775], [491.73337534408324, 663.0401143882775]], [[637.6347952205601, 658.9268268107448], [637.6347952205601, 758.9268268107448], [457.63479522056014, 758.9268268107448], [457.63479522056014, 658.9268268107448], [637.6347952205601, 658.9268268107448]], [[20.31969925638782, 0.0], [300.3196992563878, 0.0], [300.3196992563878, 280.0], [20.31969925638782, 0.0]], [[200.0, 559.6803007436122], [0.0, 559.6803007436122], [0.0, 359.6803007436122], [200.0, 279.6803007436122], [200.0, 559.6803007436122]], [[480.3196992563878, 0.0], [640.3196992563878, 80.0], [480.3196992563878, 160.0], [480.3196992563878, 0.0]], [[0.0, 359.6803007436122], [0.0, 79.68030074361218], [240.0, 219.68030074361218], [0.0, 359.6803007436122]]]"
Thu Jul 23 02:34:16 2020,2,5,False,678.450709097524,0.8401494645914878,"[0, 0, 0, 1, 0, 0, 2, 0, 2, 3, 0, 0]","[[[478.45070909752405, 200.0], [678.450709097524, 200.0], [678.450709097524, 400.0], [478.45070909752405, 400.0], [478.45070909752405, 200.0]], [[280.0, 200.0], [480.0, 200.0], [480.0, 400.0], [280.0, 400.0], [280.0, 200.0]], [[330.0, 0.0], [610.0, 0.0], [610.0, 180.0], [330.0, 180.0], [330.0, 0.0]], [[678.450709097524, 480.0], [678.450709097524, 760.0], [538.450709097524, 620.0], [678.450709097524, 480.0]], [[398.45070909752405, 760.0], [398.45070909752405, 580.0], [678.450709097524, 760.0], [398.45070909752405, 760.0]], [[0.0, 160.0], [280.0, 160.0], [280.0, 440.0], [0.0, 440.0], [0.0, 160.0]], [[330.0, 180.0], [130.0, 100.0], [130.0, 0.0], [330.0, 0.0], [330.0, 180.0]], [[140.0, 440.0], [240.0, 440.0], [240.0, 620.0], [140.0, 620.0], [140.0, 440.0]], [[280.0, 760.0], [0.0, 760.0], [0.0, 480.0], [280.0, 760.0]], [[330.0, 200.0], [330.0, 0.0], [530.0, 0.0], [610.0, 200.0], [330.0, 200.0]], [[0.0, 160.0], [80.0, 0.0], [160.0, 160.0], [0.0, 160.0]], [[387.6877954573017, 400.0], [667.6877954573017, 400.0], [527.6877954573017, 640.0], [387.6877954573017, 400.0]]]"
Thu Jul 23 02:34:46 2020,2,1,True,685.2352161884993,0.831831153060879,"[0, 0, 0, 2, 3, 0, 1, 0, 1, 0, 2, 3]","[[[200.0, 0.0], [400.0, 0.0], [400.0, 200.0], [200.0, 200.0], [200.0, 0.0]], [[0.0, 0.0], [200.0, 0.0], [200.0, 200.0], [0.0, 200.0], [0.0, 0.0]], [[405.2352161884993, 0.0], [685.2352161884993, 0.0], [685.2352161884993, 180.0], [405.2352161884993, 180.0], [405.2352161884993, 0.0]], [[628.5714285714284, 760.0], [348.57142857142844, 760.0], [488.57142857142844, 620.0], [628.5714285714284, 760.0]], [[228.57142857142856, 760.0], [48.571428571428555, 760.0], [228.57142857142856, 480.0], [228.57142857142856, 760.0]], [[0.0, 200.0], [280.0, 200.0], [280.0, 480.0], [0.0, 480.0], [0.0, 200.0]], [[180.0, 480.0], [100.0, 680.0], [0.0, 680.0], [0.0, 480.0], [180.0, 480.0]], [[585.2352161884993, 536.6637876170709], [685.2352161884993, 536.6637876170709], [685.2352161884993, 716.6637876170709], [585.2352161884993, 716.6637876170709], [585.2352161884993, 536.6637876170709]], [[685.2352161884993, 179.9999999999999], [685.2352161884993, 459.9999999999999], [405.2352161884993, 459.9999999999999], [685.2352161884993, 179.9999999999999]], [[228.57142857142856, 480.0], [428.57142857142856, 480.0], [428.57142857142856, 680.0], [228.57142857142856, 760.0], [228.57142857142856, 480.0]], [[578.5714285714284, 459.9999999999999], [498.5714285714285, 619.9999999999999], [418.5714285714285, 459.9999999999999], [578.5714285714284, 459.9999999999999]], [[280.0, 480.0], [280.0, 200.0], [520.0, 340.0], [280.0, 480.0]]]"
Thu Jul 23 02:34:58 2020,2,0,True,657.8258075409593,0.8664907844384155,"[0, 0, 1, 1, 1, 0, 1, 0, 0, 0, 0, 3]","[[[357.8258075409593, 560.0], [557.8258075409593, 560.0], [557.8258075409593, 760.0], [357.8258075409593, 760.0], [357.8258075409593, 560.0]], [[0.0, 0.0], [200.0, 0.0], [200.0, 200.0], [0.0, 200.0], [0.0, 0.0]], [[180.0, 480.0], [180.0, 760.0], [0.0, 760.0], [0.0, 480.0], [180.0, 480.0]], [[377.8258075409593, 81.15985493628557], [377.8258075409593, 361.15985493628557], [237.82580754095932, 221.15985493628557], [377.8258075409593, 81.15985493628557]], [[199.99999999999997, 0.0], [380.0, 0.0], [199.99999999999997, 280.0], [199.99999999999997, 0.0]], [[377.8258075409593, 3.382077158507741], [657.8258075409593, 3.382077158507741], [657.8258075409593, 283.38207715850774], [377.8258075409593, 283.38207715850774], [377.8258075409593, 3.382077158507741]], [[360.0, 543.584097360528], [280.0, 743.584097360528], [180.0, 743.584097360528], [180.0, 543.584097360528], [360.0, 543.584097360528]], [[557.8258075409593, 563.3820771585077], [657.8258075409593, 563.3820771585077], [657.8258075409593, 743.3820771585077], [557.8258075409593, 743.3820771585077], [557.8258075409593, 563.3820771585077]], [[377.8258075409593, 283.38207715850774], [657.8258075409593, 283.38207715850774], [657.8258075409593, 563.3820771585077], [377.8258075409593, 283.38207715850774]], [[0.0, 200.0], [200.0, 200.0], [200.0, 400.0], [0.0, 480.0], [0.0, 200.0]], [[393.7797619047618, 560.0], [473.7797619047618, 400.0], [553.7797619047618, 560.0], [393.7797619047618, 560.0]], [[210.553080268232, 543.584097360528], [210.553080268232, 263.58409736052795], [450.553080268232, 403.58409736052795], [210.553080268232, 543.584097360528]]]"
Thu Jul 23 02:35:43 2020,2,1,True,664.4040656163689,0.8579116677608074,"[0, 0, 1, 2, 2, 0, 3, 1, 3, 2, 3, 3]","[[[464.40406561636894, 560.0], [664.4040656163689, 560.0], [664.4040656163689, 760.0], [464.40406561636894, 760.0], [464.40406561636894, 560.0]], [[464.40406561636894, 260.0], [664.4040656163689, 260.0], [664.4040656163689, 460.0], [464.40406561636894, 460.0], [464.40406561636894, 260.0]], [[180.0, 460.0], [180.0, 740.0], [0.0, 740.0], [0.0, 460.0], [180.0, 460.0]], [[410.76429505711815, 460.0], [130.76429505711815, 460.0], [270.76429505711815, 320.0], [410.76429505711815, 460.0]], [[664.4040656163689, 17.781175696261926], [664.4040656163689, 197.78117569626193], [384.40406561636894, 17.781175696261926], [664.4040656163689, 17.781175696261926]], [[180.0, 460.0], [460.0, 460.0], [460.0, 740.0], [180.0, 740.0], [180.0, 460.0]], [[0.0, 400.0], [80.0, 200.0], [180.0, 200.0], [180.0, 400.0], [0.0, 400.0]], [[640.0, 460.0], [640.0, 560.0], [460.0, 560.0], [460.0, 460.0], [640.0, 460.0]], [[0.0, 280.0], [0.0, 0.0], [280.0, 0.0], [0.0, 280.0]], [[380.0, 300.0], [180.0, 300.0], [180.0, 100.0], [380.0, 20.0], [380.0, 300.0]], [[464.40406561636894, 433.6397705592508], [304.40406561636894, 353.6397705592508], [464.40406561636894, 273.6397705592508], [464.40406561636894, 433.6397705592508]], [[380.0, 309.2357049428819], [380.0, 29.23570494288191], [620.0, 169.2357049428819], [380.0, 309.2357049428819]]]"
Thu Jul 23 02:36:15 2020,2,1,True,671.0481062725327,0.8494174928324826,"[0, 0, 1, 3, 2, 0, 0, 1, 1, 0, 2, 1]","[[[0.0, 0.0], [200.0, 0.0], [200.0, 200.0], [0.0, 200.0], [0.0, 0.0]], [[466.35397612209704, 176.9823449032915], [666.353976122097, 176.9823449032915], [666.353976122097, 376.9823449032915], [466.35397612209704, 376.9823449032915], [466.35397612209704, 176.9823449032915]], [[180.0, 480.0], [180.0, 760.0], [0.0, 760.0], [0.0, 480.0], [180.0, 480.0]], [[460.0, 691.0481062725326], [460.0, 411.04810627253255], [600.0, 551.0481062725326], [460.0, 691.0481062725326]], [[671.0481062725327, 0.0], [671.0481062725327, 180.0], [391.04810627253266, 0.0], [671.0481062725327, 0.0]], [[180.0, 411.04810627253255], [460.0, 411.04810627253255], [460.0, 691.0481062725326], [180.0, 691.0481062725326], [180.0, 411.04810627253255]], [[200.0, 231.04810627253255], [400.0, 311.04810627253255], [400.0, 411.04810627253255], [200.0, 411.04810627253255], [200.0, 231.04810627253255]], [[380.0, 0.0], [380.0, 100.0], [200.0, 100.0], [200.0, 0.0], [380.0, 0.0]], [[671.0481062725327, 480.0], [671.0481062725327, 760.0], [391.04810627253266, 760.0], [671.0481062725327, 480.0]], [[0.0, 200.0], [200.0, 200.0], [200.0, 400.0], [0.0, 480.0], [0.0, 200.0]], [[665.934238630759, 376.9823449032915], [585.934238630759, 536.9823449032915], [505.93423863075895, 376.9823449032915], [665.934238630759, 376.9823449032915]], [[466.35397612209704, 69.7545923437558], [466.35397612209704, 349.7545923437558], [226.35397612209704, 209.7545923437558], [466.35397612209704, 69.7545923437558]]]"
Thu Jul 23 02:36:32 2020,2,1,True,677.758587335258,0.8410074186460224,"[0, 0, 0, 3, 3, 0, 0, 1, 0, 3, 0, 2]","[[[0.0, 380.0], [200.0, 380.0], [200.0, 580.0], [0.0, 580.0], [0.0, 380.0]], [[477.75858733525797, 100.0], [677.758587335258, 100.0], [677.758587335258, 300.0], [477.75858733525797, 300.0], [477.75858733525797, 100.0]], [[0.0, 200.0], [280.0, 200.0], [280.0, 380.0], [0.0, 380.0], [0.0, 200.0]], [[480.0, 709.8466914104014], [480.0, 429.8466914104014], [620.0, 569.8466914104014], [480.0, 709.8466914104014]], [[677.758587335258, 760.0], [497.75858733525797, 760.0], [677.758587335258, 480.0], [677.758587335258, 760.0]], [[200.0, 430.7015107734002], [480.0, 430.7015107734002], [480.0, 710.7015107734002], [200.0, 710.7015107734002], [200.0, 430.7015107734002]], [[0.0, 580.0], [200.0, 660.0], [200.0, 760.0], [0.0, 760.0], [0.0, 580.0]], [[657.758587335258, 0.0], [657.758587335258, 100.0], [477.75858733525797, 100.0], [477.75858733525797, 0.0], [657.758587335258, 0.0]], [[197.75858733525797, 0.0], [477.75858733525797, 0.0], [477.75858733525797, 280.0], [197.75858733525797, 0.0]], [[0.0, 200.0], [0.0, 0.0], [200.0, 0.0], [280.0, 200.0], [0.0, 200.0]], [[512.5916718601051, 462.43836327050644], [592.5916718601051, 302.43836327050644], [672.5916718601051, 462.43836327050644], [512.5916718601051, 462.43836327050644]], [[528.4600981086581, 430.7015107734002], [248.46009810865814, 430.7015107734002], [388.46009810865814, 190.70151077340017], [528.4600981086581, 430.7015107734002]]]"
Thu Jul 23 02:36:57 2020,2,1,True,684.5361732086105,0.8326806125208142,"[0, 0, 1, 2, 1, 0, 2, 1, 0, 0, 2, 2]","[[[0.0, 200.0], [200.0, 200.0], [200.0, 400.0], [0.0, 400.0], [0.0, 200.0]], [[450.6482438418476, 560.0], [650.6482438418476, 560.0], [650.6482438418476, 760.0], [450.6482438418476, 760.0], [450.6482438418476, 560.0]], [[660.0, 280.0], [660.0, 560.0], [480.0, 560.0], [480.0, 280.0], [660.0, 280.0]], [[300.0, 760.0], [20.0, 760.0], [160.0, 620.0], [300.0, 760.0]], [[280.0, 0.0], [460.0, 0.0], [280.0, 280.0], [280.0, 0.0]], [[200.0, 280.0], [480.0, 280.0], [480.0, 560.0], [200.0, 560.0], [200.0, 280.0]], [[400.0, 740.0], [200.0, 660.0], [200.0, 560.0], [400.0, 560.0], [400.0, 740.0]], [[649.2857142857142, 0.0], [649.2857142857142, 100.0], [469.2857142857142, 100.0], [469.2857142857142, 0.0], [649.2857142857142, 0.0]], [[0.0, 0.0], [280.0, 0.0], [280.0, 280.0], [0.0, 0.0]], [[0.0, 404.0], [200.0, 404.0], [200.0, 604.0], [0.0, 684.0], [0.0, 404.0]], [[642.6190476190476, 100.0], [562.6190476190476, 260.0], [482.6190476190476, 100.0], [642.6190476190476, 100.0]], [[574.2857142857142, 280.0], [294.2857142857142, 280.0], [434.2857142857142, 40.0], [574.2857142857142, 280.0]]]"
Thu Jul 23 02:36:57 2020,2,0,True,657.1547262802661,0.8673756380425148,"[0, 0, 1, 2, 1, 0, 2, 1, 0, 0, 2, 2]","[[[0.0, 200.0], [200.0, 200.0], [200.0, 400.0], [0.0, 400.0], [0.0, 200.0]], [[450.6482438418476, 560.0], [650.6482438418476, 560.0], [650.6482438418476, 760.0], [450.6482438418476, 760.0], [450.6482438418476, 560.0]], [[657.1547262802661, 280.0], [657.1547262802661, 560.0], [477.1547262802661, 560.0], [477.1547262802661, 280.0], [657.1547262802661, 280.0]], [[300.0, 760.0], [20.0, 760.0], [160.0, 620.0], [300.0, 760.0]], [[279.9999999999999, 0.0], [459.9999999999999, 0.0], [279.9999999999999, 280.0], [279.9999999999999, 0.0]], [[200.0, 280.0], [480.0, 280.0], [480.0, 560.0], [200.0, 560.0], [200.0, 280.0]], [[400.0, 740.0], [200.0, 660.0], [200.0, 560.0], [400.0, 560.0], [400.0, 740.0]], [[649.2857142857142, 0.0], [649.2857142857142, 100.0], [469.2857142857142, 100.0], [469.2857142857142, 0.0], [649.2857142857142, 0.0]], [[0.0, 0.0], [280.0, 0.0], [280.0, 280.0], [0.0, 0.0]], [[0.0, 404.0], [200.0, 404.0], [200.0, 604.0], [0.0, 684.0], [0.0, 404.0]], [[642.6190476190476, 100.0], [562.6190476190476, 260.0], [482.6190476190476, 100.0], [642.6190476190476, 100.0]], [[574.2857142857142, 280.0], [294.2857142857142, 280.0], [434.2857142857142, 40.0], [574.2857142857142, 280.0]]]"
Thu Jul 23 02:38:47 2020,2,5,True,663.7262735430688,0.8587877604381334,"[0, 0, 0, 1, 0, 0, 0, 0, 3, 1, 2, 1]","[[[200.49014133449475, 560.0], [400.49014133449475, 560.0], [400.49014133449475, 760.0], [200.49014133449475, 760.0], [200.49014133449475, 560.0]], [[0.0, 560.0], [200.0, 560.0], [200.0, 760.0], [0.0, 760.0], [0.0, 560.0]], [[0.0, 0.0], [280.0, 0.0], [280.0, 180.0], [0.0, 180.0], [0.0, 0.0]], [[180.0, 280.0], [180.0, 560.0], [40.0, 420.0], [180.0, 280.0]], [[383.7262735430688, 518.0903305214351], [383.7262735430688, 338.09033052143513], [663.7262735430688, 518.0903305214351], [383.7262735430688, 518.0903305214351]], [[283.7262735430687, 0.0], [563.7262735430687, 0.0], [563.7262735430687, 280.0], [283.7262735430687, 280.0], [283.7262735430687, 0.0]], [[180.0, 380.0], [380.0, 460.0], [380.0, 560.0], [180.0, 560.0], [180.0, 380.0]], [[563.7262735430687, 39.49300709987665], [663.7262735430687, 39.49300709987665], [663.7262735430687, 219.49300709987665], [563.7262735430687, 219.49300709987665], [563.7262735430687, 39.49300709987665]], [[0.0, 460.0], [0.0, 180.0], [280.0, 180.0], [0.0, 460.0]], [[663.7262735430688, 518.0903305214351], [663.7262735430688, 718.0903305214351], [463.7262735430688, 718.0903305214351], [383.7262735430688, 518.0903305214351], [663.7262735430688, 518.0903305214351]], [[410.0, 280.0], [330.0, 440.0], [250.0, 280.0], [410.0, 280.0]], [[663.7262735430688, 223.80461623572086], [663.7262735430688, 503.80461623572086], [423.7262735430688, 363.80461623572086], [663.7262735430688, 223.80461623572086]]]"
Thu Jul 23 02:39:16 2020,2,1,True,670.3635362784995,0.8502849113248846,"[0, 0, 1, 0, 2, 0, 1, 1, 2, 2, 1, 1]","[[[279.99999999999994, 280.0], [479.99999999999994, 280.0], [479.99999999999994, 480.0], [279.99999999999994, 480.0], [279.99999999999994, 280.0]], [[75.03909448581015, 0.0], [275.03909448581015, 0.0], [275.03909448581015, 200.0], [75.03909448581015, 200.0], [75.03909448581015, 0.0]], [[459.99999999999994, 480.0], [459.99999999999994, 760.0], [279.99999999999994, 760.0], [279.99999999999994, 480.0], [459.99999999999994, 480.0]], [[327.44135827128474, 0.0], [607.4413582712848, 0.0], [467.44135827128474, 140.0], [327.44135827128474, 0.0]], [[280.0, 480.0], [280.0, 660.0], [0.0, 480.0], [280.0, 480.0]], [[0.0, 200.0], [280.0, 200.0], [280.0, 480.0], [0.0, 480.0], [0.0, 200.0]], [[660.0, 295.58333333333337], [580.0, 495.58333333333337], [480.0, 495.58333333333337], [480.0, 295.58333333333337], [660.0, 295.58333333333337]], [[459.99999999999994, 180.0], [459.99999999999994, 280.0], [279.99999999999994, 280.0], [279.99999999999994, 180.0], [459.99999999999994, 180.0]], [[280.0, 760.0], [0.0, 760.0], [0.0, 480.0], [280.0, 760.0]], [[660.0, 743.5833333333334], [460.0, 743.5833333333334], [460.0, 543.5833333333334], [660.0, 463.58333333333337], [660.0, 743.5833333333334]], [[271.6275721808565, 24.186213909571734], [431.6275721808565, 104.18621390957173], [271.6275721808565, 184.18621390957173], [271.6275721808565, 24.186213909571734]], [[670.3635362784995, 21.62872949579139], [670.3635362784995, 301.6287294957914], [430.3635362784995, 161.6287294957914], [670.3635362784995, 21.62872949579139]]]"
Thu Jul 23 02:39:35 2020,2,1,True,677.0671716412845,0.8418662488365194,"[0, 0, 1, 1, 1, 0, 0, 0, 2, 1, 0, 0]","[[[443.5489948273595, 0.0], [643.5489948273595, 0.0], [643.5489948273595, 200.0], [443.5489948273595, 200.0], [443.5489948273595, 0.0]], [[180.0, 480.0], [380.0, 480.0], [380.0, 680.0], [180.0, 680.0], [180.0, 480.0]], [[180.0, 480.0], [180.0, 760.0], [0.0, 760.0], [0.0, 480.0], [180.0, 480.0]], [[659.9999999999999, 479.9999999999999], [659.9999999999999, 759.9999999999999], [519.9999999999999, 619.9999999999999], [659.9999999999999, 479.9999999999999]], [[280.0, 200.0], [460.0, 200.0], [280.0, 480.0], [280.0, 200.0]], [[0.0, 200.0], [280.0, 200.0], [280.0, 480.0], [0.0, 480.0], [0.0, 200.0]], [[0.0, 20.0], [200.0, 100.0], [200.0, 200.0], [0.0, 200.0], [0.0, 20.0]], [[536.2878230912058, 200.0], [636.2878230912058, 200.0], [636.2878230912058, 380.0], [536.2878230912058, 380.0], [536.2878230912058, 200.0]], [[660.0, 760.0], [380.0, 760.0], [380.0, 480.0], [660.0, 760.0]], [[440.0, 0.0], [440.0, 200.0], [240.0, 200.0], [160.0, 0.0], [440.0, 0.0]], [[376.2878230912059, 380.0], [456.2878230912059, 220.0], [536.2878230912058, 380.0], [376.2878230912059, 380.0]], [[380.0, 380.0], [660.0, 380.0], [520.0, 620.0], [380.0, 380.0]]]"
Thu Jul 23 02:39:43 2020,2,1,True,683.8378433576974,0.8335309394420984,"[0, 0, 0, 1, 1, 0, 0, 1, 2, 1, 3, 0]","[[[483.83784335769735, 0.0], [683.8378433576974, 0.0], [683.8378433576974, 200.0], [483.83784335769735, 200.0], [483.83784335769735, 0.0]], [[483.83784335769735, 200.0], [683.8378433576974, 200.0], [683.8378433576974, 400.0], [483.83784335769735, 400.0], [483.83784335769735, 200.0]], [[0.0, 180.0], [280.0, 180.0], [280.0, 360.0], [0.0, 360.0], [0.0, 180.0]], [[671.6666666666666, 480.0], [671.6666666666666, 760.0], [531.6666666666666, 620.0], [671.6666666666666, 480.0]], [[280.0, 200.0], [460.0, 200.0], [280.0, 480.0], [280.0, 200.0]], [[0.0, 360.0], [280.0, 360.0], [280.0, 640.0], [0.0, 640.0], [0.0, 360.0]], [[0.0, 0.0], [200.0, 80.0], [200.0, 180.0], [0.0, 180.0], [0.0, 0.0]], [[180.0, 660.0], [180.0, 760.0], [0.0, 760.0], [0.0, 660.0], [180.0, 660.0]], [[640.0, 760.0], [360.0, 760.0], [360.0, 480.0], [640.0, 760.0]], [[483.83784335769735, 0.0], [483.83784335769735, 200.0], [283.83784335769735, 200.0], [203.83784335769735, 0.0], [483.83784335769735, 0.0]], [[360.0, 760.0], [200.0, 680.0], [360.0, 600.0], [360.0, 760.0]], [[380.0, 400.0], [660.0, 400.0], [520.0, 640.0], [380.0, 400.0]]]"
Thu Jul 23 02:40:48 2020,2,3,True,690.6762217912743,0.8252781578634637,"[0, 0, 1, 2, 1, 0, 2, 0, 0, 1, 0, 2]","[[[0.0, 279.99999999999994], [200.0, 279.99999999999994], [200.0, 479.99999999999994], [0.0, 479.99999999999994], [0.0, 279.99999999999994]], [[490.6762217912743, 176.48432962338939], [690.6762217912743, 176.48432962338939], [690.6762217912743, 376.4843296233894], [490.6762217912743, 376.4843296233894], [490.6762217912743, 176.48432962338939]], [[460.0, 480.0], [460.0, 760.0], [280.0, 760.0], [280.0, 480.0], [460.0, 480.0]], [[480.0, 480.0], [200.0, 480.0], [340.0, 340.0], [480.0, 480.0]], [[0.0, 0.0], [180.0, 0.0], [0.0, 280.0], [0.0, 0.0]], [[0.0, 480.0], [280.0, 480.0], [280.0, 760.0], [0.0, 760.0], [0.0, 480.0]], [[494.07420584770404, 380.0], [294.07420584770404, 300.0], [294.07420584770404, 200.0], [494.07420584770404, 200.0], [494.07420584770404, 380.0]], [[480.0, 580.0], [580.0, 580.0], [580.0, 760.0], [480.0, 760.0], [480.0, 580.0]], [[380.0, 380.0], [660.0, 380.0], [660.0, 660.0], [380.0, 380.0]], [[460.0, 0.0], [460.0, 200.0], [260.0, 200.0], [180.0, 0.0], [460.0, 0.0]], [[463.5156703766106, 176.48432962338939], [543.5156703766106, 16.484329623389385], [623.5156703766106, 176.48432962338939], [463.5156703766106, 176.48432962338939]], [[294.28571428571433, 279.99999999999994], [14.285714285714334, 279.99999999999994], [154.28571428571433, 39.99999999999994], [294.28571428571433, 279.99999999999994]]]"
Thu Jul 23 02:40:50 2020,2,0,True,663.0491729196233,0.8596647477744415,"[0, 0, 1, 2, 1, 0, 1, 1, 0, 1, 1, 2]","[[[0.0, 279.99999999999994], [200.0, 279.99999999999994], [200.0, 479.99999999999994], [0.0, 479.99999999999994], [0.0, 279.99999999999994]], [[460.0, 80.0], [660.0, 80.0], [660.0, 280.0], [460.0, 280.0], [460.0, 80.0]], [[460.0, 480.0], [460.0, 760.0], [280.0, 760.0], [280.0, 480.0], [460.0, 480.0]], [[580.0, 479.99999999999994], [300.0, 479.99999999999994], [440.0, 339.99999999999994], [580.0, 479.99999999999994]], [[0.0, 0.0], [180.0, 0.0], [0.0, 280.0], [0.0, 0.0]], [[0.0, 480.0], [280.0, 480.0], [280.0, 760.0], [0.0, 760.0], [0.0, 480.0]], [[380.0, 279.99999999999994], [300.0, 479.99999999999994], [200.0, 479.99999999999994], [200.0, 279.99999999999994], [380.0, 279.99999999999994]], [[640.0, 660.0], [640.0, 760.0], [460.0, 760.0], [460.0, 660.0], [640.0, 660.0]], [[380.0, 280.0], [660.0, 280.0], [660.0, 560.0], [380.0, 280.0]], [[460.0, 0.0], [460.0, 200.0], [260.0, 200.0], [180.0, 0.0], [460.0, 0.0]], [[460.0, 500.0], [620.0, 580.0], [460.0, 660.0], [460.0, 500.0]], [[294.28571428571433, 279.99999999999994], [14.285714285714334, 279.99999999999994], [154.28571428571433, 39.99999999999994], [294.28571428571433, 279.99999999999994]]]"
Thu Jul 23 02:41:11 2020,2,1,True,669.6796646488195,0.8511532156182589,"[0, 0, 1, 3, 0, 0, 0, 1, 0, 0, 2, 2]","[[[0.0, 279.9999999999999], [200.0, 279.9999999999999], [200.0, 479.9999999999999], [0.0, 479.9999999999999], [0.0, 279.9999999999999]], [[456.5272060028383, 560.0], [656.5272060028383, 560.0], [656.5272060028383, 760.0], [456.5272060028383, 760.0], [456.5272060028383, 560.0]], [[660.0, 0.0], [660.0, 280.0], [480.0, 280.0], [480.0, 0.0], [660.0, 0.0]], [[200.0, 636.5272060028383], [200.0, 356.5272060028383], [340.0, 496.5272060028383], [200.0, 636.5272060028383]], [[339.8605393361716, 560.0], [339.8605393361716, 380.0], [619.8605393361715, 560.0], [339.8605393361716, 560.0]], [[200.0, 0.0], [480.0, 0.0], [480.0, 280.0], [200.0, 280.0], [200.0, 0.0]], [[0.0, 0.0], [200.0, 80.0], [200.0, 180.0], [0.0, 180.0], [0.0, 0.0]], [[180.0, 179.9999999999999], [180.0, 279.9999999999999], [0.0, 279.9999999999999], [0.0, 179.9999999999999], [180.0, 179.9999999999999]], [[389.67966464881954, 280.0], [669.6796646488195, 280.0], [669.6796646488195, 560.0], [389.67966464881954, 280.0]], [[0.0, 479.9999999999999], [200.0, 479.9999999999999], [200.0, 679.9999999999999], [0.0, 759.9999999999999], [0.0, 479.9999999999999]], [[363.4401117837268, 280.0], [283.4401117837268, 440.0], [203.44011178372682, 280.0], [363.4401117837268, 280.0]], [[456.5272060028383, 760.0], [176.52720600283828, 760.0], [316.5272060028383, 520.0], [456.5272060028383, 760.0]]]"
Thu Jul 23 02:41:37 2020,2,1,True,676.3764612953078,0.8427259560576821,"[0, 0, 0, 0, 3, 0, 1, 1, 1, 0, 2, 1]","[[[476.37646129530776, 0.0], [676.3764612953078, 0.0], [676.3764612953078, 200.0], [476.37646129530776, 200.0], [476.37646129530776, 0.0]], [[276.37646129530776, 280.0], [476.37646129530776, 280.0], [476.37646129530776, 480.0], [276.37646129530776, 480.0], [276.37646129530776, 280.0]], [[0.0, 280.0], [280.0, 280.0], [280.0, 460.0], [0.0, 460.0], [0.0, 280.0]], [[296.37646129530754, 480.0], [576.3764612953075, 480.0], [436.37646129530754, 620.0], [296.37646129530754, 480.0]], [[196.37646129530776, 280.0], [16.376461295307763, 280.0], [196.37646129530776, 0.0], [196.37646129530776, 280.0]], [[196.37646129530776, 0.0], [476.37646129530776, 0.0], [476.37646129530776, 280.0], [196.37646129530776, 280.0], [196.37646129530776, 0.0]], [[180.0, 460.0], [100.0, 660.0], [0.0, 660.0], [0.0, 460.0], [180.0, 460.0]], [[460.0, 647.2470774093845], [460.0, 747.2470774093845], [280.0, 747.2470774093845], [280.0, 647.2470774093845], [460.0, 647.2470774093845]], [[280.0, 480.0], [280.0, 760.0], [0.0, 760.0], [280.0, 480.0]], [[476.37646129530776, 200.0], [676.3764612953078, 200.0], [676.3764612953078, 400.0], [476.37646129530776, 480.0], [476.37646129530776, 200.0]], [[160.0, 21.030050903812082], [80.0, 181.03005090381208], [0.0, 21.030050903812082], [160.0, 21.030050903812082]], [[676.3764612953078, 480.0], [676.3764612953078, 760.0], [436.37646129530776, 620.0], [676.3764612953078, 480.0]]]"
Thu Jul 23 02:42:33 2020,2,3,True,683.1402259082608,0.8343821347105762,"[0, 0, 1, 0, 3, 0, 0, 1, 1, 3, 1, 1]","[[[0.0, 560.0], [200.0, 560.0], [200.0, 760.0], [0.0, 760.0], [0.0, 560.0]], [[480.0, 560.0], [680.0, 560.0], [680.0, 760.0], [480.0, 760.0], [480.0, 560.0]], [[671.4285714285714, 0.0], [671.4285714285714, 280.0], [491.42857142857144, 280.0], [491.42857142857144, 0.0], [671.4285714285714, 0.0]], [[145.0499639808936, 280.0], [425.0499639808936, 280.0], [285.0499639808936, 420.0], [145.0499639808936, 280.0]], [[211.42857142857144, 280.0], [31.428571428571445, 280.0], [211.42857142857144, 0.0], [211.42857142857144, 280.0]], [[211.42857142857144, 0.0], [491.42857142857144, 0.0], [491.42857142857144, 280.0], [211.42857142857144, 280.0], [211.42857142857144, 0.0]], [[0.0, 267.42857142857144], [200.0, 347.42857142857144], [200.0, 447.42857142857144], [0.0, 447.42857142857144], [0.0, 267.42857142857144]], [[180.0, 447.42857142857144], [180.0, 547.4285714285714], [0.0, 547.4285714285714], [0.0, 447.42857142857144], [180.0, 447.42857142857144]], [[443.14022590826085, 280.0], [443.14022590826085, 560.0], [163.14022590826085, 560.0], [443.14022590826085, 280.0]], [[200.0, 760.0], [200.0, 560.0], [400.0, 560.0], [480.0, 760.0], [200.0, 760.0]], [[0.0, 0.0], [160.0, 80.0], [0.0, 160.0], [0.0, 0.0]], [[683.1402259082608, 273.16820155351456], [683.1402259082608, 553.1682015535146], [443.14022590826085, 413.16820155351456], [683.1402259082608, 273.16820155351456]]]"
Thu Jul 23 02:42:42 2020,2,0,True,655.8146168719304,0.8691480569901836,"[0, 0, 1, 0, 3, 0, 1, 0, 1, 1, 0, 3]","[[[455.8146168719304, 0.0], [655.8146168719304, 0.0], [655.8146168719304, 200.0], [455.8146168719304, 200.0], [455.8146168719304, 0.0]], [[355.8146168719304, 560.0], [555.8146168719304, 560.0], [555.8146168719304, 760.0], [355.8146168719304, 760.0], [355.8146168719304, 560.0]], [[180.0, 0.0], [180.0, 280.0], [0.0, 280.0], [0.0, 0.0], [180.0, 0.0]], [[175.8146168719304, 280.0], [455.8146168719304, 280.0], [315.8146168719304, 420.0], [175.8146168719304, 280.0]], [[652.9574740147875, 560.0], [472.9574740147875, 560.0], [652.9574740147875, 280.0], [652.9574740147875, 560.0]], [[175.8146168719304, 0.0], [455.8146168719304, 0.0], [455.8146168719304, 280.0], [175.8146168719304, 280.0], [175.8146168719304, 0.0]], [[655.8146168719304, 200.0], [575.8146168719304, 400.0], [475.8146168719304, 400.0], [475.8146168719304, 200.0], [655.8146168719304, 200.0]], [[555.8146168719304, 560.0], [655.8146168719304, 560.0], [655.8146168719304, 740.0], [555.8146168719304, 740.0], [555.8146168719304, 560.0]], [[464.1853831280696, 271.6292337438608], [464.1853831280696, 551.6292337438608], [184.1853831280696, 551.6292337438608], [464.1853831280696, 271.6292337438608]], [[355.8146168719304, 551.6292337438608], [355.8146168719304, 751.6292337438608], [155.8146168719304, 751.6292337438608], [75.81461687193041, 551.6292337438608], [355.8146168719304, 551.6292337438608]], [[0.0, 760.0], [80.0, 600.0], [160.0, 760.0], [0.0, 760.0]], [[0.0, 560.0], [0.0, 280.0], [240.0, 420.0], [0.0, 560.0]]]"
Thu Jul 23 02:43:10 2020,2,1,True,662.3727630406497,0.8605426306833501,"[0, 0, 0, 1, 1, 0, 3, 0, 1, 0, 2, 2]","[[[180.0, 560.0], [380.0, 560.0], [380.0, 760.0], [180.0, 760.0], [180.0, 560.0]], [[177.37864077669906, 184.0776699029126], [377.37864077669906, 184.0776699029126], [377.37864077669906, 384.0776699029126], [177.37864077669906, 384.0776699029126], [177.37864077669906, 184.0776699029126]], [[100.0, 0.0], [380.0, 0.0], [380.0, 180.0], [100.0, 180.0], [100.0, 0.0]], [[441.8338727076591, 341.8338727076591], [441.8338727076591, 621.8338727076591], [301.8338727076591, 481.8338727076591], [441.8338727076591, 341.8338727076591]], [[0.0, 180.0], [180.0, 180.0], [0.0, 460.0], [0.0, 180.0]], [[380.0, 0.0], [660.0, 0.0], [660.0, 280.0], [380.0, 280.0], [380.0, 0.0]], [[0.0, 760.0], [80.0, 560.0], [180.0, 560.0], [180.0, 760.0], [0.0, 760.0]], [[0.0, 0.0], [100.0, 0.0], [100.0, 180.0], [0.0, 180.0], [0.0, 0.0]], [[662.3727630406497, 480.0], [662.3727630406497, 760.0], [382.3727630406497, 760.0], [662.3727630406497, 480.0]], [[441.8338727076591, 280.0], [641.8338727076591, 280.0], [641.8338727076591, 480.0], [441.8338727076591, 560.0], [441.8338727076591, 280.0]], [[350.7119741100324, 384.0776699029126], [270.7119741100324, 544.0776699029126], [190.71197411003237, 384.0776699029126], [350.7119741100324, 384.0776699029126]], [[280.0, 560.0], [0.0, 560.0], [140.0, 320.0], [280.0, 560.0]]]"
Thu Jul 23 02:43:31 2020,2,1,True,668.9964906710562,0.8520224066171783,"[0, 0, 1, 1, 1, 0, 3, 0, 2, 0, 3, 3]","[[[180.0, 240.00000000000006], [380.0, 240.00000000000006], [380.0, 440.00000000000006], [180.0, 440.00000000000006], [180.0, 240.00000000000006]], [[240.0, 0.0], [440.0, 0.0], [440.0, 200.0], [240.0, 200.0], [240.0, 0.0]], [[180.0, 480.0], [180.0, 760.0], [0.0, 760.0], [0.0, 480.0], [180.0, 480.0]], [[660.0, 200.0], [660.0, 480.0], [520.0, 340.0], [660.0, 200.0]], [[180.0, 440.0], [360.0, 440.0], [180.0, 720.0], [180.0, 440.0]], [[388.9964906710562, 480.0], [668.9964906710562, 480.0], [668.9964906710562, 760.0], [388.9964906710562, 760.0], [388.9964906710562, 480.0]], [[0.0, 480.0], [80.0, 280.0], [180.0, 280.0], [180.0, 480.0], [0.0, 480.0]], [[288.9964906710562, 550.4499034005793], [388.9964906710562, 550.4499034005793], [388.9964906710562, 730.4499034005793], [288.9964906710562, 730.4499034005793], [288.9964906710562, 550.4499034005793]], [[660.0, 480.0], [380.0, 480.0], [380.0, 200.0], [660.0, 480.0]], [[460.0, 0.0], [660.0, 0.0], [660.0, 200.0], [460.0, 280.0], [460.0, 0.0]], [[217.14285714285722, 160.0], [57.142857142857224, 80.0], [217.14285714285722, 0.0], [217.14285714285722, 160.0]], [[0.0, 326.66666666666663], [0.0, 46.66666666666663], [240.0, 186.66666666666663], [0.0, 326.66666666666663]]]"
Thu Jul 23 02:43:41 2020,2,1,True,675.6864555777668,0.843586541205127,"[0, 0, 1, 3, 1, 0, 3, 0, 1, 0, 3, 3]","[[[100.0, 254.99999999999994], [300.0, 254.99999999999994], [300.0, 454.99999999999994], [100.0, 454.99999999999994], [100.0, 254.99999999999994]], [[262.85714285714283, 0.0], [462.85714285714283, 0.0], [462.85714285714283, 200.0], [262.85714285714283, 200.0], [262.85714285714283, 0.0]], [[675.6864555777668, 480.0], [675.6864555777668, 760.0], [495.68645557776676, 760.0], [495.68645557776676, 480.0], [675.6864555777668, 480.0]], [[395.68645557776676, 480.0], [395.68645557776676, 200.0], [535.6864555777668, 340.0], [395.68645557776676, 480.0]], [[0.0, 455.0], [180.0, 455.0], [0.0, 735.0], [0.0, 455.0]], [[215.68645557776676, 480.0], [495.68645557776676, 480.0], [495.68645557776676, 760.0], [215.68645557776676, 760.0], [215.68645557776676, 480.0]], [[35.686455577766765, 760.0], [115.68645557776676, 560.0], [215.68645557776676, 560.0], [215.68645557776676, 760.0], [35.686455577766765, 760.0]], [[300.0, 200.0], [400.0, 200.0], [400.0, 380.0], [300.0, 380.0], [300.0, 200.0]], [[675.6864555777668, 200.0], [675.6864555777668, 480.0], [395.68645557776676, 480.0], [675.6864555777668, 200.0]], [[475.68645557776676, 0.0], [675.6864555777668, 0.0], [675.6864555777668, 200.0], [475.68645557776676, 280.0], [475.68645557776676, 0.0]], [[262.85714285714283, 160.0], [102.85714285714283, 80.0], [262.85714285714283, 0.0], [262.85714285714283, 160.0]], [[0.0, 300.0], [0.0, 20.0], [240.0, 160.0], [0.0, 300.0]]]"
Thu Jul 23 02:43:59 2020,2,1,True,682.4433201335445,0.835234199212997,"[0, 0, 1, 2, 1, 0, 2, 0, 0, 2, 0, 3]","[[[348.6589973546561, 0.0], [548.6589973546561, 0.0], [548.6589973546561, 200.0], [348.6589973546561, 200.0], [348.6589973546561, 0.0]], [[218.6589973546561, 230.0], [418.6589973546561, 230.0], [418.6589973546561, 430.0], [218.6589973546561, 430.0], [218.6589973546561, 230.0]], [[642.8571428571429, 480.0], [642.8571428571429, 760.0], [462.8571428571429, 760.0], [462.8571428571429, 480.0], [642.8571428571429, 480.0]], [[648.6589973546561, 480.0], [368.6589973546561, 480.0], [508.6589973546561, 340.0], [648.6589973546561, 480.0]], [[0.0, 480.0], [180.0, 480.0], [0.0, 760.0], [0.0, 480.0]], [[182.85714285714283, 480.0], [462.85714285714283, 480.0], [462.85714285714283, 760.0], [182.85714285714283, 760.0], [182.85714285714283, 480.0]], [[348.6589973546561, 180.0], [148.6589973546561, 100.0], [148.6589973546561, 0.0], [348.6589973546561, 0.0], [348.6589973546561, 180.0]], [[548.6589973546561, 0.0], [648.6589973546561, 0.0], [648.6589973546561, 180.0], [548.6589973546561, 180.0], [548.6589973546561, 0.0]], [[388.6589973546561, 200.0], [668.6589973546561, 200.0], [668.6589973546561, 480.0], [388.6589973546561, 200.0]], [[218.6589973546561, 480.0], [18.658997354656094, 480.0], [18.658997354656094, 280.0], [218.6589973546561, 200.0], [218.6589973546561, 480.0]], [[22.857142857142833, 760.0], [102.85714285714283, 600.0], [182.85714285714283, 760.0], [22.857142857142833, 760.0]], [[0.0, 293.28225154311724], [0.0, 13.28225154311724], [240.0, 153.28225154311724], [0.0, 293.28225154311724]]]"
Thu Jul 23 02:44:05 2020,2,1,True,689.2677533348799,0.8269645536762348,"[0, 0, 1, 2, 1, 0, 2, 0, 0, 2, 0, 3]","[[[352.76957407391535, 0.0], [552.7695740739154, 0.0], [552.7695740739154, 200.0], [352.76957407391535, 200.0], [352.76957407391535, 0.0]], [[218.6589973546561, 236.48658997354664], [418.6589973546561, 236.48658997354664], [418.6589973546561, 436.48658997354664], [218.6589973546561, 436.48658997354664], [218.6589973546561, 236.48658997354664]], [[642.8571428571429, 480.0], [642.8571428571429, 760.0], [462.8571428571429, 760.0], [462.8571428571429, 480.0], [642.8571428571429, 480.0]], [[655.1455873282027, 480.0], [375.14558732820274, 480.0], [515.1455873282027, 340.0], [655.1455873282027, 480.0]], [[0.0, 480.0], [180.0, 480.0], [0.0, 760.0], [0.0, 480.0]], [[182.85714285714283, 480.0], [462.85714285714283, 480.0], [462.85714285714283, 760.0], [182.85714285714283, 760.0], [182.85714285714283, 480.0]], [[352.76957407391535, 180.0], [152.76957407391535, 100.0], [152.76957407391535, 0.0], [352.76957407391535, 0.0], [352.76957407391535, 180.0]], [[552.7695740739154, 0.0], [652.7695740739154, 0.0], [652.7695740739154, 180.0], [552.7695740739154, 180.0], [552.7695740739154, 0.0]], [[382.17240738110945, 200.0], [662.1724073811095, 200.0], [662.1724073811095, 480.0], [382.17240738110945, 200.0]], [[218.6589973546561, 480.0], [18.658997354656094, 480.0], [18.658997354656094, 280.0], [218.6589973546561, 200.0], [218.6589973546561, 480.0]], [[22.857142857142833, 760.0], [102.85714285714283, 600.0], [182.85714285714283, 760.0], [22.857142857142833, 760.0]], [[0.0, 290.8844151235494], [0.0, 10.884415123549388], [240.0, 150.8844151235494], [0.0, 290.8844151235494]]]"
Thu Jul 23 02:44:05 2020,2,0,True,661.6970432014847,0.8614214100794112,"[0, 0, 1, 2, 1, 0, 2, 0, 0, 2, 0, 3]","[[[352.76957407391535, 0.0], [552.7695740739154, 0.0], [552.7695740739154, 200.0], [352.76957407391535, 200.0], [352.76957407391535, 0.0]], [[218.6589973546561, 236.48658997354664], [418.6589973546561, 236.48658997354664], [418.6589973546561, 436.48658997354664], [218.6589973546561, 436.48658997354664], [218.6589973546561, 236.48658997354664]], [[642.8571428571429, 480.0], [642.8571428571429, 760.0], [462.8571428571429, 760.0], [462.8571428571429, 480.0], [642.8571428571429, 480.0]], [[655.1455873282027, 480.0], [375.14558732820274, 480.0], [515.1455873282027, 340.0], [655.1455873282027, 480.0]], [[0.0, 480.0], [180.0, 480.0], [0.0, 760.0], [0.0, 480.0]], [[182.85714285714283, 480.0], [462.85714285714283, 480.0], [462.85714285714283, 760.0], [182.85714285714283, 760.0], [182.85714285714283, 480.0]], [[352.76957407391535, 180.0], [152.76957407391535, 100.0], [152.76957407391535, 0.0], [352.76957407391535, 0.0], [352.76957407391535, 180.0]], [[552.7695740739154, 0.0], [652.7695740739154, 0.0], [652.7695740739154, 180.0], [552.7695740739154, 180.0], [552.7695740739154, 0.0]], [[381.6970432014847, 199.52463582037524], [661.6970432014847, 199.52463582037524], [661.6970432014847, 479.52463582037524], [381.6970432014847, 199.52463582037524]], [[218.6589973546561, 480.0], [18.658997354656094, 480.0], [18.658997354656094, 280.0], [218.6589973546561, 200.0], [218.6589973546561, 480.0]], [[22.857142857142833, 760.0], [102.85714285714283, 600.0], [182.85714285714283, 760.0], [22.857142857142833, 760.0]], [[0.0, 290.8844151235494], [0.0, 10.884415123549388], [240.0, 150.8844151235494], [0.0, 290.8844151235494]]]"
Thu Jul 23 02:44:30 2020,2,1,True,668.3140136334996,0.8528924852271397,"[0, 0, 1, 1, 2, 0, 3, 0, 3, 2, 0, 3]","[[[280.0, 0.0], [480.0, 0.0], [480.0, 200.0], [280.0, 200.0], [280.0, 0.0]], [[220.3140136334996, 200.0], [420.3140136334996, 200.0], [420.3140136334996, 400.0], [220.3140136334996, 400.0], [220.3140136334996, 200.0]], [[660.0, 0.0], [660.0, 280.0], [480.0, 280.0], [480.0, 0.0], [660.0, 0.0]], [[651.9791703761247, 460.0], [651.9791703761247, 740.0], [511.97917037612467, 600.0], [651.9791703761247, 460.0]], [[280.0, 0.0], [280.0, 180.0], [0.0, 0.0], [280.0, 0.0]], [[0.0, 478.1041718599081], [280.0, 478.1041718599081], [280.0, 758.1041718599081], [0.0, 758.1041718599081], [0.0, 478.1041718599081]], [[388.3140136334996, 480.0], [468.3140136334996, 280.0], [568.3140136334996, 280.0], [568.3140136334996, 480.0], [388.3140136334996, 480.0]], [[568.3140136334996, 280.0], [668.3140136334996, 280.0], [668.3140136334996, 460.0], [568.3140136334996, 460.0], [568.3140136334996, 280.0]], [[351.9791703761248, 760.0], [351.9791703761248, 480.0], [631.9791703761248, 480.0], [351.9791703761248, 760.0]], [[220.3140136334996, 478.1041718599081], [20.3140136334996, 478.1041718599081], [20.3140136334996, 278.1041718599081], [220.3140136334996, 198.1041718599081], [220.3140136334996, 478.1041718599081]], [[431.9791703761248, 760.0], [511.9791703761248, 600.0], [591.9791703761248, 760.0], [431.9791703761248, 760.0]], [[0.0, 294.2857142857143], [0.0, 14.285714285714278], [240.0, 154.28571428571428], [0.0, 294.2857142857143]]]"
Thu Jul 23 02:44:52 2020,2,1,True,674.9971537698347,0.8444480051753858,"[0, 0, 1, 1, 0, 0, 0, 1, 3, 0, 3, 0]","[[[474.99715376983465, 480.0], [674.9971537698347, 480.0], [674.9971537698347, 680.0], [474.99715376983465, 680.0], [474.99715376983465, 480.0]], [[474.99715376983465, 280.0], [674.9971537698347, 280.0], [674.9971537698347, 480.0], [474.99715376983465, 480.0], [474.99715376983465, 280.0]], [[474.99715376983465, 0.0], [474.99715376983465, 280.0], [294.99715376983465, 280.0], [294.99715376983465, 0.0], [474.99715376983465, 0.0]], [[294.99715376983465, 0.0], [294.99715376983465, 280.0], [154.99715376983465, 140.0], [294.99715376983465, 0.0]], [[280.0, 734.644686862249], [280.0, 554.644686862249], [560.0, 734.644686862249], [280.0, 734.644686862249]], [[0.0, 480.0], [280.0, 480.0], [280.0, 760.0], [0.0, 760.0], [0.0, 480.0]], [[0.0, 300.0], [200.0, 380.0], [200.0, 480.0], [0.0, 480.0], [0.0, 300.0]], [[237.14285714285717, 222.8571428571429], [237.14285714285717, 322.8571428571429], [57.14285714285717, 322.8571428571429], [57.14285714285717, 222.8571428571429], [237.14285714285717, 222.8571428571429]], [[0.0, 280.0], [0.0, 0.0], [280.0, 0.0], [0.0, 280.0]], [[474.99715376983465, 0.0], [674.9971537698347, 0.0], [674.9971537698347, 200.0], [474.99715376983465, 280.0], [474.99715376983465, 0.0]], [[468.33173232886554, 652.8579433593768], [308.33173232886554, 572.8579433593768], [468.33173232886554, 492.8579433593768], [468.33173232886554, 652.8579433593768]], [[188.33333333333337, 322.8571428571429], [468.33333333333337, 322.8571428571429], [328.33333333333337, 562.8571428571429], [188.33333333333337, 322.8571428571429]]]"
Thu Jul 23 02:45:18 2020,2,1,True,681.747125307533,0.8360871338370156,"[0, 0, 1, 1, 1, 0, 0, 0, 1, 0, 2, 2]","[[[0.0, 0.0], [200.0, 0.0], [200.0, 200.0], [0.0, 200.0], [0.0, 0.0]], [[180.0, 280.0], [380.0, 280.0], [380.0, 480.0], [180.0, 480.0], [180.0, 280.0]], [[180.0, 200.0], [180.0, 480.0], [0.0, 480.0], [0.0, 200.0], [180.0, 200.0]], [[681.747125307533, 480.0], [681.747125307533, 760.0], [541.747125307533, 620.0], [681.747125307533, 480.0]], [[0.0, 480.0], [180.0, 480.0], [0.0, 760.0], [0.0, 480.0]], [[200.0, 0.0], [480.0, 0.0], [480.0, 280.0], [200.0, 280.0], [200.0, 0.0]], [[480.0, 280.0], [680.0, 360.0], [680.0, 460.0], [480.0, 460.0], [480.0, 280.0]], [[380.0, 280.0], [480.0, 280.0], [480.0, 460.0], [380.0, 460.0], [380.0, 280.0]], [[290.9778945383021, 480.0], [290.9778945383021, 760.0], [10.97789453830211, 760.0], [290.9778945383021, 480.0]], [[480.0, 0.0], [680.0, 0.0], [680.0, 200.0], [480.0, 280.0], [480.0, 0.0]], [[621.747125307533, 460.0], [541.747125307533, 620.0], [461.747125307533, 460.0], [621.747125307533, 460.0]], [[623.4137919741996, 760.0], [343.4137919741996, 760.0], [483.4137919741996, 520.0], [623.4137919741996, 760.0]]]"
Thu Jul 23 02:45:21 2020,2,0,True,654.4772402952317,0.8709240977468912,"[0, 0, 1, 3, 1, 0, 3, 0, 1, 1, 2, 2]","[[[0.0, 0.0], [200.0, 0.0], [200.0, 200.0], [0.0, 200.0], [0.0, 0.0]], [[180.0, 280.0], [380.0, 280.0], [380.0, 480.0], [180.0, 480.0], [180.0, 280.0]], [[180.0, 200.0], [180.0, 480.0], [0.0, 480.0], [0.0, 200.0], [180.0, 200.0]], [[480.0, 345.5227597047683], [480.0, 65.5227597047683], [620.0, 205.5227597047683], [480.0, 345.5227597047683]], [[0.0, 480.0], [180.0, 480.0], [0.0, 760.0], [0.0, 480.0]], [[200.0, 0.0], [480.0, 0.0], [480.0, 280.0], [200.0, 280.0], [200.0, 0.0]], [[474.4772402952317, 473.80689926192076], [554.4772402952317, 273.80689926192076], [654.4772402952317, 273.80689926192076], [654.4772402952317, 473.80689926192076], [474.4772402952317, 473.80689926192076]], [[380.0, 280.0], [480.0, 280.0], [480.0, 460.0], [380.0, 460.0], [380.0, 280.0]], [[654.4772402952317, 480.0], [654.4772402952317, 760.0], [374.4772402952317, 760.0], [654.4772402952317, 480.0]], [[460.0, 480.0], [460.0, 680.0], [260.0, 680.0], [180.0, 480.0], [460.0, 480.0]], [[654.4772402952317, 0.0], [574.4772402952317, 160.0], [494.4772402952317, 0.0], [654.4772402952317, 0.0]], [[294.28571428571433, 760.0], [14.285714285714334, 760.0], [154.28571428571433, 520.0], [294.28571428571433, 760.0]]]"
Thu Jul 23 02:47:51 2020,2,5,True,661.022012698184,0.8623010868781102,"[0, 0, 1, 0, 0, 0, 2, 0, 1, 0, 3, 3]","[[[0.0, 280.0], [200.0, 280.0], [200.0, 480.0], [0.0, 480.0], [0.0, 280.0]], [[200.0, 291.31926027336885], [400.0, 291.31926027336885], [400.0, 491.31926027336885], [200.0, 491.31926027336885], [200.0, 291.31926027336885]], [[180.0, 480.0], [180.0, 760.0], [0.0, 760.0], [0.0, 480.0], [180.0, 480.0]], [[380.0, 0.0], [660.0, 0.0], [520.0, 140.0], [380.0, 0.0]], [[180.0, 760.0], [180.0, 580.0], [460.0, 760.0], [180.0, 760.0]], [[0.0, 0.0], [280.0, 0.0], [280.0, 280.0], [0.0, 280.0], [0.0, 0.0]], [[660.0, 745.9936092267718], [460.0, 665.9936092267718], [460.0, 565.9936092267718], [660.0, 565.9936092267718], [660.0, 745.9936092267718]], [[360.0, 491.31926027336885], [460.0, 491.31926027336885], [460.0, 671.3192602733689], [360.0, 671.3192602733689], [360.0, 491.31926027336885]], [[654.0063907732282, 5.9936092267718095], [654.0063907732282, 285.9936092267718], [374.0063907732282, 285.9936092267718], [654.0063907732282, 5.9936092267718095]], [[460.0, 285.9936092267718], [660.0, 285.9936092267718], [660.0, 485.9936092267718], [460.0, 565.9936092267718], [460.0, 285.9936092267718]], [[340.0, 651.3192602733689], [180.0, 571.3192602733689], [340.0, 491.31926027336885], [340.0, 651.3192602733689]], [[280.0, 280.0], [280.0, 0.0], [520.0, 140.0], [280.0, 280.0]]]"
Thu Jul 23 02:48:17 2020,2,1,True,667.6322328251658,0.8537634523545645,"[0, 0, 1, 2, 0, 0, 0, 1, 0, 1, 1, 1]","[[[0.0, 180.0], [200.0, 180.0], [200.0, 380.0], [0.0, 380.0], [0.0, 180.0]], [[440.0, 560.0], [640.0, 560.0], [640.0, 760.0], [440.0, 760.0], [440.0, 560.0]], [[667.6322328251658, 280.0], [667.6322328251658, 560.0], [487.63223282516583, 560.0], [487.63223282516583, 280.0], [667.6322328251658, 280.0]], [[280.0, 180.0], [0.0, 180.0], [140.0, 40.0], [280.0, 180.0]], [[185.4100106029436, 560.0], [185.4100106029436, 380.0], [465.4100106029436, 560.0], [185.4100106029436, 560.0]], [[380.0, 0.0], [660.0, 0.0], [660.0, 280.0], [380.0, 280.0], [380.0, 0.0]], [[0.0, 580.0], [200.0, 660.0], [200.0, 760.0], [0.0, 760.0], [0.0, 580.0]], [[180.0, 460.0], [180.0, 560.0], [0.0, 560.0], [0.0, 460.0], [180.0, 460.0]], [[100.0, 0.0], [380.0, 0.0], [380.0, 280.0], [100.0, 0.0]], [[440.0, 560.0], [440.0, 760.0], [240.0, 760.0], [160.0, 560.0], [440.0, 560.0]], [[229.07000082291844, 238.68785767187615], [389.0700008229185, 318.68785767187615], [229.07000082291844, 398.68785767187615], [229.07000082291844, 238.68785767187615]], [[487.63223282516583, 280.0], [487.63223282516583, 560.0], [247.63223282516583, 420.0], [487.63223282516583, 280.0]]]"
Thu Jul 23 02:48:24 2020,2,0,True,640.9269435121591,0.8893369295360048,"[0, 0, 1, 3, 0, 0, 0, 0, 0, 1, 0, 1]","[[[0.0, 184.39082979177044], [200.0, 184.39082979177044], [200.0, 384.39082979177044], [0.0, 384.39082979177044], [0.0, 184.39082979177044]], [[440.0, 560.0], [640.0, 560.0], [640.0, 760.0], [440.0, 760.0], [440.0, 560.0]], [[640.9269435121591, 280.0], [640.9269435121591, 560.0], [460.92694351215914, 560.0], [460.92694351215914, 280.0], [640.9269435121591, 280.0]], [[200.0, 399.07305648784086], [200.0, 119.07305648784086], [340.0, 259.07305648784086], [200.0, 399.07305648784086]], [[160.0, 564.3908297917704], [160.0, 384.39082979177044], [440.0, 564.3908297917704], [160.0, 564.3908297917704]], [[360.92694351215914, 0.0], [640.9269435121591, 0.0], [640.9269435121591, 280.0], [360.92694351215914, 280.0], [360.92694351215914, 0.0]], [[0.0, 580.0], [200.0, 660.0], [200.0, 760.0], [0.0, 760.0], [0.0, 580.0]], [[0.0, 399.07305648784086], [100.0, 399.07305648784086], [100.0, 579.0730564878409], [0.0, 579.0730564878409], [0.0, 399.07305648784086]], [[80.92694351215914, 0.0], [360.92694351215914, 0.0], [360.92694351215914, 280.0], [80.92694351215914, 0.0]], [[440.0, 560.0], [440.0, 760.0], [240.0, 760.0], [160.0, 560.0], [440.0, 560.0]], [[0.0, 184.39082979177044], [80.0, 24.390829791770443], [160.0, 184.39082979177044], [0.0, 184.39082979177044]], [[455.3920425461348, 280.0], [455.3920425461348, 560.0], [215.3920425461348, 420.0], [455.3920425461348, 280.0]]]"
Thu Jul 23 02:51:09 2020,2,5,False,647.3362129472807,0.8805316134019849,"[0, 0, 1, 0, 3, 0, 2, 1, 3, 0, 2, 2]","[[[0.0, 533.3333333333333], [200.0, 533.3333333333333], [200.0, 733.3333333333333], [0.0, 733.3333333333333], [0.0, 533.3333333333333]], [[447.3362129472807, 280.0], [647.3362129472807, 280.0], [647.3362129472807, 480.0], [447.3362129472807, 480.0], [447.3362129472807, 280.0]], [[360.0, 100.0], [360.0, 380.0], [180.0, 380.0], [180.0, 100.0], [360.0, 100.0]], [[0.0, 380.0], [280.0, 380.0], [140.0, 520.0], [0.0, 380.0]], [[180.0, 380.0], [0.0, 380.0], [180.0, 100.0], [180.0, 380.0]], [[367.3362129472807, 0.0], [647.3362129472807, 0.0], [647.3362129472807, 280.0], [367.3362129472807, 280.0], [367.3362129472807, 0.0]], [[620.669546280614, 759.9999999999999], [420.669546280614, 679.9999999999999], [420.669546280614, 579.9999999999999], [620.669546280614, 579.9999999999999], [620.669546280614, 759.9999999999999]], [[542.3362129472806, 479.9999999999999], [542.3362129472806, 579.9999999999999], [362.3362129472806, 579.9999999999999], [362.3362129472806, 479.9999999999999], [542.3362129472806, 479.9999999999999]], [[0.0, 280.0], [0.0, 0.0], [280.0, 0.0], [0.0, 280.0]], [[360.0, 0.0], [560.0, 0.0], [560.0, 200.0], [360.0, 280.0], [360.0, 0.0]], [[335.55555555555554, 484.44444444444434], [255.55555555555557, 644.4444444444443], [175.55555555555557, 484.44444444444434], [335.55555555555554, 484.44444444444434]], [[467.3362129472807, 760.0], [187.33621294728073, 760.0], [327.3362129472807, 520.0], [467.3362129472807, 760.0]]]"
Thu Jul 23 02:53:24 2020,2,5,True,653.8095750767535,0.8718134786158268,"[0, 0, 1, 0, 1, 0, 0, 1, 1, 0, 0, 0]","[[[453.8095750767535, 560.0], [653.8095750767535, 560.0], [653.8095750767535, 760.0], [453.8095750767535, 760.0], [453.8095750767535, 560.0]], [[240.0, 560.0], [440.0, 560.0], [440.0, 760.0], [240.0, 760.0], [240.0, 560.0]], [[653.8095750767535, 0.0], [653.8095750767535, 280.0], [473.8095750767535, 280.0], [473.8095750767535, 0.0], [653.8095750767535, 0.0]], [[176.90478753837675, 276.90478753837675], [456.90478753837675, 276.90478753837675], [316.90478753837675, 416.90478753837675], [176.90478753837675, 276.90478753837675]], [[0.0, 0.0], [180.0, 0.0], [0.0, 280.0], [0.0, 0.0]], [[184.84692229675778, 0.0], [464.8469222967578, 0.0], [464.8469222967578, 280.0], [184.84692229675778, 280.0], [184.84692229675778, 0.0]], [[0.0, 580.0], [200.0, 660.0], [200.0, 760.0], [0.0, 760.0], [0.0, 580.0]], [[180.0, 280.0], [180.0, 380.0], [0.0, 380.0], [0.0, 280.0], [180.0, 280.0]], [[453.8095750767535, 280.0], [453.8095750767535, 560.0], [173.8095750767535, 560.0], [453.8095750767535, 280.0]], [[453.8095750767535, 280.0], [653.8095750767535, 280.0], [653.8095750767535, 480.0], [453.8095750767535, 560.0], [453.8095750767535, 280.0]], [[24.846922296757782, 276.90478753837675], [104.84692229675778, 116.90478753837675], [184.84692229675778, 276.90478753837675], [24.846922296757782, 276.90478753837675]], [[0.0, 380.0], [280.0, 380.0], [140.0, 620.0], [0.0, 380.0]]]"
Thu Jul 23 02:53:44 2020,2,1,True,660.347670827521,0.8631816619958681,"[0, 0, 1, 1, 1, 0, 1, 1, 1, 1, 3, 3]","[[[178.76830318479438, 280.0], [378.7683031847944, 280.0], [378.7683031847944, 480.0], [178.76830318479438, 480.0], [178.76830318479438, 280.0]], [[459.5132608414706, 560.0], [659.5132608414706, 560.0], [659.5132608414706, 760.0], [459.5132608414706, 760.0], [459.5132608414706, 560.0]], [[460.0, 0.0], [460.0, 280.0], [280.0, 280.0], [280.0, 0.0], [460.0, 0.0]], [[280.0, 475.7184898088699], [280.0, 755.7184898088699], [140.0, 615.7184898088699], [280.0, 475.7184898088699]], [[460.0, 0.0], [640.0, 0.0], [460.0, 280.0], [460.0, 0.0]], [[0.0, 0.0], [280.0, 0.0], [280.0, 280.0], [0.0, 280.0], [0.0, 0.0]], [[460.0, 558.7831521036763], [380.0, 758.7831521036763], [280.0, 758.7831521036763], [280.0, 558.7831521036763], [460.0, 558.7831521036763]], [[180.0, 655.7184898088699], [180.0, 755.7184898088699], [0.0, 755.7184898088699], [0.0, 655.7184898088699], [180.0, 655.7184898088699]], [[660.347670827521, 79.65232917247897], [660.347670827521, 359.65232917247897], [380.34767082752103, 359.65232917247897], [660.347670827521, 79.65232917247897]], [[660.347670827521, 359.65232917247897], [660.347670827521, 559.652329172479], [460.34767082752103, 559.652329172479], [380.34767082752103, 359.65232917247897], [660.347670827521, 359.65232917247897]], [[165.71428571428584, 440.0], [5.714285714285836, 360.0], [165.71428571428584, 280.0], [165.71428571428584, 440.0]], [[0.0, 655.7184898088699], [0.0, 375.7184898088699], [240.0, 515.7184898088699], [0.0, 655.7184898088699]]]"
Thu Jul 23 02:55:23 2020,2,3,True,666.9511475357963,0.8546353089068,"[0, 0, 1, 0, 3, 0, 1, 0, 1, 3, 0, 0]","[[[180.0, 0.0], [380.0, 0.0], [380.0, 200.0], [180.0, 200.0], [180.0, 0.0]], [[380.0, 0.0], [580.0, 0.0], [580.0, 200.0], [380.0, 200.0], [380.0, 0.0]], [[180.0, 0.0], [180.0, 280.0], [0.0, 280.0], [0.0, 0.0], [180.0, 0.0]], [[386.9511475357963, 460.8849115302164], [666.9511475357963, 460.8849115302164], [526.9511475357963, 600.8849115302164], [386.9511475357963, 460.8849115302164]], [[633.9337639944201, 461.10303378645756], [453.93376399442013, 461.10303378645756], [633.9337639944201, 181.10303378645756], [633.9337639944201, 461.10303378645756]], [[0.0, 480.0], [280.0, 480.0], [280.0, 760.0], [0.0, 760.0], [0.0, 480.0]], [[460.0, 540.0], [380.0, 740.0], [280.0, 740.0], [280.0, 540.0], [460.0, 540.0]], [[280.0, 360.0], [380.0, 360.0], [380.0, 540.0], [280.0, 540.0], [280.0, 360.0]], [[666.9511475357963, 480.0], [666.9511475357963, 760.0], [386.9511475357963, 760.0], [666.9511475357963, 480.0]], [[0.0, 480.0], [0.0, 280.0], [200.0, 280.0], [280.0, 480.0], [0.0, 480.0]], [[232.0, 360.0], [312.0, 200.0], [392.0, 360.0], [232.0, 360.0]], [[312.0, 200.0], [592.0, 200.0], [452.0, 440.0], [312.0, 200.0]]]"
Thu Jul 23 02:56:13 2020,2,3,True,673.6206590111542,0.8461735731750496,"[0, 0, 0, 1, 1, 0, 3, 0, 3, 1, 0, 2]","[[[473.6206590111542, 560.0], [673.6206590111542, 560.0], [673.6206590111542, 760.0], [473.6206590111542, 760.0], [473.6206590111542, 560.0]], [[0.0, 280.0], [200.0, 280.0], [200.0, 480.0], [0.0, 480.0], [0.0, 280.0]], [[360.27310163436437, 0.0], [640.2731016343644, 0.0], [640.2731016343644, 180.0], [360.27310163436437, 180.0], [360.27310163436437, 0.0]], [[655.5623598592853, 164.7107417750791], [655.5623598592853, 444.7107417750791], [515.5623598592853, 304.7107417750791], [655.5623598592853, 164.7107417750791]], [[0.0, 480.0], [180.0, 480.0], [0.0, 760.0], [0.0, 480.0]], [[0.0, 0.0], [280.0, 0.0], [280.0, 280.0], [0.0, 280.0], [0.0, 0.0]], [[355.4258090421031, 524.5741909578969], [435.4258090421031, 324.5741909578969], [535.4258090421031, 324.5741909578969], [535.4258090421031, 524.5741909578969], [355.4258090421031, 524.5741909578969]], [[200.0, 280.0], [300.0, 280.0], [300.0, 460.0], [200.0, 460.0], [200.0, 280.0]], [[300.0, 460.0], [300.0, 180.0], [580.0, 180.0], [300.0, 460.0]], [[473.6206590111542, 524.5741909578969], [473.6206590111542, 724.5741909578969], [273.6206590111542, 724.5741909578969], [193.6206590111542, 524.5741909578969], [473.6206590111542, 524.5741909578969]], [[513.6206590111542, 560.0], [593.6206590111542, 400.0], [673.6206590111542, 560.0], [513.6206590111542, 560.0]], [[294.28571428571433, 760.0], [14.285714285714334, 760.0], [154.28571428571433, 520.0], [294.28571428571433, 760.0]]]"
Thu Jul 23 02:56:37 2020,2,1,True,680.3568656012658,0.8377956170049995,"[0, 0, 1, 0, 0, 0, 0, 0, 1, 1, 1, 1]","[[[200.0, 0.0], [400.0, 0.0], [400.0, 200.0], [200.0, 200.0], [200.0, 0.0]], [[0.0, 0.0], [200.0, 0.0], [200.0, 200.0], [0.0, 200.0], [0.0, 0.0]], [[180.0, 480.0], [180.0, 760.0], [0.0, 760.0], [0.0, 480.0], [180.0, 480.0]], [[302.2222222222223, 480.0], [582.2222222222223, 480.0], [442.2222222222223, 620.0], [302.2222222222223, 480.0]], [[380.0, 760.0], [380.0, 580.0], [660.0, 760.0], [380.0, 760.0]], [[118.30116646796671, 200.0], [398.3011664679667, 200.0], [398.3011664679667, 480.0], [118.30116646796671, 480.0], [118.30116646796671, 200.0]], [[180.0, 580.0], [380.0, 660.0], [380.0, 760.0], [180.0, 760.0], [180.0, 580.0]], [[0.0, 200.0], [100.0, 200.0], [100.0, 380.0], [0.0, 380.0], [0.0, 200.0]], [[678.3011664679667, 200.0], [678.3011664679667, 480.0], [398.3011664679667, 480.0], [678.3011664679667, 200.0]], [[680.0, 0.0], [680.0, 200.0], [480.0, 200.0], [400.0, 0.0], [680.0, 0.0]], [[420.0, 170.0], [580.0, 250.0], [420.0, 330.0], [420.0, 170.0]], [[680.3568656012658, 478.80084217224226], [680.3568656012658, 758.8008421722423], [440.3568656012658, 618.8008421722423], [680.3568656012658, 478.80084217224226]]]"
Thu Jul 23 02:57:12 2020,2,1,True,687.1604342572784,0.8295006108960391,"[0, 0, 1, 3, 1, 0, 3, 1, 0, 3, 3, 0]","[[[280.0, 0.0], [480.0, 0.0], [480.0, 200.0], [280.0, 200.0], [280.0, 0.0]], [[480.0, 0.0], [680.0, 0.0], [680.0, 200.0], [480.0, 200.0], [480.0, 0.0]], [[513.3333333333334, 452.7382061404461], [513.3333333333334, 732.7382061404461], [333.33333333333337, 732.7382061404461], [333.33333333333337, 452.7382061404461], [513.3333333333334, 452.7382061404461]], [[513.3333333333334, 686.1728990760549], [513.3333333333334, 406.17289907605493], [653.3333333333334, 546.1728990760549], [513.3333333333334, 686.1728990760549]], [[280.0, 200.0], [460.0, 200.0], [280.0, 480.0], [280.0, 200.0]], [[0.0, 200.0], [280.0, 200.0], [280.0, 480.0], [0.0, 480.0], [0.0, 200.0]], [[153.33333333333337, 760.0], [233.33333333333337, 560.0], [333.33333333333337, 560.0], [333.33333333333337, 760.0], [153.33333333333337, 760.0]], [[640.0, 200.0], [640.0, 300.0], [460.0, 300.0], [460.0, 200.0], [640.0, 200.0]], [[407.16043425727844, 300.0], [687.1604342572784, 300.0], [687.1604342572784, 580.0], [407.16043425727844, 300.0]], [[0.0, 200.0], [0.0, 0.0], [200.0, 0.0], [280.0, 200.0], [0.0, 200.0]], [[687.1604342572784, 760.0], [527.1604342572784, 680.0], [687.1604342572784, 600.0], [687.1604342572784, 760.0]], [[0.0, 480.0], [280.0, 480.0], [140.0, 720.0], [0.0, 480.0]]]"
Thu Jul 23 02:57:26 2020,2,1,True,694.0320385998513,0.8212877335604347,"[0, 0, 0, 0, 0, 0, 3, 0, 2, 0, 1, 1]","[[[334.03203859985126, 414.358021712864], [534.0320385998513, 414.358021712864], [534.0320385998513, 614.358021712864], [334.03203859985126, 614.358021712864], [334.03203859985126, 414.358021712864]], [[114.03203859985126, 0.0], [314.03203859985126, 0.0], [314.03203859985126, 200.0], [114.03203859985126, 200.0], [114.03203859985126, 0.0]], [[314.03203859985126, 0.0], [594.0320385998513, 0.0], [594.0320385998513, 180.0], [314.03203859985126, 180.0], [314.03203859985126, 0.0]], [[314.03203859985126, 180.0], [594.0320385998513, 180.0], [454.03203859985126, 320.0], [314.03203859985126, 180.0]], [[280.0, 414.358021712864], [280.0, 234.358021712864], [560.0, 414.358021712864], [280.0, 414.358021712864]], [[0.0, 200.0], [280.0, 200.0], [280.0, 480.0], [0.0, 480.0], [0.0, 200.0]], [[508.26068355467714, 760.0], [588.2606835546771, 560.0], [688.2606835546771, 560.0], [688.2606835546771, 760.0], [508.26068355467714, 760.0]], [[594.0320385998513, 16.904761904761983], [694.0320385998513, 16.904761904761983], [694.0320385998513, 196.90476190476198], [594.0320385998513, 196.90476190476198], [594.0320385998513, 16.904761904761983]], [[479.67401688698726, 760.0], [199.67401688698726, 760.0], [199.67401688698726, 480.0], [479.67401688698726, 760.0]], [[0.0, 480.0], [200.0, 480.0], [200.0, 680.0], [0.0, 760.0], [0.0, 480.0]], [[534.0320385998513, 427.114322477413], [694.0320385998513, 507.114322477413], [534.0320385998513, 587.114322477413], [534.0320385998513, 427.114322477413]], [[679.5171514096191, 196.90476190476198], [679.5171514096191, 476.904761904762], [439.51715140961915, 336.904761904762], [679.5171514096191, 196.90476190476198]]]"
Thu Jul 23 02:57:35 2020,2,0,True,666.2707570558572,0.8555080557921195,"[0, 0, 0, 0, 3, 0, 1, 0, 2, 0, 1, 1]","[[[306.2707570558572, 386.2707570558572], [506.2707570558572, 386.2707570558572], [506.2707570558572, 586.2707570558572], [306.2707570558572, 586.2707570558572], [306.2707570558572, 386.2707570558572]], [[100.0, 0.0], [300.0, 0.0], [300.0, 200.0], [100.0, 200.0], [100.0, 0.0]], [[300.0, 0.0], [580.0, 0.0], [580.0, 180.0], [300.0, 180.0], [300.0, 0.0]], [[306.2707570558572, 586.2707570558572], [586.2707570558572, 586.2707570558572], [446.2707570558572, 726.2707570558572], [306.2707570558572, 586.2707570558572]], [[666.2707570558572, 760.0], [486.2707570558572, 760.0], [666.2707570558572, 480.0], [666.2707570558572, 760.0]], [[0.0, 200.0], [280.0, 200.0], [280.0, 480.0], [0.0, 480.0], [0.0, 200.0]], [[480.0, 180.0], [400.0, 380.0], [300.0, 380.0], [300.0, 180.0], [480.0, 180.0]], [[0.0, 20.0], [100.0, 20.0], [100.0, 200.0], [0.0, 200.0], [0.0, 20.0]], [[480.0, 760.0], [200.0, 760.0], [200.0, 480.0], [480.0, 760.0]], [[0.0, 480.0], [200.0, 480.0], [200.0, 680.0], [0.0, 760.0], [0.0, 480.0]], [[506.270757055857, 400.0000000000001], [666.2707570558571, 480.0000000000001], [506.270757055857, 560.0000000000001], [506.270757055857, 400.0000000000001]], [[666.2707570558572, 199.60409038919056], [666.2707570558572, 479.60409038919056], [426.2707570558572, 339.60409038919056], [666.2707570558572, 199.60409038919056]]]"
Thu Jul 23 02:58:01 2020,2,1,True,672.9334646264158,0.8470376790020986,"[0, 0, 0, 3, 3, 0, 1, 0, 0, 0, 3, 3]","[[[460.0, 0.0], [660.0, 0.0], [660.0, 200.0], [460.0, 200.0], [460.0, 0.0]], [[199.61992677362286, 480.0], [399.61992677362286, 480.0], [399.61992677362286, 680.0], [199.61992677362286, 680.0], [199.61992677362286, 480.0]], [[0.0, 20.0], [280.0, 20.0], [280.0, 200.0], [0.0, 200.0], [0.0, 20.0]], [[515.7541514111715, 603.8657753624514], [515.7541514111715, 323.86577536245136], [655.7541514111715, 463.86577536245136], [515.7541514111715, 603.8657753624514]], [[639.6199267736229, 760.0], [459.61992677362286, 760.0], [639.6199267736229, 480.0], [639.6199267736229, 760.0]], [[0.0, 200.0], [280.0, 200.0], [280.0, 480.0], [0.0, 480.0], [0.0, 200.0]], [[460.0, 0.0], [380.0, 200.0], [280.0, 200.0], [280.0, 0.0], [460.0, 0.0]], [[399.61992677362286, 513.3333333333333], [499.61992677362286, 513.3333333333333], [499.61992677362286, 693.3333333333333], [399.61992677362286, 693.3333333333333], [399.61992677362286, 513.3333333333333]], [[391.88837604872003, 200.0], [671.88837604872, 200.0], [671.88837604872, 480.0], [391.88837604872003, 200.0]], [[0.0, 480.0], [200.0, 480.0], [200.0, 680.0], [0.0, 760.0], [0.0, 480.0]], [[510.38915754285364, 518.7179487179486], [350.38915754285364, 438.7179487179486], [510.38915754285364, 358.7179487179486], [510.38915754285364, 518.7179487179486]], [[279.61992677362286, 480.0], [279.61992677362286, 200.0], [519.6199267736229, 340.0], [279.61992677362286, 480.0]]]"
Thu Jul 23 02:58:17 2020,2,1,True,679.66279927268,0.8386511673288104,"[0, 0, 0, 3, 3, 0, 1, 0, 0, 0, 3, 3]","[[[460.0, 0.0], [660.0, 0.0], [660.0, 200.0], [460.0, 200.0], [460.0, 0.0]], [[200.0, 493.98387395864086], [400.0, 493.98387395864086], [400.0, 693.9838739586409], [200.0, 693.9838739586409], [200.0, 493.98387395864086]], [[0.0, 0.0], [280.0, 0.0], [280.0, 180.0], [0.0, 180.0], [0.0, 0.0]], [[520.0, 609.4426883374654], [520.0, 329.44268833746537], [660.0, 469.44268833746537], [520.0, 609.4426883374654]], [[649.4426883374654, 760.0], [469.44268833746537, 760.0], [649.4426883374654, 480.0], [649.4426883374654, 760.0]], [[0.0, 180.0], [280.0, 180.0], [280.0, 460.0], [0.0, 460.0], [0.0, 180.0]], [[460.0, 0.0], [380.0, 200.0], [280.0, 200.0], [280.0, 0.0], [460.0, 0.0]], [[400.0, 532.4664040805017], [500.0, 532.4664040805017], [500.0, 712.4664040805017], [400.0, 712.4664040805017], [400.0, 532.4664040805017]], [[390.55731166253463, 200.0], [670.5573116625346, 200.0], [670.5573116625346, 480.0], [390.55731166253463, 200.0]], [[0.0, 460.0], [200.0, 460.0], [200.0, 660.0], [0.0, 740.0], [0.0, 460.0]], [[506.01612604135914, 535.4744671011813], [346.01612604135914, 455.4744671011813], [506.01612604135914, 375.4744671011813], [506.01612604135914, 535.4744671011813]], [[279.99999999999994, 493.9838739586408], [279.99999999999994, 213.9838739586408], [520.0, 353.9838739586408], [279.99999999999994, 493.9838739586408]]]"
Thu Jul 23 02:58:19 2020,2,0,True,652.4762873017728,0.8735949659675109,"[0, 0, 0, 3, 3, 0, 3, 0, 0, 0, 3, 3]","[[[452.4762873017728, 0.0], [652.4762873017728, 0.0], [652.4762873017728, 200.0], [452.4762873017728, 200.0], [452.4762873017728, 0.0]], [[200.0, 493.98387395864086], [400.0, 493.98387395864086], [400.0, 693.9838739586409], [200.0, 693.9838739586409], [200.0, 493.98387395864086]], [[0.0, 0.0], [280.0, 0.0], [280.0, 180.0], [0.0, 180.0], [0.0, 0.0]], [[506.01612604135914, 630.0491397384212], [506.01612604135914, 350.0491397384212], [646.0161260413591, 490.0491397384212], [506.01612604135914, 630.0491397384212]], [[652.4762873017728, 760.0], [472.4762873017728, 760.0], [652.4762873017728, 480.0], [652.4762873017728, 760.0]], [[0.0, 200.0], [280.0, 200.0], [280.0, 480.0], [0.0, 480.0], [0.0, 200.0]], [[272.0, 200.0], [352.0, 0.0], [452.0, 0.0], [452.0, 200.0], [272.0, 200.0]], [[400.0, 532.4664040805017], [500.0, 532.4664040805017], [500.0, 712.4664040805017], [400.0, 712.4664040805017], [400.0, 532.4664040805017]], [[372.4762873017728, 200.0], [652.4762873017728, 200.0], [652.4762873017728, 480.0], [372.4762873017728, 200.0]], [[0.0, 480.0], [200.0, 480.0], [200.0, 680.0], [0.0, 760.0], [0.0, 480.0]], [[506.01612604135914, 535.4744671011813], [346.01612604135914, 455.4744671011813], [506.01612604135914, 375.4744671011813], [506.01612604135914, 535.4744671011813]], [[280.0, 487.5237126982272], [280.0, 207.5237126982272], [520.0, 347.5237126982272], [280.0, 487.5237126982272]]]"
Thu Jul 23 03:00:10 2020,2,3,True,659.0010501747905,0.8649455108589216,"[0, 0, 1, 1, 0, 0, 3, 0, 3, 3, 0, 1]","[[[457.0873786407767, 200.99894982520948], [657.0873786407767, 200.99894982520948], [657.0873786407767, 400.9989498252095], [457.0873786407767, 400.9989498252095], [457.0873786407767, 200.99894982520948]], [[245.14285714285717, 472.8571428571429], [445.14285714285717, 472.8571428571429], [445.14285714285717, 672.8571428571429], [245.14285714285717, 672.8571428571429], [245.14285714285717, 472.8571428571429]], [[180.0, 280.0], [180.0, 560.0], [0.0, 560.0], [0.0, 280.0], [180.0, 280.0]], [[659.0010501747905, 480.0], [659.0010501747905, 760.0], [519.0010501747905, 620.0], [659.0010501747905, 480.0]], [[180.0, 472.85714285714283], [180.0, 292.85714285714283], [460.0, 472.85714285714283], [180.0, 472.85714285714283]], [[0.0, 0.0], [280.0, 0.0], [280.0, 280.0], [0.0, 280.0], [0.0, 0.0]], [[479.0010501747905, 200.99894982520948], [559.0010501747905, 0.9989498252094791], [659.0010501747905, 0.9989498252094791], [659.0010501747905, 200.99894982520948], [479.0010501747905, 200.99894982520948]], [[460.0, 400.9989498252095], [560.0, 400.9989498252095], [560.0, 580.9989498252095], [460.0, 580.9989498252095], [460.0, 400.9989498252095]], [[280.0, 280.0], [280.0, 0.0], [560.0, 0.0], [280.0, 280.0]], [[0.0, 760.0], [0.0, 560.0], [200.0, 560.0], [280.0, 760.0], [0.0, 760.0]], [[402.8571428571428, 760.0], [482.8571428571428, 600.0], [562.8571428571428, 760.0], [402.8571428571428, 760.0]], [[457.0873786407767, 176.6990291262136], [457.0873786407767, 456.6990291262136], [217.0873786407767, 316.6990291262136], [457.0873786407767, 176.6990291262136]]]"
Thu Jul 23 03:02:02 2020,2,5,True,665.5910606765384,0.8563816939197243,"[0, 0, 1, 1, 1, 0, 2, 0, 1, 0, 0, 3]","[[[200.0, 0.0], [400.0, 0.0], [400.0, 200.0], [200.0, 200.0], [200.0, 0.0]], [[0.0, 280.0], [200.0, 280.0], [200.0, 480.0], [0.0, 480.0], [0.0, 280.0]], [[385.5910606765384, 200.0], [385.5910606765384, 480.0], [205.5910606765384, 480.0], [205.5910606765384, 200.0], [385.5910606765384, 200.0]], [[644.239027535475, 221.35203314106332], [644.239027535475, 501.3520331410633], [504.239027535475, 361.3520331410633], [644.239027535475, 221.35203314106332]], [[402.1139647991665, 463.47709587737177], [582.1139647991665, 463.47709587737177], [402.1139647991665, 743.4770958773718], [402.1139647991665, 463.47709587737177]], [[0.0, 480.0], [280.0, 480.0], [280.0, 760.0], [0.0, 760.0], [0.0, 480.0]], [[665.5910606765384, 180.0], [465.5910606765384, 100.0], [465.5910606765384, 0.0], [665.5910606765384, 0.0], [665.5910606765384, 180.0]], [[280.0, 480.0], [380.0, 480.0], [380.0, 660.0], [280.0, 660.0], [280.0, 480.0]], [[665.5910606765384, 480.0], [665.5910606765384, 760.0], [385.5910606765384, 760.0], [665.5910606765384, 480.0]], [[0.0, 0.0], [200.0, 0.0], [200.0, 200.0], [0.0, 280.0], [0.0, 0.0]], [[385.5910606765384, 463.47709587737177], [465.5910606765384, 303.47709587737177], [545.5910606765384, 463.47709587737177], [385.5910606765384, 463.47709587737177]], [[400.0, 341.7385479386859], [400.0, 61.73854793868588], [640.0, 201.73854793868588], [400.0, 341.7385479386859]]]"
Thu Jul 23 03:02:27 2020,2,1,True,672.2469712833038,0.8479026672472519,"[0, 0, 1, 1, 2, 0, 2, 1, 2, 1, 0, 0]","[[[460.0, 560.0], [660.0, 560.0], [660.0, 760.0], [460.0, 760.0], [460.0, 560.0]], [[0.0, 0.0], [200.0, 0.0], [200.0, 200.0], [0.0, 200.0], [0.0, 0.0]], [[180.0, 200.0], [180.0, 480.0], [0.0, 480.0], [0.0, 200.0], [180.0, 200.0]], [[664.8007515828102, 254.16666666666663], [664.8007515828102, 534.1666666666666], [524.8007515828102, 394.16666666666663], [664.8007515828102, 254.16666666666663]], [[538.9674182494769, 200.0], [538.9674182494769, 380.0], [258.96741824947685, 200.0], [538.9674182494769, 200.0]], [[0.0, 480.0], [280.0, 480.0], [280.0, 760.0], [0.0, 760.0], [0.0, 480.0]], [[400.0, 200.0], [200.0, 120.0], [200.0, 20.0], [400.0, 20.0], [400.0, 200.0]], [[460.0, 660.0], [460.0, 760.0], [280.0, 760.0], [280.0, 660.0], [460.0, 660.0]], [[480.0, 420.0], [200.0, 420.0], [200.0, 140.0], [480.0, 420.0]], [[672.0, 0.0], [672.0, 200.0], [472.0, 200.0], [392.0, 0.0], [672.0, 0.0]], [[455.0, 560.0], [535.0, 400.0], [615.0, 560.0], [455.0, 560.0]], [[245.0, 420.0], [525.0, 420.0], [385.0, 660.0], [245.0, 420.0]]]"
Thu Jul 23 03:02:55 2020,2,1,True,678.9694409961368,0.8395075913339127,"[0, 0, 1, 1, 3, 0, 1, 0, 2, 2, 2, 2]","[[[460.0, 559.9999999999999], [660.0, 559.9999999999999], [660.0, 759.9999999999999], [460.0, 759.9999999999999], [460.0, 559.9999999999999]], [[0.0, 0.0], [200.0, 0.0], [200.0, 200.0], [0.0, 200.0], [0.0, 0.0]], [[180.0, 480.0], [180.0, 760.0], [0.0, 760.0], [0.0, 480.0], [180.0, 480.0]], [[398.96944099613677, 0.0], [398.96944099613677, 280.0], [258.96944099613677, 140.0], [398.96944099613677, 0.0]], [[360.0, 760.0], [180.0, 760.0], [360.0, 480.0], [360.0, 760.0]], [[398.96944099613677, 0.0], [678.9694409961368, 0.0], [678.9694409961368, 280.0], [398.96944099613677, 280.0], [398.96944099613677, 0.0]], [[380.0, 361.03055900386323], [300.0, 561.0305590038632], [200.0, 561.0305590038632], [200.0, 361.03055900386323], [380.0, 361.03055900386323]], [[360.0, 559.9999999999999], [460.0, 559.9999999999999], [460.0, 739.9999999999999], [360.0, 739.9999999999999], [360.0, 559.9999999999999]], [[480.0, 361.03055900386323], [200.0, 361.03055900386323], [200.0, 81.03055900386323], [480.0, 361.03055900386323]], [[200.0, 480.0], [0.0, 480.0], [0.0, 280.0], [200.0, 200.0], [200.0, 480.0]], [[653.9344927522536, 280.0], [573.9344927522536, 440.0], [493.9344927522536, 280.0], [653.9344927522536, 280.0]], [[643.9344927522535, 559.9999999999999], [363.9344927522535, 559.9999999999999], [503.9344927522535, 319.9999999999999], [643.9344927522535, 559.9999999999999]]]"
Thu Jul 23 03:03:14 2020,2,1,True,685.7591354060982,0.831195634984072,"[0, 0, 1, 2, 0, 0, 1, 0, 0, 2, 1, 1]","[[[0.0, 0.0], [200.0, 0.0], [200.0, 200.0], [0.0, 200.0], [0.0, 0.0]], [[485.75913540609815, 559.9999999999999], [685.7591354060982, 559.9999999999999], [685.7591354060982, 759.9999999999999], [485.75913540609815, 759.9999999999999], [485.75913540609815, 559.9999999999999]], [[380.0, 0.0], [380.0, 280.0], [200.0, 280.0], [200.0, 0.0], [380.0, 0.0]], [[280.0, 562.1428571428572], [0.0, 562.1428571428572], [140.0, 422.1428571428572], [280.0, 562.1428571428572]], [[100.0, 742.1428571428572], [100.0, 562.1428571428572], [380.0, 742.1428571428572], [100.0, 742.1428571428572]], [[380.0, 0.0], [660.0, 0.0], [660.0, 280.0], [380.0, 280.0], [380.0, 0.0]], [[487.8571428571428, 280.0], [407.8571428571428, 480.0], [307.8571428571428, 480.0], [307.8571428571428, 280.0], [487.8571428571428, 280.0]], [[0.0, 562.1428571428572], [100.0, 562.1428571428572], [100.0, 742.1428571428572], [0.0, 742.1428571428572], [0.0, 562.1428571428572]], [[27.857142857142776, 280.0], [307.8571428571428, 280.0], [307.8571428571428, 560.0], [27.857142857142776, 280.0]], [[655.8571428571428, 559.9999999999999], [455.8571428571428, 559.9999999999999], [455.8571428571428, 359.9999999999999], [655.8571428571428, 279.9999999999999], [655.8571428571428, 559.9999999999999]], [[0.0, 332.1428571428572], [160.0, 412.1428571428572], [0.0, 492.1428571428572], [0.0, 332.1428571428572]], [[444.99999999999983, 480.0], [444.99999999999983, 760.0], [204.99999999999983, 620.0], [444.99999999999983, 480.0]]]"
Thu Jul 23 03:03:14 2020,2,0,True,658.3287699898542,0.8658287864417418,"[0, 0, 1, 2, 0, 0, 1, 0, 0, 2, 1, 1]","[[[0.0, 0.0], [200.0, 0.0], [200.0, 200.0], [0.0, 200.0], [0.0, 0.0]], [[458.3287699898542, 559.9999999999999], [658.3287699898542, 559.9999999999999], [658.3287699898542, 759.9999999999999], [458.3287699898542, 759.9999999999999], [458.3287699898542, 559.9999999999999]], [[380.0, 0.0], [380.0, 280.0], [200.0, 280.0], [200.0, 0.0], [380.0, 0.0]], [[280.0, 562.1428571428572], [0.0, 562.1428571428572], [140.0, 422.1428571428572], [280.0, 562.1428571428572]], [[100.0, 742.1428571428572], [100.0, 562.1428571428572], [380.0, 742.1428571428572], [100.0, 742.1428571428572]], [[378.3287699898542, 0.0], [658.3287699898542, 0.0], [658.3287699898542, 280.0], [378.3287699898542, 280.0], [378.3287699898542, 0.0]], [[487.8571428571428, 280.0], [407.8571428571428, 480.0], [307.8571428571428, 480.0], [307.8571428571428, 280.0], [487.8571428571428, 280.0]], [[0.0, 562.1428571428572], [100.0, 562.1428571428572], [100.0, 742.1428571428572], [0.0, 742.1428571428572], [0.0, 562.1428571428572]], [[27.85714285714272, 280.0], [307.8571428571427, 280.0], [307.8571428571427, 560.0], [27.85714285714272, 280.0]], [[655.8571428571428, 559.9999999999999], [455.8571428571428, 559.9999999999999], [455.8571428571428, 359.9999999999999], [655.8571428571428, 279.9999999999999], [655.8571428571428, 559.9999999999999]], [[0.0, 332.1428571428572], [160.0, 412.1428571428572], [0.0, 492.1428571428572], [0.0, 332.1428571428572]], [[444.99999999999983, 480.0], [444.99999999999983, 760.0], [204.99999999999983, 620.0], [444.99999999999983, 480.0]]]"
Thu Jul 23 03:03:31 2020,2,1,True,664.9120576897527,0.8572562241997443,"[0, 0, 1, 0, 3, 0, 1, 1, 2, 0, 3, 3]","[[[252.30769230769232, 280.0], [452.3076923076923, 280.0], [452.3076923076923, 480.0], [252.30769230769232, 480.0], [252.30769230769232, 280.0]], [[0.0, 0.0], [200.0, 0.0], [200.0, 200.0], [0.0, 200.0], [0.0, 0.0]], [[380.0, 0.0], [380.0, 280.0], [200.0, 280.0], [200.0, 0.0], [380.0, 0.0]], [[340.0, 620.0], [620.0, 620.0], [480.0, 760.0], [340.0, 620.0]], [[645.1277682027669, 620.0], [465.1277682027669, 620.0], [645.1277682027669, 340.0], [645.1277682027669, 620.0]], [[380.0, 0.0], [660.0, 0.0], [660.0, 280.0], [380.0, 280.0], [380.0, 0.0]], [[635.127768202767, 280.0], [555.127768202767, 480.0], [455.127768202767, 480.0], [455.127768202767, 280.0], [635.127768202767, 280.0]], [[480.0, 480.0], [480.0, 580.0], [300.0, 580.0], [300.0, 480.0], [480.0, 480.0]], [[480.0, 760.0], [200.0, 760.0], [200.0, 480.0], [480.0, 760.0]], [[0.0, 480.0], [200.0, 480.0], [200.0, 680.0], [0.0, 760.0], [0.0, 480.0]], [[252.30769230769232, 506.1538461538462], [92.30769230769232, 426.1538461538462], [252.30769230769232, 346.1538461538462], [252.30769230769232, 506.1538461538462]], [[0.0, 480.0], [0.0, 200.0], [240.0, 340.0], [0.0, 480.0]]]"
Thu Jul 23 03:04:17 2020,2,3,True,671.5611782666502,0.8487685388116281,"[0, 0, 0, 2, 2, 0, 1, 1, 2, 1, 3, 3]","[[[180.0, 280.0], [380.0, 280.0], [380.0, 480.0], [180.0, 480.0], [180.0, 280.0]], [[471.56117826665024, 100.0], [671.5611782666502, 100.0], [671.5611782666502, 300.0], [471.56117826665024, 300.0], [471.56117826665024, 100.0]], [[0.0, 580.0], [280.0, 580.0], [280.0, 760.0], [0.0, 760.0], [0.0, 580.0]], [[671.5611782666502, 760.0], [391.56117826665024, 760.0], [531.5611782666502, 620.0], [671.5611782666502, 760.0]], [[671.5611782666502, 500.0], [671.5611782666502, 680.0], [391.56117826665024, 500.0], [671.5611782666502, 500.0]], [[191.56117826665024, 0.0], [471.56117826665024, 0.0], [471.56117826665024, 280.0], [191.56117826665024, 280.0], [191.56117826665024, 0.0]], [[180.0, 80.0], [100.0, 280.0], [0.0, 280.0], [0.0, 80.0], [180.0, 80.0]], [[660.0, 0.0], [660.0, 100.0], [480.0, 100.0], [480.0, 0.0], [660.0, 0.0]], [[280.0, 580.0], [0.0, 580.0], [0.0, 300.0], [280.0, 580.0]], [[664.0, 300.0], [664.0, 500.0], [464.0, 500.0], [384.0, 300.0], [664.0, 300.0]], [[180.0, 400.0], [20.0, 320.0], [180.0, 240.0], [180.0, 400.0]], [[280.0, 760.0], [280.0, 480.0], [520.0, 620.0], [280.0, 760.0]]]"
Thu Jul 23 03:04:38 2020,2,1,True,678.2767900493168,0.840364889912503,"[0, 0, 1, 1, 1, 0, 1, 1, 2, 1, 0, 2]","[[[0.0, 557.0459257988286], [200.0, 557.0459257988286], [200.0, 757.0459257988286], [0.0, 757.0459257988286], [0.0, 557.0459257988286]], [[319.2992420015014, 280.0], [519.2992420015014, 280.0], [519.2992420015014, 480.0], [319.2992420015014, 480.0], [319.2992420015014, 280.0]], [[672.9540742011714, 0.0], [672.9540742011714, 280.0], [492.95407420117135, 280.0], [492.95407420117135, 0.0], [672.9540742011714, 0.0]], [[212.95407420117135, 110.0], [212.95407420117135, 390.0], [72.95407420117135, 250.0], [212.95407420117135, 110.0]], [[200.0, 480.0], [380.0, 480.0], [200.0, 760.0], [200.0, 480.0]], [[212.95407420117135, 0.0], [492.95407420117135, 0.0], [492.95407420117135, 280.0], [212.95407420117135, 280.0], [212.95407420117135, 0.0]], [[202.95407420117135, 0.0], [122.95407420117135, 200.0], [22.954074201171352, 200.0], [22.954074201171352, 0.0], [202.95407420117135, 0.0]], [[180.0, 457.04592579882865], [180.0, 557.0459257988286], [0.0, 557.0459257988286], [0.0, 457.04592579882865], [180.0, 457.04592579882865]], [[280.0, 457.04592579882865], [0.0, 457.04592579882865], [0.0, 177.04592579882865], [280.0, 457.04592579882865]], [[678.2767900493168, 532.5561298804615], [678.2767900493168, 732.5561298804615], [478.2767900493168, 732.5561298804615], [398.2767900493168, 532.5561298804615], [678.2767900493168, 532.5561298804615]], [[493.02117706127063, 532.5561298804615], [573.0211770612707, 372.5561298804615], [653.0211770612707, 532.5561298804615], [493.02117706127063, 532.5561298804615]], [[494.2857142857143, 760.0], [214.28571428571428, 760.0], [354.2857142857143, 520.0], [494.2857142857143, 760.0]]]"
Thu Jul 23 03:04:55 2020,2,1,True,685.0595579498099,0.8320444454579238,"[0, 0, 1, 1, 3, 0, 3, 0, 2, 1, 1, 0]","[[[303.145718447344, 280.0], [503.145718447344, 280.0], [503.145718447344, 480.0], [303.145718447344, 480.0], [303.145718447344, 280.0]], [[460.0, 560.0], [660.0, 560.0], [660.0, 760.0], [460.0, 760.0], [460.0, 560.0]], [[180.0, 480.0], [180.0, 760.0], [0.0, 760.0], [0.0, 480.0], [180.0, 480.0]], [[677.8788120310118, 9.452707289367993], [677.8788120310118, 289.452707289368], [537.8788120310118, 149.452707289368], [677.8788120310118, 9.452707289367993]], [[234.36874252320692, 280.0], [54.36874252320692, 280.0], [234.36874252320692, 0.0], [234.36874252320692, 280.0]], [[180.0, 480.0], [460.0, 480.0], [460.0, 760.0], [180.0, 760.0], [180.0, 480.0]], [[471.145718447344, 560.0], [551.145718447344, 360.0], [651.145718447344, 360.0], [651.145718447344, 560.0], [471.145718447344, 560.0]], [[0.0, 29.01804392498852], [100.0, 29.01804392498852], [100.0, 209.01804392498852], [0.0, 209.01804392498852], [0.0, 29.01804392498852]], [[525.0595579498099, 280.0], [245.0595579498099, 280.0], [245.0595579498099, 0.0], [525.0595579498099, 280.0]], [[300.98195607501157, 280.0], [300.98195607501157, 480.0], [100.98195607501157, 480.0], [20.981956075011567, 280.0], [300.98195607501157, 280.0]], [[525.0595579498099, 213.04308024876707], [685.0595579498099, 293.04308024876707], [525.0595579498099, 373.04308024876707], [525.0595579498099, 213.04308024876707]], [[345.0595579498099, 0.0], [625.0595579498099, 0.0], [485.0595579498099, 240.0], [345.0595579498099, 0.0]]]"
Thu Jul 23 03:04:55 2020,2,0,True,657.6571756318175,0.8667129640186707,"[0, 0, 1, 1, 3, 0, 3, 0, 2, 1, 1, 0]","[[[297.6571756318175, 280.0], [497.6571756318175, 280.0], [497.6571756318175, 480.0], [297.6571756318175, 480.0], [297.6571756318175, 280.0]], [[457.6571756318175, 560.0], [657.6571756318175, 560.0], [657.6571756318175, 760.0], [457.6571756318175, 760.0], [457.6571756318175, 560.0]], [[180.0, 480.0], [180.0, 760.0], [0.0, 760.0], [0.0, 480.0], [180.0, 480.0]], [[657.6571756318175, 9.452707289367993], [657.6571756318175, 289.452707289368], [517.6571756318175, 149.452707289368], [657.6571756318175, 9.452707289367993]], [[217.6571756318175, 280.0], [37.657175631817495, 280.0], [217.6571756318175, 0.0], [217.6571756318175, 280.0]], [[177.6571756318175, 480.0], [457.6571756318175, 480.0], [457.6571756318175, 760.0], [177.6571756318175, 760.0], [177.6571756318175, 480.0]], [[471.145718447344, 560.0], [551.145718447344, 360.0], [651.145718447344, 360.0], [651.145718447344, 560.0], [471.145718447344, 560.0]], [[0.0, 3.0222732050494017], [100.0, 3.0222732050494017], [100.0, 183.0222732050494], [0.0, 183.0222732050494], [0.0, 3.0222732050494017]], [[497.6571756318175, 280.0], [217.6571756318175, 280.0], [217.6571756318175, 0.0], [497.6571756318175, 280.0]], [[280.0, 280.0], [280.0, 480.0], [80.0, 480.0], [0.0, 280.0], [280.0, 280.0]], [[497.6571756318175, 213.04308024876707], [657.6571756318175, 293.04308024876707], [497.6571756318175, 373.04308024876707], [497.6571756318175, 213.04308024876707]], [[317.6571756318175, 0.0], [597.6571756318175, 0.0], [457.6571756318175, 240.0], [317.6571756318175, 0.0]]]"
Thu Jul 23 03:07:10 2020,2,5,True,664.2337473881357,0.8581316475432382,"[0, 0, 1, 1, 1, 0, 0, 0, 3, 1, 0, 2]","[[[445.71473809732765, 297.17750174124285], [645.7147380973277, 297.17750174124285], [645.7147380973277, 497.17750174124285], [445.71473809732765, 497.17750174124285], [445.71473809732765, 297.17750174124285]], [[464.2337473881357, 560.0], [664.2337473881357, 560.0], [664.2337473881357, 760.0], [464.2337473881357, 760.0], [464.2337473881357, 560.0]], [[180.0, 280.0], [180.0, 560.0], [0.0, 560.0], [0.0, 280.0], [180.0, 280.0]], [[664.2337473881357, 0.0], [664.2337473881357, 280.0], [524.2337473881357, 140.0], [664.2337473881357, 0.0]], [[180.0, 280.0], [360.0, 280.0], [180.0, 560.0], [180.0, 280.0]], [[0.0, 0.0], [280.0, 0.0], [280.0, 280.0], [0.0, 280.0], [0.0, 0.0]], [[0.0, 560.0], [200.0, 640.0], [200.0, 740.0], [0.0, 740.0], [0.0, 560.0]], [[280.0, 0.0], [380.0, 0.0], [380.0, 180.0], [280.0, 180.0], [280.0, 0.0]], [[380.0, 280.0], [380.0, 0.0], [660.0, 0.0], [380.0, 280.0]], [[464.2337473881357, 553.4141707295668], [464.2337473881357, 753.4141707295668], [264.2337473881357, 753.4141707295668], [184.23374738813573, 553.4141707295668], [464.2337473881357, 553.4141707295668]], [[442.82249825875715, 297.17750174124285], [522.8224982587572, 137.17750174124285], [602.8224982587572, 297.17750174124285], [442.82249825875715, 297.17750174124285]], [[478.51946167384995, 553.4141707295668], [198.51946167384995, 553.4141707295668], [338.51946167384995, 313.41417072956676], [478.51946167384995, 553.4141707295668]]]"
Thu Jul 23 03:08:36 2020,2,5,False,670.8760848620171,0.8496352945972655,"[0, 0, 1, 1, 1, 0, 1, 0, 0, 1, 0, 2]","[[[137.51737783643017, 0.0], [337.51737783643017, 0.0], [337.51737783643017, 200.0], [137.51737783643017, 200.0], [137.51737783643017, 0.0]], [[190.8507111697637, 279.9999999999999], [390.8507111697637, 279.9999999999999], [390.8507111697637, 479.9999999999999], [190.8507111697637, 479.9999999999999], [190.8507111697637, 279.9999999999999]], [[390.8507111697637, 479.9999999999999], [390.8507111697637, 759.9999999999999], [210.8507111697637, 759.9999999999999], [210.8507111697637, 479.9999999999999], [390.8507111697637, 479.9999999999999]], [[202.60869565217394, 442.608695652174], [202.60869565217394, 722.608695652174], [62.608695652173935, 582.608695652174], [202.60869565217394, 442.608695652174]], [[0.0, 400.0], [180.0, 400.0], [0.0, 680.0], [0.0, 400.0]], [[390.87608486201714, 280.0], [670.8760848620171, 280.0], [670.8760848620171, 560.0], [390.87608486201714, 560.0], [390.87608486201714, 280.0]], [[180.0, 200.0], [100.0, 400.0], [0.0, 400.0], [0.0, 200.0], [180.0, 200.0]], [[0.0, 20.0], [100.0, 20.0], [100.0, 200.0], [0.0, 200.0], [0.0, 20.0]], [[390.87608486201714, 0.0], [670.8760848620171, 0.0], [670.8760848620171, 280.0], [390.87608486201714, 0.0]], [[670.8760848620171, 559.9999999999999], [670.8760848620171, 759.9999999999999], [470.87608486201714, 759.9999999999999], [390.87608486201714, 559.9999999999999], [670.8760848620171, 559.9999999999999]], [[0.0, 760.0], [80.0, 600.0], [160.0, 760.0], [0.0, 760.0]], [[570.8507111697636, 279.9999999999999], [290.8507111697636, 279.9999999999999], [430.8507111697636, 39.999999999999886], [570.8507111697636, 279.9999999999999]]]"
Thu Jul 23 03:09:29 2020,2,3,True,677.5848457106373,0.8412230639576886,"[0, 0, 0, 0, 0, 0, 0, 0, 2, 2, 3, 1]","[[[0.0, 560.0], [200.0, 560.0], [200.0, 760.0], [0.0, 760.0], [0.0, 560.0]], [[117.15206485244619, 222.34597997511315], [317.1520648524462, 222.34597997511315], [317.1520648524462, 422.34597997511315], [117.15206485244619, 422.34597997511315], [117.15206485244619, 222.34597997511315]], [[375.3080400497737, 0.0], [655.3080400497737, 0.0], [655.3080400497737, 180.0], [375.3080400497737, 180.0], [375.3080400497737, 0.0]], [[298.32675575325067, 180.0], [578.3267557532506, 180.0], [438.32675575325067, 320.0], [298.32675575325067, 180.0]], [[0.0, 527.0339382842549], [0.0, 347.0339382842549], [280.0, 527.0339382842549], [0.0, 527.0339382842549]], [[397.5848457106373, 480.0], [677.5848457106373, 480.0], [677.5848457106373, 760.0], [397.5848457106373, 760.0], [397.5848457106373, 480.0]], [[0.0, 42.34597997511315], [200.0, 122.34597997511315], [200.0, 222.34597997511315], [0.0, 222.34597997511315], [0.0, 42.34597997511315]], [[275.3080400497737, 0.0], [375.3080400497737, 0.0], [375.3080400497737, 180.0], [275.3080400497737, 180.0], [275.3080400497737, 0.0]], [[597.1520648524462, 480.0], [317.1520648524462, 480.0], [317.1520648524462, 200.0], [597.1520648524462, 480.0]], [[397.5848457106373, 760.0], [197.5848457106373, 760.0], [197.5848457106373, 560.0], [397.5848457106373, 480.0], [397.5848457106373, 760.0]], [[275.3080400497737, 160.0], [115.3080400497737, 80.0], [275.3080400497737, 0.0], [275.3080400497737, 160.0]], [[677.5848457106373, 180.43278085819105], [677.5848457106373, 460.43278085819105], [437.5848457106373, 320.43278085819105], [677.5848457106373, 180.43278085819105]]]"
Thu Jul 23 03:09:56 2020,2,1,True,684.3606941677436,0.8328941227303848,"[0, 0, 0, 1, 3, 0, 3, 0, 3, 2, 3, 3]","[[[0.0, 188.17405405376797], [200.0, 188.17405405376797], [200.0, 388.174054053768], [0.0, 388.174054053768], [0.0, 188.17405405376797]], [[204.36069416774365, 280.0], [404.36069416774365, 280.0], [404.36069416774365, 480.0], [204.36069416774365, 480.0], [204.36069416774365, 280.0]], [[0.0, 0.0], [280.0, 0.0], [280.0, 180.0], [0.0, 180.0], [0.0, 0.0]], [[480.0, 75.63930583225635], [480.0, 355.63930583225635], [340.0, 215.63930583225635], [480.0, 75.63930583225635]], [[304.36069416774365, 760.0], [124.36069416774365, 760.0], [304.36069416774365, 480.0], [304.36069416774365, 760.0]], [[404.36069416774365, 480.0], [684.3606941677436, 480.0], [684.3606941677436, 760.0], [404.36069416774365, 760.0], [404.36069416774365, 480.0]], [[470.4814518822118, 480.0], [550.4814518822118, 280.0], [650.4814518822118, 280.0], [650.4814518822118, 480.0], [470.4814518822118, 480.0]], [[304.36069416774365, 480.0], [404.36069416774365, 480.0], [404.36069416774365, 660.0], [304.36069416774365, 660.0], [304.36069416774365, 480.0]], [[280.0, 280.0], [280.0, 0.0], [560.0, 0.0], [280.0, 280.0]], [[680.0, 280.0], [480.0, 280.0], [480.0, 80.0], [680.0, 0.0], [680.0, 280.0]], [[204.36069416774365, 545.9937069698962], [44.360694167743645, 465.99370696989615], [204.36069416774365, 385.99370696989615], [204.36069416774365, 545.9937069698962]], [[0.0, 720.1166353720457], [0.0, 440.1166353720457], [240.0, 580.1166353720457], [0.0, 720.1166353720457]]]"
Thu Jul 23 03:10:25 2020,2,1,True,691.2043011094211,0.8246476462677077,"[0, 0, 1, 2, 3, 0, 0, 1, 0, 0, 0, 0]","[[[0.0, 560.0], [200.0, 560.0], [200.0, 760.0], [0.0, 760.0], [0.0, 560.0]], [[280.0, 280.0], [480.0, 280.0], [480.0, 480.0], [280.0, 480.0], [280.0, 280.0]], [[691.2043011094211, 160.0], [691.2043011094211, 440.0], [511.20430110942107, 440.0], [511.20430110942107, 160.0], [691.2043011094211, 160.0]], [[635.9760459744507, 760.0], [355.9760459744507, 760.0], [495.9760459744507, 620.0], [635.9760459744507, 760.0]], [[511.20430110942107, 280.0], [331.20430110942107, 280.0], [511.20430110942107, 0.0], [511.20430110942107, 280.0]], [[0.0, 100.0], [280.0, 100.0], [280.0, 380.0], [0.0, 380.0], [0.0, 100.0]], [[0.0, 380.0], [200.0, 460.0], [200.0, 560.0], [0.0, 560.0], [0.0, 380.0]], [[180.0, 0.0], [180.0, 100.0], [0.0, 100.0], [0.0, 0.0], [180.0, 0.0]], [[411.20430110942107, 480.0], [691.2043011094211, 480.0], [691.2043011094211, 760.0], [411.20430110942107, 480.0]], [[211.20430110942107, 480.0], [411.20430110942107, 480.0], [411.20430110942107, 680.0], [211.20430110942107, 760.0], [211.20430110942107, 480.0]], [[515.9523809523811, 160.0], [595.9523809523811, 0.0], [675.9523809523811, 160.0], [515.9523809523811, 160.0]], [[221.66666666666669, 0.0], [501.6666666666667, 0.0], [361.6666666666667, 240.0], [221.66666666666669, 0.0]]]"
Thu Jul 23 03:10:40 2020,2,1,True,698.1163441205152,0.8164828180868394,"[0, 0, 0, 0, 0, 0, 3, 1, 0, 2, 1, 1]","[[[463.55612906504416, 0.0], [663.5561290650442, 0.0], [663.5561290650442, 200.0], [463.55612906504416, 200.0], [463.55612906504416, 0.0]], [[200.0, 560.0], [400.0, 560.0], [400.0, 760.0], [200.0, 760.0], [200.0, 560.0]], [[0.0, 100.0], [280.0, 100.0], [280.0, 280.0], [0.0, 280.0], [0.0, 100.0]], [[180.0, 0.0], [460.0, 0.0], [320.0, 140.0], [180.0, 0.0]], [[280.0, 480.0], [280.0, 300.0], [560.0, 480.0], [280.0, 480.0]], [[400.0, 480.0], [680.0, 480.0], [680.0, 760.0], [400.0, 760.0], [400.0, 480.0]], [[283.55612906504416, 296.44387093495584], [363.55612906504416, 96.44387093495584], [463.55612906504416, 96.44387093495584], [463.55612906504416, 296.44387093495584], [283.55612906504416, 296.44387093495584]], [[180.0, 0.0], [180.0, 100.0], [0.0, 100.0], [0.0, 0.0], [180.0, 0.0]], [[0.0, 280.0], [280.0, 280.0], [280.0, 560.0], [0.0, 280.0]], [[200.0, 760.0], [0.0, 760.0], [0.0, 560.0], [200.0, 480.0], [200.0, 760.0]], [[0.0, 360.0], [160.0, 440.0], [0.0, 520.0], [0.0, 360.0]], [[628.888479239254, 200.0], [628.888479239254, 480.0], [388.888479239254, 340.0], [628.888479239254, 200.0]]]"
Thu Jul 23 03:10:56 2020,2,1,True,705.0975075617204,0.8083988297889498,"[0, 0, 1, 3, 1, 0, 1, 1, 1, 1, 0, 2]","[[[463.55612906504416, 0.0], [663.5561290650442, 0.0], [663.5561290650442, 200.0], [463.55612906504416, 200.0], [463.55612906504416, 0.0]], [[460.0, 200.0], [660.0, 200.0], [660.0, 400.0], [460.0, 400.0], [460.0, 200.0]], [[460.0, 140.0], [460.0, 420.0], [280.0, 420.0], [280.0, 140.0], [460.0, 140.0]], [[505.09750756172025, 680.0], [505.09750756172025, 400.0], [645.0975075617202, 540.0], [505.09750756172025, 680.0]], [[0.0, 290.52204879971293], [180.0, 290.52204879971293], [0.0, 570.5220487997129], [0.0, 290.52204879971293]], [[0.0, 0.0], [280.0, 0.0], [280.0, 280.0], [0.0, 280.0], [0.0, 0.0]], [[186.7641742283869, 560.0], [106.7641742283869, 760.0], [6.764174228386906, 760.0], [6.764174228386906, 560.0], [186.7641742283869, 560.0]], [[460.0, 0.0], [460.0, 100.0], [280.0, 100.0], [280.0, 0.0], [460.0, 0.0]], [[705.0975075617204, 480.0], [705.0975075617204, 760.0], [425.09750756172036, 760.0], [705.0975075617204, 480.0]], [[505.09750756172025, 420.0], [505.09750756172025, 620.0], [305.09750756172025, 620.0], [225.09750756172025, 420.0], [505.09750756172025, 420.0]], [[53.33333333333324, 560.0], [133.33333333333326, 400.0], [213.33333333333326, 560.0], [53.33333333333324, 560.0]], [[386.76417422838693, 760.0], [106.76417422838693, 760.0], [246.76417422838693, 520.0], [386.76417422838693, 760.0]]]"
Thu Jul 23 03:10:58 2020,2,0,True,676.8936072592516,0.8420821143634895,"[0, 0, 1, 0, 1, 0, 1, 0, 1, 1, 0, 2]","[[[463.55612906504416, 0.0], [663.5561290650442, 0.0], [663.5561290650442, 200.0], [463.55612906504416, 200.0], [463.55612906504416, 0.0]], [[460.0, 200.0], [660.0, 200.0], [660.0, 400.0], [460.0, 400.0], [460.0, 200.0]], [[460.0, 74.28571428571433], [460.0, 354.28571428571433], [280.0, 354.28571428571433], [280.0, 74.28571428571433], [460.0, 74.28571428571433]], [[283.06606583235583, 593.8275414268956], [563.0660658323559, 593.8275414268956], [423.06606583235583, 733.8275414268956], [283.06606583235583, 593.8275414268956]], [[0.0, 280.0], [180.0, 280.0], [0.0, 560.0], [0.0, 280.0]], [[0.0, 0.0], [280.0, 0.0], [280.0, 280.0], [0.0, 280.0], [0.0, 0.0]], [[180.0, 560.0], [100.0, 760.0], [0.0, 760.0], [0.0, 560.0], [180.0, 560.0]], [[460.0, 400.0], [560.0, 400.0], [560.0, 580.0], [460.0, 580.0], [460.0, 400.0]], [[676.8936072592516, 480.0], [676.8936072592516, 760.0], [396.89360725925155, 760.0], [676.8936072592516, 480.0]], [[460.0, 354.28571428571433], [460.0, 554.2857142857143], [260.0, 554.2857142857143], [180.0, 354.28571428571433], [460.0, 354.28571428571433]], [[53.33333333333324, 560.0], [133.33333333333326, 400.0], [213.33333333333326, 560.0], [53.33333333333324, 560.0]], [[380.0, 760.0], [100.0, 760.0], [240.0, 520.0], [380.0, 760.0]]]"
Thu Jul 23 03:11:09 2020,2,1,True,683.6625433318441,0.8337446676866233,"[0, 0, 1, 0, 1, 0, 1, 0, 1, 1, 2, 2]","[[[0.0, 360.0], [200.0, 360.0], [200.0, 560.0], [0.0, 560.0], [0.0, 360.0]], [[448.0, 300.0], [648.0, 300.0], [648.0, 500.0], [448.0, 500.0], [448.0, 300.0]], [[460.0, 0.0], [460.0, 280.0], [280.0, 280.0], [280.0, 0.0], [460.0, 0.0]], [[375.2732055466779, 500.0], [655.2732055466779, 500.0], [515.2732055466779, 640.0], [375.2732055466779, 500.0]], [[460.0, 0.0], [640.0, 0.0], [460.0, 280.0], [460.0, 0.0]], [[0.0, 0.0], [280.0, 0.0], [280.0, 280.0], [0.0, 280.0], [0.0, 0.0]], [[180.0, 560.0], [100.0, 760.0], [0.0, 760.0], [0.0, 560.0], [180.0, 560.0]], [[562.8571428571428, 120.0], [662.8571428571428, 120.0], [662.8571428571428, 300.0], [562.8571428571428, 300.0], [562.8571428571428, 120.0]], [[683.6625433318441, 480.0], [683.6625433318441, 760.0], [403.66254333184406, 760.0], [683.6625433318441, 480.0]], [[448.0, 280.0], [448.0, 480.0], [248.0, 480.0], [168.0, 280.0], [448.0, 280.0]], [[475.27320554667796, 600.0], [395.27320554667796, 760.0], [315.27320554667796, 600.0], [475.27320554667796, 600.0]], [[386.7880913540791, 743.0297716148023], [106.78809135407909, 743.0297716148023], [246.78809135407909, 503.02977161480226], [386.7880913540791, 743.0297716148023]]]"
Thu Jul 23 03:11:18 2020,2,1,True,690.4991687651625,0.8254897699867556,"[0, 0, 1, 0, 3, 0, 0, 1, 1, 1, 1, 0]","[[[0.0, 320.0], [200.0, 320.0], [200.0, 520.0], [0.0, 520.0], [0.0, 320.0]], [[464.0, 279.7642266623085], [664.0, 279.7642266623085], [664.0, 479.7642266623085], [464.0, 479.7642266623085], [464.0, 279.7642266623085]], [[460.0, 0.0], [460.0, 280.0], [280.0, 280.0], [280.0, 0.0], [460.0, 0.0]], [[365.7946235726241, 490.5214180259462], [645.7946235726241, 490.5214180259462], [505.7946235726241, 630.5214180259462], [365.7946235726241, 490.5214180259462]], [[319.99999999999994, 760.0], [139.99999999999994, 760.0], [319.99999999999994, 480.0], [319.99999999999994, 760.0]], [[0.0, 0.0], [280.0, 0.0], [280.0, 280.0], [0.0, 280.0], [0.0, 0.0]], [[459.4105666557713, 99.76422666230849], [659.4105666557713, 179.7642266623085], [659.4105666557713, 279.7642266623085], [459.4105666557713, 279.7642266623085], [459.4105666557713, 99.76422666230849]], [[690.4991687651625, 20.19966750606497], [690.4991687651625, 120.19966750606497], [510.4991687651625, 120.19966750606497], [510.4991687651625, 20.19966750606497], [690.4991687651625, 20.19966750606497]], [[656.3160415985702, 480.0], [656.3160415985702, 760.0], [376.3160415985702, 760.0], [656.3160415985702, 480.0]], [[464.0, 280.0], [464.0, 480.0], [264.0, 480.0], [184.0, 280.0], [464.0, 280.0]], [[319.99999999999994, 524.7267944533221], [479.99999999999994, 604.7267944533221], [319.99999999999994, 684.7267944533221], [319.99999999999994, 524.7267944533221]], [[0.0, 520.0], [280.0, 520.0], [140.0, 760.0], [0.0, 520.0]]]"
Thu Jul 23 03:11:19 2020,2,0,True,662.879202014556,0.8598851770695373,"[0, 0, 1, 0, 3, 0, 0, 1, 1, 1, 1, 0]","[[[0.0, 320.0], [200.0, 320.0], [200.0, 520.0], [0.0, 520.0], [0.0, 320.0]], [[462.879202014556, 280.0], [662.879202014556, 280.0], [662.879202014556, 480.0], [462.879202014556, 480.0], [462.879202014556, 280.0]], [[460.0, 0.0], [460.0, 280.0], [280.0, 280.0], [280.0, 0.0], [460.0, 0.0]], [[367.47287305274284, 492.199667506065], [647.4728730527429, 492.199667506065], [507.47287305274284, 632.199667506065], [367.47287305274284, 492.199667506065]], [[319.99999999999994, 760.0], [139.99999999999994, 760.0], [319.99999999999994, 480.0], [319.99999999999994, 760.0]], [[0.0, 0.0], [280.0, 0.0], [280.0, 280.0], [0.0, 280.0], [0.0, 0.0]], [[460.0, 100.0], [660.0, 180.0], [660.0, 280.0], [460.0, 280.0], [460.0, 100.0]], [[640.0, 0.0], [640.0, 100.0], [460.0, 100.0], [460.0, 0.0], [640.0, 0.0]], [[662.879202014556, 480.0], [662.879202014556, 760.0], [382.879202014556, 760.0], [662.879202014556, 480.0]], [[462.879202014556, 280.0], [462.879202014556, 480.0], [262.879202014556, 480.0], [182.87920201455597, 280.0], [462.879202014556, 280.0]], [[319.99999999999994, 524.7267944533221], [479.99999999999994, 604.7267944533221], [319.99999999999994, 684.7267944533221], [319.99999999999994, 524.7267944533221]], [[0.0, 520.0], [280.0, 520.0], [140.0, 760.0], [0.0, 520.0]]]"
Thu Jul 23 03:11:41 2020,2,1,True,669.5079940347015,0.8513714624450864,"[0, 0, 1, 0, 3, 0, 1, 1, 3, 3, 0, 0]","[[[436.3640339339737, 0.0], [636.3640339339737, 0.0], [636.3640339339737, 200.0], [436.3640339339737, 200.0], [436.3640339339737, 0.0]], [[180.0, 283.6359660660263], [380.0, 283.6359660660263], [380.0, 483.6359660660263], [180.0, 483.6359660660263], [180.0, 283.6359660660263]], [[180.0, 283.6359660660263], [180.0, 563.6359660660263], [0.0, 563.6359660660263], [0.0, 283.6359660660263], [180.0, 283.6359660660263]], [[156.3640339339737, 123.6359660660263], [436.3640339339737, 123.6359660660263], [296.3640339339737, 263.6359660660263], [156.3640339339737, 123.6359660660263]], [[638.701440690705, 760.0], [458.701440690705, 760.0], [638.701440690705, 480.0], [638.701440690705, 760.0]], [[380.0, 200.0], [660.0, 200.0], [660.0, 480.0], [380.0, 480.0], [380.0, 200.0]], [[180.0, 560.0], [100.0, 760.0], [0.0, 760.0], [0.0, 560.0], [180.0, 560.0]], [[436.3640339339737, 23.6359660660263], [436.3640339339737, 123.6359660660263], [256.3640339339737, 123.6359660660263], [256.3640339339737, 23.6359660660263], [436.3640339339737, 23.6359660660263]], [[0.0, 280.0], [0.0, 0.0], [280.0, 0.0], [0.0, 280.0]], [[180.0, 752.6515439662636], [180.0, 552.6515439662636], [380.0, 552.6515439662636], [460.0, 752.6515439662636], [180.0, 752.6515439662636]], [[76.3640339339737, 283.6359660660263], [156.3640339339737, 123.6359660660263], [236.3640339339737, 283.6359660660263], [76.3640339339737, 283.6359660660263]], [[339.74091289152824, 483.6359660660263], [619.7409128915283, 483.6359660660263], [479.74091289152824, 723.6359660660263], [339.74091289152824, 483.6359660660263]]]"
Thu Jul 23 03:11:55 2020,2,1,True,676.2030739750485,0.842942042024838,"[0, 0, 1, 3, 0, 0, 2, 1, 1, 3, 2, 1]","[[[0.0, 0.0], [200.0, 0.0], [200.0, 200.0], [0.0, 200.0], [0.0, 0.0]], [[200.0, 0.0], [400.0, 0.0], [400.0, 200.0], [200.0, 200.0], [200.0, 0.0]], [[180.0, 279.8464395909974], [180.0, 559.8464395909974], [0.0, 559.8464395909974], [0.0, 279.8464395909974], [180.0, 279.8464395909974]], [[460.0, 475.0895769052516], [460.0, 195.0895769052516], [600.0, 335.0895769052516], [460.0, 475.0895769052516]], [[320.647518419493, 760.0], [320.647518419493, 580.0], [600.647518419493, 760.0], [320.647518419493, 760.0]], [[180.0, 199.84643959099742], [460.0, 199.84643959099742], [460.0, 479.8464395909974], [180.0, 479.8464395909974], [180.0, 199.84643959099742]], [[676.2030739750485, 760.0], [476.2030739750485, 680.0], [476.2030739750485, 580.0], [676.2030739750485, 580.0], [676.2030739750485, 760.0]], [[580.0, 0.0], [580.0, 100.0], [400.0, 100.0], [400.0, 0.0], [580.0, 0.0]], [[639.8464395909973, 300.0], [639.8464395909973, 580.0], [359.8464395909973, 580.0], [639.8464395909973, 300.0]], [[0.0, 759.8464395909974], [0.0, 559.8464395909974], [200.0, 559.8464395909974], [280.0, 759.8464395909974], [0.0, 759.8464395909974]], [[340.0, 480.0], [260.0, 640.0], [180.0, 480.0], [340.0, 480.0]], [[676.2030739750485, 41.20803672402985], [676.2030739750485, 321.20803672402985], [436.2030739750485, 181.20803672402985], [676.2030739750485, 41.20803672402985]]]"
Thu Jul 23 03:12:04 2020,2,0,True,649.1549510160465,0.8780646271092063,"[0, 0, 0, 3, 3, 0, 1, 0, 1, 3, 1, 1]","[[[0.0, 0.0], [200.0, 0.0], [200.0, 200.0], [0.0, 200.0], [0.0, 0.0]], [[200.0, 0.0], [400.0, 0.0], [400.0, 200.0], [200.0, 200.0], [200.0, 0.0]], [[340.0, 580.0], [620.0, 580.0], [620.0, 760.0], [340.0, 760.0], [340.0, 580.0]], [[460.0, 479.99999999999994], [460.0, 199.99999999999994], [600.0, 339.99999999999994], [460.0, 479.99999999999994]], [[180.0, 555.5555555555554], [0.0, 555.5555555555554], [180.0, 275.55555555555543], [180.0, 555.5555555555554]], [[180.0, 199.9999999999999], [460.0, 199.9999999999999], [460.0, 479.9999999999999], [180.0, 479.9999999999999], [180.0, 199.9999999999999]], [[180.0, 199.9999999999999], [100.0, 399.9999999999999], [0.0, 399.9999999999999], [0.0, 199.9999999999999], [180.0, 199.9999999999999]], [[240.0, 479.9999999999999], [340.0, 479.9999999999999], [340.0, 659.9999999999999], [240.0, 659.9999999999999], [240.0, 479.9999999999999]], [[636.8421052631579, 303.15789473684185], [636.8421052631579, 583.1578947368419], [356.8421052631579, 583.1578947368419], [636.8421052631579, 303.15789473684185]], [[0.0, 759.8464395909974], [0.0, 559.8464395909974], [200.0, 559.8464395909974], [280.0, 759.8464395909974], [0.0, 759.8464395909974]], [[400.0, 0.0], [560.0, 80.0], [400.0, 160.0], [400.0, 0.0]], [[647.1428571428572, 29.16666666666663], [647.1428571428572, 309.16666666666663], [407.1428571428572, 169.16666666666663], [647.1428571428572, 29.16666666666663]]]"
Thu Jul 23 03:13:43 2020,2,5,True,655.646500526207,0.8693709179299073,"[0, 0, 1, 0, 0, 0, 3, 0, 3, 3, 2, 2]","[[[0.0, 560.0], [200.0, 560.0], [200.0, 760.0], [0.0, 760.0], [0.0, 560.0]], [[455.646500526207, 0.0], [655.646500526207, 0.0], [655.646500526207, 200.0], [455.646500526207, 200.0], [455.646500526207, 0.0]], [[360.0, 280.0], [360.0, 560.0], [180.0, 560.0], [180.0, 280.0], [360.0, 280.0]], [[121.66666666666669, 0.0], [401.6666666666667, 0.0], [261.6666666666667, 140.0], [121.66666666666669, 0.0]], [[0.0, 180.0], [0.0, 0.0], [280.0, 180.0], [0.0, 180.0]], [[360.0, 279.9999999999999], [640.0, 279.9999999999999], [640.0, 559.9999999999999], [360.0, 559.9999999999999], [360.0, 279.9999999999999]], [[475.646500526207, 759.9999999999999], [555.646500526207, 559.9999999999999], [655.646500526207, 559.9999999999999], [655.646500526207, 759.9999999999999], [475.646500526207, 759.9999999999999]], [[80.0, 380.0], [180.0, 380.0], [180.0, 560.0], [80.0, 560.0], [80.0, 380.0]], [[0.0, 460.0], [0.0, 180.0], [280.0, 180.0], [0.0, 460.0]], [[195.64650052620695, 759.9999999999999], [195.64650052620695, 559.9999999999999], [395.646500526207, 559.9999999999999], [475.646500526207, 759.9999999999999], [195.64650052620695, 759.9999999999999]], [[555.6465005262069, 559.9999999999999], [475.6465005262069, 719.9999999999999], [395.6465005262069, 559.9999999999999], [555.6465005262069, 559.9999999999999]], [[501.6666666666667, 280.0], [221.66666666666669, 280.0], [361.6666666666667, 40.0], [501.6666666666667, 280.0]]]"
Thu Jul 23 03:14:03 2020,2,1,True,662.2029655314691,0.860763285079116,"[0, 0, 1, 0, 0, 0, 1, 0, 1, 0, 0, 1]","[[[157.77777777777777, 560.0], [357.77777777777777, 560.0], [357.77777777777777, 760.0], [157.77777777777777, 760.0], [157.77777777777777, 560.0]], [[0.0, 30.0], [200.0, 30.0], [200.0, 230.0], [0.0, 230.0], [0.0, 30.0]], [[180.0, 230.0], [180.0, 510.0], [0.0, 510.0], [0.0, 230.0], [180.0, 230.0]], [[380.0, 0.0], [660.0, 0.0], [520.0, 140.0], [380.0, 0.0]], [[357.77777777777777, 760.0], [357.77777777777777, 580.0], [637.7777777777778, 760.0], [357.77777777777777, 760.0]], [[180.0, 280.0], [460.0, 280.0], [460.0, 560.0], [180.0, 560.0], [180.0, 280.0]], [[380.0, 0.0], [300.0, 200.0], [200.0, 200.0], [200.0, 0.0], [380.0, 0.0]], [[0.0, 510.0], [100.0, 510.0], [100.0, 690.0], [0.0, 690.0], [0.0, 510.0]], [[660.0, 0.0], [660.0, 280.0], [380.0, 280.0], [660.0, 0.0]], [[460.0, 280.0], [660.0, 280.0], [660.0, 480.0], [460.0, 560.0], [460.0, 280.0]], [[300.0, 200.0], [380.0, 40.0], [460.0, 200.0], [300.0, 200.0]], [[660.0, 480.0], [660.0, 760.0], [420.0, 620.0], [660.0, 480.0]]]"
Thu Jul 23 03:14:31 2020,2,1,True,668.8249951867838,0.8522408763159565,"[0, 0, 1, 1, 2, 0, 1, 0, 2, 2, 1, 0]","[[[100.0, 158.25918817417835], [300.0, 158.25918817417835], [300.0, 358.25918817417835], [100.0, 358.25918817417835], [100.0, 158.25918817417835]], [[460.0, 548.3807279025827], [660.0, 548.3807279025827], [660.0, 748.3807279025827], [460.0, 748.3807279025827], [460.0, 548.3807279025827]], [[460.0, 480.0], [460.0, 760.0], [280.0, 760.0], [280.0, 480.0], [460.0, 480.0]], [[280.0, 480.0], [280.0, 760.0], [140.0, 620.0], [280.0, 480.0]], [[333.81904061794484, 0.0], [333.81904061794484, 180.0], [53.819040617944836, 0.0], [333.81904061794484, 0.0]], [[333.8190406179449, 0.0], [613.8190406179449, 0.0], [613.8190406179449, 280.0], [333.8190406179449, 280.0], [333.8190406179449, 0.0]], [[480.0, 280.0], [400.0, 480.0], [300.0, 480.0], [300.0, 280.0], [480.0, 280.0]], [[0.0, 160.0], [100.0, 160.0], [100.0, 340.0], [0.0, 340.0], [0.0, 160.0]], [[280.0, 760.0], [0.0, 760.0], [0.0, 480.0], [280.0, 760.0]], [[660.0, 541.527616247178], [460.0, 541.527616247178], [460.0, 341.527616247178], [660.0, 261.527616247178], [660.0, 541.527616247178]], [[0.0, 0.0], [160.0, 80.0], [0.0, 160.0], [0.0, 0.0]], [[0.0, 358.25918817417835], [280.0, 358.25918817417835], [140.0, 598.2591881741783], [0.0, 358.25918817417835]]]"
Thu Jul 23 03:14:53 2020,2,1,True,675.5132451386517,0.8438028478375806,"[0, 0, 1, 3, 0, 0, 3, 1, 0, 3, 2, 2]","[[[0.0, 164.48675486134835], [200.0, 164.48675486134835], [200.0, 364.48675486134835], [0.0, 364.48675486134835], [0.0, 164.48675486134835]], [[475.51324513865165, 480.0], [675.5132451386517, 480.0], [675.5132451386517, 680.0], [475.51324513865165, 680.0], [475.51324513865165, 480.0]], [[475.51324513865165, 480.0], [475.51324513865165, 760.0], [295.51324513865165, 760.0], [295.51324513865165, 480.0], [475.51324513865165, 480.0]], [[200.0, 364.48675486134835], [200.0, 84.48675486134835], [340.0, 224.48675486134835], [200.0, 364.48675486134835]], [[0.0, 544.4867548613483], [0.0, 364.48675486134835], [280.0, 544.4867548613483], [0.0, 544.4867548613483]], [[395.51324513865165, 0.0], [675.5132451386517, 0.0], [675.5132451386517, 280.0], [395.51324513865165, 280.0], [395.51324513865165, 0.0]], [[495.51324513865165, 480.0], [575.5132451386517, 280.0], [675.5132451386517, 280.0], [675.5132451386517, 480.0], [495.51324513865165, 480.0]], [[180.0, 64.48675486134835], [180.0, 164.48675486134835], [0.0, 164.48675486134835], [0.0, 64.48675486134835], [180.0, 64.48675486134835]], [[115.51324513865165, 0.0], [395.51324513865165, 0.0], [395.51324513865165, 280.0], [115.51324513865165, 0.0]], [[0.0, 760.0], [0.0, 560.0], [200.0, 560.0], [280.0, 760.0], [0.0, 760.0]], [[521.1534215280151, 280.0], [441.15342152801503, 440.0], [361.15342152801503, 280.0], [521.1534215280151, 280.0]], [[464.48675486134835, 480.0], [184.48675486134835, 480.0], [324.48675486134835, 240.0], [464.48675486134835, 480.0]]]"
Thu Jul 23 03:15:17 2020,2,1,True,682.2683775900382,0.8354483641956244,"[0, 0, 0, 3, 1, 0, 1, 0, 1, 1, 0, 2]","[[[294.50062460926824, 457.4434728300272], [494.50062460926824, 457.4434728300272], [494.50062460926824, 657.4434728300272], [294.50062460926824, 657.4434728300272], [294.50062460926824, 457.4434728300272]], [[460.0, 180.0], [660.0, 180.0], [660.0, 380.0], [460.0, 380.0], [460.0, 180.0]], [[368.4927153331056, 0.0], [648.4927153331056, 0.0], [648.4927153331056, 180.0], [368.4927153331056, 180.0], [368.4927153331056, 0.0]], [[494.50062460926824, 660.0], [494.50062460926824, 380.0], [634.5006246092682, 520.0], [494.50062460926824, 660.0]], [[280.0, 200.0], [460.0, 200.0], [280.0, 480.0], [280.0, 200.0]], [[0.0, 240.0], [280.0, 240.0], [280.0, 520.0], [0.0, 520.0], [0.0, 240.0]], [[180.0, 520.0], [100.0, 720.0], [0.0, 720.0], [0.0, 520.0], [180.0, 520.0]], [[0.0, 28.768211667236017], [100.0, 28.768211667236017], [100.0, 208.76821166723602], [0.0, 208.76821166723602], [0.0, 28.768211667236017]], [[674.5006246092682, 480.0], [674.5006246092682, 760.0], [394.50062460926824, 760.0], [674.5006246092682, 480.0]], [[368.4927153331056, 0.0], [368.4927153331056, 200.0], [168.4927153331056, 200.0], [88.4927153331056, 0.0], [368.4927153331056, 0.0]], [[317.3577674664111, 457.4434728300272], [397.3577674664111, 297.4434728300272], [477.3577674664111, 457.4434728300272], [317.3577674664111, 457.4434728300272]], [[356.66666666666674, 760.0], [76.66666666666674, 760.0], [216.66666666666674, 520.0], [356.66666666666674, 760.0]]]"
Thu Jul 23 03:15:37 2020,2,1,True,689.0910613659386,0.8271765982134895,"[0, 0, 1, 2, 3, 0, 1, 0, 0, 0, 2, 2]","[[[474.7837091248814, 280.0], [674.7837091248814, 280.0], [674.7837091248814, 480.0], [474.7837091248814, 480.0], [474.7837091248814, 280.0]], [[0.0, 560.0], [200.0, 560.0], [200.0, 760.0], [0.0, 760.0], [0.0, 560.0]], [[689.0910613659386, 480.0], [689.0910613659386, 760.0], [509.0910613659386, 760.0], [509.0910613659386, 480.0], [689.0910613659386, 480.0]], [[280.0, 172.1874438677902], [0.0, 172.1874438677902], [140.0, 32.18744386779019], [280.0, 172.1874438677902]], [[509.0910613659386, 760.0], [329.0910613659386, 760.0], [509.0910613659386, 480.0], [509.0910613659386, 760.0]], [[409.0910613659386, 0.0], [689.0910613659386, 0.0], [689.0910613659386, 280.0], [409.0910613659386, 280.0], [409.0910613659386, 0.0]], [[196.12850028832713, 360.0], [116.12850028832713, 560.0], [16.128500288327132, 560.0], [16.128500288327132, 360.0], [196.12850028832713, 360.0]], [[0.0, 172.1874438677902], [100.0, 172.1874438677902], [100.0, 352.1874438677902], [0.0, 352.1874438677902], [0.0, 172.1874438677902]], [[107.8125561322098, 0.0], [387.8125561322098, 0.0], [387.8125561322098, 280.0], [107.8125561322098, 0.0]], [[200.0, 455.94475380931067], [400.0, 455.94475380931067], [400.0, 655.9447538093107], [200.0, 735.9447538093107], [200.0, 455.94475380931067]], [[296.25, 240.24299942334574], [216.25000000000003, 400.24299942334574], [136.25000000000003, 240.24299942334574], [296.25, 240.24299942334574]], [[463.75730994152053, 455.9447538093107], [183.75730994152053, 455.9447538093107], [323.75730994152053, 215.94475380931073], [463.75730994152053, 455.9447538093107]]]"
Thu Jul 23 03:16:02 2020,2,1,True,695.9819719795979,0.8189867309044452,"[0, 0, 1, 0, 1, 0, 0, 0, 2, 2, 3, 1]","[[[461.52741891130097, 560.0], [661.527418911301, 560.0], [661.527418911301, 760.0], [461.52741891130097, 760.0], [461.52741891130097, 560.0]], [[0.0, 280.0], [200.0, 280.0], [200.0, 480.0], [0.0, 480.0], [0.0, 280.0]], [[680.0, 280.0], [680.0, 560.0], [500.0, 560.0], [500.0, 280.0], [680.0, 280.0]], [[6.798923210316502, 486.7989232103165], [286.7989232103165, 486.7989232103165], [146.7989232103165, 626.7989232103165], [6.798923210316502, 486.7989232103165]], [[235.89499647039634, 0.0], [415.89499647039634, 0.0], [235.89499647039634, 280.0], [235.89499647039634, 0.0]], [[415.89499647039634, 0.0], [695.8949964703963, 0.0], [695.8949964703963, 280.0], [415.89499647039634, 280.0], [415.89499647039634, 0.0]], [[300.0, 281.52741891130097], [500.0, 361.52741891130097], [500.0, 461.52741891130097], [300.0, 461.52741891130097], [300.0, 281.52741891130097]], [[200.0, 280.0], [300.0, 280.0], [300.0, 460.0], [200.0, 460.0], [200.0, 280.0]], [[280.0, 760.0], [0.0, 760.0], [0.0, 480.0], [280.0, 760.0]], [[461.52741891130097, 741.527418911301], [261.52741891130097, 741.527418911301], [261.52741891130097, 541.527418911301], [461.52741891130097, 461.52741891130097], [461.52741891130097, 741.527418911301]], [[415.89499647039634, 327.88541749945955], [255.89499647039634, 247.88541749945955], [415.89499647039634, 167.88541749945955], [415.89499647039634, 327.88541749945955]], [[240.0, 0.0], [240.0, 280.0], [0.0, 140.0], [240.0, 0.0]]]"
Thu Jul 23 03:16:03 2020,2,0,True,668.142693100414,0.8531111780254635,"[0, 0, 1, 0, 2, 0, 1, 0, 2, 2, 0, 3]","[[[461.52741891130097, 560.0], [661.527418911301, 560.0], [661.527418911301, 760.0], [461.52741891130097, 760.0], [461.52741891130097, 560.0]], [[0.0, 280.0], [200.0, 280.0], [200.0, 480.0], [0.0, 480.0], [0.0, 280.0]], [[668.142693100414, 280.0], [668.142693100414, 560.0], [488.142693100414, 560.0], [488.142693100414, 280.0], [668.142693100414, 280.0]], [[6.798923210316502, 486.7989232103165], [286.7989232103165, 486.7989232103165], [146.7989232103165, 626.7989232103165], [6.798923210316502, 486.7989232103165]], [[388.142693100414, 0.0], [388.142693100414, 180.0], [108.14269310041402, 0.0], [388.142693100414, 0.0]], [[388.142693100414, 0.0], [668.142693100414, 0.0], [668.142693100414, 280.0], [388.142693100414, 280.0], [388.142693100414, 0.0]], [[480.0, 280.0], [400.0, 480.0], [300.0, 480.0], [300.0, 280.0], [480.0, 280.0]], [[200.0, 280.0], [300.0, 280.0], [300.0, 460.0], [200.0, 460.0], [200.0, 280.0]], [[280.0, 760.0], [0.0, 760.0], [0.0, 480.0], [280.0, 760.0]], [[461.52741891130097, 741.527418911301], [261.52741891130097, 741.527418911301], [261.52741891130097, 541.527418911301], [461.52741891130097, 461.52741891130097], [461.52741891130097, 741.527418911301]], [[170.0, 280.0], [250.0, 120.0], [330.0, 280.0], [170.0, 280.0]], [[0.0, 280.0], [0.0, 0.0], [240.0, 140.0], [0.0, 280.0]]]"
Thu Jul 23 03:16:23 2020,2,1,True,674.8241200314181,0.8446645326984789,"[0, 0, 1, 0, 3, 0, 2, 0, 3, 1, 1, 2]","[[[474.82412003141815, 560.0], [674.8241200314181, 560.0], [674.8241200314181, 760.0], [474.82412003141815, 760.0], [474.82412003141815, 560.0]], [[288.57142857142856, 280.0], [488.57142857142856, 280.0], [488.57142857142856, 480.0], [288.57142857142856, 480.0], [288.57142857142856, 280.0]], [[674.8241200314181, 280.0], [674.8241200314181, 560.0], [494.82412003141815, 560.0], [494.82412003141815, 280.0], [674.8241200314181, 280.0]], [[0.0, 200.0], [280.0, 200.0], [140.0, 340.0], [0.0, 200.0]], [[288.57142857142856, 480.0], [108.57142857142856, 480.0], [288.57142857142856, 200.0], [288.57142857142856, 480.0]], [[394.82412003141815, 0.0], [674.8241200314181, 0.0], [674.8241200314181, 280.0], [394.82412003141815, 280.0], [394.82412003141815, 0.0]], [[474.82412003141815, 659.6984914824311], [274.82412003141815, 579.6984914824311], [274.82412003141815, 479.6984914824311], [474.82412003141815, 479.6984914824311], [474.82412003141815, 659.6984914824311]], [[0.0, 20.0], [100.0, 20.0], [100.0, 200.0], [0.0, 200.0], [0.0, 20.0]], [[0.0, 760.0], [0.0, 480.0], [280.0, 480.0], [0.0, 760.0]], [[394.82412003141815, 0.0], [394.82412003141815, 200.0], [194.82412003141815, 200.0], [114.82412003141815, 0.0], [394.82412003141815, 0.0]], [[0.0, 320.0], [160.0, 400.0], [0.0, 480.0], [0.0, 320.0]], [[380.0, 760.0], [100.0, 760.0], [240.0, 520.0], [380.0, 760.0]]]"
Thu Jul 23 03:17:05 2020,2,3,True,681.5723612317323,0.8363015175232464,"[0, 0, 1, 3, 2, 0, 0, 0, 0, 0, 3, 3]","[[[460.0, 560.0], [660.0, 560.0], [660.0, 760.0], [460.0, 760.0], [460.0, 560.0]], [[447.83115523016136, 0.0], [647.8311552301614, 0.0], [647.8311552301614, 200.0], [447.83115523016136, 200.0], [447.83115523016136, 0.0]], [[460.0, 480.0], [460.0, 760.0], [280.0, 760.0], [280.0, 480.0], [460.0, 480.0]], [[280.0, 392.1688447698387], [280.0, 112.1688447698387], [420.0, 252.1688447698387], [280.0, 392.1688447698387]], [[280.0, 465.71428571428567], [280.0, 645.7142857142857], [0.0, 465.71428571428567], [280.0, 465.71428571428567]], [[0.0, 185.71428571428567], [280.0, 185.71428571428567], [280.0, 465.71428571428567], [0.0, 465.71428571428567], [0.0, 185.71428571428567]], [[0.0, 5.714285714285666], [200.0, 85.71428571428567], [200.0, 185.71428571428567], [0.0, 185.71428571428567], [0.0, 5.714285714285666]], [[372.16884476983864, 300.0], [472.16884476983864, 300.0], [472.16884476983864, 480.0], [372.16884476983864, 480.0], [372.16884476983864, 300.0]], [[167.8311552301613, 0.0], [447.8311552301613, 0.0], [447.8311552301613, 280.0], [167.8311552301613, 0.0]], [[481.5723612317323, 200.0], [681.5723612317323, 200.0], [681.5723612317323, 400.0], [481.5723612317323, 480.0], [481.5723612317323, 200.0]], [[669.5877161029921, 564.793858051496], [509.5877161029921, 484.79385805149604], [669.5877161029921, 404.79385805149604], [669.5877161029921, 564.793858051496]], [[0.0, 760.0], [0.0, 480.0], [240.0, 620.0], [0.0, 760.0]]]"
Thu Jul 23 03:17:19 2020,2,1,True,688.3880848440497,0.8280213044784618,"[0, 0, 1, 3, 3, 0, 3, 0, 3, 3, 3, 0]","[[[457.75402528102927, 560.0], [657.7540252810293, 560.0], [657.7540252810293, 760.0], [457.75402528102927, 760.0], [457.75402528102927, 560.0]], [[450.8163265306122, 218.93887327087975], [650.8163265306122, 218.93887327087975], [650.8163265306122, 418.93887327087975], [450.8163265306122, 418.93887327087975], [450.8163265306122, 218.93887327087975]], [[457.75402528102927, 480.0], [457.75402528102927, 760.0], [277.75402528102927, 760.0], [277.75402528102927, 480.0], [457.75402528102927, 480.0]], [[280.0, 370.8163265306122], [280.0, 90.81632653061217], [420.0, 230.81632653061217], [280.0, 370.8163265306122]], [[277.75402528102927, 760.0], [97.75402528102927, 760.0], [277.75402528102927, 480.0], [277.75402528102927, 760.0]], [[0.0, 200.0], [280.0, 200.0], [280.0, 480.0], [0.0, 480.0], [0.0, 200.0]], [[474.309466782463, 218.93887327087975], [554.309466782463, 18.938873270879753], [654.309466782463, 18.938873270879753], [654.309466782463, 218.93887327087975], [474.309466782463, 218.93887327087975]], [[350.8163265306122, 300.0], [450.8163265306122, 300.0], [450.8163265306122, 480.0], [350.8163265306122, 480.0], [350.8163265306122, 300.0]], [[0.0, 757.7540252810293], [0.0, 477.75402528102927], [280.0, 477.75402528102927], [0.0, 757.7540252810293]], [[0.0, 200.0], [0.0, 0.0], [200.0, 0.0], [280.0, 200.0], [0.0, 200.0]], [[673.2240491767005, 567.7350119478356], [513.2240491767005, 487.7350119478356], [673.2240491767005, 407.7350119478356], [673.2240491767005, 567.7350119478356]], [[285.35714285714283, 0.0], [565.3571428571429, 0.0], [425.35714285714283, 240.0], [285.35714285714283, 0.0]]]"
Thu Jul 23 03:17:22 2020,2,0,True,660.8525614502877,0.8625221921650643,"[0, 0, 1, 3, 3, 0, 3, 0, 3, 3, 3, 0]","[[[460.0, 560.0], [660.0, 560.0], [660.0, 760.0], [460.0, 760.0], [460.0, 560.0]], [[444.18589478362105, 213.5800395202666], [644.185894783621, 213.5800395202666], [644.185894783621, 413.5800395202666], [444.18589478362105, 413.5800395202666], [444.18589478362105, 213.5800395202666]], [[459.99999999999994, 480.0], [459.99999999999994, 760.0], [279.99999999999994, 760.0], [279.99999999999994, 480.0], [459.99999999999994, 480.0]], [[280.0, 364.9584265649544], [280.0, 84.95842656495438], [420.0, 224.95842656495438], [280.0, 364.9584265649544]], [[279.99999999999994, 760.0], [99.99999999999994, 760.0], [279.99999999999994, 480.0], [279.99999999999994, 760.0]], [[0.0, 200.0], [280.0, 200.0], [280.0, 480.0], [0.0, 480.0], [0.0, 200.0]], [[480.8525614502877, 213.5800395202666], [560.8525614502877, 13.58003952026661], [660.8525614502877, 13.58003952026661], [660.8525614502877, 213.5800395202666], [480.8525614502877, 213.5800395202666]], [[344.18589478362105, 300.7725317813333], [444.18589478362105, 300.7725317813333], [444.18589478362105, 480.7725317813333], [344.18589478362105, 480.7725317813333], [344.18589478362105, 300.7725317813333]], [[0.0, 760.0], [0.0, 480.0], [280.0, 480.0], [0.0, 760.0]], [[0.0, 200.0], [0.0, 0.0], [200.0, 0.0], [280.0, 200.0], [0.0, 200.0]], [[660.8525614502877, 564.3086318810285], [500.8525614502877, 484.30863188102853], [660.8525614502877, 404.30863188102853], [660.8525614502877, 564.3086318810285]], [[288.7742511704432, 0.0], [568.7742511704432, 0.0], [428.7742511704432, 240.0], [288.7742511704432, 0.0]]]"
Thu Jul 23 03:17:46 2020,2,1,True,667.4610870647906,0.8539823684802617,"[0, 0, 0, 2, 1, 0, 1, 1, 1, 1, 0, 0]","[[[280.0, 240.0], [480.0, 240.0], [480.0, 440.0], [280.0, 440.0], [280.0, 240.0]], [[0.0, 560.0], [200.0, 560.0], [200.0, 760.0], [0.0, 760.0], [0.0, 560.0]], [[0.0, 0.0], [280.0, 0.0], [280.0, 180.0], [0.0, 180.0], [0.0, 0.0]], [[480.0, 760.0], [200.0, 760.0], [340.0, 620.0], [480.0, 760.0]], [[480.0, 160.0], [660.0, 160.0], [480.0, 440.0], [480.0, 160.0]], [[0.0, 180.0], [280.0, 180.0], [280.0, 460.0], [0.0, 460.0], [0.0, 180.0]], [[380.0, 460.0], [300.0, 660.0], [200.0, 660.0], [200.0, 460.0], [380.0, 460.0]], [[180.0, 460.0], [180.0, 560.0], [0.0, 560.0], [0.0, 460.0], [180.0, 460.0]], [[667.4610870647906, 252.5389129352094], [667.4610870647906, 532.5389129352094], [387.4610870647906, 532.5389129352094], [667.4610870647906, 252.5389129352094]], [[667.4610870647906, 532.5389129352094], [667.4610870647906, 732.5389129352094], [467.4610870647906, 732.5389129352094], [387.4610870647906, 532.5389129352094], [667.4610870647906, 532.5389129352094]], [[480.0, 160.0], [560.0, 0.0], [640.0, 160.0], [480.0, 160.0]], [[280.0, 0.0], [560.0, 0.0], [420.0, 240.0], [280.0, 0.0]]]"
Thu Jul 23 03:19:13 2020,2,3,True,674.1356979354385,0.8455270975052095,"[0, 0, 1, 1, 1, 0, 1, 1, 0, 0, 0, 2]","[[[0.0, 560.0], [200.0, 560.0], [200.0, 760.0], [0.0, 760.0], [0.0, 560.0]], [[474.13569793543843, 560.0], [674.1356979354384, 560.0], [674.1356979354384, 760.0], [474.13569793543843, 760.0], [474.13569793543843, 560.0]], [[674.1356979354385, 0.0], [674.1356979354385, 280.0], [494.13569793543854, 280.0], [494.13569793543854, 0.0], [674.1356979354385, 0.0]], [[159.06346518339845, 280.0], [159.06346518339845, 560.0], [19.06346518339845, 420.0], [159.06346518339845, 280.0]], [[0.0, 169.65427917417543], [180.0, 169.65427917417543], [0.0, 449.65427917417543], [0.0, 169.65427917417543]], [[159.06346518339842, 280.0], [439.0634651833984, 280.0], [439.0634651833984, 560.0], [159.06346518339842, 560.0], [159.06346518339842, 280.0]], [[380.0, 560.0], [300.0, 760.0], [200.0, 760.0], [200.0, 560.0], [380.0, 560.0]], [[180.0, 69.65427917417543], [180.0, 169.65427917417543], [0.0, 169.65427917417543], [0.0, 69.65427917417543], [180.0, 69.65427917417543]], [[214.13569793543854, 0.0], [494.13569793543854, 0.0], [494.13569793543854, 280.0], [214.13569793543854, 0.0]], [[474.13569793543854, 280.0], [674.1356979354385, 280.0], [674.1356979354385, 480.0], [474.13569793543854, 560.0], [474.13569793543854, 280.0]], [[300.0, 760.0], [380.0, 600.0], [460.0, 760.0], [300.0, 760.0]], [[395.63166285160236, 280.0], [115.63166285160236, 280.0], [255.63166285160236, 40.0], [395.63166285160236, 280.0]]]"
Thu Jul 23 03:19:25 2020,2,1,True,680.8770549147929,0.8371555420843658,"[0, 0, 1, 3, 1, 0, 0, 1, 0, 2, 0, 3]","[[[280.0, 280.0], [480.0, 280.0], [480.0, 480.0], [280.0, 480.0], [280.0, 280.0]], [[0.0, 559.9999999999998], [200.0, 559.9999999999998], [200.0, 759.9999999999998], [0.0, 759.9999999999998], [0.0, 559.9999999999998]], [[180.0, 0.0], [180.0, 280.0], [0.0, 280.0], [0.0, 0.0], [180.0, 0.0]], [[501.6666666666667, 280.0], [501.6666666666667, 0.0], [641.6666666666667, 140.0], [501.6666666666667, 280.0]], [[0.0, 279.9999999999998], [180.0, 279.9999999999998], [0.0, 559.9999999999998], [0.0, 279.9999999999998]], [[200.0, 480.0], [480.0, 480.0], [480.0, 760.0], [200.0, 760.0], [200.0, 480.0]], [[480.0, 580.0], [680.0, 660.0], [680.0, 760.0], [480.0, 760.0], [480.0, 580.0]], [[680.8770549147929, 488.66666666666674], [680.8770549147929, 588.6666666666667], [500.8770549147929, 588.6666666666667], [500.8770549147929, 488.66666666666674], [680.8770549147929, 488.66666666666674]], [[221.66666666666669, 0.0], [501.6666666666667, 0.0], [501.6666666666667, 280.0], [221.66666666666669, 0.0]], [[680.0, 488.6666666666667], [480.0, 488.6666666666667], [480.0, 288.6666666666667], [680.0, 208.66666666666669], [680.0, 488.6666666666667]], [[22.857142857142833, 560.0], [102.85714285714283, 400.0], [182.85714285714283, 560.0], [22.857142857142833, 560.0]], [[180.0, 338.3333333333333], [180.0, 58.333333333333314], [420.0, 198.33333333333331], [180.0, 338.3333333333333]]]"
Thu Jul 23 03:19:40 2020,2,1,True,687.6858254639408,0.8288668733508573,"[0, 0, 1, 1, 3, 0, 1, 1, 3, 2, 1, 2]","[[[200.0, 280.0], [400.0, 280.0], [400.0, 480.0], [200.0, 480.0], [200.0, 280.0]], [[400.0, 280.0], [600.0, 280.0], [600.0, 480.0], [400.0, 480.0], [400.0, 280.0]], [[653.6419727182011, 0.0], [653.6419727182011, 280.0], [473.64197271820115, 280.0], [473.64197271820115, 0.0], [653.6419727182011, 0.0]], [[670.7212459272848, 409.2787540727152], [670.7212459272848, 689.2787540727152], [530.7212459272848, 549.2787540727152], [670.7212459272848, 409.2787540727152]], [[473.64197271820115, 280.0], [293.64197271820115, 280.0], [473.64197271820115, 0.0], [473.64197271820115, 280.0]], [[0.0, 480.0], [280.0, 480.0], [280.0, 760.0], [0.0, 760.0], [0.0, 480.0]], [[373.64197271820115, 0.0], [293.64197271820115, 200.0], [193.64197271820115, 200.0], [193.64197271820115, 0.0], [373.64197271820115, 0.0]], [[193.64197271820115, 0.0], [193.64197271820115, 100.0], [13.641972718201146, 100.0], [13.641972718201146, 0.0], [193.64197271820115, 0.0]], [[280.0, 760.0], [280.0, 480.0], [560.0, 480.0], [280.0, 760.0]], [[200.0, 480.0], [0.0, 480.0], [0.0, 280.0], [200.0, 200.0], [200.0, 480.0]], [[0.0, 93.17901364089943], [160.0, 173.17901364089943], [0.0, 253.17901364089943], [0.0, 93.17901364089943]], [[653.6419727182011, 760.0], [373.64197271820115, 760.0], [513.6419727182011, 520.0], [653.6419727182011, 760.0]]]"
Thu Jul 23 03:19:45 2020,2,1,True,694.5626837185802,0.8206602706444133,"[0, 0, 0, 1, 3, 0, 1, 0, 3, 2, 3, 2]","[[[200.0, 280.0], [400.0, 280.0], [400.0, 480.0], [200.0, 480.0], [200.0, 280.0]], [[400.0, 280.0], [600.0, 280.0], [600.0, 480.0], [400.0, 480.0], [400.0, 280.0]], [[388.57142857142844, 0.0], [668.5714285714284, 0.0], [668.5714285714284, 180.0], [388.57142857142844, 180.0], [388.57142857142844, 0.0]], [[674.7368421052631, 405.2631578947369], [674.7368421052631, 685.2631578947369], [534.7368421052631, 545.2631578947369], [674.7368421052631, 405.2631578947369]], [[388.57142857142844, 280.0], [208.57142857142844, 280.0], [388.57142857142844, 0.0], [388.57142857142844, 280.0]], [[0.0, 480.0], [280.0, 480.0], [280.0, 760.0], [0.0, 760.0], [0.0, 480.0]], [[340.0, 0.0], [260.0, 200.0], [160.0, 200.0], [160.0, 0.0], [340.0, 0.0]], [[60.0, 0.0], [160.0, 0.0], [160.0, 180.0], [60.0, 180.0], [60.0, 0.0]], [[280.0, 760.0], [280.0, 480.0], [560.0, 480.0], [280.0, 760.0]], [[200.0, 480.0], [0.0, 480.0], [0.0, 280.0], [200.0, 200.0], [200.0, 480.0]], [[694.2857142857142, 327.1428571428571], [534.2857142857142, 247.1428571428571], [694.2857142857142, 167.1428571428571], [694.2857142857142, 327.1428571428571]], [[660.0, 760.0], [380.0, 760.0], [520.0, 520.0], [660.0, 760.0]]]"
Thu Jul 23 03:19:52 2020,2,1,True,701.508310555766,0.8125349214301122,"[0, 0, 0, 1, 1, 0, 2, 0, 3, 2, 1, 2]","[[[208.0987490521302, 267.4019459189085], [408.0987490521302, 267.4019459189085], [408.0987490521302, 467.4019459189085], [208.0987490521302, 467.4019459189085], [208.0987490521302, 267.4019459189085]], [[408.0987490521302, 267.4019459189085], [608.0987490521302, 267.4019459189085], [608.0987490521302, 467.4019459189085], [408.0987490521302, 467.4019459189085], [408.0987490521302, 267.4019459189085]], [[323.81303476641574, 87.4019459189085], [603.8130347664157, 87.4019459189085], [603.8130347664157, 267.4019459189085], [323.81303476641574, 267.4019459189085], [323.81303476641574, 87.4019459189085]], [[669.7639260206216, 418.33482303150856], [669.7639260206216, 698.3348230315086], [529.7639260206216, 558.3348230315086], [669.7639260206216, 418.33482303150856]], [[199.99999999999991, 0.0], [379.9999999999999, 0.0], [199.99999999999991, 280.0], [199.99999999999991, 0.0]], [[0.0, 480.0], [280.0, 480.0], [280.0, 760.0], [0.0, 760.0], [0.0, 480.0]], [[200.0, 200.0], [0.0, 120.0], [0.0, 20.0], [200.0, 20.0], [200.0, 200.0]], [[601.508310555766, 87.4019459189085], [701.508310555766, 87.4019459189085], [701.508310555766, 267.4019459189085], [601.508310555766, 267.4019459189085], [601.508310555766, 87.4019459189085]], [[280.0, 747.4019459189085], [280.0, 467.4019459189085], [560.0, 467.4019459189085], [280.0, 747.4019459189085]], [[200.0, 480.0], [0.0, 480.0], [0.0, 280.0], [200.0, 200.0], [200.0, 480.0]], [[0.0, 120.0], [160.0, 200.0], [0.0, 280.0], [0.0, 120.0]], [[647.4019459189084, 760.0], [367.4019459189084, 760.0], [507.4019459189084, 520.0], [647.4019459189084, 760.0]]]"
Thu Jul 23 03:19:53 2020,2,0,True,673.4479781335353,0.8463905431563667,"[0, 0, 0, 1, 1, 0, 2, 1, 3, 2, 1, 2]","[[[199.99999999999972, 280.0], [399.9999999999997, 280.0], [399.9999999999997, 480.0], [199.99999999999972, 480.0], [199.99999999999972, 280.0]], [[396.50165493388204, 280.0], [596.501654933882, 280.0], [596.501654933882, 480.0], [396.50165493388204, 480.0], [396.50165493388204, 280.0]], [[315.71428571428555, 100.0], [595.7142857142856, 100.0], [595.7142857142856, 280.0], [315.71428571428555, 280.0], [315.71428571428555, 100.0]], [[673.4479781335353, 403.0536768003467], [673.4479781335353, 683.0536768003467], [533.4479781335353, 543.0536768003467], [673.4479781335353, 403.0536768003467]], [[199.99999999999977, 0.0], [379.9999999999998, 0.0], [199.99999999999977, 280.0], [199.99999999999977, 0.0]], [[0.0, 480.0], [280.0, 480.0], [280.0, 760.0], [0.0, 760.0], [0.0, 480.0]], [[200.0, 200.0], [0.0, 120.0], [0.0, 20.0], [200.0, 20.0], [200.0, 200.0]], [[559.9999999999998, 0.0], [559.9999999999998, 100.0], [379.9999999999998, 100.0], [379.9999999999998, 0.0], [559.9999999999998, 0.0]], [[279.9999999999997, 760.0], [279.9999999999997, 480.0], [559.9999999999998, 480.0], [279.9999999999997, 760.0]], [[200.0, 480.0], [0.0, 480.0], [0.0, 280.0], [200.0, 200.0], [200.0, 480.0]], [[0.0, 120.0], [160.0, 200.0], [0.0, 280.0], [0.0, 120.0]], [[659.9999999999997, 760.0], [379.99999999999966, 760.0], [519.9999999999997, 520.0], [659.9999999999997, 760.0]]]"
Thu Jul 23 03:20:10 2020,2,1,True,680.1824579148707,0.83801043876868,"[0, 0, 0, 2, 2, 0, 0, 0, 0, 1, 1, 3]","[[[200.0, 380.0], [400.0, 380.0], [400.0, 580.0], [200.0, 580.0], [200.0, 380.0]], [[480.0, 560.0], [680.0, 560.0], [680.0, 760.0], [480.0, 760.0], [480.0, 560.0]], [[200.0, 580.0], [480.0, 580.0], [480.0, 760.0], [200.0, 760.0], [200.0, 580.0]], [[660.1824579148707, 280.0], [380.1824579148707, 280.0], [520.1824579148707, 140.0], [660.1824579148707, 280.0]], [[280.0, 200.0], [280.0, 380.0], [0.0, 200.0], [280.0, 200.0]], [[400.0, 280.0], [680.0, 280.0], [680.0, 560.0], [400.0, 560.0], [400.0, 280.0]], [[280.0, 0.0], [480.0, 80.0], [480.0, 180.0], [280.0, 180.0], [280.0, 0.0]], [[87.03296703296698, 443.5164835164835], [187.03296703296698, 443.5164835164835], [187.03296703296698, 623.5164835164835], [87.03296703296698, 623.5164835164835], [87.03296703296698, 443.5164835164835]], [[400.0, 0.0], [680.0, 0.0], [680.0, 280.0], [400.0, 0.0]], [[280.0, 0.0], [280.0, 200.0], [80.0, 200.0], [0.0, 0.0], [280.0, 0.0]], [[0.0, 580.0], [160.0, 660.0], [0.0, 740.0], [0.0, 580.0]], [[0.0, 494.2857142857143], [0.0, 214.28571428571428], [240.0, 354.2857142857143], [0.0, 494.2857142857143]]]"
Thu Jul 23 03:20:26 2020,2,1,True,686.9842824940195,0.8297133057115643,"[0, 0, 0, 1, 0, 0, 1, 0, 3, 2, 2, 2]","[[[452.9751595982758, 560.0], [652.9751595982758, 560.0], [652.9751595982758, 760.0], [452.9751595982758, 760.0], [452.9751595982758, 560.0]], [[252.9751595982758, 542.6268883131772], [452.9751595982758, 542.6268883131772], [452.9751595982758, 742.6268883131772], [252.9751595982758, 742.6268883131772], [252.9751595982758, 542.6268883131772]], [[0.0, 0.0], [280.0, 0.0], [280.0, 180.0], [0.0, 180.0], [0.0, 0.0]], [[140.0, 336.2633690514642], [140.0, 616.2633690514642], [0.0, 476.2633690514642], [140.0, 336.2633690514642]], [[0.0, 759.9999999999999], [0.0, 579.9999999999999], [280.0, 759.9999999999999], [0.0, 759.9999999999999]], [[372.9751595982759, 262.62688831317735], [652.9751595982759, 262.62688831317735], [652.9751595982759, 542.6268883131773], [372.9751595982759, 542.6268883131773], [372.9751595982759, 262.62688831317735]], [[460.0, 0.0], [380.0, 200.0], [280.0, 200.0], [280.0, 0.0], [460.0, 0.0]], [[152.9751595982758, 498.3411740274629], [252.9751595982758, 498.3411740274629], [252.9751595982758, 678.3411740274629], [152.9751595982758, 678.3411740274629], [152.9751595982758, 498.3411740274629]], [[0.0, 460.0], [0.0, 180.0], [280.0, 180.0], [0.0, 460.0]], [[361.6588259725371, 498.3411740274629], [161.6588259725371, 498.3411740274629], [161.6588259725371, 298.3411740274629], [361.6588259725371, 218.3411740274629], [361.6588259725371, 498.3411740274629]], [[661.7931411231837, 0.0], [581.7931411231837, 160.0], [501.79314112318366, 0.0], [661.7931411231837, 0.0]], [[641.6588259725371, 262.62688831317735], [361.6588259725371, 262.62688831317735], [501.6588259725371, 22.626888313177346], [641.6588259725371, 262.62688831317735]]]"
Thu Jul 23 03:20:27 2020,2,0,True,659.5049111942586,0.8642846934495462,"[0, 0, 0, 1, 0, 0, 1, 0, 3, 2, 2, 2]","[[[452.9751595982758, 560.0], [652.9751595982758, 560.0], [652.9751595982758, 760.0], [452.9751595982758, 760.0], [452.9751595982758, 560.0]], [[252.9751595982758, 542.6268883131772], [452.9751595982758, 542.6268883131772], [452.9751595982758, 742.6268883131772], [252.9751595982758, 742.6268883131772], [252.9751595982758, 542.6268883131772]], [[0.0, 0.0], [280.0, 0.0], [280.0, 180.0], [0.0, 180.0], [0.0, 0.0]], [[140.0, 336.2633690514642], [140.0, 616.2633690514642], [0.0, 476.2633690514642], [140.0, 336.2633690514642]], [[0.0, 759.9999999999999], [0.0, 579.9999999999999], [280.0, 759.9999999999999], [0.0, 759.9999999999999]], [[372.9751595982759, 262.62688831317735], [652.9751595982759, 262.62688831317735], [652.9751595982759, 542.6268883131773], [372.9751595982759, 542.6268883131773], [372.9751595982759, 262.62688831317735]], [[460.0, 0.0], [380.0, 200.0], [280.0, 200.0], [280.0, 0.0], [460.0, 0.0]], [[152.9751595982758, 498.3411740274628], [252.9751595982758, 498.3411740274628], [252.9751595982758, 678.3411740274628], [152.9751595982758, 678.3411740274628], [152.9751595982758, 498.3411740274628]], [[0.0, 460.0], [0.0, 180.0], [280.0, 180.0], [0.0, 460.0]], [[361.6588259725371, 498.3411740274629], [161.6588259725371, 498.3411740274629], [161.6588259725371, 298.3411740274629], [361.6588259725371, 218.3411740274629], [361.6588259725371, 498.3411740274629]], [[659.5049111942586, 0.0], [579.5049111942586, 160.0], [499.5049111942586, 0.0], [659.5049111942586, 0.0]], [[641.6588259725371, 262.62688831317735], [361.6588259725371, 262.62688831317735], [501.6588259725371, 22.626888313177346], [641.6588259725371, 262.62688831317735]]]"
Thu Jul 23 03:21:31 2020,2,5,False,666.0999603062012,0.8557274192569765,"[0, 0, 1, 3, 3, 0, 0, 0, 0, 0, 3, 2]","[[[258.0999603062012, 560.0], [458.0999603062012, 560.0], [458.0999603062012, 760.0], [258.0999603062012, 760.0], [258.0999603062012, 560.0]], [[58.09996030620118, 560.0], [258.0999603062012, 560.0], [258.0999603062012, 760.0], [58.09996030620118, 760.0], [58.09996030620118, 560.0]], [[200.0, 0.0], [200.0, 280.0], [20.0, 280.0], [20.0, 0.0], [200.0, 0.0]], [[200.0, 280.0], [200.0, 0.0], [340.0, 140.0], [200.0, 280.0]], [[215.7142857142857, 560.0], [35.714285714285694, 560.0], [215.7142857142857, 280.0], [215.7142857142857, 560.0]], [[186.09996030620118, 280.0], [466.0999603062012, 280.0], [466.0999603062012, 560.0], [186.09996030620118, 560.0], [186.09996030620118, 280.0]], [[458.0999603062012, 580.0], [658.0999603062012, 660.0], [658.0999603062012, 760.0], [458.0999603062012, 760.0], [458.0999603062012, 580.0]], [[0.0, 280.0], [100.0, 280.0], [100.0, 460.0], [0.0, 460.0], [0.0, 280.0]], [[358.33333333333337, 0.0], [638.3333333333334, 0.0], [638.3333333333334, 280.0], [358.33333333333337, 0.0]], [[466.0999603062012, 280.0], [666.0999603062012, 280.0], [666.0999603062012, 480.0], [466.0999603062012, 560.0], [466.0999603062012, 280.0]], [[637.0999603062012, 651.6], [477.0999603062012, 571.6], [637.0999603062012, 491.6], [637.0999603062012, 651.6]], [[538.3333333333334, 280.0], [258.33333333333337, 280.0], [398.33333333333337, 40.0], [538.3333333333334, 280.0]]]"
Thu Jul 23 03:22:06 2020,2,1,True,672.7609599092632,0.8472548705514619,"[0, 0, 1, 0, 3, 0, 2, 1, 3, 3, 2, 2]","[[[280.0, 100.0], [480.0, 100.0], [480.0, 300.0], [280.0, 300.0], [280.0, 100.0]], [[460.0, 317.10438396370523], [660.0, 317.10438396370523], [660.0, 517.1043839637052], [460.0, 517.1043839637052], [460.0, 317.10438396370523]], [[460.0, 300.0], [460.0, 580.0], [280.0, 580.0], [280.0, 300.0], [460.0, 300.0]], [[392.7609599092632, 0.0], [672.7609599092632, 0.0], [532.7609599092632, 140.0], [392.7609599092632, 0.0]], [[672.7609599092632, 317.10438396370523], [492.7609599092632, 317.10438396370523], [672.7609599092632, 37.10438396370523], [672.7609599092632, 317.10438396370523]], [[0.0, 0.0], [280.0, 0.0], [280.0, 280.0], [0.0, 280.0], [0.0, 0.0]], [[672.7609599092632, 693.771050630372], [472.7609599092632, 613.771050630372], [472.7609599092632, 513.771050630372], [672.7609599092632, 513.771050630372], [672.7609599092632, 693.771050630372]], [[588.3333333333333, 660.0], [588.3333333333333, 760.0], [408.33333333333326, 760.0], [408.33333333333326, 660.0], [588.3333333333333, 660.0]], [[0.0, 760.0], [0.0, 480.0], [280.0, 480.0], [0.0, 760.0]], [[0.0, 480.0], [0.0, 280.0], [200.0, 280.0], [280.0, 480.0], [0.0, 480.0]], [[448.3333333333333, 580.0], [368.3333333333333, 740.0], [288.3333333333333, 580.0], [448.3333333333333, 580.0]], [[380.0, 760.0], [100.0, 760.0], [240.0, 520.0], [380.0, 760.0]]]"
Thu Jul 23 03:22:30 2020,2,1,True,679.4885695083558,0.8388662084667939,"[0, 0, 1, 3, 3, 0, 0, 0, 3, 1, 0, 1]","[[[250.52631578947364, 560.0], [450.52631578947364, 560.0], [450.52631578947364, 760.0], [250.52631578947364, 760.0], [250.52631578947364, 560.0]], [[479.4885695083558, 280.0], [679.4885695083558, 280.0], [679.4885695083558, 480.0], [479.4885695083558, 480.0], [479.4885695083558, 280.0]], [[460.0, 279.9999999999999], [460.0, 559.9999999999999], [280.0, 559.9999999999999], [280.0, 279.9999999999999], [460.0, 279.9999999999999]], [[280.0, 280.0], [280.0, 0.0], [420.0, 140.0], [280.0, 280.0]], [[679.4885695083558, 760.0], [499.4885695083558, 760.0], [679.4885695083558, 480.0], [679.4885695083558, 760.0]], [[0.0, 0.0], [280.0, 0.0], [280.0, 280.0], [0.0, 280.0], [0.0, 0.0]], [[0.0, 580.0], [200.0, 660.0], [200.0, 760.0], [0.0, 760.0], [0.0, 580.0]], [[463.77428379407, 480.0], [563.77428379407, 480.0], [563.77428379407, 660.0], [463.77428379407, 660.0], [463.77428379407, 480.0]], [[0.0, 560.0], [0.0, 280.0], [280.0, 280.0], [0.0, 560.0]], [[679.4885695083558, 0.0], [679.4885695083558, 200.0], [479.4885695083558, 200.0], [399.4885695083558, 0.0], [679.4885695083558, 0.0]], [[350.0, 280.0], [430.0, 120.0], [510.0, 280.0], [350.0, 280.0]], [[250.52631578947367, 409.47368421052624], [250.52631578947367, 689.4736842105262], [10.52631578947367, 549.4736842105262], [250.52631578947367, 409.47368421052624]]]"
Thu Jul 23 03:22:39 2020,2,1,True,686.2834552034393,0.8305606024423703,"[0, 0, 1, 0, 3, 0, 0, 0, 2, 0, 3, 1]","[[[200.0, 560.0], [400.0, 560.0], [400.0, 760.0], [200.0, 760.0], [200.0, 560.0]], [[380.0, 292.1773743472993], [580.0, 292.1773743472993], [580.0, 492.1773743472993], [380.0, 492.1773743472993], [380.0, 292.1773743472993]], [[380.0, 280.0], [380.0, 560.0], [200.0, 560.0], [200.0, 280.0], [380.0, 280.0]], [[280.0, 0.0], [560.0, 0.0], [420.0, 140.0], [280.0, 0.0]], [[652.3090267280215, 760.0], [472.30902672802154, 760.0], [652.3090267280215, 480.0], [652.3090267280215, 760.0]], [[0.0, 0.0], [280.0, 0.0], [280.0, 280.0], [0.0, 280.0], [0.0, 0.0]], [[0.0, 579.9999999999999], [200.0, 659.9999999999999], [200.0, 759.9999999999999], [0.0, 759.9999999999999], [0.0, 579.9999999999999]], [[400.0, 492.1773743472993], [500.0, 492.1773743472993], [500.0, 672.1773743472993], [400.0, 672.1773743472993], [400.0, 492.1773743472993]], [[560.0, 280.0], [280.0, 280.0], [280.0, 0.0], [560.0, 280.0]], [[0.0, 287.69097327197846], [200.0, 287.69097327197846], [200.0, 487.69097327197846], [0.0, 567.6909732719785], [0.0, 287.69097327197846]], [[184.61371658997322, 653.8454866359891], [24.613716589973222, 573.8454866359891], [184.61371658997322, 493.8454866359891], [184.61371658997322, 653.8454866359891]], [[660.0, 0.0], [660.0, 280.0], [420.0, 140.0], [660.0, 0.0]]]"
Thu Jul 23 03:22:40 2020,2,0,True,658.8321169953017,0.8651672942108025,"[0, 0, 1, 0, 3, 0, 0, 0, 2, 0, 3, 1]","[[[200.0, 560.0], [400.0, 560.0], [400.0, 760.0], [200.0, 760.0], [200.0, 560.0]], [[380.0, 292.1773743472993], [580.0, 292.1773743472993], [580.0, 492.1773743472993], [380.0, 492.1773743472993], [380.0, 292.1773743472993]], [[380.0, 280.0], [380.0, 560.0], [200.0, 560.0], [200.0, 280.0], [380.0, 280.0]], [[280.0, 0.0], [560.0, 0.0], [420.0, 140.0], [280.0, 0.0]], [[652.3090267280215, 760.0], [472.30902672802154, 760.0], [652.3090267280215, 480.0], [652.3090267280215, 760.0]], [[0.0, 0.0], [280.0, 0.0], [280.0, 280.0], [0.0, 280.0], [0.0, 0.0]], [[0.0, 579.9999999999999], [200.0, 659.9999999999999], [200.0, 759.9999999999999], [0.0, 759.9999999999999], [0.0, 579.9999999999999]], [[400.0, 492.1773743472993], [500.0, 492.1773743472993], [500.0, 672.1773743472993], [400.0, 672.1773743472993], [400.0, 492.1773743472993]], [[560.0, 280.0], [280.0, 280.0], [280.0, 0.0], [560.0, 280.0]], [[0.0, 287.69097327197846], [200.0, 287.69097327197846], [200.0, 487.69097327197846], [0.0, 567.6909732719785], [0.0, 287.69097327197846]], [[184.61371658997322, 653.8454866359891], [24.613716589973222, 573.8454866359891], [184.61371658997322, 493.8454866359891], [184.61371658997322, 653.8454866359891]], [[658.8321169953017, 0.0], [658.8321169953017, 280.0], [418.8321169953017, 140.0], [658.8321169953017, 0.0]]]"
Thu Jul 23 03:22:56 2020,2,1,True,665.4204381652547,0.8566012813968341,"[0, 0, 0, 3, 3, 0, 2, 0, 0, 2, 2, 3]","[[[400.0, 537.0094888072028], [600.0, 537.0094888072028], [600.0, 737.0094888072028], [400.0, 737.0094888072028], [400.0, 537.0094888072028]], [[200.0, 560.0], [400.0, 560.0], [400.0, 760.0], [200.0, 760.0], [200.0, 560.0]], [[285.4204381652547, 357.00948880720284], [565.4204381652547, 357.00948880720284], [565.4204381652547, 537.0094888072028], [285.4204381652547, 537.0094888072028], [285.4204381652547, 357.00948880720284]], [[0.0, 560.0], [0.0, 280.0], [140.0, 420.0], [0.0, 560.0]], [[665.4204381652547, 315.55555555555566], [485.4204381652547, 315.55555555555566], [665.4204381652547, 35.55555555555566], [665.4204381652547, 315.55555555555566]], [[0.0, 0.0], [280.0, 0.0], [280.0, 280.0], [0.0, 280.0], [0.0, 0.0]], [[505.4204381652547, 180.0], [305.4204381652547, 100.0], [305.4204381652547, 0.0], [505.4204381652547, 0.0], [505.4204381652547, 180.0]], [[565.4204381652547, 315.55555555555566], [665.4204381652547, 315.55555555555566], [665.4204381652547, 495.55555555555566], [565.4204381652547, 495.55555555555566], [565.4204381652547, 315.55555555555566]], [[0.0, 280.0], [280.0, 280.0], [280.0, 560.0], [0.0, 280.0]], [[200.0, 760.0], [0.0, 760.0], [0.0, 560.0], [200.0, 480.0], [200.0, 760.0]], [[665.4204381652547, 0.0], [585.4204381652547, 160.0], [505.4204381652547, 0.0], [665.4204381652547, 0.0]], [[280.0, 365.17141107026805], [280.0, 85.17141107026805], [520.0, 225.17141107026805], [280.0, 365.17141107026805]]]"
Thu Jul 23 03:23:09 2020,2,1,True,672.0746425469073,0.8481200805909248,"[0, 0, 0, 1, 1, 0, 1, 0, 1, 0, 0, 0]","[[[200.0, 0.0], [400.0, 0.0], [400.0, 200.0], [200.0, 200.0], [200.0, 0.0]], [[0.0, 560.0], [200.0, 560.0], [200.0, 760.0], [0.0, 760.0], [0.0, 560.0]], [[374.9999999999999, 580.0], [654.9999999999999, 580.0], [654.9999999999999, 760.0], [374.9999999999999, 760.0], [374.9999999999999, 580.0]], [[672.0746425469073, 0.0], [672.0746425469073, 280.0], [532.0746425469073, 140.0], [672.0746425469073, 0.0]], [[0.0, 280.0], [180.0, 280.0], [0.0, 560.0], [0.0, 280.0]], [[200.0, 200.0], [480.0, 200.0], [480.0, 480.0], [200.0, 480.0], [200.0, 200.0]], [[588.0746425469073, 0.0], [508.0746425469073, 200.0], [408.0746425469073, 200.0], [408.0746425469073, 0.0], [588.0746425469073, 0.0]], [[480.0, 200.0], [580.0, 200.0], [580.0, 380.0], [480.0, 380.0], [480.0, 200.0]], [[660.0, 300.0], [660.0, 580.0], [380.0, 580.0], [660.0, 300.0]], [[0.0, 0.0], [200.0, 0.0], [200.0, 200.0], [0.0, 280.0], [0.0, 0.0]], [[22.857142857142833, 560.0], [102.85714285714283, 400.0], [182.85714285714283, 560.0], [22.857142857142833, 560.0]], [[153.33333333333331, 480.0], [433.3333333333333, 480.0], [293.3333333333333, 720.0], [153.33333333333331, 480.0]]]"
Thu Jul 23 03:23:38 2020,2,1,True,678.7953889723764,0.8397228520702226,"[0, 0, 0, 3, 1, 0, 0, 1, 1, 1, 0, 2]","[[[478.7953889723764, 0.0], [678.7953889723764, 0.0], [678.7953889723764, 200.0], [478.7953889723764, 200.0], [478.7953889723764, 0.0]], [[0.0, 0.0], [200.0, 0.0], [200.0, 200.0], [0.0, 200.0], [0.0, 0.0]], [[200.0, 0.0], [480.0, 0.0], [480.0, 180.0], [200.0, 180.0], [200.0, 0.0]], [[480.0, 480.0], [480.0, 200.0], [620.0, 340.0], [480.0, 480.0]], [[0.0, 200.0], [180.0, 200.0], [0.0, 480.0], [0.0, 200.0]], [[200.0, 180.0], [480.0, 180.0], [480.0, 460.0], [200.0, 460.0], [200.0, 180.0]], [[478.7953889723764, 580.0], [678.7953889723764, 660.0], [678.7953889723764, 760.0], [478.7953889723764, 760.0], [478.7953889723764, 580.0]], [[342.5234370841786, 458.6116064300205], [342.5234370841786, 558.6116064300205], [162.52343708417862, 558.6116064300205], [162.52343708417862, 458.6116064300205], [342.5234370841786, 458.6116064300205]], [[678.7953889723764, 278.6116064300205], [678.7953889723764, 558.6116064300205], [398.7953889723764, 558.6116064300205], [678.7953889723764, 278.6116064300205]], [[479.1901037508452, 558.6116064300205], [479.1901037508452, 758.6116064300205], [279.1901037508452, 758.6116064300205], [199.1901037508452, 558.6116064300205], [479.1901037508452, 558.6116064300205]], [[0.0, 520.0], [80.0, 360.0], [160.0, 520.0], [0.0, 520.0]], [[280.0, 760.0], [0.0, 760.0], [140.0, 520.0], [280.0, 760.0]]]"
Thu Jul 23 03:23:53 2020,2,1,True,685.5833428621002,0.8314087644259629,"[0, 0, 0, 0, 1, 0, 2, 0, 2, 1, 0, 1]","[[[0.0, 560.0], [200.0, 560.0], [200.0, 760.0], [0.0, 760.0], [0.0, 560.0]], [[462.8459775673165, 370.9050538820866], [662.8459775673165, 370.9050538820866], [662.8459775673165, 570.9050538820866], [462.8459775673165, 570.9050538820866], [462.8459775673165, 370.9050538820866]], [[200.0, 570.9050538820866], [480.0, 570.9050538820866], [480.0, 750.9050538820866], [200.0, 750.9050538820866], [200.0, 570.9050538820866]], [[0.0, 0.0], [280.0, 0.0], [140.0, 140.0], [0.0, 0.0]], [[0.0, 280.0], [180.0, 280.0], [0.0, 560.0], [0.0, 280.0]], [[182.84597756731648, 280.0], [462.8459775673165, 280.0], [462.8459775673165, 560.0], [182.84597756731648, 560.0], [182.84597756731648, 280.0]], [[685.5833428621002, 380.0], [485.58334286210015, 300.0], [485.58334286210015, 200.0], [685.5833428621002, 200.0], [685.5833428621002, 380.0]], [[479.2871468269625, 570.9050538820866], [579.2871468269625, 570.9050538820866], [579.2871468269625, 750.9050538820866], [479.2871468269625, 750.9050538820866], [479.2871468269625, 570.9050538820866]], [[280.0, 280.0], [0.0, 280.0], [0.0, 0.0], [280.0, 280.0]], [[660.0, 0.0], [660.0, 200.0], [460.0, 200.0], [380.0, 0.0], [660.0, 0.0]], [[22.857142857142833, 560.0], [102.85714285714283, 400.0], [182.85714285714283, 560.0], [22.857142857142833, 560.0]], [[380.0, 0.0], [380.0, 280.0], [140.0, 140.0], [380.0, 0.0]]]"
Thu Jul 23 03:23:59 2020,2,0,True,658.1600091476162,0.8660507962770446,"[0, 0, 0, 0, 1, 0, 2, 0, 2, 1, 0, 1]","[[[0.0, 560.0], [200.0, 560.0], [200.0, 760.0], [0.0, 760.0], [0.0, 560.0]], [[458.16000914761617, 380.0], [658.1600091476162, 380.0], [658.1600091476162, 580.0], [458.16000914761617, 580.0], [458.16000914761617, 380.0]], [[200.0, 580.0], [480.0, 580.0], [480.0, 760.0], [200.0, 760.0], [200.0, 580.0]], [[0.0, 0.0], [280.0, 0.0], [140.0, 140.0], [0.0, 0.0]], [[0.0, 280.0], [180.0, 280.0], [0.0, 560.0], [0.0, 280.0]], [[179.63795544968696, 280.0], [459.63795544968696, 280.0], [459.63795544968696, 560.0], [179.63795544968696, 560.0], [179.63795544968696, 280.0]], [[658.1600091476162, 380.0], [458.16000914761617, 300.0], [458.16000914761617, 200.0], [658.1600091476162, 200.0], [658.1600091476162, 380.0]], [[480.0, 580.0], [580.0, 580.0], [580.0, 760.0], [480.0, 760.0], [480.0, 580.0]], [[280.0, 280.0], [0.0, 280.0], [0.0, 0.0], [280.0, 280.0]], [[658.1600091476162, 0.0], [658.1600091476162, 200.0], [458.16000914761617, 200.0], [378.16000914761617, 0.0], [658.1600091476162, 0.0]], [[21.25, 562.5], [101.25, 402.5], [181.25, 562.5], [21.25, 562.5]], [[379.63795544968696, 0.0], [379.63795544968696, 280.0], [139.63795544968696, 140.0], [379.63795544968696, 0.0]]]"
Thu Jul 23 03:24:31 2020,2,1,True,664.7416092390923,0.857476035917866,"[0, 0, 0, 1, 3, 0, 1, 1, 2, 3, 2, 0]","[[[0.0, 560.0], [200.0, 560.0], [200.0, 760.0], [0.0, 760.0], [0.0, 560.0]], [[460.0, 280.4860442254909], [660.0, 280.4860442254909], [660.0, 480.4860442254909], [460.0, 480.4860442254909], [460.0, 280.4860442254909]], [[335.2004430962643, 100.4860442254909], [615.2004430962643, 100.4860442254909], [615.2004430962643, 280.4860442254909], [335.2004430962643, 280.4860442254909], [335.2004430962643, 100.4860442254909]], [[335.2004430962643, 0.0], [335.2004430962643, 280.0], [195.20044309626428, 140.0], [335.2004430962643, 0.0]], [[664.7416092390923, 760.0], [484.7416092390923, 760.0], [664.7416092390923, 480.0], [664.7416092390923, 760.0]], [[0.0, 280.0], [280.0, 280.0], [280.0, 560.0], [0.0, 560.0], [0.0, 280.0]], [[459.99999999999994, 280.4860442254909], [379.99999999999994, 480.4860442254909], [279.99999999999994, 480.4860442254909], [279.99999999999994, 280.4860442254909], [459.99999999999994, 280.4860442254909]], [[515.2004430962643, 0.0], [515.2004430962643, 100.0], [335.2004430962643, 100.0], [335.2004430962643, 0.0], [515.2004430962643, 0.0]], [[280.0, 280.0], [0.0, 280.0], [0.0, 0.0], [280.0, 280.0]], [[200.0, 760.0], [200.0, 560.0], [400.0, 560.0], [480.0, 760.0], [200.0, 760.0]], [[240.0, 0.0], [160.0, 160.0], [80.0, 0.0], [240.0, 0.0]], [[361.47901798752946, 493.9640308357647], [641.4790179875295, 493.9640308357647], [501.47901798752946, 733.9640308357647], [361.47901798752946, 493.9640308357647]]]"
Thu Jul 23 03:25:46 2020,2,5,False,671.3890253314833,0.848986174176105,"[0, 0, 1, 2, 1, 0, 3, 0, 3, 0, 3, 1]","[[[171.38902533148325, 560.0], [371.38902533148325, 560.0], [371.38902533148325, 760.0], [171.38902533148325, 760.0], [171.38902533148325, 560.0]], [[471.38902533148325, 560.0], [671.3890253314833, 560.0], [671.3890253314833, 760.0], [471.38902533148325, 760.0], [471.38902533148325, 560.0]], [[380.0, 280.0], [380.0, 560.0], [200.0, 560.0], [200.0, 280.0], [380.0, 280.0]], [[280.0, 280.0], [0.0, 280.0], [140.0, 140.0], [280.0, 280.0]], [[0.0, 0.0], [180.0, 0.0], [0.0, 280.0], [0.0, 0.0]], [[380.0, 0.0], [660.0, 0.0], [660.0, 280.0], [380.0, 280.0], [380.0, 0.0]], [[491.38902533148325, 568.6109746685167], [571.3890253314833, 368.61097466851675], [671.3890253314833, 368.61097466851675], [671.3890253314833, 568.6109746685167], [491.38902533148325, 568.6109746685167]], [[371.38902533148325, 560.0], [471.38902533148325, 560.0], [471.38902533148325, 740.0], [371.38902533148325, 740.0], [371.38902533148325, 560.0]], [[380.0, 560.0], [380.0, 280.0], [660.0, 280.0], [380.0, 560.0]], [[0.0, 280.0], [200.0, 280.0], [200.0, 480.0], [0.0, 560.0], [0.0, 280.0]], [[171.38902533148325, 651.4443898674067], [11.389025331483253, 571.4443898674067], [171.38902533148325, 491.4443898674067], [171.38902533148325, 651.4443898674067]], [[380.0, 0.0], [380.0, 280.0], [140.0, 140.0], [380.0, 0.0]]]"
Thu Jul 23 03:26:13 2020,2,1,True,678.1029155847981,0.840580370471391,"[0, 0, 0, 1, 1, 0, 3, 0, 2, 1, 2, 2]","[[[0.0, 560.0], [200.0, 560.0], [200.0, 760.0], [0.0, 760.0], [0.0, 560.0]], [[420.0, 0.0], [620.0, 0.0], [620.0, 200.0], [420.0, 200.0], [420.0, 0.0]], [[364.5334643182239, 580.0], [644.5334643182239, 580.0], [644.5334643182239, 760.0], [364.5334643182239, 760.0], [364.5334643182239, 580.0]], [[647.2761557236753, 172.7238442763247], [647.2761557236753, 452.7238442763247], [507.2761557236753, 312.7238442763247], [647.2761557236753, 172.7238442763247]], [[300.0, 400.3853889394593], [480.0, 400.3853889394593], [300.0, 680.3853889394593], [300.0, 400.3853889394593]], [[0.0, 280.0], [280.0, 280.0], [280.0, 560.0], [0.0, 560.0], [0.0, 280.0]], [[319.5523114473506, 400.0], [399.5523114473506, 200.0], [499.5523114473506, 200.0], [499.5523114473506, 400.0], [319.5523114473506, 400.0]], [[200.0, 560.0], [300.0, 560.0], [300.0, 740.0], [200.0, 740.0], [200.0, 560.0]], [[280.0, 280.0], [0.0, 280.0], [0.0, 0.0], [280.0, 280.0]], [[420.0, 0.0], [420.0, 200.0], [220.0, 200.0], [140.0, 0.0], [420.0, 0.0]], [[400.0, 200.0], [320.0, 360.0], [240.0, 200.0], [400.0, 200.0]], [[674.5523114473506, 580.0], [394.5523114473506, 580.0], [534.5523114473506, 340.0], [674.5523114473506, 580.0]]]"
Thu Jul 23 03:26:26 2020,2,1,True,684.883944740646,0.8322577925459318,"[0, 0, 0, 1, 1, 0, 1, 0, 2, 1, 0, 2]","[[[0.0, 560.0], [200.0, 560.0], [200.0, 760.0], [0.0, 760.0], [0.0, 560.0]], [[420.0, 0.0], [620.0, 0.0], [620.0, 200.0], [420.0, 200.0], [420.0, 0.0]], [[384.28571428571433, 580.0], [664.2857142857143, 580.0], [664.2857142857143, 760.0], [384.28571428571433, 760.0], [384.28571428571433, 580.0]], [[652.8571428571429, 177.85714285714266], [652.8571428571429, 457.85714285714266], [512.8571428571429, 317.85714285714266], [652.8571428571429, 177.85714285714266]], [[320.0000000000001, 400.0], [500.0000000000001, 400.0], [320.0000000000001, 680.0], [320.0000000000001, 400.0]], [[0.0, 280.0], [280.0, 280.0], [280.0, 560.0], [0.0, 560.0], [0.0, 280.0]], [[560.0, 200.0], [480.0, 400.0], [380.0, 400.0], [380.0, 200.0], [560.0, 200.0]], [[280.0, 200.0], [380.0, 200.0], [380.0, 380.0], [280.0, 380.0], [280.0, 200.0]], [[280.0, 280.0], [0.0, 280.0], [0.0, 0.0], [280.0, 280.0]], [[420.0, 0.0], [420.0, 200.0], [220.0, 200.0], [140.0, 0.0], [420.0, 0.0]], [[200.0, 760.0], [280.0, 600.0], [360.0, 760.0], [200.0, 760.0]], [[675.0, 580.0], [395.0, 580.0], [535.0, 340.0], [675.0, 580.0]]]"
Thu Jul 23 03:26:36 2020,2,1,True,691.7327841880525,0.8240176163821107,"[0, 0, 0, 1, 1, 0, 0, 1, 2, 1, 1, 2]","[[[0.0, 560.0], [200.0, 560.0], [200.0, 760.0], [0.0, 760.0], [0.0, 560.0]], [[491.7327841880525, 0.0], [691.7327841880525, 0.0], [691.7327841880525, 200.0], [491.7327841880525, 200.0], [491.7327841880525, 0.0]], [[400.0, 558.4383540419828], [680.0, 558.4383540419828], [680.0, 738.4383540419828], [400.0, 738.4383540419828], [400.0, 558.4383540419828]], [[667.1575017225583, 216.57528246549407], [667.1575017225583, 496.57528246549407], [527.1575017225583, 356.57528246549407], [667.1575017225583, 216.57528246549407]], [[310.0, 344.0], [490.0, 344.0], [310.0, 624.0], [310.0, 344.0]], [[0.0, 280.0], [280.0, 280.0], [280.0, 560.0], [0.0, 560.0], [0.0, 280.0]], [[200.0, 580.0], [400.0, 660.0], [400.0, 760.0], [200.0, 760.0], [200.0, 580.0]], [[460.0, 200.0], [460.0, 300.0], [280.0, 300.0], [280.0, 200.0], [460.0, 200.0]], [[280.0, 280.0], [0.0, 280.0], [0.0, 0.0], [280.0, 280.0]], [[400.0, 0.0], [400.0, 200.0], [200.0, 200.0], [120.0, 0.0], [400.0, 0.0]], [[459.7327841880525, 184.0], [619.7327841880525, 264.0], [459.7327841880525, 344.0], [459.7327841880525, 184.0]], [[644.9109601421768, 558.4383540419828], [364.9109601421768, 558.4383540419828], [504.9109601421768, 318.43835404198285], [644.9109601421768, 558.4383540419828]]]"
Thu Jul 23 03:26:44 2020,2,1,True,698.650112029933,0.8158590261209018,"[0, 0, 0, 1, 1, 0, 3, 1, 2, 1, 1, 2]","[[[459.9999999999999, 539.9999999999998], [659.9999999999999, 539.9999999999998], [659.9999999999999, 739.9999999999998], [459.9999999999999, 739.9999999999998], [459.9999999999999, 539.9999999999998]], [[460.0, 0.0], [660.0, 0.0], [660.0, 200.0], [460.0, 200.0], [460.0, 0.0]], [[0.0, 579.9999999999998], [280.0, 579.9999999999998], [280.0, 759.9999999999998], [0.0, 759.9999999999998], [0.0, 579.9999999999998]], [[691.7729919803122, 283.4385600248104], [691.7729919803122, 563.4385600248104], [551.7729919803122, 423.4385600248104], [691.7729919803122, 283.4385600248104]], [[280.0, 320.0], [460.0, 320.0], [280.0, 600.0], [280.0, 320.0]], [[0.0, 299.9999999999998], [280.0, 299.9999999999998], [280.0, 579.9999999999998], [0.0, 579.9999999999998], [0.0, 299.9999999999998]], [[279.9999999999999, 760.0], [359.9999999999999, 560.0], [459.9999999999999, 560.0], [459.9999999999999, 760.0], [279.9999999999999, 760.0]], [[539.9999999999998, 199.99999999999977], [539.9999999999998, 299.9999999999998], [359.9999999999998, 299.9999999999998], [359.9999999999998, 199.99999999999977], [539.9999999999998, 199.99999999999977]], [[359.9999999999998, 299.9999999999998], [79.99999999999977, 299.9999999999998], [79.99999999999977, 19.999999999999773], [359.9999999999998, 299.9999999999998]], [[460.0, 0.0], [460.0, 200.0], [260.0, 200.0], [180.0, 0.0], [460.0, 0.0]], [[538.650112029933, 200.0], [698.650112029933, 280.0], [538.650112029933, 360.0], [538.650112029933, 200.0]], [[611.6666666666667, 539.9999999999998], [331.66666666666674, 539.9999999999998], [471.66666666666674, 299.9999999999998], [611.6666666666667, 539.9999999999998]]]"
Thu Jul 23 03:26:50 2020,2,1,True,705.6366131502323,0.8077812139810908,"[0, 0, 0, 1, 1, 0, 3, 0, 2, 1, 2, 2]","[[[459.9999999999999, 539.9999999999998], [659.9999999999999, 539.9999999999998], [659.9999999999999, 739.9999999999998], [459.9999999999999, 739.9999999999998], [459.9999999999999, 539.9999999999998]], [[480.0000000000002, 0.0], [680.0000000000002, 0.0], [680.0000000000002, 200.0], [480.0000000000002, 200.0], [480.0000000000002, 0.0]], [[0.0, 579.9999999999998], [280.0, 579.9999999999998], [280.0, 759.9999999999998], [0.0, 759.9999999999998], [0.0, 579.9999999999998]], [[670.7041075487357, 270.7041075487356], [670.7041075487357, 550.7041075487356], [530.7041075487357, 410.7041075487356], [670.7041075487357, 270.7041075487356]], [[280.0, 309.2958924512643], [460.0, 309.2958924512643], [280.0, 589.2958924512643], [280.0, 309.2958924512643]], [[0.0, 299.9999999999998], [280.0, 299.9999999999998], [280.0, 579.9999999999998], [0.0, 579.9999999999998], [0.0, 299.9999999999998]], [[279.9999999999999, 760.0], [359.9999999999999, 560.0], [459.9999999999999, 560.0], [459.9999999999999, 760.0], [279.9999999999999, 760.0]], [[0.0, 119.99999999999977], [100.0, 119.99999999999977], [100.0, 299.9999999999998], [0.0, 299.9999999999998], [0.0, 119.99999999999977]], [[380.0, 299.9999999999998], [100.0, 299.9999999999998], [100.0, 19.999999999999773], [380.0, 299.9999999999998]], [[480.0000000000002, 0.0], [480.0000000000002, 200.0], [280.0000000000002, 200.0], [200.00000000000023, 0.0], [480.0000000000002, 0.0]], [[661.4082150974713, 200.0], [581.4082150974713, 360.0], [501.40821509747127, 200.0], [661.4082150974713, 200.0]], [[606.1267114786398, 539.9999999999997], [326.1267114786398, 539.9999999999997], [466.1267114786398, 299.99999999999966], [606.1267114786398, 539.9999999999997]]]"
Thu Jul 23 03:26:50 2020,2,0,True,677.411148624223,0.8414387645636363,"[0, 0, 0, 1, 1, 0, 3, 0, 2, 1, 2, 2]","[[[459.9999999999999, 539.9999999999998], [659.9999999999999, 539.9999999999998], [659.9999999999999, 739.9999999999998], [459.9999999999999, 739.9999999999998], [459.9999999999999, 539.9999999999998]], [[477.41114862422296, 0.0], [677.411148624223, 0.0], [677.411148624223, 200.0], [477.41114862422296, 200.0], [477.41114862422296, 0.0]], [[0.0, 579.9999999999998], [280.0, 579.9999999999998], [280.0, 759.9999999999998], [0.0, 759.9999999999998], [0.0, 579.9999999999998]], [[670.7041075487357, 270.7041075487356], [670.7041075487357, 550.7041075487356], [530.7041075487357, 410.7041075487356], [670.7041075487357, 270.7041075487356]], [[280.0, 309.2958924512643], [460.0, 309.2958924512643], [280.0, 589.2958924512643], [280.0, 309.2958924512643]], [[0.0, 299.9999999999998], [280.0, 299.9999999999998], [280.0, 579.9999999999998], [0.0, 579.9999999999998], [0.0, 299.9999999999998]], [[279.9999999999999, 760.0], [359.9999999999999, 560.0], [459.9999999999999, 560.0], [459.9999999999999, 760.0], [279.9999999999999, 760.0]], [[0.0, 119.99999999999977], [100.0, 119.99999999999977], [100.0, 299.9999999999998], [0.0, 299.9999999999998], [0.0, 119.99999999999977]], [[380.0, 299.9999999999998], [100.0, 299.9999999999998], [100.0, 19.999999999999773], [380.0, 299.9999999999998]], [[477.41114862422296, 0.0], [477.41114862422296, 200.0], [277.41114862422296, 200.0], [197.41114862422296, 0.0], [477.41114862422296, 0.0]], [[661.4082150974713, 200.0], [581.4082150974713, 360.0], [501.40821509747127, 200.0], [661.4082150974713, 200.0]], [[605.4226039299043, 539.9999999999998], [325.4226039299043, 539.9999999999998], [465.4226039299043, 299.9999999999998], [605.4226039299043, 539.9999999999998]]]"
Thu Jul 23 03:27:11 2020,2,0,True,650.314702679254,0.8764987130871214,"[0, 0, 0, 1, 2, 0, 3, 1, 2, 0, 2, 2]","[[[0.0, 0.0], [200.0, 0.0], [200.0, 200.0], [0.0, 200.0], [0.0, 0.0]], [[400.0, 0.0], [600.0, 0.0], [600.0, 200.0], [400.0, 200.0], [400.0, 0.0]], [[0.0, 579.9999999999998], [280.0, 579.9999999999998], [280.0, 759.9999999999998], [0.0, 759.9999999999998], [0.0, 579.9999999999998]], [[630.0, 170.0], [630.0, 450.0], [490.0, 310.0], [630.0, 170.0]], [[650.314702679254, 570.314702679254], [650.314702679254, 750.314702679254], [370.31470267925397, 570.314702679254], [650.314702679254, 570.314702679254]], [[0.0, 299.9999999999998], [280.0, 299.9999999999998], [280.0, 579.9999999999998], [0.0, 579.9999999999998], [0.0, 299.9999999999998]], [[283.6480360125872, 412.7039279748251], [363.6480360125872, 212.7039279748251], [463.6480360125872, 212.7039279748251], [463.6480360125872, 412.7039279748251], [283.6480360125872, 412.7039279748251]], [[180.0, 199.99999999999977], [180.0, 299.9999999999998], [0.0, 299.9999999999998], [0.0, 199.99999999999977], [180.0, 199.99999999999977]], [[560.0, 760.0], [280.0, 760.0], [280.0, 480.0], [560.0, 760.0]], [[200.0, 0.0], [400.0, 0.0], [400.0, 200.0], [200.0, 280.0], [200.0, 0.0]], [[450.3147026792539, 410.31470267925397], [370.3147026792539, 570.314702679254], [290.3147026792539, 410.31470267925397], [450.3147026792539, 410.31470267925397]], [[650.314702679254, 570.314702679254], [370.31470267925397, 570.314702679254], [510.31470267925397, 330.31470267925397], [650.314702679254, 570.314702679254]]]"
Thu Jul 23 03:29:33 2020,2,5,False,656.8178497060466,0.8678205080070507,"[0, 0, 0, 0, 3, 0, 0, 0, 1, 1, 2, 2]","[[[0.0, 560.0], [200.0, 560.0], [200.0, 760.0], [0.0, 760.0], [0.0, 560.0]], [[200.0, 550.6055439871825], [400.0, 550.6055439871825], [400.0, 750.6055439871825], [200.0, 750.6055439871825], [200.0, 550.6055439871825]], [[376.81784970604656, 580.0], [656.8178497060466, 580.0], [656.8178497060466, 760.0], [376.81784970604656, 760.0], [376.81784970604656, 580.0]], [[358.26086956521783, 328.8664135524002], [638.2608695652178, 328.8664135524002], [498.26086956521783, 468.8664135524002], [358.26086956521783, 328.8664135524002]], [[656.8178497060466, 580.0], [476.81784970604656, 580.0], [656.8178497060466, 300.0], [656.8178497060466, 580.0]], [[0.0, 270.6055439871825], [280.0, 270.6055439871825], [280.0, 550.6055439871825], [0.0, 550.6055439871825], [0.0, 270.6055439871825]], [[280.0, 370.6055439871825], [480.0, 450.6055439871825], [480.0, 550.6055439871825], [280.0, 550.6055439871825], [280.0, 370.6055439871825]], [[556.8178497060466, 43.99861785932819], [656.8178497060466, 43.99861785932819], [656.8178497060466, 223.9986178593282], [556.8178497060466, 223.9986178593282], [556.8178497060466, 43.99861785932819]], [[556.8178497060466, 48.86641355240022], [556.8178497060466, 328.8664135524002], [276.81784970604656, 328.8664135524002], [556.8178497060466, 48.86641355240022]], [[405.6842632584468, 0.0], [405.6842632584468, 200.0], [205.68426325844678, 200.0], [125.68426325844678, 0.0], [405.6842632584468, 0.0]], [[565.6842632584468, 0.0], [485.6842632584468, 160.0], [405.6842632584468, 0.0], [565.6842632584468, 0.0]], [[280.0, 270.6055439871825], [0.0, 270.6055439871825], [140.0, 30.6055439871825], [280.0, 270.6055439871825]]]"
Thu Jul 23 03:30:06 2020,2,1,True,663.386028203107,0.8592282257495552,"[0, 0, 1, 1, 1, 0, 2, 0, 3, 0, 1, 2]","[[[0.0, 560.0], [200.0, 560.0], [200.0, 760.0], [0.0, 760.0], [0.0, 560.0]], [[199.9999999999999, 560.0], [399.9999999999999, 560.0], [399.9999999999999, 760.0], [199.9999999999999, 760.0], [199.9999999999999, 560.0]], [[659.9999999999999, 480.0], [659.9999999999999, 760.0], [479.9999999999999, 760.0], [479.9999999999999, 480.0], [659.9999999999999, 480.0]], [[479.9999999999999, 360.0], [479.9999999999999, 640.0], [339.9999999999999, 500.0], [479.9999999999999, 360.0]], [[0.0, 0.0], [180.0, 0.0], [0.0, 280.0], [0.0, 0.0]], [[0.0, 280.0], [280.0, 280.0], [280.0, 560.0], [0.0, 560.0], [0.0, 280.0]], [[460.0, 180.0], [260.0, 100.0], [260.0, 0.0], [460.0, 0.0], [460.0, 180.0]], [[559.9999999999999, 240.00000000000006], [659.9999999999999, 240.00000000000006], [659.9999999999999, 420.00000000000006], [559.9999999999999, 420.00000000000006], [559.9999999999999, 240.00000000000006]], [[279.9999999999999, 560.0], [279.9999999999999, 280.0], [559.9999999999999, 280.0], [279.9999999999999, 560.0]], [[460.0, 0.0], [660.0, 0.0], [660.0, 200.0], [460.0, 280.0], [460.0, 0.0]], [[300.0, 116.0], [460.0, 196.0], [300.0, 276.0], [300.0, 116.0]], [[294.28571428571433, 279.99999999999994], [14.285714285714334, 279.99999999999994], [154.28571428571433, 39.99999999999994], [294.28571428571433, 279.99999999999994]]]"
Thu Jul 23 03:31:43 2020,2,5,False,670.019888485138,0.850721015593619,"[0, 0, 1, 1, 1, 0, 1, 1, 3, 3, 1, 1]","[[[0.0, 280.0], [200.0, 280.0], [200.0, 480.0], [0.0, 480.0], [0.0, 280.0]], [[280.0, 460.0], [480.0, 460.0], [480.0, 660.0], [280.0, 660.0], [280.0, 460.0]], [[670.019888485138, 480.0], [670.019888485138, 760.0], [490.01988848513804, 760.0], [490.01988848513804, 480.0], [670.019888485138, 480.0]], [[430.01988848513804, 10.01988848513804], [430.01988848513804, 290.01988848513804], [290.01988848513804, 150.01988848513804], [430.01988848513804, 10.01988848513804]], [[422.85714285714283, 37.14285714285717], [602.8571428571429, 37.14285714285717], [422.85714285714283, 317.14285714285717], [422.85714285714283, 37.14285714285717]], [[0.0, 480.0], [280.0, 480.0], [280.0, 760.0], [0.0, 760.0], [0.0, 480.0]], [[180.0, 0.0], [100.0, 200.0], [0.0, 200.0], [0.0, 0.0], [180.0, 0.0]], [[460.0, 660.0], [460.0, 760.0], [280.0, 760.0], [280.0, 660.0], [460.0, 660.0]], [[180.0, 280.0], [180.0, 0.0], [460.0, 0.0], [180.0, 280.0]], [[200.0, 460.0], [200.0, 260.0], [400.0, 260.0], [480.0, 460.0], [200.0, 460.0]], [[480.0, 325.00994424256896], [640.0, 405.00994424256896], [480.0, 485.00994424256896], [480.0, 325.00994424256896]], [[670.019888485138, 142.52154585889946], [670.019888485138, 422.52154585889946], [430.01988848513804, 282.52154585889946], [670.019888485138, 142.52154585889946]]]"
Thu Jul 23 03:31:57 2020,2,1,True,676.7200873699894,0.8422980352412069,"[0, 0, 0, 3, 1, 0, 2, 0, 1, 0, 0, 2]","[[[262.8107768239174, 460.408316121815], [462.8107768239174, 460.408316121815], [462.8107768239174, 660.408316121815], [262.8107768239174, 660.408316121815], [262.8107768239174, 460.408316121815]], [[0.0, 280.0], [200.0, 280.0], [200.0, 480.0], [0.0, 480.0], [0.0, 280.0]], [[179.7375110645475, 0.4083161218150053], [459.7375110645475, 0.4083161218150053], [459.7375110645475, 180.408316121815], [179.7375110645475, 180.408316121815], [179.7375110645475, 0.4083161218150053]], [[479.99999999999983, 661.3119650520041], [479.99999999999983, 381.3119650520041], [619.9999999999998, 521.3119650520041], [479.99999999999983, 661.3119650520041]], [[0.0, 0.0], [180.0, 0.0], [0.0, 280.0], [0.0, 0.0]], [[196.72008736998941, 180.408316121815], [476.7200873699894, 180.408316121815], [476.7200873699894, 460.408316121815], [196.72008736998941, 460.408316121815], [196.72008736998941, 180.408316121815]], [[676.7200873699894, 460.0], [476.7200873699894, 380.0], [476.7200873699894, 280.0], [676.7200873699894, 280.0], [676.7200873699894, 460.0]], [[0.0, 480.0], [100.0, 480.0], [100.0, 660.0], [0.0, 660.0], [0.0, 480.0]], [[661.311965052004, 480.0], [661.311965052004, 760.0], [381.311965052004, 760.0], [661.311965052004, 480.0]], [[476.7200873699894, 0.0], [676.7200873699894, 0.0], [676.7200873699894, 200.0], [476.7200873699894, 280.0], [476.7200873699894, 0.0]], [[22.857142857142833, 280.0], [102.85714285714283, 120.0], [182.85714285714283, 280.0], [22.857142857142833, 280.0]], [[321.66666666666674, 760.0], [41.66666666666674, 760.0], [181.66666666666674, 520.0], [321.66666666666674, 760.0]]]"
Thu Jul 23 03:32:14 2020,2,1,True,683.4872882436894,0.8339584507338682,"[0, 0, 1, 1, 2, 0, 1, 1, 2, 2, 0, 3]","[[[460.0, 80.0], [660.0, 80.0], [660.0, 280.0], [460.0, 280.0], [460.0, 80.0]], [[0.0, 380.0], [200.0, 380.0], [200.0, 580.0], [0.0, 580.0], [0.0, 380.0]], [[180.0, 0.0], [180.0, 280.0], [0.0, 280.0], [0.0, 0.0], [180.0, 0.0]], [[683.4872882436894, 480.0], [683.4872882436894, 760.0], [543.4872882436894, 620.0], [683.4872882436894, 480.0]], [[502.22222222222223, 280.0], [502.22222222222223, 460.0], [222.22222222222223, 280.0], [502.22222222222223, 280.0]], [[180.0, 0.0], [460.0, 0.0], [460.0, 280.0], [180.0, 280.0], [180.0, 0.0]], [[682.2222222222222, 300.0], [602.2222222222222, 500.0], [502.2222222222222, 500.0], [502.2222222222222, 300.0], [682.2222222222222, 300.0]], [[180.0, 280.0], [180.0, 380.0], [0.0, 380.0], [0.0, 280.0], [180.0, 280.0]], [[680.0, 756.5127117563106], [400.0, 756.5127117563106], [400.0, 476.51271175631064], [680.0, 756.5127117563106]], [[400.0, 760.0], [200.0, 760.0], [200.0, 560.0], [400.0, 480.0], [400.0, 760.0]], [[0.0, 740.0], [80.0, 580.0], [160.0, 740.0], [0.0, 740.0]], [[200.0, 560.0], [200.0, 280.0], [440.0, 420.0], [200.0, 560.0]]]"
Thu Jul 23 03:32:40 2020,2,1,True,690.3221611261263,0.8257014363701666,"[0, 0, 1, 0, 2, 0, 3, 1, 2, 1, 0, 3]","[[[0.0, 160.0], [200.0, 160.0], [200.0, 360.0], [0.0, 360.0], [0.0, 160.0]], [[0.0, 360.0], [200.0, 360.0], [200.0, 560.0], [0.0, 560.0], [0.0, 360.0]], [[660.0, 0.0], [660.0, 280.0], [480.0, 280.0], [480.0, 0.0], [660.0, 0.0]], [[292.29559342788315, 280.0], [572.2955934278832, 280.0], [432.29559342788315, 420.0], [292.29559342788315, 280.0]], [[656.1477967139417, 496.1477967139417], [656.1477967139417, 676.1477967139417], [376.1477967139417, 496.1477967139417], [656.1477967139417, 496.1477967139417]], [[200.0, 0.0], [480.0, 0.0], [480.0, 280.0], [200.0, 280.0], [200.0, 0.0]], [[476.1477967139417, 496.1477967139417], [556.1477967139417, 296.1477967139417], [656.1477967139417, 296.1477967139417], [656.1477967139417, 496.1477967139417], [476.1477967139417, 496.1477967139417]], [[180.0, 60.0], [180.0, 160.0], [0.0, 160.0], [0.0, 60.0], [180.0, 60.0]], [[640.0, 760.0], [360.0, 760.0], [360.0, 480.0], [640.0, 760.0]], [[360.0, 560.0], [360.0, 760.0], [160.0, 760.0], [80.0, 560.0], [360.0, 560.0]], [[0.0, 760.0], [80.0, 600.0], [160.0, 760.0], [0.0, 760.0]], [[200.0, 564.4942371670679], [200.0, 284.4942371670679], [440.0, 424.4942371670679], [200.0, 564.4942371670679]]]"
Thu Jul 23 03:32:40 2020,2,0,True,662.7092746810812,0.8601056628855901,"[0, 0, 1, 0, 2, 0, 3, 1, 2, 1, 0, 3]","[[[0.0, 160.0], [200.0, 160.0], [200.0, 360.0], [0.0, 360.0], [0.0, 160.0]], [[0.0, 360.0], [200.0, 360.0], [200.0, 560.0], [0.0, 560.0], [0.0, 360.0]], [[660.0, 0.0], [660.0, 280.0], [480.0, 280.0], [480.0, 0.0], [660.0, 0.0]], [[292.29559342788315, 280.0], [572.2955934278832, 280.0], [432.29559342788315, 420.0], [292.29559342788315, 280.0]], [[656.1477967139417, 496.1477967139417], [656.1477967139417, 676.1477967139417], [376.1477967139417, 496.1477967139417], [656.1477967139417, 496.1477967139417]], [[200.0, 0.0], [480.0, 0.0], [480.0, 280.0], [200.0, 280.0], [200.0, 0.0]], [[476.1477967139417, 496.1477967139417], [556.1477967139417, 296.1477967139417], [656.1477967139417, 296.1477967139417], [656.1477967139417, 496.1477967139417], [476.1477967139417, 496.1477967139417]], [[180.0, 60.0], [180.0, 160.0], [0.0, 160.0], [0.0, 60.0], [180.0, 60.0]], [[640.0, 760.0], [360.0, 760.0], [360.0, 480.0], [640.0, 760.0]], [[360.0, 560.0], [360.0, 760.0], [160.0, 760.0], [80.0, 560.0], [360.0, 560.0]], [[0.0, 760.0], [80.0, 600.0], [160.0, 760.0], [0.0, 760.0]], [[200.0, 564.4942371670679], [200.0, 284.4942371670679], [440.0, 424.4942371670679], [200.0, 564.4942371670679]]]"
Thu Jul 23 03:33:18 2020,2,1,True,669.336367427892,0.8515897652332576,"[0, 0, 1, 3, 1, 0, 0, 1, 0, 1, 0, 2]","[[[0.0, 560.0], [200.0, 560.0], [200.0, 760.0], [0.0, 760.0], [0.0, 560.0]], [[469.336367427892, 280.0], [669.336367427892, 280.0], [669.336367427892, 480.0], [469.336367427892, 480.0], [469.336367427892, 280.0]], [[189.33636742789201, 0.0], [189.33636742789201, 280.0], [9.336367427892014, 280.0], [9.336367427892014, 0.0], [189.33636742789201, 0.0]], [[0.0, 550.663632572108], [0.0, 270.663632572108], [140.0, 410.663632572108], [0.0, 550.663632572108]], [[486.4792245707492, 480.0], [666.4792245707492, 480.0], [486.4792245707492, 760.0], [486.4792245707492, 480.0]], [[189.33636742789201, 0.0], [469.336367427892, 0.0], [469.336367427892, 280.0], [189.33636742789201, 280.0], [189.33636742789201, 0.0]], [[469.336367427892, 95.73454697115682], [669.336367427892, 175.73454697115682], [669.336367427892, 275.7345469711568], [469.336367427892, 275.7345469711568], [469.336367427892, 95.73454697115682]], [[660.0, 0.0], [660.0, 100.0], [480.0, 100.0], [480.0, 0.0], [660.0, 0.0]], [[189.33636742789201, 280.0], [469.336367427892, 280.0], [469.336367427892, 560.0], [189.33636742789201, 280.0]], [[486.4792245707492, 560.0], [486.4792245707492, 760.0], [286.4792245707492, 760.0], [206.47922457074918, 560.0], [486.4792245707492, 560.0]], [[509.336367427892, 760.0], [589.336367427892, 600.0], [669.336367427892, 760.0], [509.336367427892, 760.0]], [[332.8871190003963, 560.0], [52.8871190003963, 560.0], [192.8871190003963, 320.0], [332.8871190003963, 560.0]]]"
Thu Jul 23 03:35:26 2020,2,5,True,676.0297311021709,0.843158183399265,"[0, 0, 1, 3, 1, 0, 1, 1, 0, 1, 0, 1]","[[[180.0, 360.0], [380.0, 360.0], [380.0, 560.0], [180.0, 560.0], [180.0, 360.0]], [[476.0297311021709, 280.0], [676.0297311021709, 280.0], [676.0297311021709, 480.0], [476.0297311021709, 480.0], [476.0297311021709, 280.0]], [[180.0, 100.0], [180.0, 380.0], [0.0, 380.0], [0.0, 100.0], [180.0, 100.0]], [[436.4320061955366, 319.5977249066343], [436.4320061955366, 39.59772490663431], [576.4320061955366, 179.5977249066343], [436.4320061955366, 319.5977249066343]], [[0.0, 379.9999999999999], [180.0, 379.9999999999999], [0.0, 659.9999999999999], [0.0, 379.9999999999999]], [[380.0, 480.0], [660.0, 480.0], [660.0, 760.0], [380.0, 760.0], [380.0, 480.0]], [[360.0, 0.0], [280.0, 200.0], [180.0, 200.0], [180.0, 0.0], [360.0, 0.0]], [[180.0, 0.0], [180.0, 100.0], [0.0, 100.0], [0.0, 0.0], [180.0, 0.0]], [[396.0297311021709, 0.0], [676.0297311021709, 0.0], [676.0297311021709, 280.0], [396.0297311021709, 0.0]], [[360.0, 560.0], [360.0, 760.0], [160.0, 760.0], [80.0, 560.0], [360.0, 560.0]], [[0.0, 760.0], [80.0, 600.0], [160.0, 760.0], [0.0, 760.0]], [[432.8571428571429, 110.83333333333337], [432.8571428571429, 390.83333333333337], [192.8571428571429, 250.83333333333337], [432.8571428571429, 110.83333333333337]]]"
Thu Jul 23 03:35:39 2020,2,1,True,682.7900284131927,0.8348100825735296,"[0, 0, 0, 1, 0, 0, 2, 1, 3, 0, 2, 2]","[[[460.0, 20.000000000000057], [660.0, 20.000000000000057], [660.0, 220.00000000000006], [460.0, 220.00000000000006], [460.0, 20.000000000000057]], [[460.0, 231.0114581419159], [660.0, 231.0114581419159], [660.0, 431.0114581419159], [460.0, 431.0114581419159], [460.0, 231.0114581419159]], [[0.0, 400.0], [280.0, 400.0], [280.0, 580.0], [0.0, 580.0], [0.0, 400.0]], [[459.99999999999994, 20.000000000000057], [459.99999999999994, 300.00000000000006], [319.99999999999994, 160.00000000000006], [459.99999999999994, 20.000000000000057]], [[0.0, 760.0], [0.0, 580.0], [280.0, 760.0], [0.0, 760.0]], [[402.79002841319266, 480.0], [682.7900284131927, 480.0], [682.7900284131927, 760.0], [402.79002841319266, 760.0], [402.79002841319266, 480.0]], [[360.0, 760.0], [160.0, 680.0], [160.0, 580.0], [360.0, 580.0], [360.0, 760.0]], [[180.0, 0.0], [180.0, 100.0], [0.0, 100.0], [0.0, 0.0], [180.0, 0.0]], [[200.0, 280.0], [200.0, 0.0], [480.0, 0.0], [200.0, 280.0]], [[0.0, 100.0], [200.0, 100.0], [200.0, 300.0], [0.0, 380.0], [0.0, 100.0]], [[439.9999999999999, 399.9999999999998], [359.9999999999999, 559.9999999999998], [279.9999999999999, 399.9999999999998], [439.9999999999999, 399.9999999999998]], [[460.0, 400.0], [180.0, 400.0], [320.0, 160.0], [460.0, 400.0]]]"
Thu Jul 23 03:36:02 2020,2,1,True,689.6179286973246,0.8265446362114154,"[0, 0, 1, 1, 3, 0, 1, 0, 3, 0, 3, 2]","[[[455.4784272766649, 280.0], [655.4784272766649, 280.0], [655.4784272766649, 480.0], [455.4784272766649, 480.0], [455.4784272766649, 280.0]], [[0.0, 0.0], [200.0, 0.0], [200.0, 200.0], [0.0, 200.0], [0.0, 0.0]], [[660.0, 0.0], [660.0, 280.0], [480.0, 280.0], [480.0, 0.0], [660.0, 0.0]], [[480.0, 0.0], [480.0, 280.0], [340.0, 140.0], [480.0, 0.0]], [[375.4784272766649, 760.0], [195.4784272766649, 760.0], [375.4784272766649, 480.0], [375.4784272766649, 760.0]], [[375.4784272766649, 480.0], [655.4784272766649, 480.0], [655.4784272766649, 760.0], [375.4784272766649, 760.0], [375.4784272766649, 480.0]], [[379.5110100393799, 398.1715379246655], [299.5110100393799, 598.1715379246655], [199.51101003937993, 598.1715379246655], [199.51101003937993, 398.1715379246655], [379.5110100393799, 398.1715379246655]], [[0.0, 200.0], [100.0, 200.0], [100.0, 380.0], [0.0, 380.0], [0.0, 200.0]], [[200.0, 280.0], [200.0, 0.0], [480.0, 0.0], [200.0, 280.0]], [[0.0, 398.1715379246655], [200.0, 398.1715379246655], [200.0, 598.1715379246655], [0.0, 678.1715379246655], [0.0, 398.1715379246655]], [[195.42884481166368, 760.0], [35.42884481166368, 680.0], [195.42884481166368, 600.0], [195.42884481166368, 760.0]], [[455.4784272766649, 398.1715379246655], [175.4784272766649, 398.1715379246655], [315.4784272766649, 158.17153792466547], [455.4784272766649, 398.1715379246655]]]"
Thu Jul 23 03:36:02 2020,2,0,True,662.0332115494316,0.8609839960535578,"[0, 0, 1, 1, 3, 0, 1, 0, 3, 0, 3, 2]","[[[455.4784272766649, 280.0], [655.4784272766649, 280.0], [655.4784272766649, 480.0], [455.4784272766649, 480.0], [455.4784272766649, 280.0]], [[0.0, 0.0], [200.0, 0.0], [200.0, 200.0], [0.0, 200.0], [0.0, 0.0]], [[660.0, 0.0], [660.0, 280.0], [480.0, 280.0], [480.0, 0.0], [660.0, 0.0]], [[480.0, 0.0], [480.0, 280.0], [340.0, 140.0], [480.0, 0.0]], [[375.4784272766649, 760.0], [195.4784272766649, 760.0], [375.4784272766649, 480.0], [375.4784272766649, 760.0]], [[375.4784272766649, 480.0], [655.4784272766649, 480.0], [655.4784272766649, 760.0], [375.4784272766649, 760.0], [375.4784272766649, 480.0]], [[379.5110100393799, 398.1715379246655], [299.5110100393799, 598.1715379246655], [199.51101003937993, 598.1715379246655], [199.51101003937993, 398.1715379246655], [379.5110100393799, 398.1715379246655]], [[0.0, 200.0], [100.0, 200.0], [100.0, 380.0], [0.0, 380.0], [0.0, 200.0]], [[200.0, 280.0], [200.0, 0.0], [480.0, 0.0], [200.0, 280.0]], [[0.0, 398.1715379246655], [200.0, 398.1715379246655], [200.0, 598.1715379246655], [0.0, 678.1715379246655], [0.0, 398.1715379246655]], [[195.42884481166368, 760.0], [35.42884481166368, 680.0], [195.42884481166368, 600.0], [195.42884481166368, 760.0]], [[455.4784272766649, 398.1715379246655], [175.4784272766649, 398.1715379246655], [315.4784272766649, 158.17153792466547], [455.4784272766649, 398.1715379246655]]]"
Thu Jul 23 03:36:19 2020,2,1,True,668.6535436649259,0.8524594020332256,"[0, 0, 1, 1, 3, 0, 0, 1, 0, 0, 3, 3]","[[[468.6535436649259, 280.0], [668.6535436649259, 280.0], [668.6535436649259, 480.0], [468.6535436649259, 480.0], [468.6535436649259, 280.0]], [[268.6535436649259, 280.0], [468.6535436649259, 280.0], [468.6535436649259, 480.0], [268.6535436649259, 480.0], [268.6535436649259, 280.0]], [[180.0, 480.0], [180.0, 760.0], [0.0, 760.0], [0.0, 480.0], [180.0, 480.0]], [[264.97604976439663, 284.97604976439663], [264.97604976439663, 564.9760497643966], [124.97604976439663, 424.97604976439663], [264.97604976439663, 284.97604976439663]], [[359.5793498617601, 760.0], [179.57934986176008, 760.0], [359.5793498617601, 480.0], [359.5793498617601, 760.0]], [[188.6535436649259, 0.0], [468.6535436649259, 0.0], [468.6535436649259, 280.0], [188.6535436649259, 280.0], [188.6535436649259, 0.0]], [[359.5793498617601, 580.0], [559.5793498617601, 660.0], [559.5793498617601, 760.0], [359.5793498617601, 760.0], [359.5793498617601, 580.0]], [[180.0, 0.0], [180.0, 100.0], [0.0, 100.0], [0.0, 0.0], [180.0, 0.0]], [[379.21356663838526, 480.0], [659.2135666383853, 480.0], [659.2135666383853, 760.0], [379.21356663838526, 480.0]], [[468.6535436649259, 0.0], [668.6535436649259, 0.0], [668.6535436649259, 200.0], [468.6535436649259, 280.0], [468.6535436649259, 0.0]], [[177.2249722363545, 260.0], [17.22497223635449, 180.0], [177.2249722363545, 100.0], [177.2249722363545, 260.0]], [[0.0, 449.9520995287932], [0.0, 169.9520995287932], [240.0, 309.9520995287932], [0.0, 449.9520995287932]]]"
Thu Jul 23 03:36:37 2020,2,1,True,675.3400791015752,0.8440192099338867,"[0, 0, 1, 2, 1, 0, 1, 0, 1, 0, 0, 0]","[[[0.0, 0.0], [200.0, 0.0], [200.0, 200.0], [0.0, 200.0], [0.0, 0.0]], [[180.0, 542.8571428571429], [380.0, 542.8571428571429], [380.0, 742.8571428571429], [180.0, 742.8571428571429], [180.0, 542.8571428571429]], [[180.0, 480.0], [180.0, 760.0], [0.0, 760.0], [0.0, 480.0], [180.0, 480.0]], [[642.8571428571429, 760.0], [362.8571428571429, 760.0], [502.8571428571429, 620.0], [642.8571428571429, 760.0]], [[380.0, 451.4285714285712], [560.0, 451.4285714285712], [380.0, 731.4285714285712], [380.0, 451.4285714285712]], [[200.0, 0.0], [480.0, 0.0], [480.0, 280.0], [200.0, 280.0], [200.0, 0.0]], [[660.0, 0.0], [580.0, 200.0], [480.0, 200.0], [480.0, 0.0], [660.0, 0.0]], [[575.3400791015752, 455.3271144770032], [675.3400791015752, 455.3271144770032], [675.3400791015752, 635.3271144770032], [575.3400791015752, 635.3271144770032], [575.3400791015752, 455.3271144770032]], [[658.848123073271, 173.4032175886784], [658.848123073271, 453.4032175886784], [378.84812307327104, 453.4032175886784], [658.848123073271, 173.4032175886784]], [[0.0, 200.0], [200.0, 200.0], [200.0, 400.0], [0.0, 480.0], [0.0, 200.0]], [[180.0, 542.8571428571429], [260.0, 382.8571428571429], [340.0, 542.8571428571429], [180.0, 542.8571428571429]], [[200.0, 280.0], [480.0, 280.0], [340.0, 520.0], [200.0, 280.0]]]"
Thu Jul 23 03:37:01 2020,2,1,True,682.093479892591,0.835662584092957,"[0, 0, 1, 2, 3, 0, 0, 0, 0, 3, 3, 0]","[[[0.0, 272.80965138643796], [200.0, 272.80965138643796], [200.0, 472.80965138643796], [0.0, 472.80965138643796], [0.0, 272.80965138643796]], [[482.09347989259095, 280.0], [682.093479892591, 280.0], [682.093479892591, 480.0], [482.09347989259095, 480.0], [482.09347989259095, 280.0]], [[180.0, 472.80965138643796], [180.0, 752.809651386438], [0.0, 752.809651386438], [0.0, 472.80965138643796], [180.0, 472.80965138643796]], [[280.0, 272.80965138643796], [0.0, 272.80965138643796], [140.0, 132.80965138643796], [280.0, 272.80965138643796]], [[676.6666666666667, 760.0], [496.66666666666674, 760.0], [676.6666666666667, 480.0], [676.6666666666667, 760.0]], [[280.0, 0.0], [560.0, 0.0], [560.0, 280.0], [280.0, 280.0], [280.0, 0.0]], [[200.0, 340.0], [400.0, 420.0], [400.0, 520.0], [200.0, 520.0], [200.0, 340.0]], [[560.0, 0.0], [660.0, 0.0], [660.0, 180.0], [560.0, 180.0], [560.0, 0.0]], [[0.0, 0.0], [280.0, 0.0], [280.0, 280.0], [0.0, 0.0]], [[180.0, 760.0], [180.0, 560.0], [380.0, 560.0], [460.0, 760.0], [180.0, 760.0]], [[440.0, 440.0], [280.0, 360.0], [440.0, 280.0], [440.0, 440.0]], [[356.6666666666667, 520.0], [636.6666666666667, 520.0], [496.6666666666667, 760.0], [356.6666666666667, 520.0]]]"
Thu Jul 23 03:37:16 2020,2,1,True,688.9144146915169,0.8273886971217397,"[0, 0, 1, 3, 2, 0, 0, 0, 0, 3, 3, 3]","[[[451.42857142857144, 488.57142857142856], [651.4285714285714, 488.57142857142856], [651.4285714285714, 688.5714285714286], [451.42857142857144, 688.5714285714286], [451.42857142857144, 488.57142857142856]], [[0.0, 560.0], [200.0, 560.0], [200.0, 760.0], [0.0, 760.0], [0.0, 560.0]], [[380.0, 280.0], [380.0, 560.0], [200.0, 560.0], [200.0, 280.0], [380.0, 280.0]], [[380.0, 560.0], [380.0, 280.0], [520.0, 420.0], [380.0, 560.0]], [[660.0, 280.0], [660.0, 460.0], [380.0, 280.0], [660.0, 280.0]], [[280.0, 0.0], [560.0, 0.0], [560.0, 280.0], [280.0, 280.0], [280.0, 0.0]], [[0.0, 380.0], [200.0, 460.0], [200.0, 560.0], [0.0, 560.0], [0.0, 380.0]], [[560.0, 0.0], [660.0, 0.0], [660.0, 180.0], [560.0, 180.0], [560.0, 0.0]], [[0.0, 0.0], [280.0, 0.0], [280.0, 280.0], [0.0, 0.0]], [[200.0, 760.0], [200.0, 560.0], [400.0, 560.0], [480.0, 760.0], [200.0, 760.0]], [[176.271186440679, 450.5084745762716], [16.271186440679003, 370.5084745762716], [176.271186440679, 290.5084745762716], [176.271186440679, 450.5084745762716]], [[0.0, 380.0], [0.0, 100.0], [240.0, 240.0], [0.0, 380.0]]]"
Thu Jul 23 03:37:16 2020,2,0,True,661.3578381038561,0.8618632261684789,"[0, 0, 1, 3, 2, 0, 0, 0, 0, 3, 3, 3]","[[[451.42857142857144, 488.57142857142856], [651.4285714285714, 488.57142857142856], [651.4285714285714, 688.5714285714286], [451.42857142857144, 688.5714285714286], [451.42857142857144, 488.57142857142856]], [[0.0, 560.0], [200.0, 560.0], [200.0, 760.0], [0.0, 760.0], [0.0, 560.0]], [[380.0, 280.0], [380.0, 560.0], [200.0, 560.0], [200.0, 280.0], [380.0, 280.0]], [[380.0, 560.0], [380.0, 280.0], [520.0, 420.0], [380.0, 560.0]], [[660.0, 280.0], [660.0, 460.0], [380.0, 280.0], [660.0, 280.0]], [[280.0, 0.0], [560.0, 0.0], [560.0, 280.0], [280.0, 280.0], [280.0, 0.0]], [[0.0, 379.9999999999999], [200.0, 459.9999999999999], [200.0, 559.9999999999999], [0.0, 559.9999999999999], [0.0, 379.9999999999999]], [[560.0, 0.0], [660.0, 0.0], [660.0, 180.0], [560.0, 180.0], [560.0, 0.0]], [[0.0, 0.0], [280.0, 0.0], [280.0, 280.0], [0.0, 0.0]], [[200.0, 759.9999999999999], [200.0, 559.9999999999999], [400.0, 559.9999999999999], [480.0, 759.9999999999999], [200.0, 759.9999999999999]], [[176.271186440679, 450.5084745762715], [16.271186440679003, 370.5084745762715], [176.271186440679, 290.5084745762715], [176.271186440679, 450.5084745762715]], [[0.0, 380.0], [0.0, 100.0], [240.0, 240.0], [0.0, 380.0]]]"



Thu Jul 23 03:38:11 2020,2,开始运行[全局邻域-检验重叠] 初始利用率,0.7746751124110888
Thu Jul 23 03:38:11 2020,2,0,True,706.3606294216704,0.8069532420948842,"[0, 0, 1, 2, 1, 0, 0, 0, 1, 2, 0, 0]","[[[0.0, 0.0], [200.0, 0.0], [200.0, 200.0], [0.0, 200.0]], [[0.0, 200.0], [200.0, 200.0], [200.0, 400.0], [0.0, 400.0]], [[446.3606294216704, 460.0], [446.3606294216704, 740.0], [266.3606294216704, 740.0], [266.3606294216704, 460.0], [446.3606294216704, 460.0]], [[280.0, 753.6393705783296], [0.0, 753.6393705783296], [140.0, 613.6393705783296], [280.0, 753.6393705783296]], [[446.3606294216704, 460.0], [626.3606294216704, 460.0], [446.3606294216704, 740.0], [446.3606294216704, 460.0]], [[210.0, 180.0], [490.0, 180.0], [490.0, 460.0], [210.0, 460.0], [210.0, 180.0]], [[200.0, 0.0], [400.0, 80.0], [400.0, 180.0], [200.0, 180.0], [200.0, 0.0]], [[0.0, 400.0], [100.0, 400.0], [100.0, 580.0], [0.0, 580.0], [0.0, 400.0]], [[706.3606294216704, 480.0], [706.3606294216704, 760.0], [426.3606294216704, 760.0], [706.3606294216704, 480.0]], [[706.3606294216704, 463.99999999999994], [506.3606294216704, 463.99999999999994], [506.3606294216704, 263.99999999999994], [706.3606294216704, 183.99999999999994], [706.3606294216704, 463.99999999999994]], [[100.0, 560.0], [180.0, 400.0], [260.0, 560.0], [100.0, 560.0]], [[426.3606294216704, 0.0], [706.3606294216704, 0.0], [566.3606294216704, 240.0]]]"
Thu Jul 23 03:38:24 2020,2,1,True,713.4242357158871,0.7989636060345389,"[0, 0, 1, 3, 1, 0, 0, 0, 1, 2, 0, 0]","[[[0.0, 0.0], [200.0, 0.0], [200.0, 200.0], [0.0, 200.0]], [[0.0, 200.0], [200.0, 200.0], [200.0, 400.0], [0.0, 400.0], [0.0, 200.0]], [[430.0, 460.0], [430.0, 740.0], [250.0, 740.0], [250.0, 460.0], [430.0, 460.0]], [[100.0, 680.0], [100.0, 400.0], [240.0, 540.0], [100.0, 680.0]], [[430.0, 460.0], [610.0, 460.0], [430.0, 740.0], [430.0, 460.0]], [[200.0, 180.0], [480.0, 180.0], [480.0, 460.0], [200.0, 460.0], [200.0, 180.0]], [[200.0, 0.0], [400.0, 80.0], [400.0, 180.0], [200.0, 180.0], [200.0, 0.0]], [[0.0, 503.78759151039276], [100.0, 503.78759151039276], [100.0, 683.7875915103928], [0.0, 683.7875915103928], [0.0, 503.78759151039276]], [[690.0, 480.0], [690.0, 760.0], [410.0, 760.0], [690.0, 480.0]], [[683.9127993582974, 452.434880256681], [483.91279935829743, 452.434880256681], [483.91279935829743, 252.43488025668103], [683.9127993582974, 172.43488025668103], [683.9127993582974, 452.434880256681]], [[100.0, 760.0], [180.0, 600.0], [260.0, 760.0], [100.0, 760.0]], [[375.0, 0.0], [655.0, 0.0], [515.0, 240.0], [375.0, 0.0]]]"
Thu Jul 23 03:38:25 2020,2,0,True,684.8872662872516,0.832253756285978,"[0, 0, 1, 3, 1, 0, 0, 0, 1, 2, 0, 0]","[[[0.0, 0.0], [200.0, 0.0], [200.0, 200.0], [0.0, 200.0]], [[0.0, 200.0], [200.0, 200.0], [200.0, 400.0], [0.0, 400.0], [0.0, 200.0]], [[428.29575542908384, 456.5915108581678], [428.29575542908384, 736.5915108581678], [248.29575542908384, 736.5915108581678], [248.29575542908384, 456.5915108581678], [428.29575542908384, 456.5915108581678]], [[100.0, 680.0], [100.0, 400.0], [240.0, 540.0], [100.0, 680.0]], [[428.2957554290838, 456.5915108581678], [608.2957554290838, 456.5915108581678], [428.2957554290838, 736.5915108581678], [428.2957554290838, 456.5915108581678]], [[200.0, 176.5915108581678], [480.0, 176.5915108581678], [480.0, 456.5915108581678], [200.0, 456.5915108581678], [200.0, 176.5915108581678]], [[200.0, 0.0], [400.0, 80.0], [400.0, 180.0], [200.0, 180.0], [200.0, 0.0]], [[0.0, 503.78759151039276], [100.0, 503.78759151039276], [100.0, 683.7875915103928], [0.0, 683.7875915103928], [0.0, 503.78759151039276]], [[684.8872662872516, 480.0], [684.8872662872516, 760.0], [404.8872662872516, 760.0], [684.8872662872516, 480.0]], [[680.0, 454.0], [480.0, 454.0], [480.0, 254.0], [680.0, 174.0], [680.0, 454.0]], [[100.0, 760.0], [180.0, 600.0], [260.0, 760.0], [100.0, 760.0]], [[376.9882853327355, 1.1368683772161603e-13], [656.9882853327355, 1.1368683772161603e-13], [516.9882853327355, 240.0000000000001], [376.9882853327355, 1.1368683772161603e-13]]]"
Thu Jul 23 03:38:47 2020,2,1,True,691.7361389501241,0.8240136200851268,"[0, 0, 1, 0, 3, 0, 1, 0, 1, 1, 0, 3]","[[[491.7361389501241, 560.0], [691.7361389501241, 560.0], [691.7361389501241, 760.0], [491.7361389501241, 760.0], [491.7361389501241, 560.0]], [[300.0, 0.0], [500.0, 0.0], [500.0, 200.0], [300.0, 200.0], [300.0, 0.0]], [[180.0, 200.0], [180.0, 480.0], [0.0, 480.0], [0.0, 200.0], [180.0, 200.0]], [[99.99999999999997, 480.0], [380.0, 480.0], [239.99999999999997, 620.0], [99.99999999999997, 480.0]], [[688.5714285714286, 560.0], [508.57142857142856, 560.0], [688.5714285714286, 280.0], [688.5714285714286, 560.0]], [[180.0, 200.0], [460.0, 200.0], [460.0, 480.0], [180.0, 480.0], [180.0, 200.0]], [[640.0, 280.0], [560.0, 480.0], [460.0, 480.0], [460.0, 280.0], [640.0, 280.0]], [[391.7361389501241, 480.0], [491.7361389501241, 480.0], [491.7361389501241, 660.0], [391.7361389501241, 660.0], [391.7361389501241, 480.0]], [[391.7361389501241, 480.0], [391.7361389501241, 760.0], [111.73613895012409, 760.0], [391.7361389501241, 480.0]], [[280.0, 0.0], [280.0, 200.0], [80.0, 200.0], [0.0, 0.0], [280.0, 0.0]], [[460.0, 280.0], [540.0, 120.0], [620.0, 280.0], [460.0, 280.0]], [[0.0, 760.0], [0.0, 480.0], [240.0, 620.0], [0.0, 760.0]]]"
Thu Jul 23 03:38:49 2020,2,0,True,664.0666933921191,0.8583475209220071,"[0, 0, 1, 0, 3, 0, 1, 1, 1, 1, 3, 3]","[[[464.0666933921191, 560.0], [664.0666933921191, 560.0], [664.0666933921191, 760.0], [464.0666933921191, 760.0], [464.0666933921191, 560.0]], [[280.0, 0.0], [480.0, 0.0], [480.0, 200.0], [280.0, 200.0], [280.0, 0.0]], [[180.0, 200.0], [180.0, 480.0], [0.0, 480.0], [0.0, 200.0], [180.0, 200.0]], [[99.99999999999997, 480.0], [380.0, 480.0], [239.99999999999997, 620.0], [99.99999999999997, 480.0]], [[664.0666933921191, 560.0], [484.0666933921191, 560.0], [664.0666933921191, 280.0], [664.0666933921191, 560.0]], [[177.03334669605954, 200.0], [457.03334669605954, 200.0], [457.03334669605954, 480.0], [177.03334669605954, 480.0], [177.03334669605954, 200.0]], [[637.0333466960595, 246.49631708275933], [557.0333466960595, 446.49631708275933], [457.03334669605954, 446.49631708275933], [457.03334669605954, 246.49631708275933], [637.0333466960595, 246.49631708275933]], [[660.0, 0.0], [660.0, 100.0], [480.0, 100.0], [480.0, 0.0], [660.0, 0.0]], [[391.7361389501241, 480.0], [391.7361389501241, 760.0], [111.73613895012409, 760.0], [391.7361389501241, 480.0]], [[280.0, 0.0], [280.0, 200.0], [80.0, 200.0], [0.0, 0.0], [280.0, 0.0]], [[662.0203562652705, 258.9898218673648], [502.0203562652705, 178.9898218673648], [662.0203562652705, 98.98982186736481], [662.0203562652705, 258.9898218673648]], [[0.0, 760.0], [0.0, 480.0], [240.0, 620.0], [0.0, 760.0]]]"
Thu Jul 23 03:40:31 2020,2,5,True,670.7073603260403,0.8498490306158486,"[0, 0, 1, 3, 0, 0, 2, 0, 0, 3, 0, 0]","[[[110.70736032604032, 280.0], [310.7073603260403, 280.0], [310.7073603260403, 480.0], [110.70736032604032, 480.0], [110.70736032604032, 280.0]], [[415.38461538461536, 510.7692307692307], [615.3846153846154, 510.7692307692307], [615.3846153846154, 710.7692307692307], [415.38461538461536, 710.7692307692307], [415.38461538461536, 510.7692307692307]], [[670.7073603260403, 0.0], [670.7073603260403, 280.0], [490.7073603260403, 280.0], [490.7073603260403, 0.0], [670.7073603260403, 0.0]], [[0.0, 390.7073603260403], [0.0, 110.70736032604032], [140.0, 250.70736032604032], [0.0, 390.7073603260403]], [[310.7073603260403, 480.0], [310.7073603260403, 300.0], [590.7073603260403, 480.0], [310.7073603260403, 480.0]], [[210.70736032604032, 0.0], [490.7073603260403, 0.0], [490.7073603260403, 280.0], [210.70736032604032, 280.0], [210.70736032604032, 0.0]], [[200.0, 190.70736032604032], [0.0, 110.70736032604032], [0.0, 10.707360326040316], [200.0, 10.707360326040316], [200.0, 190.70736032604032]], [[10.707360326040316, 380.0], [110.70736032604032, 380.0], [110.70736032604032, 560.0], [10.707360326040316, 560.0], [10.707360326040316, 380.0]], [[390.7073603260403, 280.0], [670.7073603260403, 280.0], [670.7073603260403, 560.0], [390.7073603260403, 280.0]], [[0.0, 760.0], [0.0, 560.0], [200.0, 560.0], [280.0, 760.0], [0.0, 760.0]], [[280.0, 760.0], [360.0, 600.0], [440.0, 760.0], [280.0, 760.0]], [[153.33333333333331, 480.0], [433.3333333333333, 480.0], [293.3333333333333, 720.0], [153.33333333333331, 480.0]]]"
Thu Jul 23 03:40:54 2020,2,1,True,677.4144339293007,0.8414346837780678,"[0, 0, 1, 3, 1, 0, 3, 0, 3, 1, 1, 1]","[[[197.41443392930069, 200.0], [397.4144339293007, 200.0], [397.4144339293007, 400.0], [197.41443392930069, 400.0], [197.41443392930069, 200.0]], [[0.0, 280.0], [200.0, 280.0], [200.0, 480.0], [0.0, 480.0], [0.0, 280.0]], [[180.0, 480.0], [180.0, 760.0], [0.0, 760.0], [0.0, 480.0], [180.0, 480.0]], [[0.0, 280.0], [0.0, 0.0], [140.0, 140.0], [0.0, 280.0]], [[200.0, 400.0], [380.0, 400.0], [200.0, 680.0], [200.0, 400.0]], [[397.4144339293007, 480.0], [677.4144339293007, 480.0], [677.4144339293007, 760.0], [397.4144339293007, 760.0], [397.4144339293007, 480.0]], [[217.41443392930069, 760.0], [297.4144339293007, 560.0], [397.4144339293007, 560.0], [397.4144339293007, 760.0], [217.41443392930069, 760.0]], [[400.0, 300.0], [500.0, 300.0], [500.0, 480.0], [400.0, 480.0], [400.0, 300.0]], [[397.4144339293007, 280.0], [397.4144339293007, 0.0], [677.4144339293007, 0.0], [397.4144339293007, 280.0]], [[397.4144339293007, 0.0], [397.4144339293007, 200.0], [197.41443392930069, 200.0], [117.41443392930069, 0.0], [397.4144339293007, 0.0]], [[500.0, 320.0], [660.0, 400.0], [500.0, 480.0], [500.0, 320.0]], [[662.5775372185057, 114.83689671079497], [662.5775372185057, 394.836896710795], [422.57753721850565, 254.83689671079497], [662.5775372185057, 114.83689671079497]]]"
Thu Jul 23 03:42:18 2020,2,3,True,684.1885782685937,0.8331036473050177,"[0, 0, 0, 3, 3, 0, 0, 1, 0, 0, 0, 0]","[[[0.0, 560.0], [200.0, 560.0], [200.0, 760.0], [0.0, 760.0], [0.0, 560.0]], [[200.0, 280.0], [400.0, 280.0], [400.0, 480.0], [200.0, 480.0], [200.0, 280.0]], [[370.3178565721287, 0.0], [650.3178565721287, 0.0], [650.3178565721287, 180.0], [370.3178565721287, 180.0], [370.3178565721287, 0.0]], [[400.0, 480.0], [400.0, 200.0], [540.0, 340.0], [400.0, 480.0]], [[647.6190476190476, 760.0], [467.6190476190476, 760.0], [647.6190476190476, 480.0], [647.6190476190476, 760.0]], [[90.31785657212868, 0.0], [370.3178565721287, 0.0], [370.3178565721287, 280.0], [90.31785657212868, 280.0], [90.31785657212868, 0.0]], [[200.0, 480.0], [400.0, 560.0], [400.0, 660.0], [200.0, 660.0], [200.0, 480.0]], [[380.0, 660.0], [380.0, 760.0], [200.0, 760.0], [200.0, 660.0], [380.0, 660.0]], [[404.1885782685937, 180.0], [684.1885782685937, 180.0], [684.1885782685937, 460.0], [404.1885782685937, 180.0]], [[0.0, 280.0], [200.0, 280.0], [200.0, 480.0], [0.0, 560.0], [0.0, 280.0]], [[470.0, 480.0], [550.0, 320.0], [630.0, 480.0], [470.0, 480.0]], [[353.3333333333333, 480.0], [633.3333333333333, 480.0], [493.3333333333333, 720.0], [353.3333333333333, 480.0]]]"
Thu Jul 23 03:42:35 2020,2,1,True,691.0304640512796,0.8248550963416016,"[0, 0, 0, 3, 3, 0, 2, 1, 1, 0, 2, 0]","[[[0.0, 560.0], [200.0, 560.0], [200.0, 760.0], [0.0, 760.0], [0.0, 560.0]], [[200.0, 289.6829601176206], [400.0, 289.6829601176206], [400.0, 489.6829601176206], [200.0, 489.6829601176206], [200.0, 289.6829601176206]], [[380.0, 0.0], [660.0, 0.0], [660.0, 180.0], [380.0, 180.0], [380.0, 0.0]], [[437.4845326343504, 686.4540685830707], [437.4845326343504, 406.4540685830707], [577.4845326343504, 546.4540685830707], [437.4845326343504, 686.4540685830707]], [[691.0304640512796, 415.4827375770442], [511.03046405127964, 415.4827375770442], [691.0304640512796, 135.4827375770442], [691.0304640512796, 415.4827375770442]], [[89.36379738461295, 0.0], [369.36379738461295, 0.0], [369.36379738461295, 280.0], [89.36379738461295, 280.0], [89.36379738461295, 0.0]], [[435.23786434533105, 669.6829601176206], [235.23786434533105, 589.6829601176206], [235.23786434533105, 489.6829601176206], [435.23786434533105, 489.6829601176206], [435.23786434533105, 669.6829601176206]], [[411.0304640512796, 660.0], [411.0304640512796, 760.0], [231.03046405127958, 760.0], [231.03046405127958, 660.0], [411.0304640512796, 660.0]], [[691.0304640512796, 480.0], [691.0304640512796, 760.0], [411.03046405127964, 760.0], [691.0304640512796, 480.0]], [[0.0, 280.0], [200.0, 280.0], [200.0, 480.0], [0.0, 560.0], [0.0, 280.0]], [[671.9988671313372, 415.4827375770442], [591.9988671313372, 575.4827375770442], [511.9988671313372, 415.4827375770442], [671.9988671313372, 415.4827375770442]], [[369.36379738461295, 180.0], [649.363797384613, 180.0], [509.36379738461295, 420.0], [369.36379738461295, 180.0]]]"
Thu Jul 23 03:42:36 2020,2,0,True,663.3892454892284,0.8592240586891685,"[0, 0, 0, 3, 3, 0, 2, 1, 1, 0, 0, 0]","[[[0.0, 560.0], [200.0, 560.0], [200.0, 760.0], [0.0, 760.0], [0.0, 560.0]], [[200.0, 300.636202615387], [400.0, 300.636202615387], [400.0, 500.636202615387], [200.0, 500.636202615387], [200.0, 300.636202615387]], [[369.363797384613, 0.0], [649.363797384613, 0.0], [649.363797384613, 180.0], [369.363797384613, 180.0], [369.363797384613, 0.0]], [[435.23786434533105, 703.6972377122053], [435.23786434533105, 423.69723771220526], [575.237864345331, 563.6972377122053], [435.23786434533105, 703.6972377122053]], [[663.3892454892284, 460.40485850393156], [483.3892454892284, 460.40485850393156], [663.3892454892284, 180.40485850393156], [663.3892454892284, 460.40485850393156]], [[0.0, 0.0], [280.0, 0.0], [280.0, 280.0], [0.0, 280.0], [0.0, 0.0]], [[435.23786434533105, 680.636202615387], [235.23786434533105, 600.636202615387], [235.23786434533105, 500.636202615387], [435.23786434533105, 500.636202615387], [435.23786434533105, 680.636202615387]], [[380.0, 658.5410568772545], [380.0, 758.5410568772545], [200.0, 758.5410568772545], [200.0, 658.5410568772545], [380.0, 658.5410568772545]], [[663.3892454892284, 480.0], [663.3892454892284, 760.0], [383.3892454892284, 760.0], [663.3892454892284, 480.0]], [[0.0, 280.0], [200.0, 280.0], [200.0, 480.0], [0.0, 560.0], [0.0, 280.0]], [[269.6818986923065, 300.636202615387], [349.6818986923065, 140.636202615387], [429.6818986923065, 300.636202615387], [269.6818986923065, 300.636202615387]], [[369.36379738461295, 180.0], [649.363797384613, 180.0], [509.36379738461295, 420.0], [369.36379738461295, 180.0]]]"
Thu Jul 23 03:44:50 2020,2,5,False,670.0231379441207,0.8507168897912559,"[0, 0, 0, 2, 0, 0, 1, 0, 0, 0, 0, 0]","[[[470.02313794412066, 560.0], [670.0231379441207, 560.0], [670.0231379441207, 760.0], [470.02313794412066, 760.0], [470.02313794412066, 560.0]], [[0.0, 280.0], [200.0, 280.0], [200.0, 480.0], [0.0, 480.0], [0.0, 280.0]], [[390.02313794412066, 379.9999999999998], [670.0231379441207, 379.9999999999998], [670.0231379441207, 559.9999999999998], [390.02313794412066, 559.9999999999998], [390.02313794412066, 379.9999999999998]], [[670.0231379441207, 379.9999999999998], [390.02313794412066, 379.9999999999998], [530.0231379441207, 239.99999999999977], [670.0231379441207, 379.9999999999998]], [[200.0, 180.0], [200.0, 0.0], [480.0, 180.0], [200.0, 180.0]], [[0.0, 480.0], [280.0, 480.0], [280.0, 760.0], [0.0, 760.0], [0.0, 480.0]], [[460.0, 559.9999999999998], [380.0, 759.9999999999998], [280.0, 759.9999999999998], [280.0, 559.9999999999998], [460.0, 559.9999999999998]], [[196.68980461078718, 300.0], [296.6898046107872, 300.0], [296.6898046107872, 480.0], [196.68980461078718, 480.0], [196.68980461078718, 300.0]], [[390.02313794412066, 0.0], [670.0231379441207, 0.0], [670.0231379441207, 280.0], [390.02313794412066, 0.0]], [[0.0, 0.0], [200.0, 0.0], [200.0, 200.0], [0.0, 280.0], [0.0, 0.0]], [[275.0231379441204, 559.9999999999998], [355.0231379441204, 399.9999999999998], [435.0231379441204, 559.9999999999998], [275.0231379441204, 559.9999999999998]], [[226.68980461078718, 180.0], [506.6898046107872, 180.0], [366.6898046107872, 420.0], [226.68980461078718, 180.0]]]"
Thu Jul 23 03:45:46 2020,2,1,True,676.7233693235619,0.8422939502883723,"[0, 0, 1, 1, 1, 0, 1, 0, 0, 2, 0, 3]","[[[476.7233693235619, 560.0], [676.7233693235619, 560.0], [676.7233693235619, 760.0], [476.7233693235619, 760.0], [476.7233693235619, 560.0]], [[476.7233693235619, 360.0], [676.7233693235619, 360.0], [676.7233693235619, 560.0], [476.7233693235619, 560.0], [476.7233693235619, 360.0]], [[180.0, 0.0], [180.0, 280.0], [0.0, 280.0], [0.0, 0.0], [180.0, 0.0]], [[476.7233693235619, 480.0], [476.7233693235619, 760.0], [336.7233693235619, 620.0], [476.7233693235619, 480.0]], [[280.0, 423.57803456125566], [460.0, 423.57803456125566], [280.0, 703.5780345612557], [280.0, 423.57803456125566]], [[0.0, 280.0], [280.0, 280.0], [280.0, 560.0], [0.0, 560.0], [0.0, 280.0]], [[180.0, 560.0], [100.0, 760.0], [0.0, 760.0], [0.0, 560.0], [180.0, 560.0]], [[172.0, 580.0], [272.0, 580.0], [272.0, 760.0], [172.0, 760.0], [172.0, 580.0]], [[396.7233693235619, 18.81612979935062], [676.7233693235619, 18.81612979935062], [676.7233693235619, 298.8161297993506], [396.7233693235619, 18.81612979935062]], [[476.7233693235619, 423.5780345612556], [276.7233693235619, 423.5780345612556], [276.7233693235619, 223.5780345612556], [476.7233693235619, 143.5780345612556], [476.7233693235619, 423.5780345612556]], [[480.0, 342.09276047578874], [560.0, 182.09276047578874], [640.0, 342.09276047578874], [480.0, 342.09276047578874]], [[180.0, 280.0], [180.0, 0.0], [420.0, 140.0], [180.0, 280.0]]]"
Thu Jul 23 03:46:03 2020,2,1,True,683.4906030167975,0.8339544062261111,"[0, 0, 0, 2, 3, 0, 0, 0, 0, 0, 2, 3]","[[[280.0, 280.0], [480.0, 280.0], [480.0, 480.0], [280.0, 480.0], [280.0, 280.0]], [[280.0, 544.9819906990366], [480.0, 544.9819906990366], [480.0, 744.9819906990366], [280.0, 744.9819906990366], [280.0, 544.9819906990366]], [[0.0, 560.0], [280.0, 560.0], [280.0, 740.0], [0.0, 740.0], [0.0, 560.0]], [[380.0, 280.0], [100.0, 280.0], [240.0, 140.0], [380.0, 280.0]], [[649.6544345506194, 544.9819906990366], [469.6544345506194, 544.9819906990366], [649.6544345506194, 264.9819906990366], [649.6544345506194, 544.9819906990366]], [[0.0, 280.0], [280.0, 280.0], [280.0, 560.0], [0.0, 560.0], [0.0, 280.0]], [[480.0, 544.9819906990366], [680.0, 624.9819906990366], [680.0, 724.9819906990366], [480.0, 724.9819906990366], [480.0, 544.9819906990366]], [[580.0, 0.0], [680.0, 0.0], [680.0, 180.0], [580.0, 180.0], [580.0, 0.0]], [[100.0, 0.0], [380.0, 0.0], [380.0, 280.0], [100.0, 0.0]], [[380.0, 0.0], [580.0, 0.0], [580.0, 200.0], [380.0, 280.0], [380.0, 0.0]], [[623.3333333333331, 246.66666666666674], [543.3333333333331, 406.66666666666674], [463.33333333333314, 246.66666666666674], [623.3333333333331, 246.66666666666674]], [[0.0, 280.0], [0.0, 0.0], [240.0, 140.0], [0.0, 280.0]]]"
Thu Jul 23 03:46:11 2020,2,1,True,690.3255090469655,0.8256974319070407,"[0, 0, 1, 2, 3, 0, 1, 0, 0, 0, 2, 3]","[[[280.0, 280.0], [480.0, 280.0], [480.0, 480.0], [280.0, 480.0], [280.0, 280.0]], [[180.0, 560.0], [380.0, 560.0], [380.0, 760.0], [180.0, 760.0], [180.0, 560.0]], [[560.0, 480.0], [560.0, 760.0], [380.0, 760.0], [380.0, 480.0], [560.0, 480.0]], [[380.0, 280.0], [100.0, 280.0], [240.0, 140.0], [380.0, 280.0]], [[660.0, 355.55555555555543], [480.0, 355.55555555555543], [660.0, 75.55555555555543], [660.0, 355.55555555555543]], [[0.0, 280.0], [280.0, 280.0], [280.0, 560.0], [0.0, 560.0], [0.0, 280.0]], [[180.0, 560.0], [100.0, 760.0], [0.0, 760.0], [0.0, 560.0], [180.0, 560.0]], [[560.0, 580.0], [660.0, 580.0], [660.0, 760.0], [560.0, 760.0], [560.0, 580.0]], [[100.0, 0.0], [380.0, 0.0], [380.0, 280.0], [100.0, 0.0]], [[380.0, 0.0], [580.0, 0.0], [580.0, 200.0], [380.0, 280.0], [380.0, 0.0]], [[657.7777777777777, 355.55555555555543], [577.7777777777777, 515.5555555555554], [497.7777777777777, 355.55555555555543], [657.7777777777777, 355.55555555555543]], [[0.0, 280.0], [0.0, 0.0], [240.0, 140.0], [0.0, 280.0]]]"
Thu Jul 23 03:46:11 2020,2,0,True,662.7124886850869,0.860101491569834,"[0, 0, 1, 2, 3, 0, 1, 0, 0, 0, 2, 3]","[[[280.0, 280.0], [480.0, 280.0], [480.0, 480.0], [280.0, 480.0], [280.0, 280.0]], [[180.0, 560.0], [380.0, 560.0], [380.0, 760.0], [180.0, 760.0], [180.0, 560.0]], [[560.0, 480.0], [560.0, 760.0], [380.0, 760.0], [380.0, 480.0], [560.0, 480.0]], [[380.0, 280.0], [100.0, 280.0], [240.0, 140.0], [380.0, 280.0]], [[660.0, 355.55555555555543], [480.0, 355.55555555555543], [660.0, 75.55555555555543], [660.0, 355.55555555555543]], [[0.0, 280.0], [280.0, 280.0], [280.0, 560.0], [0.0, 560.0], [0.0, 280.0]], [[180.0, 560.0], [100.0, 760.0], [0.0, 760.0], [0.0, 560.0], [180.0, 560.0]], [[560.0, 580.0], [660.0, 580.0], [660.0, 760.0], [560.0, 760.0], [560.0, 580.0]], [[100.0, 0.0], [380.0, 0.0], [380.0, 280.0], [100.0, 0.0]], [[380.0, 0.0], [580.0, 0.0], [580.0, 200.0], [380.0, 280.0], [380.0, 0.0]], [[657.7777777777777, 355.55555555555543], [577.7777777777777, 515.5555555555554], [497.7777777777777, 355.55555555555543], [657.7777777777777, 355.55555555555543]], [[0.0, 280.0], [0.0, 0.0], [240.0, 140.0], [0.0, 280.0]]]"
Thu Jul 23 03:46:32 2020,2,1,True,669.3396135719378,0.8515856352176575,"[0, 0, 0, 2, 3, 0, 0, 0, 0, 3, 2, 3]","[[[380.0, 0.0], [580.0, 0.0], [580.0, 200.0], [380.0, 200.0], [380.0, 0.0]], [[450.1369863013699, 560.0], [650.1369863013699, 560.0], [650.1369863013699, 760.0], [450.1369863013699, 760.0], [450.1369863013699, 560.0]], [[380.0, 200.0], [660.0, 200.0], [660.0, 380.0], [380.0, 380.0], [380.0, 200.0]], [[380.0, 280.0], [100.0, 280.0], [240.0, 140.0], [380.0, 280.0]], [[450.1369863013699, 735.3424657534247], [270.1369863013699, 735.3424657534247], [450.1369863013699, 455.3424657534247], [450.1369863013699, 735.3424657534247]], [[100.0, 280.0], [380.0, 280.0], [380.0, 560.0], [100.0, 560.0], [100.0, 280.0]], [[450.1369863013699, 380.0], [650.1369863013699, 460.0], [650.1369863013699, 560.0], [450.1369863013699, 560.0], [450.1369863013699, 380.0]], [[0.0, 280.0], [100.0, 280.0], [100.0, 460.0], [0.0, 460.0], [0.0, 280.0]], [[100.0, 0.0], [380.0, 0.0], [380.0, 280.0], [100.0, 0.0]], [[0.0, 760.0], [0.0, 560.0], [200.0, 560.0], [280.0, 760.0], [0.0, 760.0]], [[360.0, 560.0], [280.0, 720.0], [200.0, 560.0], [360.0, 560.0]], [[0.0, 280.0], [0.0, 0.0], [240.0, 140.0], [0.0, 280.0]]]"
Thu Jul 23 03:47:25 2020,2,1,True,676.0330097076571,0.8431540942749084,"[0, 0, 0, 3, 0, 0, 2, 1, 1, 0, 2, 1]","[[[200.0, 0.0], [400.0, 0.0], [400.0, 200.0], [200.0, 200.0], [200.0, 0.0]], [[0.0, 280.0], [200.0, 280.0], [200.0, 480.0], [0.0, 480.0], [0.0, 280.0]], [[376.158162592385, 580.0], [656.158162592385, 580.0], [656.158162592385, 760.0], [376.158162592385, 760.0], [376.158162592385, 580.0]], [[480.0, 481.58679611693714], [480.0, 201.58679611693714], [620.0, 341.58679611693714], [480.0, 481.58679611693714]], [[200.0, 466.158162592385], [200.0, 286.158162592385], [480.0, 466.158162592385], [200.0, 466.158162592385]], [[0.0, 480.0], [280.0, 480.0], [280.0, 760.0], [0.0, 760.0], [0.0, 480.0]], [[676.0330097076571, 280.0], [476.03300970765713, 200.0], [476.03300970765713, 100.0], [676.0330097076571, 100.0], [676.0330097076571, 280.0]], [[580.0, 0.0], [580.0, 100.0], [400.0, 100.0], [400.0, 0.0], [580.0, 0.0]], [[661.5867961169373, 300.0], [661.5867961169373, 580.0], [381.5867961169373, 580.0], [661.5867961169373, 300.0]], [[0.0, 0.0], [200.0, 0.0], [200.0, 200.0], [0.0, 280.0], [0.0, 0.0]], [[433.0790812961925, 466.158162592385], [353.0790812961925, 626.158162592385], [273.0790812961925, 466.158162592385], [433.0790812961925, 466.158162592385]], [[464.8807217693171, 162.1529123012317], [464.8807217693171, 442.1529123012317], [224.88072176931712, 302.1529123012317], [464.8807217693171, 162.1529123012317]]]"
Thu Jul 23 03:47:52 2020,2,1,True,682.7933398047337,0.8348060339355529,"[0, 0, 1, 0, 3, 0, 2, 1, 0, 3, 1, 2]","[[[280.0, 360.0], [480.0, 360.0], [480.0, 560.0], [280.0, 560.0], [280.0, 360.0]], [[180.0, 0.0], [380.0, 0.0], [380.0, 200.0], [180.0, 200.0], [180.0, 0.0]], [[180.0, 0.0], [180.0, 280.0], [0.0, 280.0], [0.0, 0.0], [180.0, 0.0]], [[180.0, 200.0], [460.0, 200.0], [320.0, 340.0], [180.0, 200.0]], [[682.7933398047337, 760.0], [502.7933398047337, 760.0], [682.7933398047337, 480.0], [682.7933398047337, 760.0]], [[0.0, 480.0], [280.0, 480.0], [280.0, 760.0], [0.0, 760.0], [0.0, 480.0]], [[480.0, 740.0], [280.0, 660.0], [280.0, 560.0], [480.0, 560.0], [480.0, 740.0]], [[660.0, 355.57894736842104], [660.0, 455.57894736842104], [480.0, 455.57894736842104], [480.0, 355.57894736842104], [660.0, 355.57894736842104]], [[402.7933398047337, 0.0], [682.7933398047337, 0.0], [682.7933398047337, 280.0], [402.7933398047337, 0.0]], [[0.0, 480.0], [0.0, 280.0], [200.0, 280.0], [280.0, 480.0], [0.0, 480.0]], [[480.0, 466.5674174740301], [640.0, 546.5674174740301], [480.0, 626.5674174740301], [480.0, 466.5674174740301]], [[658.3722871731547, 355.57894736842104], [378.37228717315475, 355.57894736842104], [518.3722871731547, 115.57894736842104], [658.3722871731547, 355.57894736842104]]]"
Thu Jul 23 03:47:55 2020,2,0,True,655.4816062125443,0.8695896186828677,"[0, 0, 1, 0, 3, 0, 0, 1, 0, 3, 2, 2]","[[[279.87015757474364, 368.7289201032454], [479.87015757474364, 368.7289201032454], [479.87015757474364, 568.7289201032454], [279.87015757474364, 568.7289201032454], [279.87015757474364, 368.7289201032454]], [[180.0, 4.518393787455693], [380.0, 4.518393787455693], [380.0, 204.5183937874557], [180.0, 204.5183937874557], [180.0, 4.518393787455693]], [[180.0, 0.0], [180.0, 280.0], [0.0, 280.0], [0.0, 0.0], [180.0, 0.0]], [[180.0, 204.5183937874557], [460.0, 204.5183937874557], [320.0, 344.5183937874557], [180.0, 204.5183937874557]], [[655.4816062125443, 760.0], [475.4816062125443, 760.0], [655.4816062125443, 480.0], [655.4816062125443, 760.0]], [[0.0, 480.0], [280.0, 480.0], [280.0, 760.0], [0.0, 760.0], [0.0, 480.0]], [[280.0, 568.7289201032454], [480.0, 648.7289201032454], [480.0, 748.7289201032454], [280.0, 748.7289201032454], [280.0, 568.7289201032454]], [[655.4816062125443, 368.7289201032454], [655.4816062125443, 468.7289201032454], [475.4816062125443, 468.7289201032454], [475.4816062125443, 368.7289201032454], [655.4816062125443, 368.7289201032454]], [[375.4816062125443, 0.0], [655.4816062125443, 0.0], [655.4816062125443, 280.0], [375.4816062125443, 0.0]], [[0.0, 480.0], [0.0, 280.0], [200.0, 280.0], [280.0, 480.0], [0.0, 480.0]], [[639.8701575747436, 468.7289201032454], [559.8701575747436, 628.7289201032454], [479.87015757474364, 468.7289201032454], [639.8701575747436, 468.7289201032454]], [[644.2105263157894, 368.7289201032454], [364.21052631578937, 368.7289201032454], [504.21052631578937, 128.7289201032454], [644.2105263157894, 368.7289201032454]]]"
Thu Jul 23 03:49:47 2020,2,5,False,662.0364222746698,0.8609798204780867,"[0, 0, 1, 1, 3, 0, 1, 0, 3, 1, 0, 0]","[[[462.0364222746698, 279.9999999999999], [662.0364222746698, 279.9999999999999], [662.0364222746698, 479.9999999999999], [462.0364222746698, 479.9999999999999], [462.0364222746698, 279.9999999999999]], [[262.0364222746698, 280.0], [462.0364222746698, 280.0], [462.0364222746698, 480.0], [262.0364222746698, 480.0], [262.0364222746698, 280.0]], [[662.0364222746698, 0.0], [662.0364222746698, 280.0], [482.0364222746698, 280.0], [482.0364222746698, 0.0], [662.0364222746698, 0.0]], [[662.0364222746697, 480.0], [662.0364222746697, 760.0], [522.0364222746697, 620.0], [662.0364222746697, 480.0]], [[228.57142857142856, 280.0], [48.571428571428555, 280.0], [228.57142857142856, 0.0], [228.57142857142856, 280.0]], [[202.0364222746698, 0.0], [482.0364222746698, 0.0], [482.0364222746698, 280.0], [202.0364222746698, 280.0], [202.0364222746698, 0.0]], [[180.0, 0.0], [100.0, 200.0], [0.0, 200.0], [0.0, 0.0], [180.0, 0.0]], [[0.0, 496.8421052631579], [100.0, 496.8421052631579], [100.0, 676.8421052631579], [0.0, 676.8421052631579], [0.0, 496.8421052631579]], [[382.03642227466975, 759.9999999999999], [382.03642227466975, 479.9999999999999], [662.0364222746698, 479.9999999999999], [382.03642227466975, 759.9999999999999]], [[382.03642227466975, 550.0977969128296], [382.03642227466975, 750.0977969128296], [182.03642227466975, 750.0977969128296], [102.03642227466975, 550.0977969128296], [382.03642227466975, 550.0977969128296]], [[135.77628513418276, 550.0977969128296], [215.77628513418276, 390.0977969128296], [295.7762851341828, 550.0977969128296], [135.77628513418276, 550.0977969128296]], [[0.0, 280.0], [280.0, 280.0], [140.0, 520.0], [0.0, 280.0]]]"
Thu Jul 23 03:52:02 2020,2,5,True,668.6567864974165,0.8524552678000857,"[0, 0, 0, 1, 1, 0, 3, 1, 2, 0, 2, 0]","[[[200.0, 0.0], [400.0, 0.0], [400.0, 200.0], [200.0, 200.0], [200.0, 0.0]], [[0.0, 0.0], [200.0, 0.0], [200.0, 200.0], [0.0, 200.0], [0.0, 0.0]], [[388.65678649741653, 580.0], [668.6567864974165, 580.0], [668.6567864974165, 760.0], [388.65678649741653, 760.0], [388.65678649741653, 580.0]], [[140.0, 340.0], [140.0, 620.0], [0.0, 480.0], [140.0, 340.0]], [[0.0, 200.0], [180.0, 200.0], [0.0, 480.0], [0.0, 200.0]], [[154.28571428571433, 240.0], [434.28571428571433, 240.0], [434.28571428571433, 520.0], [154.28571428571433, 520.0], [154.28571428571433, 240.0]], [[488.65678649741653, 221.74842888468083], [568.6567864974165, 21.748428884680834], [668.6567864974165, 21.748428884680834], [668.6567864974165, 221.74842888468083], [488.65678649741653, 221.74842888468083]], [[668.6567864974165, 480.0], [668.6567864974165, 580.0], [488.65678649741653, 580.0], [488.65678649741653, 480.0], [668.6567864974165, 480.0]], [[280.0, 760.0], [0.0, 760.0], [0.0, 480.0], [280.0, 760.0]], [[434.28571428571433, 221.74842888468083], [634.2857142857143, 221.74842888468083], [634.2857142857143, 421.74842888468083], [434.28571428571433, 501.74842888468083], [434.28571428571433, 221.74842888468083]], [[560.0, 0.0], [480.0, 160.0], [400.0, 0.0], [560.0, 0.0]], [[140.0, 520.0], [420.0, 520.0], [280.0, 760.0], [140.0, 520.0]]]"
Thu Jul 23 03:52:13 2020,2,1,True,675.3433543623908,0.8440151166337483,"[0, 0, 1, 2, 2, 0, 1, 1, 2, 3, 2, 0]","[[[454.66666666666663, 380.0], [654.6666666666666, 380.0], [654.6666666666666, 580.0], [454.66666666666663, 580.0], [454.66666666666663, 380.0]], [[0.0, 0.0], [200.0, 0.0], [200.0, 200.0], [0.0, 200.0], [0.0, 0.0]], [[660.0, 100.0], [660.0, 380.0], [480.0, 380.0], [480.0, 100.0], [660.0, 100.0]], [[552.561072932465, 752.561072932465], [272.561072932465, 752.561072932465], [412.561072932465, 612.561072932465], [552.561072932465, 752.561072932465]], [[641.9105150375194, 580.0], [641.9105150375194, 760.0], [361.9105150375194, 580.0], [641.9105150375194, 580.0]], [[174.66666666666663, 213.33333333333337], [454.66666666666663, 213.33333333333337], [454.66666666666663, 493.33333333333337], [174.66666666666663, 493.33333333333337], [174.66666666666663, 213.33333333333337]], [[180.0, 200.0], [100.0, 400.0], [0.0, 400.0], [0.0, 200.0], [180.0, 200.0]], [[641.9105150375199, 0.0], [641.9105150375199, 100.0], [461.9105150375199, 100.0], [461.9105150375199, 0.0], [641.9105150375199, 0.0]], [[280.0, 760.0], [0.0, 760.0], [0.0, 480.0], [280.0, 760.0]], [[200.0, 200.0], [200.0, 0.0], [400.0, 0.0], [480.0, 200.0], [200.0, 200.0]], [[160.0, 400.0], [80.0, 560.0], [0.0, 400.0], [160.0, 400.0]], [[113.33333333333331, 493.33333333333337], [393.3333333333333, 493.33333333333337], [253.33333333333331, 733.3333333333334], [113.33333333333331, 493.33333333333337]]]"
Thu Jul 23 03:52:23 2020,2,1,True,682.0967879060147,0.8356585313205427,"[0, 0, 1, 2, 3, 0, 2, 1, 0, 3, 2, 0]","[[[0.0, 560.0], [200.0, 560.0], [200.0, 760.0], [0.0, 760.0], [0.0, 560.0]], [[0.0, 0.0], [200.0, 0.0], [200.0, 200.0], [0.0, 200.0], [0.0, 0.0]], [[672.8571428571429, 272.8571428571429], [672.8571428571429, 552.8571428571429], [492.8571428571429, 552.8571428571429], [492.8571428571429, 272.8571428571429], [672.8571428571429, 272.8571428571429]], [[570.7603549511282, 760.0], [290.7603549511282, 760.0], [430.7603549511282, 620.0], [570.7603549511282, 760.0]], [[212.85714285714283, 460.0], [32.85714285714283, 460.0], [212.85714285714283, 180.0], [212.85714285714283, 460.0]], [[212.85714285714283, 210.76035495112814], [492.85714285714283, 210.76035495112814], [492.85714285714283, 490.76035495112814], [212.85714285714283, 490.76035495112814], [212.85714285714283, 210.76035495112814]], [[666.313444329197, 740.0], [466.31344432919695, 660.0], [466.31344432919695, 560.0], [666.313444329197, 560.0], [666.313444329197, 740.0]], [[180.0, 460.0], [180.0, 560.0], [0.0, 560.0], [0.0, 460.0], [180.0, 460.0]], [[402.0967879060147, 0.0], [682.0967879060147, 0.0], [682.0967879060147, 280.0], [402.0967879060147, 0.0]], [[212.85714285714283, 210.76035495112814], [212.85714285714283, 10.760354951128136], [412.85714285714283, 10.760354951128136], [492.85714285714283, 210.76035495112814], [212.85714285714283, 210.76035495112814]], [[160.0, 200.0], [80.0, 360.0], [0.0, 200.0], [160.0, 200.0]], [[180.0, 490.7603549511282], [460.0, 490.7603549511282], [320.0, 730.7603549511282], [180.0, 490.7603549511282]]]"
Thu Jul 23 03:52:48 2020,2,1,True,688.9177557850749,0.827384684475785,"[0, 0, 1, 1, 2, 0, 0, 1, 2, 2, 3, 3]","[[[0.0, 0.0], [200.0, 0.0], [200.0, 200.0], [0.0, 200.0], [0.0, 0.0]], [[200.0, 0.0], [400.0, 0.0], [400.0, 200.0], [200.0, 200.0], [200.0, 0.0]], [[180.0, 480.0], [180.0, 760.0], [0.0, 760.0], [0.0, 480.0], [180.0, 480.0]], [[140.0, 200.0], [140.0, 480.0], [0.0, 340.0], [140.0, 200.0]], [[460.0, 480.0], [460.0, 660.0], [180.0, 480.0], [460.0, 480.0]], [[140.0, 200.0], [420.0, 200.0], [420.0, 480.0], [140.0, 480.0], [140.0, 200.0]], [[460.0, 580.0], [660.0, 660.0], [660.0, 760.0], [460.0, 760.0], [460.0, 580.0]], [[640.0, 439.7979757920398], [640.0, 539.7979757920398], [460.0, 539.7979757920398], [460.0, 439.7979757920398], [640.0, 439.7979757920398]], [[460.0, 760.0], [180.0, 760.0], [180.0, 480.0], [460.0, 760.0]], [[688.9177557850749, 439.7979757920397], [488.91775578507486, 439.7979757920397], [488.91775578507486, 239.79797579203972], [688.9177557850749, 159.79797579203972], [688.9177557850749, 439.7979757920397]], [[688.9177557850749, 675.3390978995023], [528.9177557850749, 595.3390978995023], [688.9177557850749, 515.3390978995023], [688.9177557850749, 675.3390978995023]], [[420.0, 280.0], [420.0, 0.0], [660.0, 140.0], [420.0, 280.0]]]"
Thu Jul 23 03:52:50 2020,2,0,True,661.3610455536718,0.8618590463289426,"[0, 0, 1, 1, 2, 0, 2, 1, 2, 2, 1, 3]","[[[200.0, 0.0], [400.0, 0.0], [400.0, 200.0], [200.0, 200.0], [200.0, 0.0]], [[460.0, 555.8727234270248], [660.0, 555.8727234270248], [660.0, 755.8727234270248], [460.0, 755.8727234270248], [460.0, 555.8727234270248]], [[180.0, 480.0], [180.0, 760.0], [0.0, 760.0], [0.0, 480.0], [180.0, 480.0]], [[140.0, 200.0], [140.0, 480.0], [0.0, 340.0], [140.0, 200.0]], [[460.0, 480.0], [460.0, 660.0], [180.0, 480.0], [460.0, 480.0]], [[140.0, 200.0], [420.0, 200.0], [420.0, 480.0], [140.0, 480.0], [140.0, 200.0]], [[200.0, 180.0], [0.0, 100.0], [0.0, 0.0], [200.0, 0.0], [200.0, 180.0]], [[640.0, 455.87272342702477], [640.0, 555.8727234270248], [460.0, 555.8727234270248], [460.0, 455.87272342702477], [640.0, 455.87272342702477]], [[460.0, 760.0], [180.0, 760.0], [180.0, 480.0], [460.0, 760.0]], [[661.3610455536718, 455.8727234270248], [461.36104555367183, 455.8727234270248], [461.36104555367183, 255.87272342702482], [661.3610455536718, 175.87272342702482], [661.3610455536718, 455.8727234270248]], [[0.0, 110.0], [160.0, 190.0], [0.0, 270.0], [0.0, 110.0]], [[420.0, 280.0], [420.0, 0.0], [660.0, 140.0], [420.0, 280.0]]]"
Thu Jul 23 03:53:12 2020,2,1,True,667.9746560092085,0.8533257884444978,"[0, 0, 1, 1, 3, 0, 1, 0, 3, 3, 0, 0]","[[[200.0, 0.0], [400.0, 0.0], [400.0, 200.0], [200.0, 200.0], [200.0, 0.0]], [[0.0, 0.0], [200.0, 0.0], [200.0, 200.0], [0.0, 200.0], [0.0, 0.0]], [[667.9746560092085, 480.0], [667.9746560092085, 760.0], [487.9746560092085, 760.0], [487.9746560092085, 480.0], [667.9746560092085, 480.0]], [[310.0, 200.0], [310.0, 480.0], [170.0, 340.0], [310.0, 200.0]], [[487.9746560092085, 760.0], [307.9746560092085, 760.0], [487.9746560092085, 480.0], [487.9746560092085, 760.0]], [[310.0, 200.0], [590.0, 200.0], [590.0, 480.0], [310.0, 480.0], [310.0, 200.0]], [[575.9746560092085, 0.0], [495.9746560092085, 200.0], [395.9746560092085, 200.0], [395.9746560092085, 0.0], [575.9746560092085, 0.0]], [[567.9746560092085, 20.0], [667.9746560092085, 20.0], [667.9746560092085, 200.0], [567.9746560092085, 200.0], [567.9746560092085, 20.0]], [[0.0, 480.0], [0.0, 200.0], [280.0, 200.0], [0.0, 480.0]], [[0.0, 690.8189570454385], [0.0, 490.81895704543854], [200.0, 490.81895704543854], [280.0, 690.8189570454385], [0.0, 690.8189570454385]], [[80.0, 480.0], [160.0, 320.0], [240.0, 480.0], [80.0, 480.0]], [[193.68894172349417, 480.0], [473.68894172349417, 480.0], [333.68894172349417, 720.0], [193.68894172349417, 480.0]]]"
Thu Jul 23 03:53:34 2020,2,1,True,674.6544025693006,0.8448770182618789,"[0, 0, 1, 3, 1, 0, 2, 0, 0, 0, 0, 2]","[[[474.6544025693006, 180.0], [674.6544025693006, 180.0], [674.6544025693006, 380.0], [474.6544025693006, 380.0], [474.6544025693006, 180.0]], [[0.0, 560.0], [200.0, 560.0], [200.0, 760.0], [0.0, 760.0], [0.0, 560.0]], [[180.0, 280.0], [180.0, 560.0], [0.0, 560.0], [0.0, 280.0], [180.0, 280.0]], [[380.0, 662.264580781286], [380.0, 382.264580781286], [520.0, 522.264580781286], [380.0, 662.264580781286]], [[0.0, 0.0], [180.0, 0.0], [0.0, 280.0], [0.0, 0.0]], [[182.85714285714283, 0.0], [462.85714285714283, 0.0], [462.85714285714283, 280.0], [182.85714285714283, 280.0], [182.85714285714283, 0.0]], [[662.8571428571429, 180.0], [462.8571428571429, 100.0], [462.8571428571429, 0.0], [662.8571428571429, 0.0], [662.8571428571429, 180.0]], [[200.0, 571.132290390643], [300.0, 571.132290390643], [300.0, 751.132290390643], [200.0, 751.132290390643], [200.0, 571.132290390643]], [[394.6544025693006, 396.9189833505866], [674.6544025693006, 396.9189833505866], [674.6544025693006, 676.9189833505866], [394.6544025693006, 396.9189833505866]], [[180.0, 280.0], [380.0, 280.0], [380.0, 480.0], [180.0, 560.0], [180.0, 280.0]], [[22.857142857142833, 280.0], [102.85714285714283, 120.0], [182.85714285714283, 280.0], [22.857142857142833, 280.0]], [[657.735419218714, 760.0], [377.735419218714, 760.0], [517.735419218714, 520.0], [657.735419218714, 760.0]]]"
Thu Jul 23 03:54:20 2020,2,3,True,681.4009465949936,0.8365118992691871,"[0, 0, 1, 2, 3, 0, 1, 1, 0, 1, 0, 3]","[[[280.0, 280.0], [480.0, 280.0], [480.0, 480.0], [280.0, 480.0], [280.0, 280.0]], [[481.40094659499357, 0.0], [681.4009465949936, 0.0], [681.4009465949936, 200.0], [481.40094659499357, 200.0], [481.40094659499357, 0.0]], [[180.0, 0.0], [180.0, 280.0], [0.0, 280.0], [0.0, 0.0], [180.0, 0.0]], [[447.6682264665286, 760.0], [167.6682264665286, 760.0], [307.6682264665286, 620.0], [447.6682264665286, 760.0]], [[681.4009465949936, 760.0], [501.40094659499357, 760.0], [681.4009465949936, 480.0], [681.4009465949936, 760.0]], [[201.40094659499357, 0.0], [481.40094659499357, 0.0], [481.40094659499357, 280.0], [201.40094659499357, 280.0], [201.40094659499357, 0.0]], [[627.6682264665286, 480.0], [547.6682264665286, 680.0], [447.6682264665286, 680.0], [447.6682264665286, 480.0], [627.6682264665286, 480.0]], [[660.0, 360.0], [660.0, 460.0], [480.0, 460.0], [480.0, 360.0], [660.0, 360.0]], [[167.6682264665286, 480.0], [447.6682264665286, 480.0], [447.6682264665286, 760.0], [167.6682264665286, 480.0]], [[280.0, 280.0], [280.0, 480.0], [80.0, 480.0], [0.0, 280.0], [280.0, 280.0]], [[480.0, 360.0], [560.0, 200.0], [640.0, 360.0], [480.0, 360.0]], [[0.0, 713.3333333333334], [0.0, 433.33333333333337], [240.0, 573.3333333333334], [0.0, 713.3333333333334]]]"
Thu Jul 23 03:54:29 2020,2,1,True,688.2149560609436,0.8282296032368188,"[0, 0, 1, 2, 3, 0, 0, 1, 0, 0, 2, 3]","[[[200.0, 280.0], [400.0, 280.0], [400.0, 480.0], [200.0, 480.0], [200.0, 280.0]], [[0.0, 280.0], [200.0, 280.0], [200.0, 480.0], [0.0, 480.0], [0.0, 280.0]], [[180.0, 0.0], [180.0, 280.0], [0.0, 280.0], [0.0, 0.0], [180.0, 0.0]], [[379.6435274895151, 759.6435274895151], [99.64352748951512, 759.6435274895151], [239.64352748951512, 619.6435274895151], [379.6435274895151, 759.6435274895151]], [[688.2149560609436, 760.0], [508.21495606094356, 760.0], [688.2149560609436, 480.0], [688.2149560609436, 760.0]], [[179.54252509375124, 0.0], [459.54252509375124, 0.0], [459.54252509375124, 280.0], [179.54252509375124, 280.0], [179.54252509375124, 0.0]], [[459.54252509375124, 0.0], [659.5425250937512, 80.0], [659.5425250937512, 180.0], [459.54252509375124, 180.0], [459.54252509375124, 0.0]], [[580.0, 312.92754563440303], [580.0, 412.92754563440303], [400.0, 412.92754563440303], [400.0, 312.92754563440303], [580.0, 312.92754563440303]], [[100.0, 480.0], [380.0, 480.0], [380.0, 760.0], [100.0, 480.0]], [[400.0, 412.92754563440303], [600.0, 412.92754563440303], [600.0, 612.927545634403], [400.0, 692.927545634403], [400.0, 412.92754563440303]], [[673.5362271827985, 180.0], [593.5362271827985, 340.0], [513.5362271827985, 180.0], [673.5362271827985, 180.0]], [[0.0, 760.0], [0.0, 480.0], [240.0, 620.0], [0.0, 760.0]]]"
Thu Jul 23 03:54:35 2020,2,0,True,660.6863578185058,0.8627391700383529,"[0, 0, 1, 2, 3, 0, 2, 0, 0, 0, 1, 1]","[[[200.0, 280.0], [400.0, 280.0], [400.0, 480.0], [200.0, 480.0], [200.0, 280.0]], [[0.0, 280.0], [200.0, 280.0], [200.0, 480.0], [0.0, 480.0], [0.0, 280.0]], [[180.0, 0.0], [180.0, 280.0], [0.0, 280.0], [0.0, 0.0], [180.0, 0.0]], [[332.11492924707727, 760.0], [52.11492924707727, 760.0], [192.11492924707727, 620.0], [332.11492924707727, 760.0]], [[660.6863578185058, 760.0], [480.6863578185058, 760.0], [660.6863578185058, 480.0], [660.6863578185058, 760.0]], [[179.54252509375124, 0.0], [459.54252509375124, 0.0], [459.54252509375124, 280.0], [179.54252509375124, 280.0], [179.54252509375124, 0.0]], [[659.5425250937512, 180.0], [459.54252509375124, 100.0], [459.54252509375124, 0.0], [659.5425250937512, 0.0], [659.5425250937512, 180.0]], [[0.0, 527.8850707529227], [100.0, 527.8850707529227], [100.0, 707.8850707529227], [0.0, 707.8850707529227], [0.0, 527.8850707529227]], [[52.11492924707727, 480.0], [332.11492924707727, 480.0], [332.11492924707727, 760.0], [52.11492924707727, 480.0]], [[332.11492924707727, 480.0], [532.1149292470773, 480.0], [532.1149292470773, 680.0], [332.11492924707727, 760.0], [332.11492924707727, 480.0]], [[459.54252509375124, 164.11230585743198], [619.5425250937512, 244.11230585743198], [459.54252509375124, 324.112305857432], [459.54252509375124, 164.11230585743198]], [[640.0, 232.1787788287869], [640.0, 512.1787788287869], [400.0, 372.1787788287869], [640.0, 232.1787788287869]]]"
Thu Jul 23 03:55:34 2020,2,3,True,667.2932213966909,0.8541971980577752,"[0, 0, 1, 2, 2, 0, 1, 1, 0, 1, 0, 3]","[[[467.2932213966909, 0.0], [667.2932213966909, 0.0], [667.2932213966909, 200.0], [467.2932213966909, 200.0], [467.2932213966909, 0.0]], [[0.0, 54.2589035057656], [200.0, 54.2589035057656], [200.0, 254.2589035057656], [0.0, 254.2589035057656], [0.0, 54.2589035057656]], [[667.2932213966909, 200.0], [667.2932213966909, 480.0], [487.2932213966909, 480.0], [487.2932213966909, 200.0], [667.2932213966909, 200.0]], [[454.2589035057656, 280.0], [174.2589035057656, 280.0], [314.2589035057656, 140.0], [454.2589035057656, 280.0]], [[351.42857142857133, 494.2589035057656], [351.42857142857133, 674.2589035057656], [71.42857142857133, 494.2589035057656], [351.42857142857133, 494.2589035057656]], [[351.42857142857133, 480.0], [631.4285714285713, 480.0], [631.4285714285713, 760.0], [351.42857142857133, 760.0], [351.42857142857133, 480.0]], [[180.0, 254.2589035057656], [100.0, 454.2589035057656], [0.0, 454.2589035057656], [0.0, 254.2589035057656], [180.0, 254.2589035057656]], [[329.24805486404716, 660.0], [329.24805486404716, 760.0], [149.24805486404716, 760.0], [149.24805486404716, 660.0], [329.24805486404716, 660.0]], [[174.2589035057656, 0.0], [454.2589035057656, 0.0], [454.2589035057656, 280.0], [174.2589035057656, 0.0]], [[474.4602082415019, 280.0], [474.4602082415019, 480.0], [274.4602082415019, 480.0], [194.4602082415019, 280.0], [474.4602082415019, 280.0]], [[121.58965999438469, 494.2589035057656], [201.5896599943847, 334.2589035057656], [281.5896599943847, 494.2589035057656], [121.58965999438469, 494.2589035057656]], [[0.0, 742.6262504445411], [0.0, 462.62625044454114], [240.0, 602.6262504445411], [0.0, 742.6262504445411]]]"
Thu Jul 23 03:55:36 2020,2,0,True,640.6014925408233,0.8897887479768491,"[0, 0, 1, 2, 2, 0, 1, 1, 0, 1, 0, 3]","[[[440.6014925408233, 0.0], [640.6014925408233, 0.0], [640.6014925408233, 200.0], [440.6014925408233, 200.0], [440.6014925408233, 0.0]], [[0.0, 31.503731352058253], [200.0, 31.503731352058253], [200.0, 231.50373135205825], [0.0, 231.50373135205825], [0.0, 31.503731352058253]], [[640.6014925408233, 200.0], [640.6014925408233, 480.0], [460.6014925408233, 480.0], [460.6014925408233, 200.0], [640.6014925408233, 200.0]], [[440.6014925408233, 280.0], [160.6014925408233, 280.0], [300.6014925408233, 140.0], [440.6014925408233, 280.0]], [[351.42857142857133, 494.2589035057656], [351.42857142857133, 674.2589035057656], [71.42857142857133, 494.2589035057656], [351.42857142857133, 494.2589035057656]], [[351.42857142857133, 480.0], [631.4285714285713, 480.0], [631.4285714285713, 760.0], [351.42857142857133, 760.0], [351.42857142857133, 480.0]], [[180.0, 231.50373135205825], [100.0, 431.50373135205825], [0.0, 431.50373135205825], [0.0, 231.50373135205825], [180.0, 231.50373135205825]], [[329.24805486404716, 660.0], [329.24805486404716, 760.0], [149.24805486404716, 760.0], [149.24805486404716, 660.0], [329.24805486404716, 660.0]], [[160.6014925408233, 0.0], [440.6014925408233, 0.0], [440.6014925408233, 280.0], [160.6014925408233, 0.0]], [[449.70356140230626, 280.0], [449.70356140230626, 480.0], [249.70356140230626, 480.0], [169.70356140230626, 280.0], [449.70356140230626, 280.0]], [[80.0, 494.2589035057656], [160.0, 334.2589035057656], [240.0, 494.2589035057656], [80.0, 494.2589035057656]], [[0.0, 742.6262504445411], [0.0, 462.62625044454114], [240.0, 602.6262504445411], [0.0, 742.6262504445411]]]"
Thu Jul 23 03:57:18 2020,2,5,False,647.0075074662316,0.8809789583929198,"[0, 0, 1, 2, 1, 0, 2, 1, 0, 2, 3, 3]","[[[446.909518213866, 280.0], [646.909518213866, 280.0], [646.909518213866, 480.0], [446.909518213866, 480.0], [446.909518213866, 280.0]], [[0.0, 0.0], [200.0, 0.0], [200.0, 200.0], [0.0, 200.0], [0.0, 0.0]], [[447.3373790705536, 188.3434476763839], [447.3373790705536, 468.3434476763839], [267.3373790705536, 468.3434476763839], [267.3373790705536, 188.3434476763839], [447.3373790705536, 188.3434476763839]], [[554.3398272153601, 187.43030900149404], [274.33982721536006, 187.43030900149404], [414.33982721536006, 47.43030900149404], [554.3398272153601, 187.43030900149404]], [[200.0, 13.090481786133978], [380.0, 13.090481786133978], [200.0, 293.090481786134], [200.0, 13.090481786133978]], [[167.00750746623157, 480.0], [447.0075074662316, 480.0], [447.0075074662316, 760.0], [167.00750746623157, 760.0], [167.00750746623157, 480.0]], [[200.0, 377.42104602196844], [0.0, 297.42104602196844], [0.0, 197.42104602196844], [200.0, 197.42104602196844], [200.0, 377.42104602196844]], [[180.0, 660.0], [180.0, 760.0], [0.0, 760.0], [0.0, 660.0], [180.0, 660.0]], [[366.909518213866, 0.0], [646.909518213866, 0.0], [646.909518213866, 280.0], [366.909518213866, 0.0]], [[647.0075074662316, 760.0], [447.0075074662316, 760.0], [447.0075074662316, 560.0], [647.0075074662316, 480.0], [647.0075074662316, 760.0]], [[160.0, 657.4210460219684], [0.0, 577.4210460219684], [160.0, 497.42104602196844], [160.0, 657.4210460219684]], [[0.0, 577.4210460219684], [0.0, 297.42104602196844], [240.0, 437.42104602196844], [0.0, 577.4210460219684]]]"
Thu Jul 23 03:59:25 2020,2,5,False,653.4775825408939,0.8722563944484355,"[0, 0, 0, 0, 0, 0, 1, 0, 1, 2, 3, 3]","[[[0.0, 560.0], [200.0, 560.0], [200.0, 760.0], [0.0, 760.0], [0.0, 560.0]], [[200.0, 560.0], [400.0, 560.0], [400.0, 760.0], [200.0, 760.0], [200.0, 560.0]], [[0.0, 216.84210526315792], [280.0, 216.84210526315792], [280.0, 396.8421052631579], [0.0, 396.8421052631579], [0.0, 216.84210526315792]], [[0.0, 0.0], [280.0, 0.0], [140.0, 140.0], [0.0, 0.0]], [[0.0, 216.84210526315792], [0.0, 36.84210526315792], [280.0, 216.84210526315792], [0.0, 216.84210526315792]], [[273.4775825408939, 0.0], [553.4775825408939, 0.0], [553.4775825408939, 280.0], [273.4775825408939, 280.0], [273.4775825408939, 0.0]], [[180.0, 360.0], [100.0, 560.0], [0.0, 560.0], [0.0, 360.0], [180.0, 360.0]], [[553.4775825408939, 63.92712550607291], [653.4775825408939, 63.92712550607291], [653.4775825408939, 243.9271255060729], [553.4775825408939, 243.9271255060729], [553.4775825408939, 63.92712550607291]], [[396.8421052631579, 280.0], [396.8421052631579, 560.0], [116.84210526315792, 560.0], [396.8421052631579, 280.0]], [[653.4775825408939, 760.0], [453.4775825408939, 760.0], [453.4775825408939, 560.0], [653.4775825408939, 480.0], [653.4775825408939, 760.0]], [[632.1457489878542, 403.9271255060729], [472.1457489878542, 323.9271255060729], [632.1457489878542, 243.9271255060729], [632.1457489878542, 403.9271255060729]], [[396.8421052631579, 560.0], [396.8421052631579, 280.0], [636.8421052631579, 420.0], [396.8421052631579, 560.0]]]"
Thu Jul 23 03:59:59 2020,2,1,True,660.0123583663028,0.8636201925232034,"[0, 0, 0, 1, 0, 0, 3, 0, 3, 3, 1, 1]","[[[440.0, 280.0], [640.0, 280.0], [640.0, 480.0], [440.0, 480.0], [440.0, 280.0]], [[175.94949836535528, 560.0], [375.9494983653553, 560.0], [375.9494983653553, 760.0], [175.94949836535528, 760.0], [175.94949836535528, 560.0]], [[0.0, 200.0], [280.0, 200.0], [280.0, 380.0], [0.0, 380.0], [0.0, 200.0]], [[175.94949836535528, 480.0], [175.94949836535528, 760.0], [35.94949836535528, 620.0], [175.94949836535528, 480.0]], [[375.9494983653553, 760.0], [375.9494983653553, 580.0], [655.9494983653553, 760.0], [375.9494983653553, 760.0]], [[380.0123583663028, 0.0], [660.0123583663028, 0.0], [660.0123583663028, 280.0], [380.0123583663028, 280.0], [380.0123583663028, 0.0]], [[259.9876416336972, 560.0], [339.9876416336972, 360.0], [439.9876416336972, 360.0], [439.9876416336972, 560.0], [259.9876416336972, 560.0]], [[272.0, 0.0], [372.0, 0.0], [372.0, 180.0], [272.0, 180.0], [272.0, 0.0]], [[0.0, 660.0], [0.0, 380.0], [280.0, 380.0], [0.0, 660.0]], [[0.0, 200.0], [0.0, 0.0], [200.0, 0.0], [280.0, 200.0], [0.0, 200.0]], [[280.0, 229.9938208168486], [440.0, 309.9938208168486], [280.0, 389.9938208168486], [280.0, 229.9938208168486]], [[660.0123583663028, 468.3261242863234], [660.0123583663028, 748.3261242863234], [420.0123583663028, 608.3261242863234], [660.0123583663028, 468.3261242863234]]]"
Thu Jul 23 04:00:22 2020,2,1,True,666.6124819499659,0.8550694975477262,"[0, 0, 1, 3, 1, 0, 0, 0, 1, 0, 1, 1]","[[[460.0, 378.9521043917065], [660.0, 378.9521043917065], [660.0, 578.9521043917065], [460.0, 578.9521043917065], [460.0, 378.9521043917065]], [[100.0, 0.0], [300.0, 0.0], [300.0, 200.0], [100.0, 200.0], [100.0, 0.0]], [[180.0, 480.0], [180.0, 760.0], [0.0, 760.0], [0.0, 480.0], [180.0, 480.0]], [[180.0, 760.0], [180.0, 480.0], [320.0, 620.0], [180.0, 760.0]], [[280.0, 282.4528252964076], [460.0, 282.4528252964076], [280.0, 562.4528252964076], [280.0, 282.4528252964076]], [[0.0, 200.0], [280.0, 200.0], [280.0, 480.0], [0.0, 480.0], [0.0, 200.0]], [[460.0, 578.9521043917065], [660.0, 658.9521043917065], [660.0, 758.9521043917065], [460.0, 758.9521043917065], [460.0, 578.9521043917065]], [[0.0, 20.0], [100.0, 20.0], [100.0, 200.0], [0.0, 200.0], [0.0, 20.0]], [[460.0, 480.0], [460.0, 760.0], [180.0, 760.0], [460.0, 480.0]], [[300.0, 0.0], [500.0, 0.0], [500.0, 200.0], [300.0, 280.0], [300.0, 0.0]], [[500.0, 0.0], [660.0, 80.0], [500.0, 160.0], [500.0, 0.0]], [[666.6124819499659, 102.80938552918661], [666.6124819499659, 382.8093855291866], [426.61248194996585, 242.8093855291866], [666.6124819499659, 102.80938552918661]]]"
Thu Jul 23 04:00:49 2020,2,1,True,673.2786067694656,0.8466034629185407,"[0, 0, 0, 2, 0, 0, 3, 1, 0, 3, 0, 1]","[[[279.9479826719672, 180.0], [479.9479826719672, 180.0], [479.9479826719672, 380.0], [279.9479826719672, 380.0], [279.9479826719672, 180.0]], [[0.0, 460.0], [200.0, 460.0], [200.0, 660.0], [0.0, 660.0], [0.0, 460.0]], [[0.0, 0.0], [280.0, 0.0], [280.0, 180.0], [0.0, 180.0], [0.0, 0.0]], [[480.0, 539.7884431361816], [200.0, 539.7884431361816], [340.0, 399.7884431361816], [480.0, 539.7884431361816]], [[279.92197400795084, 180.0], [279.92197400795084, 0.0], [559.9219740079509, 180.0], [279.92197400795084, 180.0]], [[0.0, 180.0], [280.0, 180.0], [280.0, 460.0], [0.0, 460.0], [0.0, 180.0]], [[180.0, 739.7884431361816], [260.0, 539.7884431361816], [360.0, 539.7884431361816], [360.0, 739.7884431361816], [180.0, 739.7884431361816]], [[180.0, 660.0], [180.0, 760.0], [0.0, 760.0], [0.0, 660.0], [180.0, 660.0]], [[393.27860676946557, 0.0], [673.2786067694656, 0.0], [673.2786067694656, 280.0], [393.27860676946557, 0.0]], [[360.0, 760.0], [360.0, 560.0], [560.0, 560.0], [640.0, 760.0], [360.0, 760.0]], [[479.9479826719672, 339.9479826719672], [559.9479826719672, 179.94798267196722], [639.9479826719672, 339.9479826719672], [479.9479826719672, 339.9479826719672]], [[652.7131764806946, 332.50161961687627], [652.7131764806946, 612.5016196168763], [412.71317648069464, 472.50161961687627], [652.7131764806946, 332.50161961687627]]]"
Thu Jul 23 04:00:50 2020,2,0,True,646.3474624986869,0.8818786072068133,"[0, 0, 0, 2, 0, 0, 3, 1, 0, 3, 1, 1]","[[[279.9479826719672, 193.6005201732803], [479.9479826719672, 193.6005201732803], [479.9479826719672, 393.6005201732803], [279.9479826719672, 393.6005201732803], [279.9479826719672, 193.6005201732803]], [[0.0, 460.0], [200.0, 460.0], [200.0, 660.0], [0.0, 660.0], [0.0, 460.0]], [[0.0, 0.0], [280.0, 0.0], [280.0, 180.0], [0.0, 180.0], [0.0, 0.0]], [[480.0, 539.7884431361816], [200.0, 539.7884431361816], [340.0, 399.7884431361816], [480.0, 539.7884431361816]], [[279.9479826719672, 193.6005201732803], [279.9479826719672, 13.600520173280302], [559.9479826719672, 193.6005201732803], [279.9479826719672, 193.6005201732803]], [[0.0, 180.0], [280.0, 180.0], [280.0, 460.0], [0.0, 460.0], [0.0, 180.0]], [[180.0, 739.7884431361816], [260.0, 539.7884431361816], [360.0, 539.7884431361816], [360.0, 739.7884431361816], [180.0, 739.7884431361816]], [[180.0, 660.0], [180.0, 760.0], [0.0, 760.0], [0.0, 660.0], [180.0, 660.0]], [[366.3474624986869, 0.0], [646.3474624986869, 0.0], [646.3474624986869, 280.0], [366.3474624986869, 0.0]], [[360.0, 760.0], [360.0, 560.0], [560.0, 560.0], [640.0, 760.0], [360.0, 760.0]], [[479.9479826719672, 193.6005201732803], [639.9479826719672, 273.6005201732803], [479.9479826719672, 353.6005201732803], [479.9479826719672, 193.6005201732803]], [[646.3474624986869, 326.13590563486855], [646.3474624986869, 606.1359056348685], [406.3474624986869, 466.13590563486855], [646.3474624986869, 326.13590563486855]]]"
Thu Jul 23 04:02:58 2020,2,5,False,652.8109371236739,0.8731471358483299,"[0, 0, 0, 1, 1, 0, 3, 0, 2, 1, 2, 2]","[[[0.0, 560.0], [200.0, 560.0], [200.0, 760.0], [0.0, 760.0], [0.0, 560.0]], [[0.0, 0.0], [200.0, 0.0], [200.0, 200.0], [0.0, 200.0], [0.0, 0.0]], [[200.0, 560.0], [480.0, 560.0], [480.0, 740.0], [200.0, 740.0], [200.0, 560.0]], [[272.0, 272.0], [272.0, 552.0], [132.0, 412.0], [272.0, 272.0]], [[200.0, 0.0], [380.0, 0.0], [200.0, 280.0], [200.0, 0.0]], [[272.0, 272.0], [552.0, 272.0], [552.0, 552.0], [272.0, 552.0], [272.0, 272.0]], [[472.81093712367385, 760.0], [552.8109371236739, 560.0], [652.8109371236739, 560.0], [652.8109371236739, 760.0], [472.81093712367385, 760.0]], [[552.0, 280.0], [652.0, 280.0], [652.0, 460.0], [552.0, 460.0], [552.0, 280.0]], [[280.0, 560.0], [0.0, 560.0], [0.0, 280.0], [280.0, 560.0]], [[652.8109371236739, 0.0], [652.8109371236739, 200.0], [452.81093712367385, 200.0], [372.81093712367385, 0.0], [652.8109371236739, 0.0]], [[160.0, 200.0], [80.0, 360.0], [0.0, 200.0], [160.0, 200.0]], [[497.0076757735766, 275.7658376855476], [217.00767577357658, 275.7658376855476], [357.0076757735766, 35.76583768554758], [497.0076757735766, 275.7658376855476]]]"
Thu Jul 23 04:03:46 2020,2,3,True,659.3390464949106,0.8645021147013167,"[0, 0, 1, 0, 0, 0, 2, 1, 0, 1, 2, 2]","[[[459.3390464949106, 280.0], [659.3390464949106, 280.0], [659.3390464949106, 480.0], [459.3390464949106, 480.0], [459.3390464949106, 280.0]], [[0.0, 320.0], [200.0, 320.0], [200.0, 520.0], [0.0, 520.0], [0.0, 320.0]], [[646.6666666666665, 480.0], [646.6666666666665, 760.0], [466.6666666666665, 760.0], [466.6666666666665, 480.0], [646.6666666666665, 480.0]], [[0.0, 180.66095350508942], [280.0, 180.66095350508942], [140.0, 320.6609535050894], [0.0, 180.66095350508942]], [[0.0, 180.66095350508942], [0.0, 0.6609535050894237], [280.0, 180.66095350508942], [0.0, 180.66095350508942]], [[379.3390464949106, 0.0], [659.3390464949106, 0.0], [659.3390464949106, 280.0], [379.3390464949106, 280.0], [379.3390464949106, 0.0]], [[466.6666666666666, 760.0], [266.6666666666666, 680.0], [266.6666666666666, 580.0], [466.6666666666666, 580.0], [466.6666666666666, 760.0]], [[446.69849963872684, 480.0], [446.69849963872684, 580.0], [266.69849963872684, 580.0], [266.69849963872684, 480.0], [446.69849963872684, 480.0]], [[99.33904649491058, 0.0], [379.3390464949106, 0.0], [379.3390464949106, 280.0], [99.33904649491058, 0.0]], [[460.6609535050894, 280.0], [460.6609535050894, 480.0], [260.6609535050894, 480.0], [180.66095350508942, 280.0], [460.6609535050894, 280.0]], [[160.0, 520.0], [80.0, 680.0], [0.0, 520.0], [160.0, 520.0]], [[313.3333333333333, 760.0], [33.333333333333314, 760.0], [173.33333333333331, 520.0], [313.3333333333333, 760.0]]]"
Thu Jul 23 04:04:36 2020,2,1,True,665.9324369598597,0.8559426878230858,"[0, 0, 0, 2, 0, 0, 1, 0, 3, 1, 0, 1]","[[[0.0, 0.0], [200.0, 0.0], [200.0, 200.0], [0.0, 200.0], [0.0, 0.0]], [[280.0, 560.0], [480.0, 560.0], [480.0, 760.0], [280.0, 760.0], [280.0, 560.0]], [[385.93243695985973, 380.0], [665.9324369598597, 380.0], [665.9324369598597, 560.0], [385.93243695985973, 560.0], [385.93243695985973, 380.0]], [[659.9999999999998, 380.0], [379.9999999999998, 380.0], [519.9999999999998, 240.0], [659.9999999999998, 380.0]], [[0.0, 480.0], [0.0, 300.0], [280.0, 480.0], [0.0, 480.0]], [[0.0, 480.0], [280.0, 480.0], [280.0, 760.0], [0.0, 760.0], [0.0, 480.0]], [[660.0, 560.0], [580.0, 760.0], [480.0, 760.0], [480.0, 560.0], [660.0, 560.0]], [[565.9324369598597, 105.93243695985996], [665.9324369598597, 105.93243695985996], [665.9324369598597, 285.93243695985996], [565.9324369598597, 285.93243695985996], [565.9324369598597, 105.93243695985996]], [[279.9999999999999, 479.9999999999999], [279.9999999999999, 199.9999999999999], [559.9999999999999, 199.9999999999999], [279.9999999999999, 479.9999999999999]], [[565.9324369598597, 0.0], [565.9324369598597, 200.0], [365.93243695985973, 200.0], [285.93243695985973, 0.0], [565.9324369598597, 0.0]], [[200.0, 185.16890760035062], [280.0, 25.16890760035062], [360.0, 185.16890760035062], [200.0, 185.16890760035062]], [[279.9999999999999, 185.7142857142856], [279.9999999999999, 465.7142857142856], [39.999999999999886, 325.7142857142856], [279.9999999999999, 185.7142857142856]]]"
Thu Jul 23 04:06:07 2020,2,5,True,672.5917613294583,0.8474680077456295,"[0, 0, 1, 1, 3, 0, 1, 1, 2, 0, 3, 0]","[[[280.0, 347.4082386705418], [480.0, 347.4082386705418], [480.0, 547.4082386705418], [280.0, 547.4082386705418], [280.0, 347.4082386705418]], [[280.0, 547.4082386705418], [480.0, 547.4082386705418], [480.0, 747.4082386705418], [280.0, 747.4082386705418], [280.0, 547.4082386705418]], [[672.5917613294583, 100.0], [672.5917613294583, 380.0], [492.59176132945834, 380.0], [492.59176132945834, 100.0], [672.5917613294583, 100.0]], [[230.0, 150.0], [230.0, 430.0], [90.0, 290.0], [230.0, 150.0]], [[672.5917613294583, 760.0], [492.59176132945834, 760.0], [672.5917613294583, 480.0], [672.5917613294583, 760.0]], [[0.0, 480.0], [280.0, 480.0], [280.0, 760.0], [0.0, 760.0], [0.0, 480.0]], [[660.0, 380.0], [580.0, 580.0], [480.0, 580.0], [480.0, 380.0], [660.0, 380.0]], [[660.0, 0.0], [660.0, 100.0], [480.0, 100.0], [480.0, 0.0], [660.0, 0.0]], [[280.0, 480.0], [0.0, 480.0], [0.0, 200.0], [280.0, 480.0]], [[280.0, 0.0], [480.0, 0.0], [480.0, 200.0], [280.0, 280.0], [280.0, 0.0]], [[492.59176132945834, 353.70411933527083], [332.59176132945834, 273.70411933527083], [492.59176132945834, 193.70411933527083], [492.59176132945834, 353.70411933527083]], [[0.0, 0.0], [280.0, 0.0], [140.0, 240.0], [0.0, 0.0]]]"
Thu Jul 23 04:06:26 2020,2,1,True,679.3176789427529,0.8390772353917125,"[0, 0, 1, 0, 2, 0, 1, 1, 1, 1, 1, 3]","[[[319.8060568773584, 399.317678942753], [519.8060568773584, 399.317678942753], [519.8060568773584, 599.317678942753], [319.8060568773584, 599.317678942753], [319.8060568773584, 399.317678942753]], [[279.9999999999999, 0.0], [479.9999999999999, 0.0], [479.9999999999999, 200.0], [279.9999999999999, 200.0], [279.9999999999999, 0.0]], [[659.9999999999999, 100.0], [659.9999999999999, 380.0], [479.9999999999999, 380.0], [479.9999999999999, 100.0], [659.9999999999999, 100.0]], [[280.0, 599.317678942753], [560.0, 599.317678942753], [420.0, 739.317678942753], [280.0, 599.317678942753]], [[479.9999999999999, 200.0], [479.9999999999999, 380.0], [199.9999999999999, 200.0], [479.9999999999999, 200.0]], [[0.0, 480.0], [280.0, 480.0], [280.0, 760.0], [0.0, 760.0], [0.0, 480.0]], [[180.0, 200.0], [100.0, 400.0], [0.0, 400.0], [0.0, 200.0], [180.0, 200.0]], [[659.9999999999999, 0.0], [659.9999999999999, 100.0], [479.9999999999999, 100.0], [479.9999999999999, 0.0], [659.9999999999999, 0.0]], [[679.3176789427529, 480.0], [679.3176789427529, 760.0], [399.3176789427529, 760.0], [679.3176789427529, 480.0]], [[280.0, 0.0], [280.0, 200.0], [80.0, 200.0], [0.0, 0.0], [280.0, 0.0]], [[519.3176789427529, 380.0], [679.3176789427529, 460.0], [519.3176789427529, 540.0], [519.3176789427529, 380.0]], [[179.54545454545445, 481.1363636363636], [179.54545454545445, 201.13636363636363], [419.54545454545445, 341.1363636363636], [179.54545454545445, 481.1363636363636]]]"
Thu Jul 23 04:06:56 2020,2,1,True,686.1108557321804,0.8307695399917945,"[0, 0, 1, 3, 3, 0, 3, 0, 2, 3, 0, 0]","[[[106.11085573218043, 280.0], [306.1108557321804, 280.0], [306.1108557321804, 480.0], [106.11085573218043, 480.0], [106.11085573218043, 280.0]], [[480.0, 0.0], [680.0, 0.0], [680.0, 200.0], [480.0, 200.0], [480.0, 0.0]], [[486.1108557321804, 280.0], [486.1108557321804, 560.0], [306.1108557321804, 560.0], [306.1108557321804, 280.0], [486.1108557321804, 280.0]], [[486.1108557321804, 670.2771393304514], [486.1108557321804, 390.2771393304514], [626.1108557321804, 530.2771393304514], [486.1108557321804, 670.2771393304514]], [[686.1108557321804, 716.943805997118], [506.1108557321804, 716.943805997118], [686.1108557321804, 436.94380599711803], [686.1108557321804, 716.943805997118]], [[0.0, 0.0], [280.0, 0.0], [280.0, 280.0], [0.0, 280.0], [0.0, 0.0]], [[506.1108557321804, 414.72286066954894], [586.1108557321804, 214.72286066954894], [686.1108557321804, 214.72286066954894], [686.1108557321804, 414.72286066954894], [506.1108557321804, 414.72286066954894]], [[0.0, 280.0], [100.0, 280.0], [100.0, 460.0], [0.0, 460.0], [0.0, 280.0]], [[560.0, 280.0], [280.0, 280.0], [280.0, 0.0], [560.0, 280.0]], [[243.33333333333331, 760.0], [243.33333333333331, 560.0], [443.3333333333333, 560.0], [523.3333333333333, 760.0], [243.33333333333331, 760.0]], [[0.0, 760.0], [80.0, 600.0], [160.0, 760.0], [0.0, 760.0]], [[10.0, 480.0], [290.0, 480.0], [150.0, 720.0], [10.0, 480.0]]]"
Thu Jul 23 04:07:19 2020,2,1,True,692.9719642895022,0.8225440990017767,"[0, 0, 1, 1, 0, 0, 3, 1, 3, 1, 3, 1]","[[[0.0, 560.0], [200.0, 560.0], [200.0, 760.0], [0.0, 760.0], [0.0, 560.0]], [[0.0, 100.0], [200.0, 100.0], [200.0, 300.0], [0.0, 300.0], [0.0, 100.0]], [[684.5180229567486, 0.0], [684.5180229567486, 280.0], [504.5180229567486, 280.0], [504.5180229567486, 0.0], [684.5180229567486, 0.0]], [[692.9719642895022, 271.54605866724637], [692.9719642895022, 551.5460586672464], [552.9719642895022, 411.54605866724637], [692.9719642895022, 271.54605866724637]], [[0.0, 560.0], [0.0, 380.0], [280.0, 560.0], [0.0, 560.0]], [[272.6131734934962, 280.0], [552.6131734934962, 280.0], [552.6131734934962, 560.0], [272.6131734934962, 560.0], [272.6131734934962, 280.0]], [[324.5180229567486, 275.4819770432514], [404.5180229567486, 75.48197704325139], [504.5180229567486, 75.48197704325139], [504.5180229567486, 275.4819770432514], [324.5180229567486, 275.4819770432514]], [[198.66642150289317, 0.0], [198.66642150289317, 100.0], [18.666421502893172, 100.0], [18.666421502893172, 0.0], [198.66642150289317, 0.0]], [[200.0, 280.0], [200.0, 0.0], [480.0, 0.0], [200.0, 280.0]], [[682.6671569942135, 559.9999999999999], [682.6671569942135, 759.9999999999999], [482.66715699421354, 759.9999999999999], [402.66715699421354, 559.9999999999999], [682.6671569942135, 559.9999999999999]], [[402.66715699421354, 719.9999999999999], [242.66715699421354, 639.9999999999999], [402.66715699421354, 559.9999999999999], [402.66715699421354, 719.9999999999999]], [[269.9029126213593, 259.2233009708739], [269.9029126213593, 539.2233009708739], [29.90291262135929, 399.2233009708739], [269.9029126213593, 259.2233009708739]]]"
Thu Jul 23 04:07:27 2020,2,0,True,665.2530857179221,0.8568167697935174,"[0, 0, 1, 1, 1, 0, 1, 1, 3, 0, 0, 1]","[[[50.0, 560.0], [250.0, 560.0], [250.0, 760.0], [50.0, 760.0], [50.0, 560.0]], [[0.0, 100.0], [200.0, 100.0], [200.0, 300.0], [0.0, 300.0], [0.0, 100.0]], [[665.2530857179221, 0.0], [665.2530857179221, 280.0], [485.2530857179221, 280.0], [485.2530857179221, 0.0], [665.2530857179221, 0.0]], [[485.2530857179221, 0.0], [485.2530857179221, 280.0], [345.2530857179221, 140.0], [485.2530857179221, 0.0]], [[485.2530857179221, 280.0], [665.2530857179221, 280.0], [485.2530857179221, 560.0], [485.2530857179221, 280.0]], [[205.2530857179221, 280.0], [485.2530857179221, 280.0], [485.2530857179221, 560.0], [205.2530857179221, 560.0], [205.2530857179221, 280.0]], [[430.0, 560.0], [350.0, 760.0], [250.0, 760.0], [250.0, 560.0], [430.0, 560.0]], [[200.0, 0.0], [200.0, 100.0], [20.0, 100.0], [20.0, 0.0], [200.0, 0.0]], [[200.0, 280.0], [200.0, 0.0], [480.0, 0.0], [200.0, 280.0]], [[0.0, 300.0], [200.0, 300.0], [200.0, 500.0], [0.0, 580.0], [0.0, 300.0]], [[350.0, 760.0], [430.0, 600.0], [510.0, 760.0], [350.0, 760.0]], [[663.3408285732467, 456.11548333439396], [663.3408285732467, 736.115483334394], [423.34082857324665, 596.115483334394], [663.3408285732467, 456.11548333439396]]]"
Thu Jul 23 04:08:43 2020,2,3,True,671.9056165751014,0.8483334354391261,"[0, 0, 1, 0, 0, 0, 2, 1, 1, 0, 1, 1]","[[[471.90561657510136, 560.0], [671.9056165751014, 560.0], [671.9056165751014, 760.0], [471.90561657510136, 760.0], [471.90561657510136, 560.0]], [[0.0, 280.0], [200.0, 280.0], [200.0, 480.0], [0.0, 480.0], [0.0, 280.0]], [[180.0, 480.0], [180.0, 760.0], [0.0, 760.0], [0.0, 480.0], [180.0, 480.0]], [[0.0, 0.0], [280.0, 0.0], [140.0, 140.0], [0.0, 0.0]], [[0.0, 280.0], [0.0, 100.0], [280.0, 280.0], [0.0, 280.0]], [[380.0, 0.0], [660.0, 0.0], [660.0, 280.0], [380.0, 280.0], [380.0, 0.0]], [[671.9056165751014, 560.0], [471.90561657510136, 480.0], [471.90561657510136, 380.0], [671.9056165751014, 380.0], [671.9056165751014, 560.0]], [[640.0, 280.0], [640.0, 380.0], [460.0, 380.0], [460.0, 280.0], [640.0, 280.0]], [[460.0, 480.0], [460.0, 760.0], [180.0, 760.0], [460.0, 480.0]], [[260.0, 280.0], [460.0, 280.0], [460.0, 480.0], [260.0, 560.0], [260.0, 280.0]], [[180.0, 520.0], [340.0, 600.0], [180.0, 680.0], [180.0, 520.0]], [[380.0, 0.0], [380.0, 280.0], [140.0, 140.0], [380.0, 0.0]]]"
Thu Jul 23 04:08:53 2020,2,0,True,645.0293919120973,0.8836806619157564,"[0, 0, 1, 3, 0, 0, 3, 1, 1, 3, 2, 1]","[[[445.02939191209725, 560.0], [645.0293919120973, 560.0], [645.0293919120973, 760.0], [445.02939191209725, 760.0], [445.02939191209725, 560.0]], [[0.0, 265.02939191209725], [200.0, 265.02939191209725], [200.0, 465.02939191209725], [0.0, 465.02939191209725], [0.0, 265.02939191209725]], [[180.0, 465.02939191209725], [180.0, 745.0293919120973], [0.0, 745.0293919120973], [0.0, 465.02939191209725], [180.0, 465.02939191209725]], [[180.0, 745.0293919120973], [180.0, 465.02939191209725], [320.0, 605.0293919120973], [180.0, 745.0293919120973]], [[0.0, 265.02939191209725], [0.0, 85.02939191209725], [280.0, 265.02939191209725], [0.0, 265.02939191209725]], [[365.02939191209725, 0.0], [645.0293919120973, 0.0], [645.0293919120973, 280.0], [365.02939191209725, 280.0], [365.02939191209725, 0.0]], [[460.0, 528.908393160257], [540.0, 328.908393160257], [640.0, 328.908393160257], [640.0, 528.908393160257], [460.0, 528.908393160257]], [[203.28761258118206, 0.0], [203.28761258118206, 100.0], [23.28761258118206, 100.0], [23.28761258118206, 0.0], [203.28761258118206, 0.0]], [[445.02939191209725, 480.0], [445.02939191209725, 760.0], [165.02939191209725, 760.0], [445.02939191209725, 480.0]], [[199.56335726410282, 480.0], [199.56335726410282, 280.0], [399.5633572641028, 280.0], [479.5633572641028, 480.0], [199.56335726410282, 480.0]], [[559.5633572641028, 280.0], [479.5633572641028, 440.0], [399.5633572641028, 280.0], [559.5633572641028, 280.0]], [[365.02939191209725, 0.0], [365.02939191209725, 280.0], [125.02939191209725, 140.0], [365.02939191209725, 0.0]]]"
Thu Jul 23 04:09:24 2020,2,1,True,651.4796858312183,0.8749313484314419,"[0, 0, 1, 0, 0, 0, 0, 0, 1, 2, 2, 1]","[[[219.99999999999994, 311.4796858312182], [419.99999999999994, 311.4796858312182], [419.99999999999994, 511.4796858312182], [219.99999999999994, 511.4796858312182], [219.99999999999994, 311.4796858312182]], [[451.47968583121826, 280.0], [651.4796858312183, 280.0], [651.4796858312183, 480.0], [451.47968583121826, 480.0], [451.47968583121826, 280.0]], [[180.0, 461.9059162513597], [180.0, 741.9059162513597], [0.0, 741.9059162513597], [0.0, 461.9059162513597], [180.0, 461.9059162513597]], [[0.0, 0.0], [280.0, 0.0], [140.0, 140.0], [0.0, 0.0]], [[118.22586379089097, 311.4796858312182], [118.22586379089097, 131.4796858312182], [398.22586379089097, 311.4796858312182], [118.22586379089097, 311.4796858312182]], [[371.47968583121826, 0.0], [651.4796858312183, 0.0], [651.4796858312183, 280.0], [371.47968583121826, 280.0], [371.47968583121826, 0.0]], [[0.0, 280.0], [200.0, 360.0], [200.0, 460.0], [0.0, 460.0], [0.0, 280.0]], [[0.0, 100.0], [100.0, 100.0], [100.0, 280.0], [0.0, 280.0], [0.0, 100.0]], [[451.47968583121815, 480.0], [451.47968583121815, 760.0], [171.47968583121815, 760.0], [451.47968583121815, 480.0]], [[651.4796858312181, 760.0], [451.47968583121815, 760.0], [451.47968583121815, 560.0], [651.4796858312181, 480.0], [651.4796858312181, 760.0]], [[340.0, 511.47968583121815], [260.0, 671.4796858312181], [180.0, 511.47968583121815], [340.0, 511.47968583121815]], [[371.47968583121826, 0.0], [371.47968583121826, 280.0], [131.47968583121826, 140.0], [371.47968583121826, 0.0]]]"
Thu Jul 23 04:11:19 2020,2,5,False,657.9944826895304,0.866268661813309,"[0, 0, 1, 3, 0, 0, 2, 1, 1, 0, 0, 1]","[[[0.0, 560.0], [200.0, 560.0], [200.0, 760.0], [0.0, 760.0], [0.0, 560.0]], [[457.9944826895304, 460.0], [657.9944826895304, 460.0], [657.9944826895304, 660.0], [457.9944826895304, 660.0], [457.9944826895304, 460.0]], [[180.0, 280.0], [180.0, 560.0], [0.0, 560.0], [0.0, 280.0], [180.0, 280.0]], [[457.9944826895304, 380.0], [457.9944826895304, 100.0], [597.9944826895304, 240.0], [457.9944826895304, 380.0]], [[186.88337157841923, 760.0], [186.88337157841923, 580.0], [466.8833715784192, 760.0], [186.88337157841923, 760.0]], [[177.77777777777777, 0.0], [457.77777777777777, 0.0], [457.77777777777777, 280.0], [177.77777777777777, 280.0], [177.77777777777777, 0.0]], [[657.9944826895304, 180.0], [457.9944826895304, 100.0], [457.9944826895304, 0.0], [657.9944826895304, 0.0], [657.9944826895304, 180.0]], [[180.0, 20.0], [180.0, 120.0], [0.0, 120.0], [0.0, 20.0], [180.0, 20.0]], [[657.9944826895304, 179.9999999999999], [657.9944826895304, 459.9999999999999], [377.9944826895304, 459.9999999999999], [657.9944826895304, 179.9999999999999]], [[180.0, 280.0], [380.0, 280.0], [380.0, 480.0], [180.0, 560.0], [180.0, 280.0]], [[17.9944826895304, 280.0], [97.9944826895304, 120.0], [177.9944826895304, 280.0], [17.9944826895304, 280.0]], [[457.9944826895304, 460.0], [457.9944826895304, 740.0], [217.9944826895304, 600.0], [457.9944826895304, 460.0]]]"
Thu Jul 23 04:11:38 2020,2,1,True,664.5744275164257,0.8576917443696129,"[0, 0, 1, 0, 2, 0, 1, 1, 2, 0, 0, 3]","[[[441.48940641046977, 560.0], [641.4894064104698, 560.0], [641.4894064104698, 760.0], [441.48940641046977, 760.0], [441.48940641046977, 560.0]], [[20.0, 300.0], [220.0, 300.0], [220.0, 500.0], [20.0, 500.0], [20.0, 300.0]], [[400.0, 289.9164394537263], [400.0, 569.9164394537263], [220.0, 569.9164394537263], [220.0, 289.9164394537263], [400.0, 289.9164394537263]], [[89.9164394537263, 569.9164394537263], [369.9164394537263, 569.9164394537263], [229.9164394537263, 709.9164394537263], [89.9164394537263, 569.9164394537263]], [[664.5744275164257, 280.0], [664.5744275164257, 460.0], [384.57442751642566, 280.0], [664.5744275164257, 280.0]], [[180.0, 0.0], [460.0, 0.0], [460.0, 280.0], [180.0, 280.0], [180.0, 0.0]], [[180.0, 100.0], [100.0, 300.0], [0.0, 300.0], [0.0, 100.0], [180.0, 100.0]], [[180.0, 0.0], [180.0, 100.0], [0.0, 100.0], [0.0, 0.0], [180.0, 0.0]], [[280.0, 760.0], [0.0, 760.0], [0.0, 480.0], [280.0, 760.0]], [[460.0, 0.0], [660.0, 0.0], [660.0, 200.0], [460.0, 280.0], [460.0, 0.0]], [[269.9164394537263, 749.9164394537263], [349.9164394537263, 589.9164394537263], [429.9164394537263, 749.9164394537263], [269.9164394537263, 749.9164394537263]], [[400.0, 584.2021537394406], [400.0, 304.20215373944063], [640.0, 444.20215373944063], [400.0, 584.2021537394406]]]"
Thu Jul 23 04:11:56 2020,2,1,True,671.2201717915899,0.8491997469006068,"[0, 0, 1, 1, 1, 0, 2, 1, 3, 3, 1, 1]","[[[277.99145041576855, 560.0], [477.99145041576855, 560.0], [477.99145041576855, 760.0], [277.99145041576855, 760.0], [277.99145041576855, 560.0]], [[0.0, 360.0], [200.0, 360.0], [200.0, 560.0], [0.0, 560.0], [0.0, 360.0]], [[380.0, 280.0], [380.0, 560.0], [200.0, 560.0], [200.0, 280.0], [380.0, 280.0]], [[178.5714285714286, 80.0], [178.5714285714286, 360.0], [38.57142857142861, 220.0], [178.5714285714286, 80.0]], [[0.0, 0.0], [180.0, 0.0], [0.0, 280.0], [0.0, 0.0]], [[178.5714285714286, 0.0], [458.5714285714286, 0.0], [458.5714285714286, 280.0], [178.5714285714286, 280.0], [178.5714285714286, 0.0]], [[658.5714285714287, 280.0], [458.57142857142867, 200.0], [458.57142857142867, 100.0], [658.5714285714287, 100.0], [658.5714285714287, 280.0]], [[638.5714285714287, 0.0], [638.5714285714287, 100.0], [458.57142857142867, 100.0], [458.57142857142867, 0.0], [638.5714285714287, 0.0]], [[380.0, 560.0], [380.0, 280.0], [660.0, 280.0], [380.0, 560.0]], [[0.0, 760.0], [0.0, 560.0], [200.0, 560.0], [280.0, 760.0], [0.0, 760.0]], [[477.99145041576855, 580.0000000000001], [637.9914504157686, 660.0000000000001], [477.99145041576855, 740.0000000000001], [477.99145041576855, 580.0000000000001]], [[656.1021133110726, 383.89788668892743], [656.1021133110726, 663.8978866889274], [416.10211331107257, 523.8978866889274], [656.1021133110726, 383.89788668892743]]]"
Thu Jul 23 04:12:11 2020,2,1,True,677.9323735095059,0.8407918286144622,"[0, 0, 1, 0, 0, 0, 2, 1, 2, 3, 2, 2]","[[[477.93237350950585, 560.0], [677.9323735095059, 560.0], [677.9323735095059, 760.0], [477.93237350950585, 760.0], [477.93237350950585, 560.0]], [[280.0, 560.0], [480.0, 560.0], [480.0, 760.0], [280.0, 760.0], [280.0, 560.0]], [[656.6666666666667, 280.0], [656.6666666666667, 560.0], [476.66666666666674, 560.0], [476.66666666666674, 280.0], [656.6666666666667, 280.0]], [[12.72727272727272, 338.1818181818182], [292.72727272727275, 338.1818181818182], [152.72727272727272, 478.1818181818182], [12.72727272727272, 338.1818181818182]], [[0.0, 560.0], [0.0, 380.0], [280.0, 560.0], [0.0, 560.0]], [[397.93237350950585, 0.0], [677.9323735095059, 0.0], [677.9323735095059, 280.0], [397.93237350950585, 280.0], [397.93237350950585, 0.0]], [[379.5238095238098, 280.0], [179.5238095238098, 200.0], [179.5238095238098, 100.0], [379.5238095238098, 100.0], [379.5238095238098, 280.0]], [[361.8181818181818, 0.0], [361.8181818181818, 100.0], [181.8181818181818, 100.0], [181.8181818181818, 0.0], [361.8181818181818, 0.0]], [[280.0, 338.1818181818182], [0.0, 338.1818181818182], [0.0, 58.18181818181819], [280.0, 338.1818181818182]], [[0.0, 760.0], [0.0, 560.0], [200.0, 560.0], [280.0, 760.0], [0.0, 760.0]], [[181.8181818181818, 0.0], [101.81818181818181, 160.0], [21.818181818181813, 0.0], [181.8181818181818, 0.0]], [[476.6666666666667, 502.8571428571428], [196.66666666666669, 502.8571428571428], [336.6666666666667, 262.8571428571428], [476.6666666666667, 502.8571428571428]]]"
Thu Jul 23 04:12:27 2020,2,1,True,684.7116972446009,0.8324671570440219,"[0, 0, 1, 0, 0, 0, 0, 0, 0, 0, 0, 2]","[[[480.0, 560.0], [680.0, 560.0], [680.0, 760.0], [480.0, 760.0], [480.0, 560.0]], [[0.0, 0.0], [200.0, 0.0], [200.0, 200.0], [0.0, 200.0], [0.0, 0.0]], [[684.7116972446009, 280.0], [684.7116972446009, 560.0], [504.71169724460094, 560.0], [504.71169724460094, 280.0], [684.7116972446009, 280.0]], [[8.95494614888753, 196.62631631310467], [288.95494614888753, 196.62631631310467], [148.95494614888753, 336.62631631310467], [8.95494614888753, 196.62631631310467]], [[0.0, 420.86956521739125], [0.0, 240.86956521739125], [280.0, 420.86956521739125], [0.0, 420.86956521739125]], [[400.0, 0.0], [680.0, 0.0], [680.0, 280.0], [400.0, 280.0], [400.0, 0.0]], [[200.0, 0.0], [400.0, 80.0], [400.0, 180.0], [200.0, 180.0], [200.0, 0.0]], [[258.5201635401919, 227.0610989218003], [358.5201635401919, 227.0610989218003], [358.5201635401919, 407.0610989218003], [258.5201635401919, 407.0610989218003], [258.5201635401919, 227.0610989218003]], [[200.0, 440.0], [480.0, 440.0], [480.0, 720.0], [200.0, 440.0]], [[0.0, 420.86956521739125], [200.0, 420.86956521739125], [200.0, 620.8695652173913], [0.0, 700.8695652173913], [0.0, 420.86956521739125]], [[342.05071300109205, 440.0], [422.05071300109205, 280.0], [502.05071300109205, 440.0], [342.05071300109205, 440.0]], [[420.0, 760.0], [140.0, 760.0], [280.0, 520.0], [420.0, 760.0]]]"
Thu Jul 23 04:12:54 2020,2,1,True,691.5588142170469,0.8242249079643781,"[0, 0, 0, 1, 2, 0, 0, 1, 0, 0, 0, 3]","[[[0.0, 506.1471846205726], [200.0, 506.1471846205726], [200.0, 706.1471846205726], [0.0, 706.1471846205726], [0.0, 506.1471846205726]], [[469.62812765515434, 180.0], [669.6281276551543, 180.0], [669.6281276551543, 380.0], [469.62812765515434, 380.0], [469.62812765515434, 180.0]], [[377.32322935481693, 0.0], [657.3232293548169, 0.0], [657.3232293548169, 180.0], [377.32322935481693, 180.0], [377.32322935481693, 0.0]], [[469.62812765515434, 186.93332188786906], [469.62812765515434, 466.93332188786906], [329.62812765515434, 326.93332188786906], [469.62812765515434, 186.93332188786906]], [[377.3232293548169, 0.0], [377.3232293548169, 180.0], [97.32322935481687, 0.0], [377.3232293548169, 0.0]], [[400.0, 480.0], [680.0, 480.0], [680.0, 760.0], [400.0, 760.0], [400.0, 480.0]], [[200.0, 580.0], [400.0, 660.0], [400.0, 760.0], [200.0, 760.0], [200.0, 580.0]], [[649.6281276551543, 380.0], [649.6281276551543, 480.0], [469.62812765515434, 480.0], [469.62812765515434, 380.0], [649.6281276551543, 380.0]], [[91.15800961214211, 368.4632038448568], [371.1580096121421, 368.4632038448568], [371.1580096121421, 648.4632038448568], [91.15800961214211, 368.4632038448568]], [[0.0, 66.0064954147606], [200.0, 66.0064954147606], [200.0, 266.0064954147606], [0.0, 346.0064954147606], [0.0, 66.0064954147606]], [[0.0, 506.1471846205726], [80.0, 346.1471846205726], [160.0, 506.1471846205726], [0.0, 506.1471846205726]], [[199.99999999999997, 356.5614495430234], [199.99999999999997, 76.5614495430234], [440.0, 216.5614495430234], [199.99999999999997, 356.5614495430234]]]"
Thu Jul 23 04:13:19 2020,2,1,True,698.4744023592174,0.8160642653112654,"[0, 0, 1, 1, 1, 0, 3, 1, 2, 1, 0, 0]","[[[0.0, 560.0], [200.0, 560.0], [200.0, 760.0], [0.0, 760.0], [0.0, 560.0]], [[186.19243599104811, 280.0], [386.1924359910481, 280.0], [386.1924359910481, 480.0], [186.19243599104811, 480.0], [186.19243599104811, 280.0]], [[380.0, 480.0], [380.0, 760.0], [200.0, 760.0], [200.0, 480.0], [380.0, 480.0]], [[186.19243599104817, 280.0], [186.19243599104817, 560.0], [46.19243599104817, 420.0], [186.19243599104817, 280.0]], [[0.0, 211.8549004305193], [180.0, 211.8549004305193], [0.0, 491.8549004305193], [0.0, 211.8549004305193]], [[386.1924359910481, 367.71803363183074], [666.1924359910481, 367.71803363183074], [666.1924359910481, 647.7180336318307], [386.1924359910481, 647.7180336318307], [386.1924359910481, 367.71803363183074]], [[209.751308082197, 280.0], [289.751308082197, 80.0], [389.751308082197, 80.0], [389.751308082197, 280.0], [209.751308082197, 280.0]], [[580.0, 660.0], [580.0, 760.0], [400.0, 760.0], [400.0, 660.0], [580.0, 660.0]], [[669.751308082197, 367.71803363183074], [389.75130808219706, 367.71803363183074], [389.75130808219706, 87.71803363183074], [669.751308082197, 367.71803363183074]], [[698.4744023592174, 0.0], [698.4744023592174, 200.0], [498.4744023592174, 200.0], [418.4744023592174, 0.0], [698.4744023592174, 0.0]], [[0.0, 211.8549004305193], [80.0, 51.85490043051931], [160.0, 211.8549004305193], [0.0, 211.8549004305193]], [[56.41797474886374, 0.0], [336.41797474886374, 0.0], [196.41797474886374, 240.0], [56.41797474886374, 0.0]]]"
Thu Jul 23 04:13:28 2020,2,1,True,705.4591463828095,0.807984421100263,"[0, 0, 0, 1, 1, 0, 1, 0, 2, 0, 0, 0]","[[[200.0, 480.0], [400.0, 480.0], [400.0, 680.0], [200.0, 680.0], [200.0, 480.0]], [[151.96399769342008, 280.0], [351.9639976934201, 280.0], [351.9639976934201, 480.0], [151.96399769342008, 480.0], [151.96399769342008, 280.0]], [[390.53542626484864, 0.0], [670.5354262648486, 0.0], [670.5354262648486, 180.0], [390.53542626484864, 180.0], [390.53542626484864, 0.0]], [[151.9639976934201, 340.0], [151.9639976934201, 620.0], [11.963997693420112, 480.0], [151.9639976934201, 340.0]], [[0.0, 200.0], [180.0, 200.0], [0.0, 480.0], [0.0, 200.0]], [[390.53542626484864, 180.0], [670.5354262648486, 180.0], [670.5354262648486, 460.0], [390.53542626484864, 460.0], [390.53542626484864, 180.0]], [[180.0, 0.0], [100.0, 200.0], [0.0, 200.0], [0.0, 0.0], [180.0, 0.0]], [[605.4591463828095, 580.0], [705.4591463828095, 580.0], [705.4591463828095, 760.0], [605.4591463828095, 760.0], [605.4591463828095, 580.0]], [[280.0, 760.0], [0.0, 760.0], [0.0, 480.0], [280.0, 760.0]], [[180.0, 0.0], [380.0, 0.0], [380.0, 200.0], [180.0, 280.0], [180.0, 0.0]], [[360.0, 760.0], [440.0, 600.0], [520.0, 760.0], [360.0, 760.0]], [[390.53542626484864, 460.0], [670.5354262648486, 460.0], [530.5354262648486, 700.0], [390.53542626484864, 460.0]]]"
Thu Jul 23 04:13:34 2020,2,0,True,677.2407805274971,0.8416504386461072,"[0, 0, 0, 0, 3, 0, 0, 0, 2, 1, 0, 0]","[[[182.29888650168368, 400.0], [382.2988865016837, 400.0], [382.2988865016837, 600.0], [182.29888650168368, 600.0], [182.29888650168368, 400.0]], [[197.24078052749712, 200.0], [397.2407805274971, 200.0], [397.2407805274971, 400.0], [197.24078052749712, 400.0], [197.24078052749712, 200.0]], [[390.53542626484864, 0.0], [670.5354262648486, 0.0], [670.5354262648486, 180.0], [390.53542626484864, 180.0], [390.53542626484864, 0.0]], [[140.0, 620.0], [420.0, 620.0], [280.0, 760.0], [140.0, 620.0]], [[677.2407805274971, 742.9202242484462], [497.2407805274971, 742.9202242484462], [677.2407805274971, 462.9202242484462], [677.2407805274971, 742.9202242484462]], [[397.2407805274971, 180.0], [677.2407805274971, 180.0], [677.2407805274971, 460.0], [397.2407805274971, 460.0], [397.2407805274971, 180.0]], [[0.0, 190.0], [200.0, 270.0], [200.0, 370.0], [0.0, 370.0], [0.0, 190.0]], [[70.0, 370.0], [170.0, 370.0], [170.0, 550.0], [70.0, 550.0], [70.0, 370.0]], [[280.0, 760.0], [0.0, 760.0], [0.0, 480.0], [280.0, 760.0]], [[364.0, 0.0], [364.0, 200.0], [164.0, 200.0], [84.0, 0.0], [364.0, 0.0]], [[0.0, 190.0], [80.0, 30.0], [160.0, 190.0], [0.0, 190.0]], [[382.2988865016837, 463.94094828860034], [662.2988865016837, 463.94094828860034], [522.2988865016837, 703.9409482886003], [382.2988865016837, 463.94094828860034]]]"
Thu Jul 23 04:13:36 2020,2,0,True,650.1511493063972,0.8767192069230284,"[0, 0, 0, 1, 3, 0, 1, 1, 2, 1, 0, 0]","[[[168.7225778778257, 418.1935553054358], [368.7225778778257, 418.1935553054358], [368.7225778778257, 618.1935553054358], [168.7225778778257, 618.1935553054358], [168.7225778778257, 418.1935553054358]], [[172.7225778778257, 218.19355530543578], [372.7225778778257, 218.19355530543578], [372.7225778778257, 418.1935553054358], [172.7225778778257, 418.1935553054358], [172.7225778778257, 218.19355530543578]], [[370.1511493063972, 0.0], [650.1511493063972, 0.0], [650.1511493063972, 180.0], [370.1511493063972, 180.0], [370.1511493063972, 0.0]], [[150.00000000000006, 350.0], [150.00000000000006, 630.0], [10.000000000000057, 490.0], [150.00000000000006, 350.0]], [[650.1511493063972, 760.0], [470.1511493063972, 760.0], [650.1511493063972, 480.0], [650.1511493063972, 760.0]], [[370.1511493063972, 180.0], [650.1511493063972, 180.0], [650.1511493063972, 460.0], [370.1511493063972, 460.0], [370.1511493063972, 180.0]], [[180.0, 200.0], [100.0, 400.0], [0.0, 400.0], [0.0, 200.0], [180.0, 200.0]], [[470.1511493063972, 660.0], [470.1511493063972, 760.0], [290.1511493063972, 760.0], [290.1511493063972, 660.0], [470.1511493063972, 660.0]], [[280.0, 760.0], [0.0, 760.0], [0.0, 480.0], [280.0, 760.0]], [[364.0, 0.0], [364.0, 200.0], [164.0, 200.0], [84.0, 0.0], [364.0, 0.0]], [[0.0, 190.0], [80.0, 30.0], [160.0, 190.0], [0.0, 190.0]], [[368.7225778778257, 460.0], [648.7225778778256, 460.0], [508.7225778778257, 700.0], [368.7225778778257, 460.0]]]"
Thu Jul 23 04:16:14 2020,2,5,False,656.6526607994612,0.8680388187356718,"[0, 0, 1, 1, 1, 0, 0, 0, 0, 0, 0, 3]","[[[200.0, 280.0], [400.0, 280.0], [400.0, 480.0], [200.0, 480.0], [200.0, 280.0]], [[0.0, 280.0], [200.0, 280.0], [200.0, 480.0], [0.0, 480.0], [0.0, 280.0]], [[656.6526607994612, 0.0], [656.6526607994612, 280.0], [476.65266079946116, 280.0], [476.65266079946116, 0.0], [656.6526607994612, 0.0]], [[656.6526607994612, 340.0], [656.6526607994612, 620.0], [516.6526607994612, 480.0], [656.6526607994612, 340.0]], [[476.65266079946116, 262.2222222222223], [656.6526607994612, 262.2222222222223], [476.65266079946116, 542.2222222222223], [476.65266079946116, 262.2222222222223]], [[100.0, 0.0], [380.0, 0.0], [380.0, 280.0], [100.0, 280.0], [100.0, 0.0]], [[0.0, 480.0], [200.0, 560.0], [200.0, 660.0], [0.0, 660.0], [0.0, 480.0]], [[0.0, 0.0], [100.0, 0.0], [100.0, 180.0], [0.0, 180.0], [0.0, 0.0]], [[136.65266079946116, 480.0], [416.65266079946116, 480.0], [416.65266079946116, 760.0], [136.65266079946116, 480.0]], [[276.65266079946116, 0.0], [476.65266079946116, 0.0], [476.65266079946116, 200.0], [276.65266079946116, 280.0], [276.65266079946116, 0.0]], [[150.0, 760.0], [230.0, 600.0], [310.0, 760.0], [150.0, 760.0]], [[416.65266079946116, 760.0], [416.65266079946116, 480.0], [656.6526607994612, 620.0], [416.65266079946116, 760.0]]]"
Thu Jul 23 04:17:42 2020,2,5,True,663.2191874074558,0.8594443749858135,"[0, 0, 1, 1, 1, 0, 3, 1, 0, 1, 0, 3]","[[[0.0, 0.0], [200.0, 0.0], [200.0, 200.0], [0.0, 200.0], [0.0, 0.0]], [[0.0, 555.8453782530067], [200.0, 555.8453782530067], [200.0, 755.8453782530067], [0.0, 755.8453782530067], [0.0, 555.8453782530067]], [[663.2191874074558, 280.0], [663.2191874074558, 560.0], [483.2191874074558, 560.0], [483.2191874074558, 280.0], [663.2191874074558, 280.0]], [[204.2344172053452, 240.079795458352], [204.2344172053452, 520.079795458352], [64.23441720534521, 380.079795458352], [204.2344172053452, 240.079795458352]], [[0.0, 200.0], [180.0, 200.0], [0.0, 480.0], [0.0, 200.0]], [[204.2344172053452, 0.0], [484.2344172053452, 0.0], [484.2344172053452, 280.0], [204.2344172053452, 280.0], [204.2344172053452, 0.0]], [[483.2191874074558, 280.0], [563.2191874074558, 80.0], [663.2191874074558, 80.0], [663.2191874074558, 280.0], [483.2191874074558, 280.0]], [[380.0, 660.0], [380.0, 760.0], [200.0, 760.0], [200.0, 660.0], [380.0, 660.0]], [[204.2344172053452, 280.0], [484.2344172053452, 280.0], [484.2344172053452, 560.0], [204.2344172053452, 280.0]], [[651.4285714285713, 560.0], [651.4285714285713, 760.0], [451.42857142857133, 760.0], [371.42857142857133, 560.0], [651.4285714285713, 560.0]], [[0.0, 555.8453782530067], [80.0, 395.84537825300674], [160.0, 555.8453782530067], [0.0, 555.8453782530067]], [[204.2344172053452, 657.5299232968819], [204.2344172053452, 377.52992329688186], [444.2344172053452, 517.5299232968819], [204.2344172053452, 657.5299232968819]]]"
Thu Jul 23 04:19:35 2020,2,5,False,669.8513792815304,0.8509350247384292,"[0, 0, 1, 2, 3, 0, 2, 1, 3, 1, 2, 2]","[[[469.8513792815304, 77.5], [669.8513792815304, 77.5], [669.8513792815304, 277.5], [469.8513792815304, 277.5], [469.8513792815304, 77.5]], [[433.42002875244066, 277.5], [633.4200287524407, 277.5], [633.4200287524407, 477.5], [433.42002875244066, 477.5], [433.42002875244066, 277.5]], [[209.8513792815304, 480.0], [209.8513792815304, 760.0], [29.8513792815304, 760.0], [29.8513792815304, 480.0], [209.8513792815304, 480.0]], [[359.8513792815304, 200.1486207184696], [79.8513792815304, 200.1486207184696], [219.8513792815304, 60.1486207184696], [359.8513792815304, 200.1486207184696]], [[669.8513792815304, 760.0], [489.8513792815304, 760.0], [669.8513792815304, 480.0], [669.8513792815304, 760.0]], [[209.8513792815304, 480.0], [489.8513792815304, 480.0], [489.8513792815304, 760.0], [209.8513792815304, 760.0], [209.8513792815304, 480.0]], [[469.8513792815304, 190.1486207184696], [269.8513792815304, 110.1486207184696], [269.8513792815304, 10.148620718469601], [469.8513792815304, 10.148620718469601], [469.8513792815304, 190.1486207184696]], [[359.8513792815304, 100.1486207184696], [359.8513792815304, 200.1486207184696], [179.8513792815304, 200.1486207184696], [179.8513792815304, 100.1486207184696], [359.8513792815304, 100.1486207184696]], [[0.0, 280.0], [0.0, 0.0], [280.0, 0.0], [0.0, 280.0]], [[433.4200287524406, 200.1486207184696], [433.4200287524406, 400.1486207184696], [233.4200287524406, 400.1486207184696], [153.4200287524406, 200.1486207184696], [433.4200287524406, 200.1486207184696]], [[648.6013792815304, 477.5], [568.6013792815304, 637.5], [488.6013792815304, 477.5], [648.6013792815304, 477.5]], [[280.0, 480.0], [0.0, 480.0], [140.0, 240.0], [280.0, 480.0]]]"
Thu Jul 23 04:19:47 2020,2,1,True,676.5498930743457,0.8425099254835933,"[0, 0, 1, 3, 3, 0, 3, 0, 2, 0, 2, 0]","[[[476.54989307434573, 273.3800427702617], [676.5498930743457, 273.3800427702617], [676.5498930743457, 473.3800427702617], [476.54989307434573, 473.3800427702617], [476.54989307434573, 273.3800427702617]], [[279.9999999999999, 280.0], [479.9999999999999, 280.0], [479.9999999999999, 480.0], [279.9999999999999, 480.0], [279.9999999999999, 280.0]], [[460.0, 0.0], [460.0, 280.0], [280.0, 280.0], [280.0, 0.0], [460.0, 0.0]], [[0.0, 659.9999999999998], [0.0, 379.9999999999998], [140.0, 519.9999999999998], [0.0, 659.9999999999998]], [[659.9999999999998, 757.8244872147063], [479.9999999999998, 757.8244872147063], [659.9999999999998, 477.8244872147063], [659.9999999999998, 757.8244872147063]], [[199.99999999999977, 480.0], [479.9999999999998, 480.0], [479.9999999999998, 760.0], [199.99999999999977, 760.0], [199.99999999999977, 480.0]], [[19.999999999999773, 760.0], [99.99999999999977, 560.0], [199.99999999999977, 560.0], [199.99999999999977, 760.0], [19.999999999999773, 760.0]], [[180.0, 0.0], [280.0, 0.0], [280.0, 180.0], [180.0, 180.0], [180.0, 0.0]], [[280.0, 280.0], [0.0, 280.0], [0.0, 0.0], [280.0, 280.0]], [[460.0, 0.0], [660.0, 0.0], [660.0, 200.0], [460.0, 280.0], [460.0, 0.0]], [[639.9999999999999, 473.38004277026175], [559.9999999999999, 633.3800427702618], [479.9999999999999, 473.38004277026175], [639.9999999999999, 473.38004277026175]], [[0.0, 279.9999999999998], [280.0, 279.9999999999998], [140.0, 519.9999999999998], [0.0, 279.9999999999998]]]"
Thu Jul 23 04:20:09 2020,2,1,True,683.3153920050892,0.8341682430530626,"[0, 0, 1, 2, 1, 0, 3, 0, 0, 2, 1, 0]","[[[283.31539200508917, 280.0], [483.31539200508917, 280.0], [483.31539200508917, 480.0], [283.31539200508917, 480.0], [283.31539200508917, 280.0]], [[0.0, 280.0], [200.0, 280.0], [200.0, 480.0], [0.0, 480.0], [0.0, 280.0]], [[180.0, 0.0], [180.0, 280.0], [0.0, 280.0], [0.0, 0.0], [180.0, 0.0]], [[660.0, 760.0], [380.0, 760.0], [520.0, 620.0], [660.0, 760.0]], [[180.0, 0.0], [360.0, 0.0], [180.0, 280.0], [180.0, 0.0]], [[100.0, 480.0], [380.0, 480.0], [380.0, 760.0], [100.0, 760.0], [100.0, 480.0]], [[228.57142857142856, 280.0], [308.57142857142856, 80.0], [408.57142857142856, 80.0], [408.57142857142856, 280.0], [228.57142857142856, 280.0]], [[0.0, 560.0], [100.0, 560.0], [100.0, 740.0], [0.0, 740.0], [0.0, 560.0]], [[403.31539200508917, 480.0], [683.3153920050892, 480.0], [683.3153920050892, 760.0], [403.31539200508917, 480.0]], [[683.3153920050892, 480.0], [483.31539200508917, 480.0], [483.31539200508917, 280.0], [683.3153920050892, 200.0], [683.3153920050892, 480.0]], [[375.54359467005946, 532.2282026649702], [535.5435946700595, 612.2282026649702], [375.54359467005946, 692.2282026649702], [375.54359467005946, 532.2282026649702]], [[401.66666666666674, 1.1368683772161603e-13], [681.6666666666667, 1.1368683772161603e-13], [541.6666666666667, 240.0000000000001], [401.66666666666674, 1.1368683772161603e-13]]]"
Thu Jul 23 04:20:18 2020,2,1,True,690.1485459251401,0.8259091515376857,"[0, 0, 1, 3, 0, 0, 3, 0, 0, 1, 1, 1]","[[[200.0, 280.0], [400.0, 280.0], [400.0, 480.0], [200.0, 480.0], [200.0, 280.0]], [[0.0, 280.0], [200.0, 280.0], [200.0, 480.0], [0.0, 480.0], [0.0, 280.0]], [[180.0, 0.0], [180.0, 280.0], [0.0, 280.0], [0.0, 0.0], [180.0, 0.0]], [[407.98277632488555, 512.0], [407.98277632488555, 232.0], [547.9827763248855, 372.0], [407.98277632488555, 512.0]], [[380.0, 760.0], [380.0, 580.0], [660.0, 760.0], [380.0, 760.0]], [[100.0, 480.0], [380.0, 480.0], [380.0, 760.0], [100.0, 760.0], [100.0, 480.0]], [[195.98277632488555, 280.0], [275.98277632488555, 80.0], [375.98277632488555, 80.0], [375.98277632488555, 280.0], [195.98277632488555, 280.0]], [[0.0, 489.98190725257723], [100.0, 489.98190725257723], [100.0, 669.9819072525772], [0.0, 669.9819072525772], [0.0, 489.98190725257723]], [[375.98277632488555, 200.0], [655.9827763248855, 200.0], [655.9827763248855, 480.0], [375.98277632488555, 200.0]], [[655.9827763248855, 0.0], [655.9827763248855, 200.0], [455.98277632488555, 200.0], [375.98277632488555, 0.0], [655.9827763248855, 0.0]], [[511.98277632488544, 408.0], [671.9827763248854, 488.0], [511.98277632488544, 568.0], [511.98277632488544, 408.0]], [[685.6970620391712, 480.0], [685.6970620391712, 760.0], [445.6970620391712, 620.0], [685.6970620391712, 480.0]]]"
Thu Jul 23 04:20:21 2020,2,0,True,662.5426040881345,0.860322032851756,"[0, 0, 1, 3, 0, 0, 0, 1, 0, 1, 1, 1]","[[[200.0, 280.0], [400.0, 280.0], [400.0, 480.0], [200.0, 480.0], [200.0, 280.0]], [[0.0, 280.0], [200.0, 280.0], [200.0, 480.0], [0.0, 480.0], [0.0, 280.0]], [[180.0, 0.0], [180.0, 280.0], [0.0, 280.0], [0.0, 0.0], [180.0, 0.0]], [[400.0, 495.19260678414355], [400.0, 215.19260678414355], [540.0, 355.19260678414355], [400.0, 495.19260678414355]], [[367.4877359330625, 760.0], [367.4877359330625, 580.0], [647.4877359330625, 760.0], [367.4877359330625, 760.0]], [[87.48773593306248, 480.0], [367.4877359330625, 480.0], [367.4877359330625, 760.0], [87.48773593306248, 760.0], [87.48773593306248, 480.0]], [[180.0, 100.0], [380.0, 180.0], [380.0, 280.0], [180.0, 280.0], [180.0, 100.0]], [[360.0, 0.0], [360.0, 100.0], [180.0, 100.0], [180.0, 0.0], [360.0, 0.0]], [[382.54260408813445, 197.735210872278], [662.5426040881345, 197.735210872278], [662.5426040881345, 477.735210872278], [382.54260408813445, 197.735210872278]], [[655.9827763248855, 0.0], [655.9827763248855, 200.0], [455.98277632488555, 200.0], [375.98277632488555, 0.0], [655.9827763248855, 0.0]], [[500.00000000000006, 395.19260678414366], [660.0, 475.19260678414366], [500.00000000000006, 555.1926067841437], [500.00000000000006, 395.19260678414366]], [[659.9999999999999, 475.19260678414344], [659.9999999999999, 755.1926067841434], [419.9999999999999, 615.1926067841434], [659.9999999999999, 475.19260678414344]]]"
Thu Jul 23 04:20:37 2020,2,1,True,669.1680301290158,0.8518039929225306,"[0, 0, 1, 1, 3, 0, 3, 1, 3, 3, 2, 2]","[[[460.0, 460.0], [660.0, 460.0], [660.0, 660.0], [460.0, 660.0], [460.0, 460.0]], [[0.0, 280.0], [200.0, 280.0], [200.0, 480.0], [0.0, 480.0], [0.0, 280.0]], [[460.0, 480.0], [460.0, 760.0], [280.0, 760.0], [280.0, 480.0], [460.0, 480.0]], [[646.9624368143296, 29.078463110279472], [646.9624368143296, 309.0784631102795], [506.96243681432964, 169.07846311027947], [646.9624368143296, 29.078463110279472]], [[280.0, 760.0], [100.0, 760.0], [280.0, 480.0], [280.0, 760.0]], [[0.0, 0.0], [280.0, 0.0], [280.0, 280.0], [0.0, 280.0], [0.0, 0.0]], [[199.99999999999997, 480.0], [280.0, 280.0], [380.0, 280.0], [380.0, 480.0], [199.99999999999997, 480.0]], [[640.0, 660.0], [640.0, 760.0], [460.0, 760.0], [460.0, 660.0], [640.0, 660.0]], [[0.0, 760.0], [0.0, 480.0], [280.0, 480.0], [0.0, 760.0]], [[380.0, 460.0], [380.0, 260.0], [580.0, 260.0], [660.0, 460.0], [380.0, 460.0]], [[596.0408999246091, 0.0], [516.0408999246091, 160.0], [436.0408999246091, 0.0], [596.0408999246091, 0.0]], [[560.0, 260.0], [280.0, 260.0], [420.0, 20.0], [560.0, 260.0]]]"
Thu Jul 23 04:21:43 2020,2,3,True,675.859710430306,0.8433702900223076,"[0, 0, 1, 3, 2, 0, 0, 1, 2, 3, 0, 0]","[[[280.0, 460.0], [480.0, 460.0], [480.0, 660.0], [280.0, 660.0], [280.0, 460.0]], [[475.859710430306, 205.90981384805383], [675.859710430306, 205.90981384805383], [675.859710430306, 405.90981384805383], [475.859710430306, 405.90981384805383], [475.859710430306, 205.90981384805383]], [[660.0, 480.0], [660.0, 760.0], [480.0, 760.0], [480.0, 480.0], [660.0, 480.0]], [[280.0, 444.09548770434105], [280.0, 164.09548770434105], [420.0, 304.09548770434105], [280.0, 444.09548770434105]], [[675.859710430306, 0.0], [675.859710430306, 180.0], [395.859710430306, 0.0], [675.859710430306, 0.0]], [[0.0, 280.0], [280.0, 280.0], [280.0, 560.0], [0.0, 560.0], [0.0, 280.0]], [[360.6083097495008, 25.90981384805383], [560.6083097495008, 105.90981384805383], [560.6083097495008, 205.90981384805383], [360.6083097495008, 205.90981384805383], [360.6083097495008, 25.90981384805383]], [[460.0, 660.0], [460.0, 760.0], [280.0, 760.0], [280.0, 660.0], [460.0, 660.0]], [[280.0, 280.0], [0.0, 280.0], [0.0, 0.0], [280.0, 280.0]], [[0.0, 760.0], [0.0, 560.0], [200.0, 560.0], [280.0, 760.0], [0.0, 760.0]], [[342.1645021645022, 460.0], [422.1645021645022, 300.0], [502.1645021645022, 460.0], [342.1645021645022, 460.0]], [[95.72236782753222, 0.0], [375.72236782753225, 0.0], [235.72236782753222, 240.0], [95.72236782753222, 0.0]]]"
Thu Jul 23 04:21:58 2020,2,1,True,682.618307534609,0.8350200891309977,"[0, 0, 1, 1, 3, 0, 1, 1, 2, 1, 2, 2]","[[[200.0, 0.0], [400.0, 0.0], [400.0, 200.0], [200.0, 200.0], [200.0, 0.0]], [[0.0, 0.0], [200.0, 0.0], [200.0, 200.0], [0.0, 200.0], [0.0, 0.0]], [[648.8253220130937, 0.0], [648.8253220130937, 280.0], [468.8253220130937, 280.0], [468.8253220130937, 0.0], [648.8253220130937, 0.0]], [[469.4878973513719, 130.51210264862812], [469.4878973513719, 410.5121026486281], [329.4878973513719, 270.5121026486281], [469.4878973513719, 130.51210264862812]], [[678.9307864233996, 672.5021701873295], [498.9307864233996, 672.5021701873295], [678.9307864233996, 392.5021701873295], [678.9307864233996, 672.5021701873295]], [[0.0, 200.0], [280.0, 200.0], [280.0, 480.0], [0.0, 480.0], [0.0, 200.0]], [[180.0, 480.0], [100.0, 680.0], [0.0, 680.0], [0.0, 480.0], [180.0, 480.0]], [[649.4878973513719, 280.0], [649.4878973513719, 380.0], [469.4878973513719, 380.0], [469.4878973513719, 280.0], [649.4878973513719, 280.0]], [[560.0, 501.02420529725623], [280.0, 501.02420529725623], [280.0, 221.02420529725623], [560.0, 501.02420529725623]], [[498.9307864233996, 501.02420529725623], [498.9307864233996, 701.0242052972562], [298.9307864233996, 701.0242052972562], [218.93078642339958, 501.02420529725623], [498.9307864233996, 501.02420529725623]], [[664.1107529723971, 380.0], [584.1107529723971, 540.0], [504.1107529723971, 380.0], [664.1107529723971, 380.0]], [[333.3333333333334, 760.0], [53.33333333333343, 760.0], [193.33333333333343, 520.0], [333.3333333333334, 760.0]]]"
Thu Jul 23 04:21:58 2020,2,0,True,655.3135752332246,0.8698125928447893,"[0, 0, 1, 1, 3, 0, 1, 1, 2, 1, 2, 2]","[[[200.0, 0.0], [400.0, 0.0], [400.0, 200.0], [200.0, 200.0], [200.0, 0.0]], [[0.0, 0.0], [200.0, 0.0], [200.0, 200.0], [0.0, 200.0], [0.0, 0.0]], [[649.4878973513719, 0.0], [649.4878973513719, 280.0], [469.4878973513719, 280.0], [469.4878973513719, 0.0], [649.4878973513719, 0.0]], [[469.4878973513719, 130.51210264862812], [469.4878973513719, 410.5121026486281], [329.4878973513719, 270.5121026486281], [469.4878973513719, 130.51210264862812]], [[655.3135752332246, 737.7620893708616], [475.3135752332246, 737.7620893708616], [655.3135752332246, 457.76208937086164], [655.3135752332246, 737.7620893708616]], [[0.0, 200.0], [280.0, 200.0], [280.0, 480.0], [0.0, 480.0], [0.0, 200.0]], [[180.0, 480.0], [100.0, 680.0], [0.0, 680.0], [0.0, 480.0], [180.0, 480.0]], [[649.4878973513719, 280.0], [649.4878973513719, 380.0], [469.4878973513719, 380.0], [469.4878973513719, 280.0], [649.4878973513719, 280.0]], [[555.8256778818527, 501.02420529725623], [275.8256778818527, 501.02420529725623], [275.8256778818527, 221.02420529725623], [555.8256778818527, 501.02420529725623]], [[498.9307864233996, 501.02420529725623], [498.9307864233996, 701.0242052972562], [298.9307864233996, 701.0242052972562], [218.93078642339958, 501.02420529725623], [498.9307864233996, 501.02420529725623]], [[655.3135752332246, 380.0], [575.3135752332246, 540.0], [495.3135752332246, 380.0], [655.3135752332246, 380.0]], [[333.3333333333334, 760.0], [53.33333333333343, 760.0], [193.33333333333343, 520.0], [333.3333333333334, 760.0]]]"
Thu Jul 23 04:22:33 2020,2,1,True,661.8667109855568,0.861200586975039,"[0, 0, 1, 3, 1, 0, 0, 1, 1, 0, 0, 0]","[[[460.0, 280.0], [660.0, 280.0], [660.0, 480.0], [460.0, 480.0], [460.0, 280.0]], [[181.86671098555678, 0.0], [381.8667109855568, 0.0], [381.8667109855568, 200.0], [181.86671098555678, 200.0], [181.86671098555678, 0.0]], [[460.0, 380.0], [460.0, 660.0], [280.0, 660.0], [280.0, 380.0], [460.0, 380.0]], [[0.0, 760.0], [0.0, 480.0], [140.0, 620.0], [0.0, 760.0]], [[1.8667109855567716, 0.0], [181.86671098555678, 0.0], [1.8667109855567716, 280.0], [1.8667109855567716, 0.0]], [[381.8667109855568, 0.0], [661.8667109855568, 0.0], [661.8667109855568, 280.0], [381.8667109855568, 280.0], [381.8667109855568, 0.0]], [[181.86671098555678, 200.0], [381.8667109855568, 280.0], [381.8667109855568, 380.0], [181.86671098555678, 380.0], [181.86671098555678, 200.0]], [[460.0, 660.0], [460.0, 760.0], [280.0, 760.0], [280.0, 660.0], [460.0, 660.0]], [[280.0, 480.0], [280.0, 760.0], [0.0, 760.0], [280.0, 480.0]], [[460.0, 480.0], [660.0, 480.0], [660.0, 680.0], [460.0, 760.0], [460.0, 480.0]], [[0.0, 318.45932819975496], [80.0, 158.45932819975496], [160.0, 318.45932819975496], [0.0, 318.45932819975496]], [[0.0, 380.0], [280.0, 380.0], [140.0, 620.0], [0.0, 380.0]]]"
Thu Jul 23 04:23:03 2020,2,1,True,668.4853780954123,0.8526738484901376,"[0, 0, 0, 2, 0, 0, 2, 1, 3, 0, 3, 1]","[[[268.48537809541233, 0.0], [468.48537809541233, 0.0], [468.48537809541233, 200.0], [268.48537809541233, 200.0], [268.48537809541233, 0.0]], [[468.48537809541233, 0.0], [668.4853780954123, 0.0], [668.4853780954123, 200.0], [468.48537809541233, 200.0], [468.48537809541233, 0.0]], [[0.0, 235.97368551009208], [280.0, 235.97368551009208], [280.0, 415.9736855100921], [0.0, 415.9736855100921], [0.0, 235.97368551009208]], [[280.0, 760.0], [0.0, 760.0], [140.0, 620.0], [280.0, 760.0]], [[0.0, 235.97368551009208], [0.0, 55.97368551009208], [280.0, 235.97368551009208], [0.0, 235.97368551009208]], [[339.5623276905844, 480.0], [619.5623276905844, 480.0], [619.5623276905844, 760.0], [339.5623276905844, 760.0], [339.5623276905844, 480.0]], [[268.48537809541233, 180.0], [68.48537809541233, 100.0], [68.48537809541233, 0.0], [268.48537809541233, 0.0], [268.48537809541233, 180.0]], [[460.0, 355.7573109522939], [460.0, 455.7573109522939], [280.0, 455.7573109522939], [280.0, 355.7573109522939], [460.0, 355.7573109522939]], [[0.0, 695.9736855100921], [0.0, 415.9736855100921], [280.0, 415.9736855100921], [0.0, 695.9736855100921]], [[468.48537809541233, 200.0], [668.4853780954123, 200.0], [668.4853780954123, 400.0], [468.48537809541233, 480.0], [468.48537809541233, 200.0]], [[468.4853780954122, 360.0], [308.4853780954122, 280.0], [468.4853780954122, 200.0], [468.4853780954122, 360.0]], [[339.5623276905844, 456.41135781950766], [339.5623276905844, 736.4113578195077], [99.56232769058442, 596.4113578195077], [339.5623276905844, 456.41135781950766]]]"
Thu Jul 23 04:23:21 2020,2,1,True,675.1702318763664,0.8442315331585521,"[0, 0, 1, 3, 2, 0, 3, 1, 1, 2, 1, 0]","[[[441.74596297159576, 280.0], [641.7459629715958, 280.0], [641.7459629715958, 480.0], [441.74596297159576, 480.0], [441.74596297159576, 280.0]], [[15.170231876366415, 400.0], [215.17023187636642, 400.0], [215.17023187636642, 600.0], [15.170231876366415, 600.0], [15.170231876366415, 400.0]], [[395.1702318763664, 480.0], [395.1702318763664, 760.0], [215.17023187636642, 760.0], [215.17023187636642, 480.0], [395.1702318763664, 480.0]], [[200.0, 393.58451020883854], [200.0, 113.58451020883854], [340.0, 253.58451020883854], [200.0, 393.58451020883854]], [[295.1702318763664, 0.0], [295.1702318763664, 180.0], [15.170231876366415, 0.0], [295.1702318763664, 0.0]], [[395.1702318763664, 480.0], [675.1702318763664, 480.0], [675.1702318763664, 760.0], [395.1702318763664, 760.0], [395.1702318763664, 480.0]], [[233.58451020883854, 480.0], [313.58451020883854, 280.0], [413.58451020883854, 280.0], [413.58451020883854, 480.0], [233.58451020883854, 480.0]], [[180.0, 600.0], [180.0, 700.0], [0.0, 700.0], [0.0, 600.0], [180.0, 600.0]], [[675.1702318763664, 0.0], [675.1702318763664, 280.0], [395.1702318763664, 280.0], [675.1702318763664, 0.0]], [[200.0, 398.81913665090724], [0.0, 398.81913665090724], [0.0, 198.81913665090724], [200.0, 118.81913665090724], [200.0, 398.81913665090724]], [[0.0, 33.58451020883854], [160.0, 113.58451020883854], [0.0, 193.58451020883854], [0.0, 33.58451020883854]], [[295.1702318763664, 0.0], [575.1702318763664, 0.0], [435.1702318763664, 240.0], [295.1702318763664, 0.0]]]"
Thu Jul 23 04:23:33 2020,2,1,True,681.9219341951301,0.8358728051074773,"[0, 0, 1, 1, 0, 0, 0, 1, 0, 2, 1, 3]","[[[448.1634226013117, 280.0], [648.1634226013117, 280.0], [648.1634226013117, 480.0], [448.1634226013117, 480.0], [448.1634226013117, 280.0]], [[248.1634226013117, 280.0], [448.1634226013117, 280.0], [448.1634226013117, 480.0], [248.1634226013117, 480.0], [248.1634226013117, 280.0]], [[380.0, 480.0], [380.0, 760.0], [200.0, 760.0], [200.0, 480.0], [380.0, 480.0]], [[148.4257908011243, 86.58171130065585], [148.4257908011243, 366.58171130065585], [8.425790801124293, 226.58171130065585], [148.4257908011243, 86.58171130065585]], [[380.0, 760.0], [380.0, 580.0], [660.0, 760.0], [380.0, 760.0]], [[368.1634226013117, 0.0], [648.1634226013117, 0.0], [648.1634226013117, 280.0], [368.1634226013117, 280.0], [368.1634226013117, 0.0]], [[148.42579080112432, 95.37031632044977], [348.4257908011243, 175.37031632044977], [348.4257908011243, 275.3703163204498], [148.42579080112432, 275.3703163204498], [148.42579080112432, 95.37031632044977]], [[340.0, 0.0], [340.0, 100.0], [160.0, 100.0], [160.0, 0.0], [340.0, 0.0]], [[380.0, 480.0], [660.0, 480.0], [660.0, 760.0], [380.0, 480.0]], [[200.0, 760.0], [0.0, 760.0], [0.0, 560.0], [200.0, 480.0], [200.0, 760.0]], [[0.0, 0.7946067012180151], [160.0, 80.79460670121802], [0.0, 160.79460670121802], [0.0, 0.7946067012180151]], [[0.0, 560.0], [0.0, 280.0], [240.0, 420.0], [0.0, 560.0]]]"
Thu Jul 23 04:23:49 2020,2,1,True,688.7411535370815,0.8275968367400766,"[0, 0, 1, 1, 2, 0, 0, 0, 0, 2, 1, 3]","[[[348.4257908011243, 280.0], [548.4257908011243, 280.0], [548.4257908011243, 480.0], [348.4257908011243, 480.0], [348.4257908011243, 280.0]], [[148.42579080112432, 166.58171130065585], [348.4257908011243, 166.58171130065585], [348.4257908011243, 366.58171130065585], [148.42579080112432, 366.58171130065585], [148.42579080112432, 166.58171130065585]], [[380.0, 480.0], [380.0, 760.0], [200.0, 760.0], [200.0, 480.0], [380.0, 480.0]], [[148.4257908011243, 86.58171130065585], [148.4257908011243, 366.58171130065585], [8.425790801124293, 226.58171130065585], [148.4257908011243, 86.58171130065585]], [[369.29868433343745, 0.0], [369.29868433343745, 180.0], [89.29868433343745, 0.0], [369.29868433343745, 0.0]], [[380.0, 480.0], [660.0, 480.0], [660.0, 760.0], [380.0, 760.0], [380.0, 480.0]], [[369.29868433343745, 100.0], [569.2986843334374, 180.0], [569.2986843334374, 280.0], [369.29868433343745, 280.0], [369.29868433343745, 100.0]], [[548.4257908011243, 294.65362750611257], [648.4257908011243, 294.65362750611257], [648.4257908011243, 474.65362750611257], [548.4257908011243, 474.65362750611257], [548.4257908011243, 294.65362750611257]], [[389.29868433343745, 0.0], [669.2986843334374, 0.0], [669.2986843334374, 280.0], [389.29868433343745, 0.0]], [[200.0, 760.0], [0.0, 760.0], [0.0, 560.0], [200.0, 480.0], [200.0, 760.0]], [[0.0, 0.7946067012180151], [160.0, 80.79460670121802], [0.0, 160.79460670121802], [0.0, 0.7946067012180151]], [[0.0, 560.0], [0.0, 280.0], [240.0, 420.0], [0.0, 560.0]]]"
Thu Jul 23 04:23:49 2020,2,0,True,661.1915073955981,0.8620800382709132,"[0, 0, 1, 1, 2, 0, 0, 0, 0, 2, 1, 3]","[[[348.4257908011243, 280.0], [548.4257908011243, 280.0], [548.4257908011243, 480.0], [348.4257908011243, 480.0], [348.4257908011243, 280.0]], [[148.42579080112426, 166.5817113006558], [348.42579080112426, 166.5817113006558], [348.42579080112426, 366.5817113006558], [148.42579080112426, 366.5817113006558], [148.42579080112426, 166.5817113006558]], [[380.0, 480.0], [380.0, 760.0], [200.0, 760.0], [200.0, 480.0], [380.0, 480.0]], [[148.42579080112426, 86.5817113006558], [148.42579080112426, 366.5817113006558], [8.425790801124265, 226.5817113006558], [148.42579080112426, 86.5817113006558]], [[361.19150739559814, 0.0], [361.19150739559814, 180.0], [81.19150739559814, 0.0], [361.19150739559814, 0.0]], [[380.0, 480.0], [660.0, 480.0], [660.0, 760.0], [380.0, 760.0], [380.0, 480.0]], [[361.19150739559814, 100.0], [561.1915073955981, 180.0], [561.1915073955981, 280.0], [361.19150739559814, 280.0], [361.19150739559814, 100.0]], [[548.4257908011243, 294.65362750611257], [648.4257908011243, 294.65362750611257], [648.4257908011243, 474.65362750611257], [548.4257908011243, 474.65362750611257], [548.4257908011243, 294.65362750611257]], [[381.19150739559814, 0.0], [661.1915073955981, 0.0], [661.1915073955981, 280.0], [381.19150739559814, 0.0]], [[200.0, 760.0], [0.0, 760.0], [0.0, 560.0], [200.0, 480.0], [200.0, 760.0]], [[0.0, 0.7946067012180151], [160.0, 80.79460670121802], [0.0, 160.79460670121802], [0.0, 0.7946067012180151]], [[0.0, 560.0], [0.0, 280.0], [240.0, 420.0], [0.0, 560.0]]]"
Thu Jul 23 04:24:09 2020,2,1,True,667.8034224695541,0.8535445923474387,"[0, 0, 0, 2, 1, 0, 3, 0, 1, 0, 2, 1]","[[[0.0, 0.0], [200.0, 0.0], [200.0, 200.0], [0.0, 200.0], [0.0, 0.0]], [[460.0, 0.0], [660.0, 0.0], [660.0, 200.0], [460.0, 200.0], [460.0, 0.0]], [[280.0, 200.0], [560.0, 200.0], [560.0, 380.0], [280.0, 380.0], [280.0, 200.0]], [[280.0, 760.0], [0.0, 760.0], [140.0, 620.0], [280.0, 760.0]], [[0.0, 480.0], [180.0, 480.0], [0.0, 760.0], [0.0, 480.0]], [[0.0, 200.0], [280.0, 200.0], [280.0, 480.0], [0.0, 480.0], [0.0, 200.0]], [[280.0, 200.0], [360.0, 0.0], [460.0, 0.0], [460.0, 200.0], [280.0, 200.0]], [[560.0, 200.0], [660.0, 200.0], [660.0, 380.0], [560.0, 380.0], [560.0, 200.0]], [[667.8034224695541, 480.0], [667.8034224695541, 760.0], [387.8034224695541, 760.0], [667.8034224695541, 480.0]], [[343.63636363636374, 404.16705883319037], [543.6363636363637, 404.16705883319037], [543.6363636363637, 604.1670588331904], [343.63636363636374, 684.1670588331904], [343.63636363636374, 404.16705883319037]], [[360.0, 0.0], [280.0, 160.0], [200.0, 0.0], [360.0, 0.0]], [[343.63636363636374, 458.78787878787887], [343.63636363636374, 738.7878787878789], [103.63636363636374, 598.7878787878789], [343.63636363636374, 458.78787878787887]]]"
Thu Jul 23 04:24:26 2020,2,1,True,674.4814566942497,0.8450936557895433,"[0, 0, 1, 3, 0, 0, 2, 0, 0, 2, 2, 2]","[[[371.42857142857156, 560.0], [571.4285714285716, 560.0], [571.4285714285716, 760.0], [371.42857142857156, 760.0], [371.42857142857156, 560.0]], [[5.863934410194332, 380.0], [205.86393441019433, 380.0], [205.86393441019433, 580.0], [5.863934410194332, 580.0], [5.863934410194332, 380.0]], [[474.4814566942497, 0.0], [474.4814566942497, 280.0], [294.4814566942497, 280.0], [294.4814566942497, 0.0], [474.4814566942497, 0.0]], [[0.0, 280.0], [0.0, 0.0], [140.0, 140.0], [0.0, 280.0]], [[0.0, 756.2303278791608], [0.0, 576.2303278791608], [280.0, 756.2303278791608], [0.0, 756.2303278791608]], [[394.4814566942497, 280.0], [674.4814566942497, 280.0], [674.4814566942497, 560.0], [394.4814566942497, 560.0], [394.4814566942497, 280.0]], [[371.42857142857156, 760.0], [171.42857142857156, 680.0], [171.42857142857156, 580.0], [371.42857142857156, 580.0], [371.42857142857156, 760.0]], [[571.4285714285716, 560.0], [671.4285714285716, 560.0], [671.4285714285716, 740.0], [571.4285714285716, 740.0], [571.4285714285716, 560.0]], [[14.481456694249687, 0.0], [294.4814566942497, 0.0], [294.4814566942497, 280.0], [14.481456694249687, 0.0]], [[674.4814566942497, 280.0], [474.4814566942497, 280.0], [474.4814566942497, 80.0], [674.4814566942497, 0.0], [674.4814566942497, 280.0]], [[394.4814566942497, 280.0], [314.4814566942497, 440.0], [234.4814566942497, 280.0], [394.4814566942497, 280.0]], [[280.0, 380.0], [0.0, 380.0], [140.0, 140.0], [280.0, 380.0]]]"
Thu Jul 23 04:24:44 2020,2,1,True,681.2262712611922,0.836726391870835,"[0, 0, 1, 3, 1, 0, 3, 0, 2, 2, 0, 0]","[[[180.0, 0.0], [380.0, 0.0], [380.0, 200.0], [180.0, 200.0], [180.0, 0.0]], [[381.2262712611922, 280.0], [581.2262712611922, 280.0], [581.2262712611922, 480.0], [381.2262712611922, 480.0], [381.2262712611922, 280.0]], [[180.0, 0.0], [180.0, 280.0], [0.0, 280.0], [0.0, 0.0], [180.0, 0.0]], [[0.0, 560.0], [0.0, 280.0], [140.0, 420.0], [0.0, 560.0]], [[180.0, 200.0], [360.0, 200.0], [180.0, 480.0], [180.0, 200.0]], [[380.0, 0.0], [660.0, 0.0], [660.0, 280.0], [380.0, 280.0], [380.0, 0.0]], [[501.22627126119215, 680.0000000000002], [581.2262712611921, 480.0000000000002], [681.2262712611921, 480.0000000000002], [681.2262712611921, 680.0000000000002], [501.22627126119215, 680.0000000000002]], [[581.2262712611922, 280.0], [681.2262712611922, 280.0], [681.2262712611922, 460.0], [581.2262712611922, 460.0], [581.2262712611922, 280.0]], [[481.2262712611923, 760.0], [201.22627126119232, 760.0], [201.22627126119232, 480.0], [481.2262712611923, 760.0]], [[200.0, 760.0], [0.0, 760.0], [0.0, 560.0], [200.0, 480.0], [200.0, 760.0]], [[202.85714285714283, 480.0], [282.85714285714283, 320.0], [362.85714285714283, 480.0], [202.85714285714283, 480.0]], [[301.2262712611923, 480.0], [581.2262712611923, 480.0], [441.2262712611923, 720.0], [301.2262712611923, 480.0]]]"
Thu Jul 23 04:24:54 2020,2,1,True,688.0385339738042,0.8284419721493415,"[0, 0, 1, 0, 3, 0, 3, 0, 2, 0, 1, 0]","[[[488.0385339738042, 276.7845864104783], [688.0385339738042, 276.7845864104783], [688.0385339738042, 476.7845864104783], [488.0385339738042, 476.7845864104783], [488.0385339738042, 276.7845864104783]], [[0.0, 280.0], [200.0, 280.0], [200.0, 480.0], [0.0, 480.0], [0.0, 280.0]], [[200.0, 480.0], [200.0, 760.0], [20.0, 760.0], [20.0, 480.0], [200.0, 480.0]], [[73.97722041074417, 0.0], [353.97722041074417, 0.0], [213.97722041074417, 140.0], [73.97722041074417, 0.0]], [[656.3339602500183, 756.3339602500183], [476.3339602500183, 756.3339602500183], [656.3339602500183, 476.3339602500183], [656.3339602500183, 756.3339602500183]], [[200.0, 199.9999999999999], [480.0, 199.9999999999999], [480.0, 479.9999999999999], [200.0, 479.9999999999999], [200.0, 199.9999999999999]], [[273.97722041074417, 200.0], [353.97722041074417, 0.0], [453.97722041074417, 0.0], [453.97722041074417, 200.0], [273.97722041074417, 200.0]], [[0.0, 26.022779589255833], [100.0, 26.022779589255833], [100.0, 206.02277958925583], [0.0, 206.02277958925583], [0.0, 26.022779589255833]], [[480.0, 760.0], [200.0, 760.0], [200.0, 480.0], [480.0, 760.0]], [[480.0, 0.0], [680.0, 0.0], [680.0, 200.0], [480.0, 280.0], [480.0, 0.0]], [[100.0, 83.01138979462792], [260.0, 163.01138979462792], [100.0, 243.01138979462792], [100.0, 83.01138979462792]], [[299.9999999999999, 479.9999999999999], [579.9999999999999, 479.9999999999999], [439.9999999999999, 719.9999999999999], [299.9999999999999, 479.9999999999999]]]"
Thu Jul 23 04:25:03 2020,2,1,True,694.9189193135422,0.8202395763854865,"[0, 0, 1, 0, 2, 0, 0, 0, 2, 1, 3, 3]","[[[380.0, 200.0], [580.0, 200.0], [580.0, 400.0], [380.0, 400.0], [380.0, 200.0]], [[0.0, 280.0], [200.0, 280.0], [200.0, 480.0], [0.0, 480.0], [0.0, 280.0]], [[380.0, 180.0], [380.0, 460.0], [200.0, 460.0], [200.0, 180.0], [380.0, 180.0]], [[414.91891931354223, 614.9189193135422], [694.9189193135422, 614.9189193135422], [554.9189193135422, 754.9189193135422], [414.91891931354223, 614.9189193135422]], [[302.22222222222223, 0.0], [302.22222222222223, 180.0], [22.22222222222223, 0.0], [302.22222222222223, 0.0]], [[0.0, 480.0], [280.0, 480.0], [280.0, 760.0], [0.0, 760.0], [0.0, 480.0]], [[480.0, 434.91891931354223], [680.0, 514.9189193135422], [680.0, 614.9189193135422], [480.0, 614.9189193135422], [480.0, 434.91891931354223]], [[380.0, 400.0], [480.0, 400.0], [480.0, 580.0], [380.0, 580.0], [380.0, 400.0]], [[560.0, 760.0], [280.0, 760.0], [280.0, 480.0], [560.0, 760.0]], [[637.9516908212561, 0.0], [637.9516908212561, 200.0], [437.9516908212561, 200.0], [357.9516908212561, 0.0], [637.9516908212561, 0.0]], [[674.5345340960641, 512.7327329519679], [514.5345340960641, 432.73273295196793], [674.5345340960641, 352.73273295196793], [674.5345340960641, 512.7327329519679]], [[0.0, 280.0], [0.0, 0.0], [240.0, 140.0], [0.0, 280.0]]]"
Thu Jul 23 04:25:09 2020,2,1,True,701.8681085066777,0.8121183924608778,"[0, 0, 1, 0, 2, 0, 0, 0, 2, 1, 0, 3]","[[[380.0, 200.0], [580.0, 200.0], [580.0, 400.0], [380.0, 400.0], [380.0, 200.0]], [[0.0, 280.0], [200.0, 280.0], [200.0, 480.0], [0.0, 480.0], [0.0, 280.0]], [[380.0, 183.44451075691302], [380.0, 463.444510756913], [200.0, 463.444510756913], [200.0, 183.44451075691302], [380.0, 183.44451075691302]], [[387.12216254100053, 587.1221625410005], [667.1221625410005, 587.1221625410005], [527.1221625410005, 727.1221625410005], [387.12216254100053, 587.1221625410005]], [[302.22222222222223, 0.0], [302.22222222222223, 180.0], [22.22222222222223, 0.0], [302.22222222222223, 0.0]], [[0.0, 480.0], [280.0, 480.0], [280.0, 760.0], [0.0, 760.0], [0.0, 480.0]], [[467.12216254100053, 400.0], [667.1221625410005, 480.0], [667.1221625410005, 580.0], [467.12216254100053, 580.0], [467.12216254100053, 400.0]], [[580.0, 200.0], [680.0, 200.0], [680.0, 380.0], [580.0, 380.0], [580.0, 200.0]], [[560.0, 760.0], [280.0, 760.0], [280.0, 480.0], [560.0, 760.0]], [[667.1221625410005, 0.0], [667.1221625410005, 200.0], [467.12216254100053, 200.0], [387.12216254100053, 0.0], [667.1221625410005, 0.0]], [[300.4999668437657, 183.44451075691302], [380.4999668437657, 23.44451075691302], [460.4999668437657, 183.44451075691302], [300.4999668437657, 183.44451075691302]], [[0.0, 280.0], [0.0, 0.0], [240.0, 140.0], [0.0, 280.0]]]"
Thu Jul 23 04:25:10 2020,2,0,True,673.7933841664105,0.8459566588134144,"[0, 0, 1, 0, 2, 0, 1, 0, 2, 1, 0, 3]","[[[380.0, 200.0], [580.0, 200.0], [580.0, 400.0], [380.0, 400.0], [380.0, 200.0]], [[0.0, 280.0], [200.0, 280.0], [200.0, 480.0], [0.0, 480.0], [0.0, 280.0]], [[380.0, 183.44451075691302], [380.0, 463.444510756913], [200.0, 463.444510756913], [200.0, 183.44451075691302], [380.0, 183.44451075691302]], [[393.79338416641053, 600.0], [673.7933841664105, 600.0], [533.7933841664105, 740.0], [393.79338416641053, 600.0]], [[302.22222222222223, 0.0], [302.22222222222223, 180.0], [22.22222222222223, 0.0], [302.22222222222223, 0.0]], [[0.0, 480.0], [280.0, 480.0], [280.0, 760.0], [0.0, 760.0], [0.0, 480.0]], [[660.0, 400.0], [580.0, 600.0], [480.0, 600.0], [480.0, 400.0], [660.0, 400.0]], [[380.0, 400.0], [480.0, 400.0], [480.0, 580.0], [380.0, 580.0], [380.0, 400.0]], [[560.0, 760.0], [280.0, 760.0], [280.0, 480.0], [560.0, 760.0]], [[667.1221625410005, 0.0], [667.1221625410005, 200.0], [467.12216254100053, 200.0], [387.12216254100053, 0.0], [667.1221625410005, 0.0]], [[300.4999668437657, 183.44451075691302], [380.4999668437657, 23.44451075691302], [460.4999668437657, 183.44451075691302], [300.4999668437657, 183.44451075691302]], [[0.0, 280.0], [0.0, 0.0], [240.0, 140.0], [0.0, 280.0]]]"
Thu Jul 23 04:25:58 2020,2,3,True,680.5313180080747,0.8375808503103113,"[0, 0, 1, 3, 0, 0, 0, 1, 0, 1, 3, 2]","[[[0.0, 0.0], [200.0, 0.0], [200.0, 200.0], [0.0, 200.0], [0.0, 0.0]], [[480.53131800807466, 0.0], [680.5313180080747, 0.0], [680.5313180080747, 200.0], [480.53131800807466, 200.0], [480.53131800807466, 0.0]], [[180.0, 480.0], [180.0, 760.0], [0.0, 760.0], [0.0, 480.0], [180.0, 480.0]], [[180.0, 660.0], [180.0, 380.0], [320.0, 520.0], [180.0, 660.0]], [[0.0, 380.0], [0.0, 200.0], [280.0, 380.0], [0.0, 380.0]], [[399.7343409959626, 200.0], [679.7343409959626, 200.0], [679.7343409959626, 480.0], [399.7343409959626, 480.0], [399.7343409959626, 200.0]], [[200.0, 39.73434099596267], [400.0, 119.73434099596267], [400.0, 219.73434099596267], [200.0, 219.73434099596267], [200.0, 39.73434099596267]], [[180.0, 380.0], [180.0, 480.0], [0.0, 480.0], [0.0, 380.0], [180.0, 380.0]], [[119.73434099596267, 219.73434099596267], [399.73434099596267, 219.73434099596267], [399.73434099596267, 499.73434099596267], [119.73434099596267, 219.73434099596267]], [[646.8416487997541, 537.4428265138642], [646.8416487997541, 737.4428265138642], [446.8416487997541, 737.4428265138642], [366.8416487997541, 537.4428265138642], [646.8416487997541, 537.4428265138642]], [[480.53131800807466, 160.0], [320.53131800807466, 80.0], [480.53131800807466, 0.0], [480.53131800807466, 160.0]], [[459.99999999999994, 760.0], [179.99999999999994, 760.0], [319.99999999999994, 520.0], [459.99999999999994, 760.0]]]"
Thu Jul 23 04:26:12 2020,2,1,True,687.3366311881554,0.8292879706042686,"[0, 0, 1, 3, 2, 0, 1, 1, 0, 2, 0, 2]","[[[487.33663118815537, 0.0], [687.3366311881554, 0.0], [687.3366311881554, 200.0], [487.33663118815537, 200.0], [487.33663118815537, 0.0]], [[253.31006528775163, 560.0], [453.3100652877516, 560.0], [453.3100652877516, 760.0], [253.31006528775163, 760.0], [253.31006528775163, 560.0]], [[180.0, 480.0], [180.0, 760.0], [0.0, 760.0], [0.0, 480.0], [180.0, 480.0]], [[180.0, 633.3100652877516], [180.0, 353.3100652877516], [320.0, 493.3100652877516], [180.0, 633.3100652877516]], [[487.33663118815537, 0.0], [487.33663118815537, 180.0], [207.33663118815537, 0.0], [487.33663118815537, 0.0]], [[379.6310917652214, 200.0], [659.6310917652214, 200.0], [659.6310917652214, 480.0], [379.6310917652214, 480.0], [379.6310917652214, 200.0]], [[180.0, 4.300672315016811], [100.0, 204.3006723150168], [0.0, 204.3006723150168], [0.0, 4.300672315016811], [180.0, 4.300672315016811]], [[180.0, 380.0], [180.0, 480.0], [0.0, 480.0], [0.0, 380.0], [180.0, 380.0]], [[99.63109176522141, 259.2621835304428], [379.6310917652214, 259.2621835304428], [379.6310917652214, 539.2621835304428], [99.63109176522141, 259.2621835304428]], [[687.3366311881554, 760.0], [487.33663118815537, 760.0], [487.33663118815537, 560.0], [687.3366311881554, 480.0], [687.3366311881554, 760.0]], [[0.0, 380.0], [80.0, 220.0], [160.0, 380.0], [0.0, 380.0]], [[379.6310917652214, 259.2621835304428], [99.63109176522141, 259.2621835304428], [239.6310917652214, 19.262183530442826], [379.6310917652214, 259.2621835304428]]]"
Thu Jul 23 04:26:26 2020,2,1,True,694.2099975000369,0.8210771986180876,"[0, 0, 1, 3, 3, 0, 0, 1, 1, 1, 1, 1]","[[[279.8431659406291, 560.0], [479.8431659406291, 560.0], [479.8431659406291, 760.0], [279.8431659406291, 760.0], [279.8431659406291, 560.0]], [[433.9720461669723, 0.0], [633.9720461669723, 0.0], [633.9720461669723, 200.0], [433.9720461669723, 200.0], [433.9720461669723, 0.0]], [[180.0, 0.10082189530987762], [180.0, 280.1008218953099], [0.0, 280.1008218953099], [0.0, 0.10082189530987762], [180.0, 0.10082189530987762]], [[511.8431659406291, 640.0], [511.8431659406291, 360.0], [651.8431659406291, 500.0], [511.8431659406291, 640.0]], [[664.700308797772, 760.0], [484.700308797772, 760.0], [664.700308797772, 480.0], [664.700308797772, 760.0]], [[0.0, 480.0], [280.0, 480.0], [280.0, 760.0], [0.0, 760.0], [0.0, 480.0]], [[0.0, 300.0], [200.0, 380.0], [200.0, 480.0], [0.0, 480.0], [0.0, 300.0]], [[360.0, 0.0], [360.0, 100.0], [180.0, 100.0], [180.0, 0.0], [360.0, 0.0]], [[394.28571428571433, 65.71428571428578], [394.28571428571433, 345.7142857142858], [114.28571428571433, 345.7142857142858], [394.28571428571433, 65.71428571428578]], [[511.8431659406291, 360.0], [511.8431659406291, 560.0], [311.8431659406291, 560.0], [231.8431659406291, 360.0], [511.8431659406291, 360.0]], [[394.28571428571433, 180.15683405937102], [554.2857142857143, 260.156834059371], [394.28571428571433, 340.156834059371], [394.28571428571433, 180.15683405937102]], [[687.4845835926326, 182.45749363033536], [687.4845835926326, 462.45749363033536], [447.4845835926326, 322.45749363033536], [687.4845835926326, 182.45749363033536]]]"
Thu Jul 23 04:26:31 2020,2,0,True,666.4415976000354,0.8552887485605081,"[0, 0, 1, 3, 3, 0, 0, 0, 3, 2, 3, 1]","[[[279.8431659406291, 560.0], [479.8431659406291, 560.0], [479.8431659406291, 760.0], [279.8431659406291, 760.0], [279.8431659406291, 560.0]], [[466.4415976000354, 0.0], [666.4415976000354, 0.0], [666.4415976000354, 200.0], [466.4415976000354, 200.0], [466.4415976000354, 0.0]], [[180.0, 0.10082189530987762], [180.0, 280.1008218953099], [0.0, 280.1008218953099], [0.0, 0.10082189530987762], [180.0, 0.10082189530987762]], [[497.90247847111664, 661.6855138414641], [497.90247847111664, 381.68551384146406], [637.9024784711166, 521.6855138414641], [497.90247847111664, 661.6855138414641]], [[664.700308797772, 760.0], [484.700308797772, 760.0], [664.700308797772, 480.0], [664.700308797772, 760.0]], [[0.0, 480.0], [280.0, 480.0], [280.0, 760.0], [0.0, 760.0], [0.0, 480.0]], [[0.0, 300.0], [200.0, 380.0], [200.0, 480.0], [0.0, 480.0], [0.0, 300.0]], [[400.0, 380.0], [500.0, 380.0], [500.0, 560.0], [400.0, 560.0], [400.0, 380.0]], [[180.0, 280.0], [180.0, 0.0], [460.0, 0.0], [180.0, 280.0]], [[400.0, 480.33760359994693], [200.0, 480.33760359994693], [200.0, 280.33760359994693], [400.0, 200.33760359994693], [400.0, 480.33760359994693]], [[466.4415976000354, 233.55840239996462], [306.4415976000354, 153.55840239996462], [466.4415976000354, 73.55840239996462], [466.4415976000354, 233.55840239996462]], [[666.4415976000354, 199.99999999999994], [666.4415976000354, 479.99999999999994], [426.4415976000354, 339.99999999999994], [666.4415976000354, 199.99999999999994]]]"
Thu Jul 23 04:28:04 2020,2,3,True,673.1060135760357,0.8468205431292161,"[0, 0, 1, 0, 1, 0, 3, 0, 2, 3, 0, 1]","[[[0.0, 560.0], [200.0, 560.0], [200.0, 760.0], [0.0, 760.0], [0.0, 560.0]], [[0.0, 280.0], [200.0, 280.0], [200.0, 480.0], [0.0, 480.0], [0.0, 280.0]], [[659.0917781219564, 0.0], [659.0917781219564, 280.0], [479.0917781219564, 280.0], [479.0917781219564, 0.0], [659.0917781219564, 0.0]], [[245.6411677285463, 325.85723403251234], [525.6411677285463, 325.85723403251234], [385.6411677285463, 465.85723403251234], [245.6411677285463, 325.85723403251234]], [[280.0, 0.0], [460.0, 0.0], [280.0, 280.0], [280.0, 0.0]], [[0.0, 0.0], [280.0, 0.0], [280.0, 280.0], [0.0, 280.0], [0.0, 0.0]], [[299.09177812195634, 325.85723403251234], [379.09177812195634, 125.85723403251234], [479.09177812195634, 125.85723403251234], [479.09177812195634, 325.85723403251234], [299.09177812195634, 325.85723403251234]], [[573.1060135760357, 277.8378378378379], [673.1060135760357, 277.8378378378379], [673.1060135760357, 457.8378378378379], [573.1060135760357, 457.8378378378379], [573.1060135760357, 277.8378378378379]], [[479.78393369603396, 560.0], [199.78393369603396, 560.0], [199.78393369603396, 280.0], [479.78393369603396, 560.0]], [[200.0, 760.0], [200.0, 560.0], [400.0, 560.0], [480.0, 760.0], [200.0, 760.0]], [[433.29086369176406, 498.20753806929457], [513.2908636917641, 338.20753806929457], [593.2908636917641, 498.20753806929457], [433.29086369176406, 498.20753806929457]], [[656.5277433155103, 461.3193582887757], [656.5277433155103, 741.3193582887757], [416.5277433155103, 601.3193582887757], [656.5277433155103, 461.3193582887757]]]"
Thu Jul 23 04:28:22 2020,2,1,True,679.837073711796,0.8384361813160555,"[0, 0, 1, 0, 0, 0, 1, 0, 2, 1, 0, 1]","[[[280.0, 0.0], [480.0, 0.0], [480.0, 200.0], [280.0, 200.0], [280.0, 0.0]], [[0.0, 280.0], [200.0, 280.0], [200.0, 480.0], [0.0, 480.0], [0.0, 280.0]], [[660.0, 0.0], [660.0, 280.0], [480.0, 280.0], [480.0, 0.0], [660.0, 0.0]], [[340.0, 419.9999999999999], [620.0, 419.9999999999999], [480.0, 559.9999999999999], [340.0, 419.9999999999999]], [[399.83707371179605, 408.4666902432974], [399.83707371179605, 228.46669024329742], [679.837073711796, 408.4666902432974], [399.83707371179605, 408.4666902432974]], [[0.0, 0.0], [280.0, 0.0], [280.0, 280.0], [0.0, 280.0], [0.0, 0.0]], [[180.0, 480.0], [100.0, 680.0], [0.0, 680.0], [0.0, 480.0], [180.0, 480.0]], [[300.0000000000001, 200.0], [400.0000000000001, 200.0], [400.0000000000001, 380.0], [300.0000000000001, 380.0], [300.0000000000001, 200.0]], [[480.0, 559.9999999999999], [200.0, 559.9999999999999], [200.0, 279.9999999999999], [480.0, 559.9999999999999]], [[428.0, 560.0], [428.0, 760.0], [228.0, 760.0], [148.0, 560.0], [428.0, 560.0]], [[60.0, 760.0], [140.0, 600.0], [220.0, 760.0], [60.0, 760.0]], [[668.0, 450.33333333333326], [668.0, 730.3333333333333], [428.0, 590.3333333333333], [668.0, 450.33333333333326]]]"
Thu Jul 23 04:28:42 2020,2,1,True,686.635444448914,0.8301348329861936,"[0, 0, 0, 1, 2, 0, 1, 1, 1, 2, 0, 3]","[[[0.0, 280.0], [200.0, 280.0], [200.0, 480.0], [0.0, 480.0], [0.0, 280.0]], [[452.64359076332414, 0.0], [652.6435907633241, 0.0], [652.6435907633241, 200.0], [452.64359076332414, 200.0], [452.64359076332414, 0.0]], [[406.635444448914, 580.0], [686.635444448914, 580.0], [686.635444448914, 760.0], [406.635444448914, 760.0], [406.635444448914, 580.0]], [[424.44444444444457, 0.0], [424.44444444444457, 280.0], [284.44444444444457, 140.0], [424.44444444444457, 0.0]], [[486.635444448914, 280.0], [486.635444448914, 460.0], [206.63544444891397, 280.0], [486.635444448914, 280.0]], [[0.0, 0.0], [280.0, 0.0], [280.0, 280.0], [0.0, 280.0], [0.0, 0.0]], [[666.635444448914, 200.0], [586.635444448914, 400.0], [486.635444448914, 400.0], [486.635444448914, 200.0], [666.635444448914, 200.0]], [[180.0, 480.0], [180.0, 580.0], [0.0, 580.0], [0.0, 480.0], [180.0, 480.0]], [[686.635444448914, 300.0], [686.635444448914, 580.0], [406.635444448914, 580.0], [686.635444448914, 300.0]], [[406.635444448914, 760.0], [206.63544444891397, 760.0], [206.63544444891397, 560.0], [406.635444448914, 480.0], [406.635444448914, 760.0]], [[0.0, 740.0], [80.0, 580.0], [160.0, 740.0], [0.0, 740.0]], [[200.0, 563.8706759285332], [200.0, 283.87067592853316], [440.0, 423.87067592853316], [200.0, 563.8706759285332]]]"
Thu Jul 23 04:29:00 2020,2,1,True,693.5017988934031,0.821915676223954,"[0, 0, 1, 1, 3, 0, 2, 1, 3, 0, 2, 2]","[[[200.0, 280.0], [400.0, 280.0], [400.0, 480.0], [200.0, 480.0], [200.0, 280.0]], [[493.50179889340313, 0.0], [693.5017988934031, 0.0], [693.5017988934031, 200.0], [493.50179889340313, 200.0], [493.50179889340313, 0.0]], [[693.5017988934031, 480.0], [693.5017988934031, 760.0], [513.5017988934031, 760.0], [513.5017988934031, 480.0], [693.5017988934031, 480.0]], [[233.50179889340313, 480.0], [233.50179889340313, 760.0], [93.50179889340313, 620.0], [233.50179889340313, 480.0]], [[659.1700266709574, 480.0], [479.17002667095744, 480.0], [659.1700266709574, 200.0], [659.1700266709574, 480.0]], [[233.50179889340313, 480.0], [513.5017988934031, 480.0], [513.5017988934031, 760.0], [233.50179889340313, 760.0], [233.50179889340313, 480.0]], [[476.84210526315786, 183.15789473684208], [276.84210526315786, 103.15789473684208], [276.84210526315786, 3.1578947368420813], [476.84210526315786, 3.1578947368420813], [476.84210526315786, 183.15789473684208]], [[580.0, 200.0], [580.0, 300.0], [400.0, 300.0], [400.0, 200.0], [580.0, 200.0]], [[0.0, 280.0], [0.0, 0.0], [280.0, 0.0], [0.0, 280.0]], [[0.0, 280.0], [200.0, 280.0], [200.0, 480.0], [0.0, 560.0], [0.0, 280.0]], [[560.0, 318.7089303770448], [480.0, 478.7089303770448], [400.0, 318.7089303770448], [560.0, 318.7089303770448]], [[380.0, 280.0], [100.0, 280.0], [240.0, 40.0], [380.0, 280.0]]]"
Thu Jul 23 04:29:05 2020,2,1,True,700.4368168823372,0.8137778972514396,"[0, 0, 1, 1, 3, 0, 0, 1, 3, 0, 2, 2]","[[[199.9999999999999, 280.0], [399.9999999999999, 280.0], [399.9999999999999, 480.0], [199.9999999999999, 480.0], [199.9999999999999, 280.0]], [[438.33333333333326, 0.0], [638.3333333333333, 0.0], [638.3333333333333, 200.0], [438.33333333333326, 200.0], [438.33333333333326, 0.0]], [[665.7617269376669, 480.0], [665.7617269376669, 760.0], [485.76172693766694, 760.0], [485.76172693766694, 480.0], [665.7617269376669, 480.0]], [[438.33333333333326, 0.0], [438.33333333333326, 280.0], [298.33333333333326, 140.0], [438.33333333333326, 0.0]], [[682.6190476190475, 480.0], [502.6190476190475, 480.0], [682.6190476190475, 200.0], [682.6190476190475, 480.0]], [[199.9999999999999, 480.0], [479.9999999999999, 480.0], [479.9999999999999, 760.0], [199.9999999999999, 760.0], [199.9999999999999, 480.0]], [[0.0, 580.0], [200.0, 660.0], [200.0, 760.0], [0.0, 760.0], [0.0, 580.0]], [[618.3333333333333, 200.0], [618.3333333333333, 300.0], [438.33333333333326, 300.0], [438.33333333333326, 200.0], [618.3333333333333, 200.0]], [[0.0, 280.0], [0.0, 0.0], [280.0, 0.0], [0.0, 280.0]], [[0.0, 280.0], [200.0, 280.0], [200.0, 480.0], [0.0, 560.0], [0.0, 280.0]], [[560.0, 318.7089303770448], [480.0, 478.7089303770448], [400.0, 318.7089303770448], [560.0, 318.7089303770448]], [[379.9999999999999, 280.0], [99.99999999999989, 280.0], [239.9999999999999, 40.0], [379.9999999999999, 280.0]]]"
Thu Jul 23 04:29:08 2020,2,0,True,672.4193442070437,0.8476853096369164,"[0, 0, 1, 1, 3, 0, 0, 0, 3, 0, 3, 2]","[[[200.0, 280.0], [400.0, 280.0], [400.0, 480.0], [200.0, 480.0], [200.0, 280.0]], [[438.33333333333326, 0.0], [638.3333333333333, 0.0], [638.3333333333333, 200.0], [438.33333333333326, 200.0], [438.33333333333326, 0.0]], [[665.7617269376669, 480.0], [665.7617269376669, 760.0], [485.76172693766694, 760.0], [485.76172693766694, 480.0], [665.7617269376669, 480.0]], [[438.33333333333326, 0.0], [438.33333333333326, 280.0], [298.33333333333326, 140.0], [438.33333333333326, 0.0]], [[672.4193442070437, 480.0], [492.41934420704365, 480.0], [672.4193442070437, 200.0], [672.4193442070437, 480.0]], [[199.9999999999999, 480.0], [479.9999999999999, 480.0], [479.9999999999999, 760.0], [199.9999999999999, 760.0], [199.9999999999999, 480.0]], [[0.0, 580.0], [200.0, 660.0], [200.0, 760.0], [0.0, 760.0], [0.0, 580.0]], [[438.33333333333326, 200.0], [538.3333333333333, 200.0], [538.3333333333333, 380.0], [438.33333333333326, 380.0], [438.33333333333326, 200.0]], [[0.0, 280.0], [0.0, 0.0], [280.0, 0.0], [0.0, 280.0]], [[0.0, 286.4419179444236], [200.0, 286.4419179444236], [200.0, 486.4419179444236], [0.0, 566.4419179444236], [0.0, 286.4419179444236]], [[183.0523974305295, 653.2209589722117], [23.05239743052951, 573.2209589722117], [183.0523974305295, 493.22095897221175], [183.0523974305295, 653.2209589722117]], [[380.0, 280.0], [100.0, 280.0], [240.0, 40.0], [380.0, 280.0]]]"
Thu Jul 23 04:29:28 2020,2,1,True,679.1435376491141,0.839292385779125,"[0, 0, 1, 2, 3, 0, 1, 0, 3, 0, 0, 0]","[[[447.1178366874917, 0.0], [647.1178366874917, 0.0], [647.1178366874917, 200.0], [447.1178366874917, 200.0], [447.1178366874917, 0.0]], [[0.0, 0.0], [200.0, 0.0], [200.0, 200.0], [0.0, 200.0], [0.0, 0.0]], [[660.9141874633314, 200.0], [660.9141874633314, 480.0], [480.91418746333136, 480.0], [480.91418746333136, 200.0], [660.9141874633314, 200.0]], [[463.55891834374586, 216.44108165625414], [183.55891834374586, 216.44108165625414], [323.55891834374586, 76.44108165625414], [463.55891834374586, 216.44108165625414]], [[480.91418746333136, 480.0], [300.91418746333136, 480.0], [480.91418746333136, 200.0], [480.91418746333136, 480.0]], [[199.14353764911414, 480.0], [479.14353764911414, 480.0], [479.14353764911414, 760.0], [199.14353764911414, 760.0], [199.14353764911414, 480.0]], [[180.0, 200.0], [100.0, 400.0], [0.0, 400.0], [0.0, 200.0], [180.0, 200.0]], [[99.14353764911414, 580.0], [199.14353764911414, 580.0], [199.14353764911414, 760.0], [99.14353764911414, 760.0], [99.14353764911414, 580.0]], [[0.0, 679.1435376491141], [0.0, 399.14353764911414], [280.0, 399.14353764911414], [0.0, 679.1435376491141]], [[479.14353764911414, 480.0], [679.1435376491141, 480.0], [679.1435376491141, 680.0], [479.14353764911414, 760.0], [479.14353764911414, 480.0]], [[100.34258494035434, 399.14353764911414], [180.34258494035436, 239.14353764911414], [260.34258494035436, 399.14353764911414], [100.34258494035434, 399.14353764911414]], [[173.42356733749835, 216.44108165625414], [453.42356733749835, 216.44108165625414], [313.42356733749835, 456.44108165625414], [173.42356733749835, 216.44108165625414]]]"
Thu Jul 23 04:29:50 2020,2,1,True,685.9349730256052,0.8309825601773515,"[0, 0, 0, 0, 0, 0, 2, 0, 1, 0, 0, 0]","[[[468.33333333333326, 0.0], [668.3333333333333, 0.0], [668.3333333333333, 200.0], [468.33333333333326, 200.0], [468.33333333333326, 0.0]], [[0.0, 344.7495948253129], [200.0, 344.7495948253129], [200.0, 544.7495948253129], [0.0, 544.7495948253129], [0.0, 344.7495948253129]], [[125.93497302560525, 580.0], [405.93497302560525, 580.0], [405.93497302560525, 760.0], [125.93497302560525, 760.0], [125.93497302560525, 580.0]], [[405.93497302560525, 200.0], [685.9349730256052, 200.0], [545.9349730256052, 340.0], [405.93497302560525, 200.0]], [[225.93497302560525, 300.0], [225.93497302560525, 120.0], [505.93497302560525, 300.0], [225.93497302560525, 300.0]], [[405.93497302560525, 480.0], [685.9349730256052, 480.0], [685.9349730256052, 760.0], [405.93497302560525, 760.0], [405.93497302560525, 480.0]], [[468.3333333333333, 200.0], [268.3333333333333, 120.0], [268.3333333333333, 20.0], [468.3333333333333, 20.0], [468.3333333333333, 200.0]], [[0.0, 544.7495948253129], [100.0, 544.7495948253129], [100.0, 724.7495948253129], [0.0, 724.7495948253129], [0.0, 544.7495948253129]], [[685.9349730256052, 200.0], [685.9349730256052, 480.0], [405.93497302560525, 480.0], [685.9349730256052, 200.0]], [[200.0, 300.0], [400.0, 300.0], [400.0, 500.0], [200.0, 580.0], [200.0, 300.0]], [[0.0, 297.14285714285717], [80.0, 137.14285714285717], [160.0, 297.14285714285717], [0.0, 297.14285714285717]], [[0.0, 0.0], [280.0, 0.0], [140.0, 240.0], [0.0, 0.0]]]"
Thu Jul 23 04:30:15 2020,2,0,True,658.497574104581,0.8656068335180745,"[0, 0, 1, 3, 2, 0, 0, 0, 0, 0, 3, 3]","[[[458.49757410458096, 560.0], [658.497574104581, 560.0], [658.497574104581, 760.0], [458.49757410458096, 760.0], [458.49757410458096, 560.0]], [[0.0, 280.0], [200.0, 280.0], [200.0, 480.0], [0.0, 480.0], [0.0, 280.0]], [[460.0, 0.0], [460.0, 280.0], [280.0, 280.0], [280.0, 0.0], [460.0, 0.0]], [[0.0, 280.0], [0.0, 0.0], [140.0, 140.0], [0.0, 280.0]], [[649.1410901643618, 280.0], [649.1410901643618, 460.0], [369.1410901643618, 280.0], [649.1410901643618, 280.0]], [[0.0, 480.0], [280.0, 480.0], [280.0, 760.0], [0.0, 760.0], [0.0, 480.0]], [[200.0, 248.60097035816761], [400.0, 328.6009703581676], [400.0, 428.6009703581676], [200.0, 428.6009703581676], [200.0, 248.60097035816761]], [[286.46971971965496, 456.01392719246303], [386.46971971965496, 456.01392719246303], [386.46971971965496, 636.013927192463], [286.46971971965496, 636.013927192463], [286.46971971965496, 456.01392719246303]], [[0.0, 0.0], [280.0, 0.0], [280.0, 280.0], [0.0, 0.0]], [[458.49757410458096, 0.0], [658.497574104581, 0.0], [658.497574104581, 200.0], [458.49757410458096, 280.0], [458.49757410458096, 0.0]], [[458.49757410458096, 760.0], [298.49757410458096, 680.0], [458.49757410458096, 600.0], [458.49757410458096, 760.0]], [[400.0, 594.1235848943388], [400.0, 314.1235848943388], [640.0, 454.1235848943388], [400.0, 594.1235848943388]]]"
Thu Jul 23 04:31:59 2020,2,5,True,665.0825498456268,0.8570364688297768,"[0, 0, 1, 1, 3, 0, 1, 1, 3, 1, 0, 3]","[[[465.0825498456268, 560.0], [665.0825498456268, 560.0], [665.0825498456268, 760.0], [465.0825498456268, 760.0], [465.0825498456268, 560.0]], [[465.0825498456268, 360.0], [665.0825498456268, 360.0], [665.0825498456268, 560.0], [465.0825498456268, 560.0], [465.0825498456268, 360.0]], [[485.0825498456268, 0.0], [485.0825498456268, 280.0], [305.0825498456268, 280.0], [305.0825498456268, 0.0], [485.0825498456268, 0.0]], [[176.8421052631579, 103.15789473684208], [176.8421052631579, 383.1578947368421], [36.84210526315789, 243.15789473684208], [176.8421052631579, 103.15789473684208]], [[665.0825498456268, 360.0], [485.0825498456268, 360.0], [665.0825498456268, 80.0], [665.0825498456268, 360.0]], [[185.08254984562677, 480.0], [465.0825498456268, 480.0], [465.0825498456268, 760.0], [185.08254984562677, 760.0], [185.08254984562677, 480.0]], [[665.0825498456268, 4.444444444444457], [585.0825498456268, 204.44444444444446], [485.0825498456268, 204.44444444444446], [485.0825498456268, 4.444444444444457], [665.0825498456268, 4.444444444444457]], [[180.0, 660.0], [180.0, 760.0], [0.0, 760.0], [0.0, 660.0], [180.0, 660.0]], [[0.0, 280.0], [0.0, 0.0], [280.0, 0.0], [0.0, 280.0]], [[465.0825498456268, 280.0], [465.0825498456268, 480.0], [265.0825498456268, 480.0], [185.08254984562677, 280.0], [465.0825498456268, 280.0]], [[22.85714285714292, 660.0], [102.85714285714292, 500.0], [182.85714285714292, 660.0], [22.85714285714292, 660.0]], [[0.0, 560.0], [0.0, 280.0], [240.0, 420.0], [0.0, 560.0]]]"
Thu Jul 23 04:33:03 2020,2,3,True,671.733375344083,0.8485509592374029,"[0, 0, 1, 1, 2, 0, 2, 0, 3, 3, 3, 3]","[[[180.0, 560.0], [380.0, 560.0], [380.0, 760.0], [180.0, 760.0], [180.0, 560.0]], [[0.0, 280.0], [200.0, 280.0], [200.0, 480.0], [0.0, 480.0], [0.0, 280.0]], [[180.0, 480.0], [180.0, 760.0], [0.0, 760.0], [0.0, 480.0], [180.0, 480.0]], [[430.0, 330.0], [430.0, 610.0], [290.0, 470.0], [430.0, 330.0]], [[635.5555555555555, 0.0], [635.5555555555555, 180.0], [355.55555555555554, 0.0], [635.5555555555555, 0.0]], [[0.0, 0.0], [280.0, 0.0], [280.0, 280.0], [0.0, 280.0], [0.0, 0.0]], [[671.733375344083, 552.0222712347636], [471.733375344083, 472.0222712347636], [471.733375344083, 372.0222712347636], [671.733375344083, 372.0222712347636], [671.733375344083, 552.0222712347636]], [[560.0, 180.0], [660.0, 180.0], [660.0, 360.0], [560.0, 360.0], [560.0, 180.0]], [[200.0, 560.0], [200.0, 280.0], [480.0, 280.0], [200.0, 560.0]], [[280.0, 280.0], [280.0, 80.0], [480.0, 80.0], [560.0, 280.0], [280.0, 280.0]], [[671.733375344083, 760.0], [511.733375344083, 680.0], [671.733375344083, 600.0], [671.733375344083, 760.0]], [[430.0, 727.6778022840484], [430.0, 447.6778022840484], [670.0, 587.6778022840484], [430.0, 727.6778022840484]]]"
Thu Jul 23 04:33:52 2020,2,1,True,678.4507090975238,0.8401494645914879,"[0, 0, 1, 0, 0, 0, 1, 0, 1, 0, 0, 1]","[[[180.0, 0.0], [380.0, 0.0], [380.0, 200.0], [180.0, 200.0], [180.0, 0.0]], [[198.4507090975237, 200.0], [398.4507090975237, 200.0], [398.4507090975237, 400.0], [198.4507090975237, 400.0], [198.4507090975237, 200.0]], [[180.0, 46.73684210526312], [180.0, 326.7368421052631], [0.0, 326.7368421052631], [0.0, 46.73684210526312], [180.0, 46.73684210526312]], [[298.4507090975238, 477.5754558484082], [578.4507090975238, 477.5754558484082], [438.4507090975238, 617.5754558484082], [298.4507090975238, 477.5754558484082]], [[380.0, 760.0], [380.0, 580.0], [660.0, 760.0], [380.0, 760.0]], [[398.4507090975237, 197.57545584840818], [678.4507090975237, 197.57545584840818], [678.4507090975237, 477.5754558484082], [398.4507090975237, 477.5754558484082], [398.4507090975237, 197.57545584840818]], [[560.0, 0.0], [480.0, 200.0], [380.0, 200.0], [380.0, 0.0], [560.0, 0.0]], [[280.0, 563.973835054068], [380.0, 563.973835054068], [380.0, 743.973835054068], [280.0, 743.973835054068], [280.0, 563.973835054068]], [[280.0, 466.7368421052631], [280.0, 746.7368421052631], [0.0, 746.7368421052631], [280.0, 466.7368421052631]], [[0.0, 326.7368421052631], [200.0, 326.7368421052631], [200.0, 526.7368421052631], [0.0, 606.7368421052631], [0.0, 326.7368421052631]], [[506.6315789473683, 160.0], [586.6315789473683, 0.0], [666.6315789473683, 160.0], [506.6315789473683, 160.0]], [[678.4507090975238, 477.5754558484082], [678.4507090975238, 757.5754558484082], [438.4507090975238, 617.5754558484082], [678.4507090975238, 477.5754558484082]]]"
Thu Jul 23 04:34:12 2020,2,1,True,685.2352161884991,0.8318311530608792,"[0, 0, 1, 2, 1, 0, 1, 0, 0, 3, 0, 3]","[[[465.5985551212931, 0.0], [665.5985551212931, 0.0], [665.5985551212931, 200.0], [465.5985551212931, 200.0], [465.5985551212931, 0.0]], [[480.0, 480.0], [680.0, 480.0], [680.0, 680.0], [480.0, 680.0], [480.0, 480.0]], [[185.5985551212931, 0.0], [185.5985551212931, 280.0], [5.598555121293089, 280.0], [5.598555121293089, 0.0], [185.5985551212931, 0.0]], [[372.97303355209147, 760.0], [92.97303355209147, 760.0], [232.97303355209147, 620.0], [372.97303355209147, 760.0]], [[185.5985551212931, 200.0], [365.5985551212931, 200.0], [185.5985551212931, 480.0], [185.5985551212931, 200.0]], [[372.97303355209147, 200.0], [652.9730335520915, 200.0], [652.9730335520915, 480.0], [372.97303355209147, 480.0], [372.97303355209147, 200.0]], [[180.0, 280.0], [100.0, 480.0], [0.0, 480.0], [0.0, 280.0], [180.0, 280.0]], [[380.0, 480.0], [480.0, 480.0], [480.0, 660.0], [380.0, 660.0], [380.0, 480.0]], [[100.0, 480.0], [380.0, 480.0], [380.0, 760.0], [100.0, 480.0]], [[185.5985551212931, 200.0], [185.5985551212931, 0.0], [385.5985551212931, 0.0], [465.5985551212931, 200.0], [185.5985551212931, 200.0]], [[212.97303355209147, 472.97303355209147], [292.97303355209147, 312.97303355209147], [372.97303355209147, 472.97303355209147], [212.97303355209147, 472.97303355209147]], [[0.0, 760.0], [0.0, 480.0], [240.0, 620.0], [0.0, 760.0]]]"
Thu Jul 23 04:35:09 2020,2,3,True,692.0875683503841,0.8235952010503753,"[0, 0, 1, 2, 1, 0, 2, 1, 0, 0, 3, 2]","[[[0.0, 280.0], [200.0, 280.0], [200.0, 480.0], [0.0, 480.0], [0.0, 280.0]], [[180.0, 0.0], [380.0, 0.0], [380.0, 200.0], [180.0, 200.0], [180.0, 0.0]], [[180.0, 0.0], [180.0, 280.0], [0.0, 280.0], [0.0, 0.0], [180.0, 0.0]], [[596.0437841751921, 483.95621582480794], [316.04378417519206, 483.95621582480794], [456.04378417519206, 343.95621582480794], [596.0437841751921, 483.95621582480794]], [[0.0, 480.0], [180.0, 480.0], [0.0, 760.0], [0.0, 480.0]], [[400.0, 0.0], [680.0, 0.0], [680.0, 280.0], [400.0, 280.0], [400.0, 0.0]], [[692.0875683503841, 460.0], [492.0875683503841, 380.0], [492.0875683503841, 280.0], [692.0875683503841, 280.0], [692.0875683503841, 460.0]], [[640.0, 651.0870962295205], [640.0, 751.0870962295205], [460.0, 751.0870962295205], [460.0, 651.0870962295205], [640.0, 651.0870962295205]], [[180.0, 480.0], [460.0, 480.0], [460.0, 760.0], [180.0, 480.0]], [[200.0, 200.0], [400.0, 200.0], [400.0, 400.0], [200.0, 480.0], [200.0, 200.0]], [[657.8258075409591, 660.0], [497.8258075409591, 580.0], [657.8258075409591, 500.0], [657.8258075409591, 660.0]], [[313.73172106555927, 760.0], [33.73172106555927, 760.0], [173.73172106555927, 520.0], [313.73172106555927, 760.0]]]"
Thu Jul 23 04:35:30 2020,2,1,True,699.0084440338879,0.8154407931191836,"[0, 0, 1, 1, 1, 0, 0, 0, 2, 1, 0, 0]","[[[0.0, 0.0], [200.0, 0.0], [200.0, 200.0], [0.0, 200.0], [0.0, 0.0]], [[179.13043478260875, 266.70393943104426], [379.13043478260875, 266.70393943104426], [379.13043478260875, 466.70393943104426], [179.13043478260875, 466.70393943104426], [179.13043478260875, 266.70393943104426]], [[660.0, 460.0], [660.0, 740.0], [480.0, 740.0], [480.0, 460.0], [660.0, 460.0]], [[179.13043478260872, 279.13043478260875], [179.13043478260872, 559.1304347826087], [39.13043478260872, 419.13043478260875], [179.13043478260872, 279.13043478260875]], [[0.0, 200.0], [180.0, 200.0], [0.0, 480.0], [0.0, 200.0]], [[379.13043478260875, 180.0], [659.1304347826087, 180.0], [659.1304347826087, 460.0], [379.13043478260875, 460.0], [379.13043478260875, 180.0]], [[479.9999999999999, 0.0], [679.9999999999999, 80.0], [679.9999999999999, 180.0], [479.9999999999999, 180.0], [479.9999999999999, 0.0]], [[0.0, 480.0], [100.0, 480.0], [100.0, 660.0], [0.0, 660.0], [0.0, 480.0]], [[380.0, 760.0], [100.0, 760.0], [100.0, 480.0], [380.0, 760.0]], [[480.0, 466.7039394310443], [480.0, 666.7039394310443], [280.0, 666.7039394310443], [200.0, 466.7039394310443], [480.0, 466.7039394310443]], [[166.64803028447787, 266.70393943104426], [246.64803028447787, 106.70393943104426], [326.64803028447784, 266.70393943104426], [166.64803028447787, 266.70393943104426]], [[200.0, 0.0], [480.0, 0.0], [340.0, 240.0], [200.0, 0.0]]]"
Thu Jul 23 04:35:32 2020,2,0,True,671.0481062725324,0.8494174928324828,"[0, 0, 1, 1, 1, 0, 0, 0, 2, 1, 0, 0]","[[[0.0, 15.346103532801578], [200.0, 15.346103532801578], [200.0, 215.34610353280158], [0.0, 215.34610353280158], [0.0, 15.346103532801578]], [[185.13543181718325, 266.70393943104426], [385.13543181718325, 266.70393943104426], [385.13543181718325, 466.70393943104426], [185.13543181718325, 466.70393943104426], [185.13543181718325, 266.70393943104426]], [[666.7039394310443, 460.0], [666.7039394310443, 740.0], [486.7039394310443, 740.0], [486.7039394310443, 460.0], [666.7039394310443, 460.0]], [[185.13543181718325, 285.1354318171832], [185.13543181718325, 565.1354318171832], [45.135431817183246, 425.1354318171832], [185.13543181718325, 285.1354318171832]], [[0.0, 215.34610353280158], [180.0, 215.34610353280158], [0.0, 495.3461035328016], [0.0, 215.34610353280158]], [[385.1354318171832, 180.0], [665.1354318171832, 180.0], [665.1354318171832, 460.0], [385.1354318171832, 460.0], [385.1354318171832, 180.0]], [[471.04810627253244, 0.0], [671.0481062725324, 80.0], [671.0481062725324, 180.0], [471.04810627253244, 180.0], [471.04810627253244, 0.0]], [[0.0, 495.34610353280164], [100.0, 495.34610353280164], [100.0, 675.3461035328016], [0.0, 675.3461035328016], [0.0, 495.34610353280164]], [[380.0, 760.0], [100.0, 760.0], [100.0, 480.0], [380.0, 760.0]], [[486.7039394310443, 466.7039394310443], [486.7039394310443, 666.7039394310443], [286.7039394310443, 666.7039394310443], [206.70393943104432, 466.7039394310443], [486.7039394310443, 466.7039394310443]], [[174.3210820508787, 266.70393943104426], [254.3210820508787, 106.70393943104426], [334.32108205087866, 266.70393943104426], [174.3210820508787, 266.70393943104426]], [[191.04810627253244, 0.0], [471.04810627253244, 0.0], [331.04810627253244, 240.0], [191.04810627253244, 0.0]]]"
Thu Jul 23 04:35:55 2020,2,1,True,677.7585873352577,0.8410074186460227,"[0, 0, 1, 1, 0, 0, 1, 0, 2, 1, 2, 1]","[[[200.0, 0.0], [400.0, 0.0], [400.0, 200.0], [200.0, 200.0], [200.0, 0.0]], [[0.0, 0.0], [200.0, 0.0], [200.0, 200.0], [0.0, 200.0], [0.0, 0.0]], [[364.2061820216311, 200.0], [364.2061820216311, 480.0], [184.2061820216311, 480.0], [184.2061820216311, 200.0], [364.2061820216311, 200.0]], [[157.75858733525774, 342.24141266474226], [157.75858733525774, 622.2414126647423], [17.758587335257744, 482.24141266474226], [157.75858733525774, 342.24141266474226]], [[397.75858733525774, 280.0], [397.75858733525774, 100.0], [677.7585873352577, 280.0], [397.75858733525774, 280.0]], [[397.75858733525774, 280.0], [677.7585873352577, 280.0], [677.7585873352577, 560.0], [397.75858733525774, 560.0], [397.75858733525774, 280.0]], [[180.0, 200.0], [100.0, 400.0], [0.0, 400.0], [0.0, 200.0], [180.0, 200.0]], [[559.2000287766991, 23.783783783783804], [659.2000287766991, 23.783783783783804], [659.2000287766991, 203.7837837837838], [559.2000287766991, 203.7837837837838], [559.2000287766991, 23.783783783783804]], [[280.0, 744.4828253294845], [0.0, 744.4828253294845], [0.0, 464.4828253294845], [280.0, 744.4828253294845]], [[677.7585873352577, 560.0], [677.7585873352577, 760.0], [477.75858733525774, 760.0], [397.75858733525774, 560.0], [677.7585873352577, 560.0]], [[571.0919206685911, 0.0], [491.0919206685911, 160.0], [411.0919206685911, 0.0], [571.0919206685911, 0.0]], [[397.75858733525774, 460.4277635670512], [397.75858733525774, 740.4277635670512], [157.75858733525774, 600.4277635670512], [397.75858733525774, 460.4277635670512]]]"
Thu Jul 23 04:36:27 2020,2,1,True,684.5361732086103,0.8326806125208145,"[0, 0, 0, 2, 1, 0, 1, 0, 3, 2, 0, 1]","[[[0.0, 327.2377659636368], [200.0, 327.2377659636368], [200.0, 527.2377659636368], [0.0, 527.2377659636368], [0.0, 327.2377659636368]], [[484.5361732086103, 560.0], [684.5361732086103, 560.0], [684.5361732086103, 760.0], [484.5361732086103, 760.0], [484.5361732086103, 560.0]], [[400.0, 0.0], [680.0, 0.0], [680.0, 180.0], [400.0, 180.0], [400.0, 0.0]], [[327.2377659636368, 760.0], [47.237765963636775, 760.0], [187.23776596363678, 620.0], [327.2377659636368, 760.0]], [[368.82188749432464, 460.0], [548.8218874943246, 460.0], [368.82188749432464, 740.0], [368.82188749432464, 460.0]], [[400.0, 180.0], [680.0, 180.0], [680.0, 460.0], [400.0, 460.0], [400.0, 180.0]], [[380.0, 279.6668587434341], [300.0, 479.6668587434341], [200.0, 479.6668587434341], [200.0, 279.6668587434341], [380.0, 279.6668587434341]], [[0.0, 527.2377659636368], [100.0, 527.2377659636368], [100.0, 707.2377659636368], [0.0, 707.2377659636368], [0.0, 527.2377659636368]], [[0.0, 280.0], [0.0, 0.0], [280.0, 0.0], [0.0, 280.0]], [[400.0, 280.0], [200.0, 280.0], [200.0, 80.0], [400.0, 0.0], [400.0, 280.0]], [[32.762234036363225, 327.2377659636368], [112.76223403636322, 167.23776596363678], [192.76223403636322, 327.2377659636368], [32.762234036363225, 327.2377659636368]], [[363.3333333333334, 442.72241429898963], [363.3333333333334, 722.7224142989896], [123.33333333333343, 582.7224142989896], [363.3333333333334, 442.72241429898963]]]"
Thu Jul 23 04:36:39 2020,2,1,True,691.3815349406964,0.8244362500206084,"[0, 0, 1, 2, 1, 0, 1, 1, 3, 0, 0, 1]","[[[0.0, 280.0], [200.0, 280.0], [200.0, 480.0], [0.0, 480.0], [0.0, 280.0]], [[457.1547262802659, 560.0], [657.1547262802659, 560.0], [657.1547262802659, 760.0], [457.1547262802659, 760.0], [457.1547262802659, 560.0]], [[180.0, 0.0], [180.0, 280.0], [0.0, 280.0], [0.0, 0.0], [180.0, 0.0]], [[280.0, 760.0], [0.0, 760.0], [140.0, 620.0], [280.0, 760.0]], [[379.82861694792547, 400.2850589614185], [559.8286169479254, 400.2850589614185], [379.82861694792547, 680.2850589614185], [379.82861694792547, 400.2850589614185]], [[379.9999999999998, 120.28505896141849], [659.9999999999998, 120.28505896141849], [659.9999999999998, 400.2850589614185], [379.9999999999998, 400.2850589614185], [379.9999999999998, 120.28505896141849]], [[379.9999999999998, 272.00000000000034], [299.9999999999998, 472.00000000000034], [199.99999999999977, 472.00000000000034], [199.99999999999977, 272.00000000000034], [379.9999999999998, 272.00000000000034]], [[560.0, 0.0], [560.0, 100.0], [380.0, 100.0], [380.0, 0.0], [560.0, 0.0]], [[0.0, 760.0], [0.0, 480.0], [280.0, 480.0], [0.0, 760.0]], [[180.0, 0.0], [380.0, 0.0], [380.0, 200.0], [180.0, 280.0], [180.0, 0.0]], [[479.8286169479256, 560.2850589614181], [559.8286169479256, 400.28505896141814], [639.8286169479256, 560.2850589614181], [479.8286169479256, 560.2850589614181]], [[379.8286169479257, 480.0], [379.8286169479257, 760.0], [139.8286169479257, 620.0], [379.8286169479257, 480.0]]]"
Thu Jul 23 04:36:39 2020,2,0,True,663.7262735430685,0.8587877604381339,"[0, 0, 1, 2, 1, 0, 1, 1, 3, 0, 0, 1]","[[[0.0, 280.0], [200.0, 280.0], [200.0, 480.0], [0.0, 480.0], [0.0, 280.0]], [[457.1547262802659, 560.0], [657.1547262802659, 560.0], [657.1547262802659, 760.0], [457.1547262802659, 760.0], [457.1547262802659, 560.0]], [[180.0, 0.0], [180.0, 280.0], [0.0, 280.0], [0.0, 0.0], [180.0, 0.0]], [[280.0, 760.0], [0.0, 760.0], [140.0, 620.0], [280.0, 760.0]], [[379.82861694792547, 400.2850589614185], [559.8286169479254, 400.2850589614185], [379.82861694792547, 680.2850589614185], [379.82861694792547, 400.2850589614185]], [[379.9999999999998, 120.28505896141849], [659.9999999999998, 120.28505896141849], [659.9999999999998, 400.2850589614185], [379.9999999999998, 400.2850589614185], [379.9999999999998, 120.28505896141849]], [[379.9999999999998, 272.00000000000034], [299.9999999999998, 472.00000000000034], [199.99999999999977, 472.00000000000034], [199.99999999999977, 272.00000000000034], [379.9999999999998, 272.00000000000034]], [[560.0, 0.0], [560.0, 100.0], [380.0, 100.0], [380.0, 0.0], [560.0, 0.0]], [[0.0, 760.0], [0.0, 480.0], [280.0, 480.0], [0.0, 760.0]], [[180.0, 0.0], [380.0, 0.0], [380.0, 200.0], [180.0, 280.0], [180.0, 0.0]], [[479.8286169479256, 560.2850589614181], [559.8286169479256, 400.28505896141814], [639.8286169479256, 560.2850589614181], [479.8286169479256, 560.2850589614181]], [[379.8286169479257, 480.0], [379.8286169479257, 760.0], [139.8286169479257, 620.0], [379.8286169479257, 480.0]]]"
Thu Jul 23 04:38:13 2020,2,3,True,670.3635362784992,0.850284911324885,"[0, 0, 0, 1, 2, 0, 1, 0, 2, 3, 2, 2]","[[[0.0, 360.0], [200.0, 360.0], [200.0, 560.0], [0.0, 560.0], [0.0, 360.0]], [[450.89185685039047, 560.0], [650.8918568503905, 560.0], [650.8918568503905, 760.0], [450.89185685039047, 760.0], [450.89185685039047, 560.0]], [[100.0, 0.0], [380.0, 0.0], [380.0, 180.0], [100.0, 180.0], [100.0, 0.0]], [[638.3333333333333, 280.0], [638.3333333333333, 560.0], [498.33333333333326, 420.0], [638.3333333333333, 280.0]], [[380.0, 180.0], [380.0, 360.0], [100.0, 180.0], [380.0, 180.0]], [[380.0, 0.0], [660.0, 0.0], [660.0, 280.0], [380.0, 280.0], [380.0, 0.0]], [[380.0, 360.0], [300.0, 560.0], [200.0, 560.0], [200.0, 360.0], [380.0, 360.0]], [[350.89185685039047, 580.0], [450.89185685039047, 580.0], [450.89185685039047, 760.0], [350.89185685039047, 760.0], [350.89185685039047, 580.0]], [[280.0, 360.0], [0.0, 360.0], [0.0, 80.0], [280.0, 360.0]], [[0.0, 760.0], [0.0, 560.0], [200.0, 560.0], [280.0, 760.0], [0.0, 760.0]], [[360.39638082239577, 560.9909520559894], [280.39638082239577, 720.9909520559894], [200.39638082239577, 560.9909520559894], [360.39638082239577, 560.9909520559894]], [[580.0, 560.0], [300.0, 560.0], [440.0, 320.0], [580.0, 560.0]]]"
Thu Jul 23 04:38:31 2020,2,1,True,677.0671716412842,0.8418662488365198,"[0, 0, 0, 3, 1, 0, 3, 0, 0, 2, 0, 0]","[[[0.0, 560.0], [200.0, 560.0], [200.0, 760.0], [0.0, 760.0], [0.0, 560.0]], [[280.0, 320.5796697471367], [480.0, 320.5796697471367], [480.0, 520.5796697471367], [280.0, 520.5796697471367], [280.0, 320.5796697471367]], [[197.06717164128418, 560.0], [477.0671716412842, 560.0], [477.0671716412842, 740.0], [197.06717164128418, 740.0], [197.06717164128418, 560.0]], [[486.2438965159384, 390.97557646895075], [486.2438965159384, 110.97557646895075], [626.2438965159383, 250.97557646895075], [486.2438965159384, 390.97557646895075]], [[0.0, 0.0], [180.0, 0.0], [0.0, 280.0], [0.0, 0.0]], [[0.0, 280.0], [280.0, 280.0], [280.0, 560.0], [0.0, 560.0], [0.0, 280.0]], [[306.2438965159384, 320.5796697471367], [386.2438965159384, 120.57966974713668], [486.2438965159384, 120.57966974713668], [486.2438965159384, 320.5796697471367], [306.2438965159384, 320.5796697471367]], [[577.0671716412842, 298.5772268420801], [677.0671716412842, 298.5772268420801], [677.0671716412842, 478.5772268420801], [577.0671716412842, 478.5772268420801], [577.0671716412842, 298.5772268420801]], [[375.2683200469877, 5.684341886080802e-14], [655.2683200469877, 5.684341886080802e-14], [655.2683200469877, 280.00000000000006], [375.2683200469877, 5.684341886080802e-14]], [[677.0671716412842, 758.5772268420801], [477.0671716412842, 758.5772268420801], [477.0671716412842, 558.5772268420801], [677.0671716412842, 478.5772268420801], [677.0671716412842, 758.5772268420801]], [[22.857142857142833, 280.0], [102.85714285714283, 120.0], [182.85714285714283, 280.0], [22.857142857142833, 280.0]], [[146.62435193421737, 51.35603188722973], [426.6243519342174, 51.35603188722973], [286.6243519342174, 291.35603188722973], [146.62435193421737, 51.35603188722973]]]"
Thu Jul 23 04:38:54 2020,2,1,True,683.837843357697,0.8335309394420988,"[0, 0, 1, 0, 1, 0, 3, 0, 3, 0, 0, 1]","[[[469.98448477563284, 560.0], [669.9844847756328, 560.0], [669.9844847756328, 760.0], [469.98448477563284, 760.0], [469.98448477563284, 560.0]], [[280.0, 280.0], [480.0, 280.0], [480.0, 480.0], [280.0, 480.0], [280.0, 280.0]], [[469.98448477563284, 480.0], [469.98448477563284, 760.0], [289.98448477563284, 760.0], [289.98448477563284, 480.0], [469.98448477563284, 480.0]], [[50.015515224367164, 0.0], [330.01551522436716, 0.0], [190.01551522436716, 140.0], [50.015515224367164, 0.0]], [[480.0, 261.5255341119731], [660.0, 261.5255341119731], [480.0, 541.5255341119731], [480.0, 261.5255341119731]], [[0.0, 189.98448477563284], [280.0, 189.98448477563284], [280.0, 469.98448477563284], [0.0, 469.98448477563284], [0.0, 189.98448477563284]], [[109.98448477563284, 760.0], [189.98448477563284, 560.0], [289.98448477563284, 560.0], [289.98448477563284, 760.0], [109.98448477563284, 760.0]], [[583.837843357697, 380.0], [683.837843357697, 380.0], [683.837843357697, 560.0], [583.837843357697, 560.0], [583.837843357697, 380.0]], [[0.0, 749.9844847756328], [0.0, 469.98448477563284], [280.0, 469.98448477563284], [0.0, 749.9844847756328]], [[433.8138352799328, 0.0], [633.8138352799328, 0.0], [633.8138352799328, 200.0], [433.8138352799328, 280.0], [433.8138352799328, 0.0]], [[0.0, 189.98448477563284], [80.0, 29.984484775632836], [160.0, 189.98448477563284], [0.0, 189.98448477563284]], [[434.31231181320084, 0.0], [434.31231181320084, 280.0], [194.31231181320084, 140.0], [434.31231181320084, 0.0]]]"
Thu Jul 23 04:39:07 2020,2,0,True,656.4843296233892,0.8682613952521863,"[0, 0, 1, 0, 0, 0, 3, 0, 3, 0, 3, 1]","[[[456.48432962338916, 560.0], [656.4843296233892, 560.0], [656.4843296233892, 760.0], [456.48432962338916, 760.0], [456.48432962338916, 560.0]], [[279.54848231646804, 280.0], [479.54848231646804, 280.0], [479.54848231646804, 480.0], [279.54848231646804, 480.0], [279.54848231646804, 280.0]], [[456.48432962338916, 480.0], [456.48432962338916, 760.0], [276.48432962338916, 760.0], [276.48432962338916, 480.0], [456.48432962338916, 480.0]], [[46.66666666666666, 0.0], [326.66666666666663, 0.0], [186.66666666666666, 140.0], [46.66666666666666, 0.0]], [[0.0, 200.0], [0.0, 20.0], [280.0, 200.0], [0.0, 200.0]], [[0.0, 200.0], [280.0, 200.0], [280.0, 480.0], [0.0, 480.0], [0.0, 200.0]], [[456.48432962338916, 537.660381732697], [536.4843296233892, 337.66038173269703], [636.4843296233892, 337.66038173269703], [636.4843296233892, 537.660381732697], [456.48432962338916, 537.660381732697]], [[176.48432962338916, 580.0], [276.48432962338916, 580.0], [276.48432962338916, 760.0], [176.48432962338916, 760.0], [176.48432962338916, 580.0]], [[0.0, 756.4843296233892], [0.0, 476.48432962338916], [280.0, 476.48432962338916], [0.0, 756.4843296233892]], [[426.21514898313467, 0.0], [626.2151489831347, 0.0], [626.2151489831347, 200.0], [426.21514898313467, 280.0], [426.21514898313467, 0.0]], [[653.6893575705649, 346.2628957062849], [493.6893575705649, 266.2628957062849], [653.6893575705649, 186.2628957062849], [653.6893575705649, 346.2628957062849]], [[426.21514898313467, 0.0], [426.21514898313467, 280.0], [186.21514898313467, 140.0], [426.21514898313467, 0.0]]]"
Thu Jul 23 04:40:18 2020,2,3,True,663.0491729196231,0.8596647477744418,"[0, 0, 0, 3, 3, 0, 1, 1, 0, 3, 0, 0]","[[[0.0, 288.0], [200.0, 288.0], [200.0, 488.0], [0.0, 488.0], [0.0, 288.0]], [[0.0, 488.0], [200.0, 488.0], [200.0, 688.0], [0.0, 688.0], [0.0, 488.0]], [[200.0, 580.0], [480.0, 580.0], [480.0, 760.0], [200.0, 760.0], [200.0, 580.0]], [[200.0, 380.0], [200.0, 100.0], [340.0, 240.0], [200.0, 380.0]], [[660.0, 560.0], [480.0, 560.0], [660.0, 280.0], [660.0, 560.0]], [[380.0, 0.0], [660.0, 0.0], [660.0, 280.0], [380.0, 280.0], [380.0, 0.0]], [[660.0, 560.0], [580.0, 760.0], [480.0, 760.0], [480.0, 560.0], [660.0, 560.0]], [[180.0, 180.0], [180.0, 280.0], [0.0, 280.0], [0.0, 180.0], [180.0, 180.0]], [[100.0, 0.0], [380.0, 0.0], [380.0, 280.0], [100.0, 0.0]], [[200.0, 580.0], [200.0, 380.0], [400.0, 380.0], [480.0, 580.0], [200.0, 580.0]], [[0.0, 180.0], [80.0, 20.0], [160.0, 180.0], [0.0, 180.0]], [[341.6666666666667, 280.0], [621.6666666666667, 280.0], [481.6666666666667, 520.0], [341.6666666666667, 280.0]]]"
Thu Jul 23 04:41:03 2020,2,3,True,669.6796646488193,0.8511532156182592,"[0, 0, 0, 0, 1, 0, 1, 0, 1, 1, 0, 2]","[[[0.0, 0.0], [200.0, 0.0], [200.0, 200.0], [0.0, 200.0], [0.0, 0.0]], [[0.0, 200.0], [200.0, 200.0], [200.0, 400.0], [0.0, 400.0], [0.0, 200.0]], [[64.28571428571433, 580.0], [344.28571428571433, 580.0], [344.28571428571433, 760.0], [64.28571428571433, 760.0], [64.28571428571433, 580.0]], [[373.5468902341205, 16.132774414698815], [653.5468902341205, 16.132774414698815], [513.5468902341205, 156.13277441469882], [373.5468902341205, 16.132774414698815]], [[0.0, 400.0], [180.0, 400.0], [0.0, 680.0], [0.0, 400.0]], [[389.6796646488193, 480.0], [669.6796646488193, 480.0], [669.6796646488193, 760.0], [389.6796646488193, 760.0], [389.6796646488193, 480.0]], [[380.0, 0.0], [300.0, 200.0], [200.0, 200.0], [200.0, 0.0], [380.0, 0.0]], [[569.6796646488193, 280.0], [669.6796646488193, 280.0], [669.6796646488193, 460.0], [569.6796646488193, 460.0], [569.6796646488193, 280.0]], [[669.6796646488193, 0.0], [669.6796646488193, 280.0], [389.6796646488193, 280.0], [669.6796646488193, 0.0]], [[569.6796646488193, 280.0], [569.6796646488193, 480.0], [369.6796646488193, 480.0], [289.6796646488193, 280.0], [569.6796646488193, 280.0]], [[290.3203353511807, 219.35932929763862], [370.3203353511807, 59.359329297638624], [450.3203353511807, 219.35932929763862], [290.3203353511807, 219.35932929763862]], [[374.9999999999999, 580.0], [94.99999999999989, 580.0], [234.9999999999999, 340.0], [374.9999999999999, 580.0]]]"
Thu Jul 23 04:41:23 2020,2,1,True,676.3764612953075,0.8427259560576823,"[0, 0, 1, 1, 2, 0, 2, 0, 2, 2, 2, 3]","[[[300.0, 280.0], [500.0, 280.0], [500.0, 480.0], [300.0, 480.0], [300.0, 280.0]], [[468.57142857142867, 0.0], [668.5714285714287, 0.0], [668.5714285714287, 200.0], [468.57142857142867, 200.0], [468.57142857142867, 0.0]], [[180.0, 2.4100786127388574], [180.0, 282.41007861273886], [0.0, 282.41007861273886], [0.0, 2.4100786127388574], [180.0, 2.4100786127388574]], [[676.3764612953075, 223.62353870469246], [676.3764612953075, 503.62353870469246], [536.3764612953075, 363.62353870469246], [676.3764612953075, 223.62353870469246]], [[456.25098882462845, 0.0], [456.25098882462845, 180.0], [176.25098882462845, 0.0], [456.25098882462845, 0.0]], [[372.75292259061507, 480.0], [652.7529225906151, 480.0], [652.7529225906151, 760.0], [372.75292259061507, 760.0], [372.75292259061507, 480.0]], [[369.55293575559597, 729.552935755596], [169.55293575559597, 649.552935755596], [169.55293575559597, 549.552935755596], [369.55293575559597, 549.552935755596], [369.55293575559597, 729.552935755596]], [[0.0, 300.0], [100.0, 300.0], [100.0, 480.0], [0.0, 480.0], [0.0, 300.0]], [[280.0, 760.0], [0.0, 760.0], [0.0, 480.0], [280.0, 760.0]], [[300.0, 549.552935755596], [100.0, 549.552935755596], [100.0, 349.55293575559597], [300.0, 269.55293575559597], [300.0, 549.552935755596]], [[620.0, 200.0], [540.0, 360.0], [460.0, 200.0], [620.0, 200.0]], [[200.0, 309.552935755596], [200.0, 29.552935755596025], [440.0, 169.55293575559602], [200.0, 309.552935755596]]]"
Thu Jul 23 04:41:37 2020,2,1,True,683.1402259082606,0.8343821347105765,"[0, 0, 1, 0, 0, 0, 2, 0, 1, 1, 0, 3]","[[[182.10716858507624, 355.0], [382.10716858507624, 355.0], [382.10716858507624, 555.0], [182.10716858507624, 555.0], [182.10716858507624, 355.0]], [[369.3214028434952, 0.0], [569.3214028434952, 0.0], [569.3214028434952, 200.0], [369.3214028434952, 200.0], [369.3214028434952, 0.0]], [[182.10716858507624, 280.0], [182.10716858507624, 560.0], [2.107168585076238, 560.0], [2.107168585076238, 280.0], [182.10716858507624, 280.0]], [[369.1158176482155, 200.0], [649.1158176482155, 200.0], [509.1158176482155, 340.0], [369.1158176482155, 200.0]], [[182.10716858507624, 355.0], [182.10716858507624, 175.0], [462.10716858507624, 355.0], [182.10716858507624, 355.0]], [[382.10716858507624, 479.7944148047202], [662.1071685850762, 479.7944148047202], [662.1071685850762, 759.7944148047202], [382.10716858507624, 759.7944148047202], [382.10716858507624, 479.7944148047202]], [[369.3214028434952, 180.0], [169.3214028434952, 100.0], [169.3214028434952, 0.0], [369.3214028434952, 0.0], [369.3214028434952, 180.0]], [[569.3214028434952, 0.0], [669.3214028434952, 0.0], [669.3214028434952, 180.0], [569.3214028434952, 180.0], [569.3214028434952, 0.0]], [[662.1071685850762, 187.00864906313916], [662.1071685850762, 467.00864906313916], [382.10716858507624, 467.00864906313916], [662.1071685850762, 187.00864906313916]], [[369.3214028434952, 560.0], [369.3214028434952, 760.0], [169.3214028434952, 760.0], [89.3214028434952, 560.0], [369.3214028434952, 560.0]], [[0.0, 736.696492891262], [80.0, 576.696492891262], [160.0, 736.696492891262], [0.0, 736.696492891262]], [[0.0, 281.2291816746278], [0.0, 1.229181674627796], [240.0, 141.2291816746278], [0.0, 281.2291816746278]]]"
Thu Jul 23 04:41:49 2020,2,1,True,689.9716281673433,0.8261209254560163,"[0, 0, 1, 0, 0, 0, 2, 0, 1, 1, 3, 3]","[[[455.6090316766504, 0.0], [655.6090316766504, 0.0], [655.6090316766504, 200.0], [455.6090316766504, 200.0], [455.6090316766504, 0.0]], [[180.0, 340.0], [380.0, 340.0], [380.0, 540.0], [180.0, 540.0], [180.0, 340.0]], [[180.0, 280.0], [180.0, 560.0], [0.0, 560.0], [0.0, 280.0], [180.0, 280.0]], [[381.45346842468985, 200.0], [661.4534684246898, 200.0], [521.4534684246898, 340.0], [381.45346842468985, 200.0]], [[238.5312500506701, 337.07778162598026], [238.5312500506701, 157.07778162598026], [518.5312500506701, 337.07778162598026], [238.5312500506701, 337.07778162598026]], [[380.0, 479.7944148047202], [660.0, 479.7944148047202], [660.0, 759.7944148047202], [380.0, 759.7944148047202], [380.0, 479.7944148047202]], [[371.42857142857144, 180.0], [171.42857142857144, 100.0], [171.42857142857144, 0.0], [371.42857142857144, 0.0], [371.42857142857144, 180.0]], [[280.0, 540.0], [380.0, 540.0], [380.0, 720.0], [280.0, 720.0], [280.0, 540.0]], [[661.6590536199697, 199.7944148047202], [661.6590536199697, 479.7944148047202], [381.65905361996965, 479.7944148047202], [661.6590536199697, 199.7944148047202]], [[280.0, 560.0], [280.0, 760.0], [80.0, 760.0], [0.0, 560.0], [280.0, 560.0]], [[238.5312500506701, 314.19010413710913], [78.53125005067011, 234.19010413710913], [238.5312500506701, 154.19010413710913], [238.5312500506701, 314.19010413710913]], [[0.0, 280.0], [0.0, 0.0], [240.0, 140.0], [0.0, 280.0]]]"
Thu Jul 23 04:41:49 2020,2,0,True,662.3727630406495,0.8605426306833505,"[0, 0, 1, 0, 0, 0, 2, 0, 1, 1, 3, 3]","[[[455.6090316766504, 0.0], [655.6090316766504, 0.0], [655.6090316766504, 200.0], [455.6090316766504, 200.0], [455.6090316766504, 0.0]], [[180.0, 340.0], [380.0, 340.0], [380.0, 540.0], [180.0, 540.0], [180.0, 340.0]], [[180.0, 280.0], [180.0, 560.0], [0.0, 560.0], [0.0, 280.0], [180.0, 280.0]], [[381.45346842468985, 200.0], [661.4534684246898, 200.0], [521.4534684246898, 340.0], [381.45346842468985, 200.0]], [[238.5312500506701, 337.07778162598026], [238.5312500506701, 157.07778162598026], [518.5312500506701, 337.07778162598026], [238.5312500506701, 337.07778162598026]], [[380.0, 479.7944148047202], [660.0, 479.7944148047202], [660.0, 759.7944148047202], [380.0, 759.7944148047202], [380.0, 479.7944148047202]], [[371.42857142857144, 180.0], [171.42857142857144, 100.0], [171.42857142857144, 0.0], [371.42857142857144, 0.0], [371.42857142857144, 180.0]], [[280.0, 540.0], [380.0, 540.0], [380.0, 720.0], [280.0, 720.0], [280.0, 540.0]], [[661.6590536199697, 199.7944148047202], [661.6590536199697, 479.7944148047202], [381.65905361996965, 479.7944148047202], [661.6590536199697, 199.7944148047202]], [[280.0, 560.0], [280.0, 760.0], [80.0, 760.0], [0.0, 560.0], [280.0, 560.0]], [[238.5312500506701, 314.19010413710913], [78.53125005067011, 234.19010413710913], [238.5312500506701, 154.19010413710913], [238.5312500506701, 314.19010413710913]], [[0.0, 280.0], [0.0, 0.0], [240.0, 140.0], [0.0, 280.0]]]"
Thu Jul 23 04:42:59 2020,2,3,True,668.996490671056,0.8520224066171785,"[0, 0, 1, 2, 1, 0, 2, 0, 2, 1, 0, 1]","[[[468.996490671056, 380.0], [668.996490671056, 380.0], [668.996490671056, 580.0], [468.996490671056, 580.0], [468.996490671056, 380.0]], [[0.0, 560.0], [200.0, 560.0], [200.0, 760.0], [0.0, 760.0], [0.0, 560.0]], [[180.0, 280.0], [180.0, 560.0], [0.0, 560.0], [0.0, 280.0], [180.0, 280.0]], [[668.996490671056, 140.0], [388.996490671056, 140.0], [528.996490671056, 0.0], [668.996490671056, 140.0]], [[280.0, 0.0], [460.0, 0.0], [280.0, 280.0], [280.0, 0.0]], [[0.0, 0.0], [280.0, 0.0], [280.0, 280.0], [0.0, 280.0], [0.0, 0.0]], [[656.8421052631579, 760.0], [456.8421052631579, 680.0], [456.8421052631579, 580.0], [656.8421052631579, 580.0], [656.8421052631579, 760.0]], [[180.0, 280.0], [280.0, 280.0], [280.0, 460.0], [180.0, 460.0], [180.0, 280.0]], [[480.0, 760.0], [200.0, 760.0], [200.0, 480.0], [480.0, 760.0]], [[668.996490671056, 140.0], [668.996490671056, 340.0], [468.996490671056, 340.0], [388.996490671056, 140.0], [668.996490671056, 140.0]], [[280.0, 315.55555555555554], [360.0, 155.55555555555554], [440.0, 315.55555555555554], [280.0, 315.55555555555554]], [[456.84210526315786, 356.8421052631579], [456.84210526315786, 636.8421052631579], [216.84210526315786, 496.8421052631579], [456.84210526315786, 356.8421052631579]]]"
Thu Jul 23 04:44:16 2020,2,3,True,675.6864555777665,0.8435865412051273,"[0, 0, 1, 3, 3, 0, 3, 0, 0, 3, 1, 1]","[[[0.0, 280.0], [200.0, 280.0], [200.0, 480.0], [0.0, 480.0], [0.0, 280.0]], [[235.68645557776654, 251.53295292523478], [435.68645557776654, 251.53295292523478], [435.68645557776654, 451.5329529252348], [235.68645557776654, 451.5329529252348], [235.68645557776654, 251.53295292523478]], [[180.0, 0.0], [180.0, 280.0], [0.0, 280.0], [0.0, 0.0], [180.0, 0.0]], [[460.0, 370.3570367026351], [460.0, 90.35703670263513], [600.0, 230.35703670263513], [460.0, 370.3570367026351]], [[477.41404116622226, 760.0], [297.41404116622226, 760.0], [477.41404116622226, 480.0], [477.41404116622226, 760.0]], [[0.0, 480.0], [280.0, 480.0], [280.0, 760.0], [0.0, 760.0], [0.0, 480.0]], [[495.68645557776654, 760.0], [575.6864555777665, 560.0], [675.6864555777665, 560.0], [675.6864555777665, 760.0], [495.68645557776654, 760.0]], [[280.0, 451.5329529252348], [380.0, 451.5329529252348], [380.0, 631.5329529252348], [280.0, 631.5329529252348], [280.0, 451.5329529252348]], [[369.6429632973649, 0.0], [649.6429632973649, 0.0], [649.6429632973649, 280.0], [369.6429632973649, 0.0]], [[180.0, 245.1022227954827], [180.0, 45.1022227954827], [380.0, 45.1022227954827], [460.0, 245.1022227954827], [180.0, 245.1022227954827]], [[477.41404116622226, 442.4823877630315], [637.4140411662222, 522.4823877630315], [477.41404116622226, 602.4823877630315], [477.41404116622226, 442.4823877630315]], [[675.6864555777665, 264.80796283643235], [675.6864555777665, 544.8079628364324], [435.68645557776654, 404.80796283643235], [675.6864555777665, 264.80796283643235]]]"
Thu Jul 23 04:44:32 2020,2,1,True,682.4433201335443,0.8352341992129974,"[0, 0, 1, 3, 3, 0, 2, 0, 0, 0, 0, 3]","[[[0.0, 280.0], [200.0, 280.0], [200.0, 480.0], [0.0, 480.0], [0.0, 280.0]], [[200.0, 272.0], [400.0, 272.0], [400.0, 472.0], [200.0, 472.0], [200.0, 272.0]], [[180.0, 0.0], [180.0, 280.0], [0.0, 280.0], [0.0, 0.0], [180.0, 0.0]], [[490.57142857142856, 711.4244160882469], [490.57142857142856, 431.42441608824686], [630.5714285714286, 571.4244160882469], [490.57142857142856, 711.4244160882469]], [[490.57142857142856, 760.0], [310.57142857142856, 760.0], [490.57142857142856, 480.0], [490.57142857142856, 760.0]], [[0.0, 480.0], [280.0, 480.0], [280.0, 760.0], [0.0, 760.0], [0.0, 480.0]], [[682.4433201335443, 508.1731727130931], [482.44332013354426, 428.1731727130931], [482.44332013354426, 328.1731727130931], [682.4433201335443, 328.1731727130931], [682.4433201335443, 508.1731727130931]], [[280.0, 472.0], [380.0, 472.0], [380.0, 652.0], [280.0, 652.0], [280.0, 472.0]], [[402.44332013354426, 0.0], [682.4433201335443, 0.0], [682.4433201335443, 280.0], [402.44332013354426, 0.0]], [[180.0, 0.0], [380.0, 0.0], [380.0, 200.0], [180.0, 280.0], [180.0, 0.0]], [[521.9958446596754, 760.0], [601.9958446596754, 600.0], [681.9958446596754, 760.0], [521.9958446596754, 760.0]], [[399.1842713207609, 376.74095118721664], [399.1842713207609, 96.74095118721664], [639.1842713207609, 236.74095118721664], [399.1842713207609, 376.74095118721664]]]"
Thu Jul 23 04:44:41 2020,2,0,True,655.1455873282025,0.8700356241802055,"[0, 0, 1, 2, 3, 0, 1, 0, 0, 0, 2, 3]","[[[0.0, 280.0], [200.0, 280.0], [200.0, 480.0], [0.0, 480.0], [0.0, 280.0]], [[200.0, 280.0], [400.0, 280.0], [400.0, 480.0], [200.0, 480.0], [200.0, 280.0]], [[654.5242645547004, 480.0], [654.5242645547004, 760.0], [474.5242645547004, 760.0], [474.5242645547004, 480.0], [654.5242645547004, 480.0]], [[617.5727936641013, 242.42720633589875], [337.57279366410125, 242.42720633589875], [477.57279366410125, 102.42720633589875], [617.5727936641013, 242.42720633589875]], [[466.8226588970167, 760.0], [286.8226588970167, 760.0], [466.8226588970167, 480.0], [466.8226588970167, 760.0]], [[0.0, 480.0], [280.0, 480.0], [280.0, 760.0], [0.0, 760.0], [0.0, 480.0]], [[580.0, 242.42720633589875], [500.0, 442.42720633589875], [400.0, 442.42720633589875], [400.0, 242.42720633589875], [580.0, 242.42720633589875]], [[555.1455873282025, 300.0], [655.1455873282025, 300.0], [655.1455873282025, 480.0], [555.1455873282025, 480.0], [555.1455873282025, 300.0]], [[375.1455873282025, 0.0], [655.1455873282025, 0.0], [655.1455873282025, 280.0], [375.1455873282025, 0.0]], [[0.0, 0.0], [200.0, 0.0], [200.0, 200.0], [0.0, 280.0], [0.0, 0.0]], [[440.0, 480.0], [360.0, 640.0], [280.0, 480.0], [440.0, 480.0]], [[200.0, 280.0], [200.0, 0.0], [440.0, 140.0], [200.0, 280.0]]]"
Thu Jul 23 04:45:04 2020,2,1,True,661.6970432014846,0.8614214100794113,"[0, 0, 0, 3, 0, 0, 1, 0, 0, 1, 2, 2]","[[[173.04347826086962, 400.0], [373.0434782608696, 400.0], [373.0434782608696, 600.0], [173.04347826086962, 600.0], [173.04347826086962, 400.0]], [[0.0, 0.0], [200.0, 0.0], [200.0, 200.0], [0.0, 200.0], [0.0, 0.0]], [[381.6970432014846, 280.0], [661.6970432014846, 280.0], [661.6970432014846, 460.0], [381.6970432014846, 460.0], [381.6970432014846, 280.0]], [[0.0, 520.0], [0.0, 240.0], [140.0, 380.0], [0.0, 520.0]], [[0.0, 760.0], [0.0, 580.0], [280.0, 760.0], [0.0, 760.0]], [[380.0, 0.0], [660.0, 0.0], [660.0, 280.0], [380.0, 280.0], [380.0, 0.0]], [[380.0, 0.0], [300.0, 200.0], [200.0, 200.0], [200.0, 0.0], [380.0, 0.0]], [[73.04347826086959, 446.9565217391304], [173.0434782608696, 446.9565217391304], [173.0434782608696, 626.9565217391304], [73.04347826086959, 626.9565217391304], [73.04347826086959, 446.9565217391304]], [[381.6970432014846, 460.0], [661.6970432014846, 460.0], [661.6970432014846, 740.0], [381.6970432014846, 460.0]], [[348.0, 200.0], [348.0, 400.0], [148.0, 400.0], [68.0, 200.0], [348.0, 200.0]], [[360.0, 600.0], [280.0, 760.0], [200.0, 600.0], [360.0, 600.0]], [[581.6970432014846, 760.0], [301.6970432014846, 760.0], [441.6970432014846, 520.0], [581.6970432014846, 760.0]]]"
Thu Jul 23 04:45:22 2020,2,1,True,668.3140136334994,0.85289248522714,"[0, 0, 1, 2, 1, 0, 3, 1, 1, 3, 2, 0]","[[[0.0, 200.0], [200.0, 200.0], [200.0, 400.0], [0.0, 400.0], [0.0, 200.0]], [[280.0, 560.0], [480.0, 560.0], [480.0, 760.0], [280.0, 760.0], [280.0, 560.0]], [[660.0, 480.0], [660.0, 760.0], [480.0, 760.0], [480.0, 480.0], [660.0, 480.0]], [[492.8571428571429, 460.0], [212.8571428571429, 460.0], [352.8571428571429, 320.0], [492.8571428571429, 460.0]], [[200.0, 200.0], [380.0, 200.0], [200.0, 480.0], [200.0, 200.0]], [[0.0, 480.0], [280.0, 480.0], [280.0, 760.0], [0.0, 760.0], [0.0, 480.0]], [[480.0, 480.0], [560.0, 280.0], [660.0, 280.0], [660.0, 480.0], [480.0, 480.0]], [[460.0, 460.0], [460.0, 560.0], [280.0, 560.0], [280.0, 460.0], [460.0, 460.0]], [[643.3333333333334, 0.0], [643.3333333333334, 280.0], [363.33333333333337, 280.0], [643.3333333333334, 0.0]], [[0.0, 200.0], [0.0, 0.0], [200.0, 0.0], [280.0, 200.0], [0.0, 200.0]], [[552.8571428571429, 280.0], [472.8571428571429, 440.0], [392.8571428571429, 280.0], [552.8571428571429, 280.0]], [[263.33333333333337, 0.0], [543.3333333333334, 0.0], [403.33333333333337, 240.0], [263.33333333333337, 0.0]]]"
Thu Jul 23 04:45:53 2020,2,1,True,674.9971537698344,0.844448005175386,"[0, 0, 1, 2, 3, 0, 2, 0, 3, 0, 3, 3]","[[[274.9971537698344, 0.0], [474.9971537698344, 0.0], [474.9971537698344, 200.0], [274.9971537698344, 200.0], [274.9971537698344, 0.0]], [[0.0, 280.0], [200.0, 280.0], [200.0, 480.0], [0.0, 480.0], [0.0, 280.0]], [[665.7142857142859, 480.0], [665.7142857142859, 760.0], [485.7142857142859, 760.0], [485.7142857142859, 480.0], [665.7142857142859, 480.0]], [[280.0, 280.0], [0.0, 280.0], [140.0, 140.0], [280.0, 280.0]], [[460.0, 760.0], [280.0, 760.0], [460.0, 480.0], [460.0, 760.0]], [[0.0, 480.0], [280.0, 480.0], [280.0, 760.0], [0.0, 760.0], [0.0, 480.0]], [[660.0, 460.0], [460.0, 380.0], [460.0, 280.0], [660.0, 280.0], [660.0, 460.0]], [[200.0, 280.0], [300.0, 280.0], [300.0, 460.0], [200.0, 460.0], [200.0, 280.0]], [[0.0, 280.0], [0.0, 0.0], [280.0, 0.0], [0.0, 280.0]], [[474.9971537698344, 0.0], [674.9971537698344, 0.0], [674.9971537698344, 200.0], [474.9971537698344, 280.0], [474.9971537698344, 0.0]], [[460.0, 360.0], [300.0, 280.0], [460.0, 200.0], [460.0, 360.0]], [[300.0, 573.3333333333334], [300.0, 293.33333333333337], [540.0, 433.33333333333337], [300.0, 573.3333333333334]]]"
Thu Jul 23 04:46:29 2020,2,1,True,681.7471253075328,0.8360871338370159,"[0, 0, 0, 1, 0, 0, 0, 0, 0, 3, 1, 1]","[[[0.0, 280.0], [200.0, 280.0], [200.0, 480.0], [0.0, 480.0], [0.0, 280.0]], [[201.74712530753277, 0.0], [401.74712530753277, 0.0], [401.74712530753277, 200.0], [201.74712530753277, 200.0], [201.74712530753277, 0.0]], [[401.74712530753277, 0.0], [681.7471253075328, 0.0], [681.7471253075328, 180.0], [401.74712530753277, 180.0], [401.74712530753277, 0.0]], [[140.0, 0.0], [140.0, 280.0], [0.0, 140.0], [140.0, 0.0]], [[401.74712530753277, 760.0], [401.74712530753277, 580.0], [681.7471253075328, 760.0], [401.74712530753277, 760.0]], [[0.0, 480.0], [280.0, 480.0], [280.0, 760.0], [0.0, 760.0], [0.0, 480.0]], [[280.0, 400.0], [480.0, 480.0], [480.0, 580.0], [280.0, 580.0], [280.0, 400.0]], [[280.0, 580.0], [380.0, 580.0], [380.0, 760.0], [280.0, 760.0], [280.0, 580.0]], [[401.74712530753277, 180.0], [681.7471253075328, 180.0], [681.7471253075328, 460.0], [401.74712530753277, 180.0]], [[200.0, 400.0], [200.0, 200.0], [400.0, 200.0], [480.0, 400.0], [200.0, 400.0]], [[480.0, 354.60222407211563], [640.0, 434.60222407211563], [480.0, 514.6022240721156], [480.0, 354.60222407211563]], [[678.9742210350172, 463.93170439624], [678.9742210350172, 743.93170439624], [438.9742210350172, 603.93170439624], [678.9742210350172, 463.93170439624]]]"
Thu Jul 23 04:47:52 2020,2,3,True,688.5645965606082,0.827809043402986,"[0, 0, 0, 1, 1, 0, 1, 1, 1, 0, 0, 2]","[[[480.0, 0.0], [680.0, 0.0], [680.0, 200.0], [480.0, 200.0], [480.0, 0.0]], [[0.0, 280.0], [200.0, 280.0], [200.0, 480.0], [0.0, 480.0], [0.0, 280.0]], [[360.0, 300.0], [640.0, 300.0], [640.0, 480.0], [360.0, 480.0], [360.0, 300.0]], [[688.5645965606082, 438.4354678835027], [688.5645965606082, 718.4354678835027], [548.5645965606082, 578.4354678835027], [688.5645965606082, 438.4354678835027]], [[300.0, 480.0], [480.0, 480.0], [300.0, 760.0], [300.0, 480.0]], [[200.0, 0.0], [480.0, 0.0], [480.0, 280.0], [200.0, 280.0], [200.0, 0.0]], [[180.0, 480.0], [100.0, 680.0], [0.0, 680.0], [0.0, 480.0], [180.0, 480.0]], [[660.0, 200.0], [660.0, 300.0], [480.0, 300.0], [480.0, 200.0], [660.0, 200.0]], [[300.0, 480.0], [300.0, 760.0], [20.0, 760.0], [300.0, 480.0]], [[0.0, 0.0], [200.0, 0.0], [200.0, 200.0], [0.0, 280.0], [0.0, 0.0]], [[200.0, 440.0], [280.0, 280.0], [360.0, 440.0], [200.0, 440.0]], [[654.4772402952315, 760.0], [374.47724029523147, 760.0], [514.4772402952315, 520.0], [654.4772402952315, 760.0]]]"
Thu Jul 23 04:47:53 2020,2,0,True,661.0220126981839,0.8623010868781104,"[0, 0, 1, 1, 1, 0, 1, 1, 1, 3, 2, 2]","[[[0.0, 80.0], [200.0, 80.0], [200.0, 280.0], [0.0, 280.0], [0.0, 80.0]], [[0.0, 280.0], [200.0, 280.0], [200.0, 480.0], [0.0, 480.0], [0.0, 280.0]], [[660.0, 160.68134179878928], [660.0, 440.6813417987893], [480.0, 440.6813417987893], [480.0, 160.68134179878928], [660.0, 160.68134179878928]], [[661.0220126981839, 480.0], [661.0220126981839, 760.0], [521.0220126981839, 620.0], [661.0220126981839, 480.0]], [[300.0, 480.0], [480.0, 480.0], [300.0, 760.0], [300.0, 480.0]], [[200.0, 0.0], [480.0, 0.0], [480.0, 280.0], [200.0, 280.0], [200.0, 0.0]], [[180.0, 480.0], [100.0, 680.0], [0.0, 680.0], [0.0, 480.0], [180.0, 480.0]], [[660.0, 0.0], [660.0, 100.0], [480.0, 100.0], [480.0, 0.0], [660.0, 0.0]], [[300.0, 480.0], [300.0, 760.0], [20.0, 760.0], [300.0, 480.0]], [[196.068134179879, 480.0], [196.068134179879, 280.0], [396.068134179879, 280.0], [476.068134179879, 480.0], [196.068134179879, 480.0]], [[620.3406708993947, 440.6813417987893], [540.3406708993947, 600.6813417987893], [460.3406708993947, 440.6813417987893], [620.3406708993947, 440.6813417987893]], [[594.2857142857142, 760.0], [314.2857142857142, 760.0], [454.2857142857142, 520.0], [594.2857142857142, 760.0]]]"
Thu Jul 23 04:48:12 2020,2,1,True,667.6322328251657,0.8537634523545646,"[0, 0, 1, 2, 2, 0, 0, 0, 0, 1, 2, 3]","[[[180.0, 539.3792788981077], [380.0, 539.3792788981077], [380.0, 739.3792788981077], [180.0, 739.3792788981077], [180.0, 539.3792788981077]], [[6.541913850142151, 276.18388358741714], [206.54191385014215, 276.18388358741714], [206.54191385014215, 476.18388358741714], [6.541913850142151, 476.18388358741714], [6.541913850142151, 276.18388358741714]], [[180.0, 476.1838835874171], [180.0, 756.1838835874171], [0.0, 756.1838835874171], [0.0, 476.1838835874171], [180.0, 476.1838835874171]], [[383.81611641258286, 276.18388358741714], [103.81611641258286, 276.18388358741714], [243.81611641258286, 136.18388358741714], [383.81611641258286, 276.18388358741714]], [[567.6322328251657, 480.0], [567.6322328251657, 660.0], [287.6322328251657, 480.0], [567.6322328251657, 480.0]], [[387.6322328251657, 0.0], [667.6322328251657, 0.0], [667.6322328251657, 280.0], [387.6322328251657, 280.0], [387.6322328251657, 0.0]], [[380.0, 580.0], [580.0, 660.0], [580.0, 760.0], [380.0, 760.0], [380.0, 580.0]], [[567.6322328251657, 475.0528931300663], [667.6322328251657, 475.0528931300663], [667.6322328251657, 655.0528931300663], [567.6322328251657, 655.0528931300663], [567.6322328251657, 475.0528931300663]], [[107.63223282516572, 0.0], [387.6322328251657, 0.0], [387.6322328251657, 280.0], [107.63223282516572, 0.0]], [[486.5419138501421, 280.0], [486.5419138501421, 480.0], [286.5419138501421, 480.0], [206.54191385014212, 280.0], [486.5419138501421, 280.0]], [[655.6322328251657, 280.0], [575.6322328251657, 440.0], [495.6322328251657, 280.0], [655.6322328251657, 280.0]], [[0.0, 280.0], [0.0, 0.0], [240.0, 140.0], [0.0, 280.0]]]"
Thu Jul 23 04:48:31 2020,2,1,True,674.3085551534174,0.8453103488659056,"[0, 0, 0, 2, 2, 0, 0, 1, 0, 1, 1, 2]","[[[460.0, 380.0], [660.0, 380.0], [660.0, 580.0], [460.0, 580.0], [460.0, 380.0]], [[0.0, 218.97879214643677], [200.0, 218.97879214643677], [200.0, 418.9787921464368], [0.0, 418.9787921464368], [0.0, 218.97879214643677]], [[394.3085551534174, 200.0], [674.3085551534174, 200.0], [674.3085551534174, 380.0], [394.3085551534174, 380.0], [394.3085551534174, 200.0]], [[299.9057356585958, 218.97879214643677], [19.905735658595802, 218.97879214643677], [159.9057356585958, 78.97879214643677], [299.9057356585958, 218.97879214643677]], [[640.926943512159, 580.0], [640.926943512159, 760.0], [360.926943512159, 580.0], [640.926943512159, 580.0]], [[0.0, 480.0], [280.0, 480.0], [280.0, 760.0], [0.0, 760.0], [0.0, 480.0]], [[280.0, 580.0], [480.0, 660.0], [480.0, 760.0], [280.0, 760.0], [280.0, 580.0]], [[460.0, 480.0], [460.0, 580.0], [280.0, 580.0], [280.0, 480.0], [460.0, 480.0]], [[80.92694351215903, 0.0], [360.926943512159, 0.0], [360.926943512159, 280.0], [80.92694351215903, 0.0]], [[640.926943512159, 0.0], [640.926943512159, 200.0], [440.926943512159, 200.0], [360.926943512159, 0.0], [640.926943512159, 0.0]], [[0.0, 0.0], [160.0, 80.0], [0.0, 160.0], [0.0, 0.0]], [[444.4042954187547, 480.0], [164.4042954187547, 480.0], [304.4042954187547, 240.0], [444.4042954187547, 480.0]]]"
Thu Jul 23 04:48:43 2020,2,1,True,681.0516407049515,0.8369409394711937,"[0, 0, 1, 2, 1, 0, 3, 0, 0, 3, 1, 0]","[[[460.0, 455.51892560558554], [660.0, 455.51892560558554], [660.0, 655.5189256055855], [460.0, 655.5189256055855], [460.0, 455.51892560558554]], [[447.3362129472806, 0.0], [647.3362129472806, 0.0], [647.3362129472806, 200.0], [447.3362129472806, 200.0], [447.3362129472806, 0.0]], [[180.0, 199.33045371938607], [180.0, 479.33045371938607], [0.0, 479.33045371938607], [0.0, 199.33045371938607], [180.0, 199.33045371938607]], [[560.0, 760.0], [280.0, 760.0], [420.0, 620.0], [560.0, 760.0]], [[280.0, 480.0], [460.0, 480.0], [280.0, 760.0], [280.0, 480.0]], [[0.0, 480.0], [280.0, 480.0], [280.0, 760.0], [0.0, 760.0], [0.0, 480.0]], [[500.94729339674177, 455.51892560558554], [580.9472933967418, 255.51892560558554], [680.9472933967418, 255.51892560558554], [680.9472933967418, 455.51892560558554], [500.94729339674177, 455.51892560558554]], [[347.3362129472806, 0.0], [447.3362129472806, 0.0], [447.3362129472806, 180.0], [347.3362129472806, 180.0], [347.3362129472806, 0.0]], [[40.66954628061393, 0.0], [320.66954628061393, 0.0], [320.66954628061393, 280.0], [40.66954628061393, 0.0]], [[180.0, 480.0], [180.0, 280.0], [380.0, 280.0], [460.0, 480.0], [180.0, 480.0]], [[0.0, 39.33045371938607], [160.0, 119.33045371938607], [0.0, 199.33045371938607], [0.0, 39.33045371938607]], [[333.33333333333337, 200.0], [613.3333333333334, 200.0], [473.33333333333337, 440.0], [333.33333333333337, 200.0]]]"
Thu Jul 23 04:48:56 2020,2,1,True,687.862157112001,0.8286543955160334,"[0, 0, 0, 3, 2, 0, 3, 1, 0, 3, 2, 3]","[[[0.0, 106.19042492324661], [200.0, 106.19042492324661], [200.0, 306.1904249232466], [0.0, 306.1904249232466], [0.0, 106.19042492324661]], [[0.0, 306.1904249232466], [200.0, 306.1904249232466], [200.0, 506.1904249232466], [0.0, 506.1904249232466], [0.0, 306.1904249232466]], [[373.8095750767534, 0.0], [653.8095750767534, 0.0], [653.8095750767534, 180.0], [373.8095750767534, 180.0], [373.8095750767534, 0.0]], [[200.0, 386.1904249232466], [200.0, 106.19042492324661], [340.0, 246.1904249232466], [200.0, 386.1904249232466]], [[687.862157112001, 460.0], [687.862157112001, 640.0], [407.862157112001, 460.0], [687.862157112001, 460.0]], [[387.908442031553, 180.0], [667.908442031553, 180.0], [667.908442031553, 460.0], [387.908442031553, 460.0], [387.908442031553, 180.0]], [[197.0297027672585, 513.6161680051003], [277.0297027672585, 313.61616800510035], [377.0297027672585, 313.61616800510035], [377.0297027672585, 513.6161680051003], [197.0297027672585, 513.6161680051003]], [[684.6837326730525, 660.0], [684.6837326730525, 760.0], [504.68373267305253, 760.0], [504.68373267305253, 660.0], [684.6837326730525, 660.0]], [[93.80957507675339, 0.0], [373.8095750767534, 0.0], [373.8095750767534, 280.0], [93.80957507675339, 0.0]], [[0.0, 713.6161680051003], [0.0, 513.6161680051003], [200.0, 513.6161680051003], [280.0, 713.6161680051003], [0.0, 713.6161680051003]], [[360.0, 513.6161680051003], [280.0, 673.6161680051003], [200.0, 513.6161680051003], [360.0, 513.6161680051003]], [[377.0297027672585, 734.4648507783799], [377.0297027672585, 454.46485077837986], [617.0297027672585, 594.4648507783799], [377.0297027672585, 734.4648507783799]]]"
Thu Jul 23 04:49:07 2020,2,1,True,694.740778683121,0.8204498965505282,"[0, 0, 1, 2, 0, 0, 3, 1, 0, 0, 2, 2]","[[[0.0, 280.0], [200.0, 280.0], [200.0, 480.0], [0.0, 480.0], [0.0, 280.0]], [[470.0, 560.0], [670.0, 560.0], [670.0, 760.0], [470.0, 760.0], [470.0, 560.0]], [[180.0, 480.0], [180.0, 760.0], [0.0, 760.0], [0.0, 480.0], [180.0, 480.0]], [[460.0, 280.0], [180.0, 280.0], [320.0, 140.0], [460.0, 280.0]], [[0.0, 180.0], [0.0, 0.0], [280.0, 180.0], [0.0, 180.0]], [[380.0, 280.0], [660.0, 280.0], [660.0, 560.0], [380.0, 560.0], [380.0, 280.0]], [[200.0, 480.0], [280.0, 280.0], [380.0, 280.0], [380.0, 480.0], [200.0, 480.0]], [[180.0, 180.0], [180.0, 280.0], [0.0, 280.0], [0.0, 180.0], [180.0, 180.0]], [[180.0, 0.0], [460.0, 0.0], [460.0, 280.0], [180.0, 0.0]], [[460.3476708275209, 0.0], [660.3476708275209, 0.0], [660.3476708275209, 200.0], [460.3476708275209, 280.0], [460.3476708275209, 0.0]], [[340.0, 480.0], [260.0, 640.0], [180.0, 480.0], [340.0, 480.0]], [[470.00000000000006, 760.0], [190.00000000000006, 760.0], [330.00000000000006, 520.0], [470.00000000000006, 760.0]]]"
Thu Jul 23 04:49:07 2020,2,0,True,666.9511475357962,0.8546353089068002,"[0, 0, 1, 2, 0, 0, 3, 1, 0, 0, 2, 2]","[[[0.0, 280.0], [200.0, 280.0], [200.0, 480.0], [0.0, 480.0], [0.0, 280.0]], [[466.95114753579617, 560.0], [666.9511475357962, 560.0], [666.9511475357962, 760.0], [466.95114753579617, 760.0], [466.95114753579617, 560.0]], [[180.0, 480.0], [180.0, 760.0], [0.0, 760.0], [0.0, 480.0], [180.0, 480.0]], [[460.0, 280.0], [180.0, 280.0], [320.0, 140.0], [460.0, 280.0]], [[0.0, 180.0], [0.0, 0.0], [280.0, 180.0], [0.0, 180.0]], [[380.0, 280.0], [660.0, 280.0], [660.0, 560.0], [380.0, 560.0], [380.0, 280.0]], [[200.0, 480.0], [280.0, 280.0], [380.0, 280.0], [380.0, 480.0], [200.0, 480.0]], [[180.0, 180.0], [180.0, 280.0], [0.0, 280.0], [0.0, 180.0], [180.0, 180.0]], [[180.0, 0.0], [460.0, 0.0], [460.0, 280.0], [180.0, 0.0]], [[460.3476708275209, 0.0], [660.3476708275209, 0.0], [660.3476708275209, 200.0], [460.3476708275209, 280.0], [460.3476708275209, 0.0]], [[340.0, 480.0], [260.0, 640.0], [180.0, 480.0], [340.0, 480.0]], [[470.00000000000006, 760.0], [190.00000000000006, 760.0], [330.00000000000006, 520.0], [470.00000000000006, 760.0]]]"
Thu Jul 23 04:49:29 2020,2,1,True,673.6206590111541,0.8461735731750497,"[0, 0, 0, 1, 1, 0, 3, 1, 2, 1, 0, 0]","[[[0.0, 279.99999999999994], [200.0, 279.99999999999994], [200.0, 479.99999999999994], [0.0, 479.99999999999994], [0.0, 279.99999999999994]], [[0.0, 480.0], [200.0, 480.0], [200.0, 680.0], [0.0, 680.0], [0.0, 480.0]], [[322.8571428571429, 0.0], [602.8571428571429, 0.0], [602.8571428571429, 180.0], [322.8571428571429, 180.0], [322.8571428571429, 0.0]], [[366.6666666666667, 366.66666666666674], [366.6666666666667, 646.6666666666667], [226.66666666666669, 506.66666666666674], [366.6666666666667, 366.66666666666674]], [[3.552713678800501e-14, 0.0], [180.00000000000003, 0.0], [3.552713678800501e-14, 280.0], [3.552713678800501e-14, 0.0]], [[386.66666666666674, 280.0], [666.6666666666667, 280.0], [666.6666666666667, 560.0], [386.66666666666674, 560.0], [386.66666666666674, 280.0]], [[142.85714285714292, 200.0], [222.85714285714292, 0.0], [322.8571428571429, 0.0], [322.8571428571429, 200.0], [142.85714285714292, 200.0]], [[613.3333333333334, 180.0], [613.3333333333334, 280.0], [433.33333333333337, 280.0], [433.33333333333337, 180.0], [613.3333333333334, 180.0]], [[479.99999999999994, 760.0], [199.99999999999994, 760.0], [199.99999999999994, 480.0], [479.99999999999994, 760.0]], [[673.6206590111541, 560.0], [673.6206590111541, 760.0], [473.6206590111541, 760.0], [393.6206590111541, 560.0], [673.6206590111541, 560.0]], [[22.85714285714289, 279.99999999999994], [102.85714285714289, 119.99999999999994], [182.8571428571429, 279.99999999999994], [22.85714285714289, 279.99999999999994]], [[153.33333333333337, 200.0], [433.33333333333337, 200.0], [293.33333333333337, 440.0], [153.33333333333337, 200.0]]]"
Thu Jul 23 04:49:44 2020,2,1,True,680.3568656012657,0.8377956170049997,"[0, 0, 0, 0, 2, 0, 0, 0, 1, 0, 1, 0]","[[[200.0, 560.0], [400.0, 560.0], [400.0, 760.0], [200.0, 760.0], [200.0, 560.0]], [[0.0, 560.0], [200.0, 560.0], [200.0, 760.0], [0.0, 760.0], [0.0, 560.0]], [[100.0, 0.0], [380.0, 0.0], [380.0, 180.0], [100.0, 180.0], [100.0, 0.0]], [[380.0, 0.0], [660.0, 0.0], [520.0, 140.0], [380.0, 0.0]], [[680.0, 560.0], [680.0, 740.0], [400.0, 560.0], [680.0, 560.0]], [[400.0, 280.0], [680.0, 280.0], [680.0, 560.0], [400.0, 560.0], [400.0, 280.0]], [[200.0, 380.0], [400.0, 460.0], [400.0, 560.0], [200.0, 560.0], [200.0, 380.0]], [[0.0, 100.0], [100.0, 100.0], [100.0, 280.0], [0.0, 280.0], [0.0, 100.0]], [[660.0, 0.0], [660.0, 280.0], [380.0, 280.0], [660.0, 0.0]], [[0.0, 280.0], [200.0, 280.0], [200.0, 480.0], [0.0, 560.0], [0.0, 280.0]], [[400.0, 582.8571428571429], [560.0, 662.8571428571429], [400.0, 742.8571428571429], [400.0, 582.8571428571429]], [[158.33333333333331, 180.0], [438.3333333333333, 180.0], [298.3333333333333, 420.0], [158.33333333333331, 180.0]]]"
Thu Jul 23 04:50:26 2020,2,3,True,687.1604342572783,0.8295006108960393,"[0, 0, 1, 0, 0, 0, 3, 0, 2, 0, 0, 1]","[[[353.14259097721504, 280.0], [553.142590977215, 280.0], [553.142590977215, 480.0], [353.14259097721504, 480.0], [353.14259097721504, 280.0]], [[0.0, 560.0], [200.0, 560.0], [200.0, 760.0], [0.0, 760.0], [0.0, 560.0]], [[180.0, 280.0], [180.0, 560.0], [0.0, 560.0], [0.0, 280.0], [180.0, 280.0]], [[0.0, 0.0], [280.0, 0.0], [140.0, 140.0], [0.0, 0.0]], [[400.0, 760.0], [400.0, 580.0], [680.0, 760.0], [400.0, 760.0]], [[380.0, 0.0], [660.0, 0.0], [660.0, 280.0], [380.0, 280.0], [380.0, 0.0]], [[200.0, 200.0], [280.0, 0.0], [380.0, 0.0], [380.0, 200.0], [200.0, 200.0]], [[553.142590977215, 280.0], [653.142590977215, 280.0], [653.142590977215, 460.0], [553.142590977215, 460.0], [553.142590977215, 280.0]], [[280.0, 280.0], [0.0, 280.0], [0.0, 0.0], [280.0, 280.0]], [[200.0, 480.0], [400.0, 480.0], [400.0, 680.0], [200.0, 760.0], [200.0, 480.0]], [[180.0, 466.85740902278496], [260.0, 306.85740902278496], [340.0, 466.85740902278496], [180.0, 466.85740902278496]], [[662.5629801736266, 454.5047729687599], [662.5629801736266, 734.5047729687599], [422.56298017362656, 594.5047729687599], [662.5629801736266, 454.5047729687599]]]"
Thu Jul 23 04:50:27 2020,2,0,True,659.6740168869871,0.864063136350041,"[0, 0, 1, 0, 3, 0, 3, 0, 2, 0, 1, 1]","[[[360.0, 280.0], [560.0, 280.0], [560.0, 480.0], [360.0, 480.0], [360.0, 280.0]], [[0.0, 560.0], [200.0, 560.0], [200.0, 760.0], [0.0, 760.0], [0.0, 560.0]], [[180.0, 280.0], [180.0, 560.0], [0.0, 560.0], [0.0, 280.0], [180.0, 280.0]], [[0.0, 0.0], [280.0, 0.0], [140.0, 140.0], [0.0, 0.0]], [[360.0, 480.0], [180.0, 480.0], [360.0, 200.0], [360.0, 480.0]], [[379.67401688698715, 0.0], [659.6740168869871, 0.0], [659.6740168869871, 280.0], [379.67401688698715, 280.0], [379.67401688698715, 0.0]], [[200.0, 200.0], [280.0, 0.0], [380.0, 0.0], [380.0, 200.0], [200.0, 200.0]], [[559.6740168869871, 277.16658903502105], [659.6740168869871, 277.16658903502105], [659.6740168869871, 457.16658903502105], [559.6740168869871, 457.16658903502105], [559.6740168869871, 277.16658903502105]], [[280.0, 280.0], [0.0, 280.0], [0.0, 0.0], [280.0, 280.0]], [[200.0, 480.0], [400.0, 480.0], [400.0, 680.0], [200.0, 760.0], [200.0, 480.0]], [[400.0, 600.0], [560.0, 680.0], [400.0, 760.0], [400.0, 600.0]], [[657.999866917179, 457.16658903502105], [657.999866917179, 737.166589035021], [417.999866917179, 597.166589035021], [657.999866917179, 457.16658903502105]]]"
Thu Jul 23 04:50:54 2020,2,1,True,666.2707570558571,0.8555080557921196,"[0, 0, 1, 0, 2, 0, 0, 0, 2, 2, 3, 3]","[[[466.2707570558571, 480.0], [666.2707570558571, 480.0], [666.2707570558571, 680.0], [466.2707570558571, 680.0], [466.2707570558571, 480.0]], [[466.2707570558571, 280.0], [666.2707570558571, 280.0], [666.2707570558571, 480.0], [466.2707570558571, 480.0], [466.2707570558571, 280.0]], [[180.0, 297.1726067211737], [180.0, 577.1726067211737], [0.0, 577.1726067211737], [0.0, 297.1726067211737], [180.0, 297.1726067211737]], [[0.0, 0.0], [280.0, 0.0], [140.0, 140.0], [0.0, 0.0]], [[455.5092784337298, 280.0], [455.5092784337298, 460.0], [175.50927843372978, 280.0], [455.5092784337298, 280.0]], [[353.28705621150766, 0.0], [633.2870562115077, 0.0], [633.2870562115077, 280.0], [353.28705621150766, 280.0], [353.28705621150766, 0.0]], [[0.0, 577.1726067211737], [200.0, 657.1726067211737], [200.0, 757.1726067211737], [0.0, 757.1726067211737], [0.0, 577.1726067211737]], [[253.28705621150766, 26.71294378849234], [353.28705621150766, 26.71294378849234], [353.28705621150766, 206.71294378849234], [253.28705621150766, 206.71294378849234], [253.28705621150766, 26.71294378849234]], [[280.0, 280.0], [0.0, 280.0], [0.0, 0.0], [280.0, 280.0]], [[470.0, 760.0], [270.0, 760.0], [270.0, 560.0], [470.0, 480.0], [470.0, 760.0]], [[270.0, 692.1726067211737], [110.0, 612.1726067211737], [270.0, 532.1726067211737], [270.0, 692.1726067211737]], [[180.0, 577.1726067211737], [180.0, 297.1726067211737], [420.0, 437.1726067211737], [180.0, 577.1726067211737]]]"
Thu Jul 23 04:51:12 2020,2,1,True,672.9334646264157,0.8470376790020986,"[0, 0, 1, 3, 3, 0, 1, 0, 1, 0, 2, 1]","[[[0.0, 560.0], [200.0, 560.0], [200.0, 760.0], [0.0, 760.0], [0.0, 560.0]], [[360.0, 280.0], [560.0, 280.0], [560.0, 480.0], [360.0, 480.0], [360.0, 280.0]], [[380.0, 480.0], [380.0, 760.0], [200.0, 760.0], [200.0, 480.0], [380.0, 480.0]], [[16.8831168831168, 429.8484848484848], [16.8831168831168, 149.84848484848482], [156.8831168831168, 289.8484848484848], [16.8831168831168, 429.8484848484848]], [[180.0, 533.8888888888887], [0.0, 533.8888888888887], [180.0, 253.8888888888887], [180.0, 533.8888888888887]], [[380.0, 480.0], [660.0, 480.0], [660.0, 760.0], [380.0, 760.0], [380.0, 480.0]], [[360.0, 280.0], [280.0, 480.0], [180.0, 480.0], [180.0, 280.0], [360.0, 280.0]], [[572.9334646264157, 287.0665353735843], [672.9334646264157, 287.0665353735843], [672.9334646264157, 467.0665353735843], [572.9334646264157, 467.0665353735843], [572.9334646264157, 287.0665353735843]], [[672.9334646264157, 0.0], [672.9334646264157, 280.0], [392.9334646264157, 280.0], [672.9334646264157, 0.0]], [[240.0, 0.0], [440.0, 0.0], [440.0, 200.0], [240.0, 280.0], [240.0, 0.0]], [[600.0, 0.0], [520.0, 160.0], [440.0, 0.0], [600.0, 0.0]], [[240.0, 0.0], [240.0, 280.0], [0.0, 140.0], [240.0, 0.0]]]"
Thu Jul 23 04:51:25 2020,2,1,True,679.6627992726799,0.8386511673288105,"[0, 0, 1, 1, 3, 0, 1, 0, 3, 2, 0, 2]","[[[0.0, 560.0], [200.0, 560.0], [200.0, 760.0], [0.0, 760.0], [0.0, 560.0]], [[360.0, 300.0], [560.0, 300.0], [560.0, 500.0], [360.0, 500.0], [360.0, 300.0]], [[360.0, 280.0], [360.0, 560.0], [180.0, 560.0], [180.0, 280.0], [360.0, 280.0]], [[626.6666666666666, 460.0], [626.6666666666666, 740.0], [486.66666666666663, 600.0], [626.6666666666666, 460.0]], [[180.0, 380.0], [0.0, 380.0], [180.0, 100.0], [180.0, 380.0]], [[399.6627992726799, 0.0], [679.6627992726799, 0.0], [679.6627992726799, 280.0], [399.6627992726799, 280.0], [399.6627992726799, 0.0]], [[380.0, 560.0], [300.0, 760.0], [200.0, 760.0], [200.0, 560.0], [380.0, 560.0]], [[560.0, 280.0], [660.0, 280.0], [660.0, 460.0], [560.0, 460.0], [560.0, 280.0]], [[0.0, 280.0], [0.0, 0.0], [280.0, 0.0], [0.0, 280.0]], [[400.0, 280.0], [200.0, 280.0], [200.0, 80.0], [400.0, 0.0], [400.0, 280.0]], [[6.01612604135903, 560.0], [86.01612604135903, 400.0], [166.01612604135903, 560.0], [6.01612604135903, 560.0]], [[580.0, 760.0], [300.0, 760.0], [440.0, 520.0], [580.0, 760.0]]]"
Thu Jul 23 04:51:49 2020,2,1,True,686.4594272654067,0.8303476904245648,"[0, 0, 1, 1, 2, 0, 2, 1, 2, 0, 3, 3]","[[[0.0, 560.0], [200.0, 560.0], [200.0, 760.0], [0.0, 760.0], [0.0, 560.0]], [[452.4762873017727, 380.0], [652.4762873017727, 380.0], [652.4762873017727, 580.0], [452.4762873017727, 580.0], [452.4762873017727, 380.0]], [[180.0, 0.0], [180.0, 280.0], [0.0, 280.0], [0.0, 0.0], [180.0, 0.0]], [[452.4762873017727, 397.0050435621365], [452.4762873017727, 677.0050435621365], [312.4762873017727, 537.0050435621365], [452.4762873017727, 397.0050435621365]], [[347.7719291545074, 307.5237126982273], [347.7719291545074, 487.5237126982273], [67.7719291545074, 307.5237126982273], [347.7719291545074, 307.5237126982273]], [[380.0, 0.0], [660.0, 0.0], [660.0, 280.0], [380.0, 280.0], [380.0, 0.0]], [[652.4762873017727, 760.0], [452.4762873017727, 680.0], [452.4762873017727, 580.0], [652.4762873017727, 580.0], [652.4762873017727, 760.0]], [[640.0, 280.0], [640.0, 380.0], [460.0, 380.0], [460.0, 280.0], [640.0, 280.0]], [[532.4762873017727, 760.0], [252.4762873017727, 760.0], [252.4762873017727, 480.0], [532.4762873017727, 760.0]], [[180.0, 0.0], [380.0, 0.0], [380.0, 200.0], [180.0, 280.0], [180.0, 0.0]], [[252.30769230769212, 586.1538461538461], [92.30769230769212, 506.1538461538461], [252.30769230769212, 426.1538461538461], [252.30769230769212, 586.1538461538461]], [[0.0, 560.0], [0.0, 280.0], [240.0, 420.0], [0.0, 560.0]]]"
Thu Jul 23 04:51:49 2020,2,0,True,659.0010501747904,0.8649455108589217,"[0, 0, 1, 1, 2, 0, 2, 1, 2, 0, 3, 3]","[[[0.0, 560.0], [200.0, 560.0], [200.0, 760.0], [0.0, 760.0], [0.0, 560.0]], [[452.4762873017727, 380.0], [652.4762873017727, 380.0], [652.4762873017727, 580.0], [452.4762873017727, 580.0], [452.4762873017727, 380.0]], [[180.0, 0.0], [180.0, 280.0], [0.0, 280.0], [0.0, 0.0], [180.0, 0.0]], [[452.4762873017727, 397.0050435621365], [452.4762873017727, 677.0050435621365], [312.4762873017727, 537.0050435621365], [452.4762873017727, 397.0050435621365]], [[347.7719291545074, 307.5237126982273], [347.7719291545074, 487.5237126982273], [67.7719291545074, 307.5237126982273], [347.7719291545074, 307.5237126982273]], [[379.0010501747904, 0.0], [659.0010501747904, 0.0], [659.0010501747904, 280.0], [379.0010501747904, 280.0], [379.0010501747904, 0.0]], [[652.4762873017727, 760.0], [452.4762873017727, 680.0], [452.4762873017727, 580.0], [652.4762873017727, 580.0], [652.4762873017727, 760.0]], [[640.0, 280.0], [640.0, 380.0], [460.0, 380.0], [460.0, 280.0], [640.0, 280.0]], [[532.4762873017727, 760.0], [252.4762873017727, 760.0], [252.4762873017727, 480.0], [532.4762873017727, 760.0]], [[180.0, 0.0], [380.0, 0.0], [380.0, 200.0], [180.0, 280.0], [180.0, 0.0]], [[252.30769230769212, 586.1538461538461], [92.30769230769212, 506.1538461538461], [252.30769230769212, 426.1538461538461], [252.30769230769212, 586.1538461538461]], [[0.0, 560.0], [0.0, 280.0], [240.0, 420.0], [0.0, 560.0]]]"
Thu Jul 23 04:53:14 2020,2,3,True,665.5910606765383,0.8563816939197245,"[0, 0, 1, 2, 2, 0, 3, 1, 2, 0, 0, 0]","[[[0.0, 280.0], [200.0, 280.0], [200.0, 480.0], [0.0, 480.0], [0.0, 280.0]], [[200.0, 289.2628895650825], [400.0, 289.2628895650825], [400.0, 489.2628895650825], [200.0, 489.2628895650825], [200.0, 289.2628895650825]], [[180.0, 480.0], [180.0, 760.0], [0.0, 760.0], [0.0, 480.0], [180.0, 480.0]], [[661.7391304347825, 507.5237591303], [381.7391304347825, 507.5237591303], [521.7391304347825, 367.5237591303], [661.7391304347825, 507.5237591303]], [[665.5910606765383, 280.0], [665.5910606765383, 460.0], [385.5910606765383, 280.0], [665.5910606765383, 280.0]], [[200.0, 0.0], [480.0, 0.0], [480.0, 280.0], [200.0, 280.0], [200.0, 0.0]], [[476.9126186229751, 760.0], [556.9126186229751, 560.0], [656.9126186229751, 560.0], [656.9126186229751, 760.0], [476.9126186229751, 760.0]], [[660.0, 0.0], [660.0, 100.0], [480.0, 100.0], [480.0, 0.0], [660.0, 0.0]], [[460.0, 760.0], [180.0, 760.0], [180.0, 480.0], [460.0, 760.0]], [[0.0, 0.0], [200.0, 0.0], [200.0, 200.0], [0.0, 280.0], [0.0, 0.0]], [[480.0, 260.0], [560.0, 100.0], [640.0, 260.0], [480.0, 260.0]], [[307.52375913030005, 507.52375913030005], [587.5237591303, 507.52375913030005], [447.52375913030005, 747.5237591303], [307.52375913030005, 507.52375913030005]]]"
Thu Jul 23 04:53:56 2020,2,1,True,672.2469712833037,0.8479026672472519,"[0, 0, 1, 1, 0, 0, 3, 0, 2, 2, 3, 0]","[[[451.1984760660023, 0.0], [651.1984760660023, 0.0], [651.1984760660023, 200.0], [451.1984760660023, 200.0], [451.1984760660023, 0.0]], [[460.0, 560.0], [660.0, 560.0], [660.0, 760.0], [460.0, 760.0], [460.0, 560.0]], [[460.0, 480.0], [460.0, 760.0], [280.0, 760.0], [280.0, 480.0], [460.0, 480.0]], [[672.2469712833037, 292.24697128330365], [672.2469712833037, 572.2469712833037], [532.2469712833037, 432.24697128330365], [672.2469712833037, 292.24697128330365]], [[0.0, 480.0], [0.0, 300.0], [280.0, 480.0], [0.0, 480.0]], [[0.0, 480.0], [280.0, 480.0], [280.0, 760.0], [0.0, 760.0], [0.0, 480.0]], [[271.1984760660023, 213.31818660024197], [351.1984760660023, 13.318186600241972], [451.1984760660023, 13.318186600241972], [451.1984760660023, 213.31818660024197], [271.1984760660023, 213.31818660024197]], [[484.4939425666073, 200.0], [584.4939425666073, 200.0], [584.4939425666073, 380.0], [484.4939425666073, 380.0], [484.4939425666073, 200.0]], [[280.0, 301.03258175052326], [0.0, 301.03258175052326], [0.0, 21.032581750523264], [280.0, 301.03258175052326]], [[484.4939425666073, 480.0], [284.4939425666073, 480.0], [284.4939425666073, 280.0], [484.4939425666073, 200.0], [484.4939425666073, 480.0]], [[283.4035090317079, 459.33082723466936], [123.40350903170793, 379.33082723466936], [283.4035090317079, 299.33082723466936], [283.4035090317079, 459.33082723466936]], [[78.96741824947674, 0.0], [358.96741824947674, 0.0], [218.96741824947674, 240.0], [78.96741824947674, 0.0]]]"
Thu Jul 23 04:54:20 2020,2,1,True,678.9694409961367,0.839507591333913,"[0, 0, 0, 3, 3, 0, 2, 0, 0, 3, 1, 2]","[[[0.0, 200.0], [200.0, 200.0], [200.0, 400.0], [0.0, 400.0], [0.0, 200.0]], [[478.96944099613665, 560.0], [678.9694409961367, 560.0], [678.9694409961367, 760.0], [478.96944099613665, 760.0], [478.96944099613665, 560.0]], [[200.0, 299.4847204980683], [480.0, 299.4847204980683], [480.0, 479.4847204980683], [200.0, 479.4847204980683], [200.0, 299.4847204980683]], [[499.83900621352797, 480.86956521739125], [499.83900621352797, 200.86956521739125], [639.8390062135279, 340.86956521739125], [499.83900621352797, 480.86956521739125]], [[678.9694409961367, 560.0], [498.96944099613665, 560.0], [678.9694409961367, 280.0], [678.9694409961367, 560.0]], [[0.0, 480.0], [280.0, 480.0], [280.0, 760.0], [0.0, 760.0], [0.0, 480.0]], [[480.0, 659.4847204980683], [280.0, 579.4847204980683], [280.0, 479.4847204980683], [480.0, 479.4847204980683], [480.0, 659.4847204980683]], [[578.9694409961367, 94.56116402891394], [678.9694409961367, 94.56116402891394], [678.9694409961367, 274.56116402891394], [578.9694409961367, 274.56116402891394], [578.9694409961367, 94.56116402891394]], [[298.96944099613665, 0.0], [578.9694409961367, 0.0], [578.9694409961367, 280.0], [298.96944099613665, 0.0]], [[0.0, 200.0], [0.0, 0.0], [200.0, 0.0], [280.0, 200.0], [0.0, 200.0]], [[280.0, 578.775880834937], [440.0, 658.775880834937], [280.0, 738.775880834937], [280.0, 578.775880834937]], [[500.67295194594504, 301.7035109498084], [220.67295194594504, 301.7035109498084], [360.67295194594504, 61.70351094980839], [500.67295194594504, 301.7035109498084]]]"
Thu Jul 23 04:54:45 2020,2,1,True,685.759135406098,0.8311956349840722,"[0, 0, 0, 1, 2, 0, 0, 1, 2, 3, 3, 3]","[[[485.75913540609804, 485.7591354060979], [685.759135406098, 485.7591354060979], [685.759135406098, 685.7591354060979], [485.75913540609804, 685.7591354060979], [485.75913540609804, 485.7591354060979]], [[285.75913540609804, 285.7591354060979], [485.75913540609804, 285.7591354060979], [485.75913540609804, 485.7591354060979], [285.75913540609804, 485.7591354060979], [285.75913540609804, 285.7591354060979]], [[0.0, 0.0], [280.0, 0.0], [280.0, 180.0], [0.0, 180.0], [0.0, 0.0]], [[685.759135406098, 105.75913540609793], [685.759135406098, 385.7591354060979], [545.759135406098, 245.75913540609793], [685.759135406098, 105.75913540609793]], [[611.518270812196, 0.0], [611.518270812196, 180.0], [331.51827081219596, 0.0], [611.518270812196, 0.0]], [[0.0, 480.0], [280.0, 480.0], [280.0, 760.0], [0.0, 760.0], [0.0, 480.0]], [[485.75913540609804, 305.7591354060979], [685.759135406098, 385.7591354060979], [685.759135406098, 485.7591354060979], [485.75913540609804, 485.7591354060979], [485.75913540609804, 305.7591354060979]], [[180.0, 179.9999999999999], [180.0, 279.9999999999999], [0.0, 279.9999999999999], [0.0, 179.9999999999999], [180.0, 179.9999999999999]], [[560.0, 759.9999999999999], [280.0, 759.9999999999999], [280.0, 479.9999999999999], [560.0, 759.9999999999999]], [[0.0, 479.9999999999999], [0.0, 279.9999999999999], [200.0, 279.9999999999999], [280.0, 479.9999999999999], [0.0, 479.9999999999999]], [[545.759135406098, 315.7591354060979], [385.75913540609804, 235.75913540609793], [545.759135406098, 155.75913540609793], [545.759135406098, 315.7591354060979]], [[280.0, 280.0], [280.0, 0.0], [520.0, 140.0], [280.0, 280.0]]]"
Thu Jul 23 04:54:52 2020,2,0,True,658.3287699898541,0.8658287864417419,"[0, 0, 1, 0, 1, 0, 3, 0, 1, 1, 3, 2]","[[[4.178075025364706, 280.0], [204.1780750253647, 280.0], [204.1780750253647, 480.0], [4.178075025364706, 480.0], [4.178075025364706, 280.0]], [[458.3287699898541, 560.0], [658.3287699898541, 560.0], [658.3287699898541, 760.0], [458.3287699898541, 760.0], [458.3287699898541, 560.0]], [[460.0, 479.9999999999999], [460.0, 759.9999999999999], [280.0, 759.9999999999999], [280.0, 479.9999999999999], [460.0, 479.9999999999999]], [[164.58675584094266, 240.40868081557795], [444.58675584094266, 240.40868081557795], [304.58675584094266, 380.40868081557795], [164.58675584094266, 240.40868081557795]], [[0.0, 6.499227817233987], [180.0, 6.499227817233987], [0.0, 286.499227817234], [0.0, 6.499227817233987]], [[0.0, 480.0], [280.0, 480.0], [280.0, 760.0], [0.0, 760.0], [0.0, 480.0]], [[460.0, 552.6254151388573], [540.0, 352.6254151388573], [640.0, 352.6254151388573], [640.0, 552.6254151388573], [460.0, 552.6254151388573]], [[558.3287699898541, 21.789800133784354], [658.3287699898541, 21.789800133784354], [658.3287699898541, 201.78980013378435], [558.3287699898541, 201.78980013378435], [558.3287699898541, 21.789800133784354]], [[484.9954366565206, 200.0], [484.9954366565206, 480.0], [204.9954366565206, 480.0], [484.9954366565206, 200.0]], [[558.3287699898541, 0.0], [558.3287699898541, 200.0], [358.3287699898541, 200.0], [278.3287699898541, 0.0], [558.3287699898541, 0.0]], [[658.3287699898541, 361.78980013378435], [498.3287699898541, 281.78980013378435], [658.3287699898541, 201.78980013378435], [658.3287699898541, 361.78980013378435]], [[381.6621033231874, 240.0], [101.66210332318741, 240.0], [241.6621033231874, 0.0], [381.6621033231874, 240.0]]]"
Thu Jul 23 04:55:10 2020,2,1,True,664.9120576897526,0.8572562241997446,"[0, 0, 1, 2, 1, 0, 2, 0, 3, 1, 0, 1]","[[[386.19870031902246, 548.514657051708], [586.1987003190225, 548.514657051708], [586.1987003190225, 748.514657051708], [386.19870031902246, 748.514657051708], [386.19870031902246, 548.514657051708]], [[464.9120576897526, 200.0], [664.9120576897526, 200.0], [664.9120576897526, 400.0], [464.9120576897526, 400.0], [464.9120576897526, 200.0]], [[180.0, 0.0], [180.0, 280.0], [0.0, 280.0], [0.0, 0.0], [180.0, 0.0]], [[360.0, 480.0], [80.0, 480.0], [220.0, 340.0], [360.0, 480.0]], [[180.0, 0.0], [360.0, 0.0], [180.0, 280.0], [180.0, 0.0]], [[106.19870031902246, 480.0], [386.19870031902246, 480.0], [386.19870031902246, 760.0], [106.19870031902246, 760.0], [106.19870031902246, 480.0]], [[664.9120576897526, 580.0], [464.9120576897526, 500.0], [464.9120576897526, 400.0], [664.9120576897526, 400.0], [664.9120576897526, 580.0]], [[6.19870031902235, 580.0], [106.19870031902235, 580.0], [106.19870031902235, 760.0], [6.19870031902235, 760.0], [6.19870031902235, 580.0]], [[0.0, 560.0], [0.0, 280.0], [280.0, 280.0], [0.0, 560.0]], [[664.9120576897526, 0.0], [664.9120576897526, 200.0], [464.9120576897526, 200.0], [384.9120576897526, 0.0], [664.9120576897526, 0.0]], [[228.96231043846538, 239.39196154016497], [308.96231043846535, 79.39196154016497], [388.96231043846535, 239.39196154016497], [228.96231043846538, 239.39196154016497]], [[464.9120576897526, 195.0879423102474], [464.9120576897526, 475.0879423102474], [224.9120576897526, 335.0879423102474], [464.9120576897526, 195.0879423102474]]]"
Thu Jul 23 04:55:28 2020,2,1,True,671.5611782666501,0.8487685388116283,"[0, 0, 1, 2, 1, 0, 1, 0, 0, 3, 2, 2]","[[[471.56117826665013, 289.6233989564448], [671.5611782666501, 289.6233989564448], [671.5611782666501, 489.6233989564448], [471.56117826665013, 489.6233989564448], [471.56117826665013, 289.6233989564448]], [[180.0, 0.0], [380.0, 0.0], [380.0, 200.0], [180.0, 200.0], [180.0, 0.0]], [[180.0, 0.0], [180.0, 280.0], [0.0, 280.0], [0.0, 0.0], [180.0, 0.0]], [[625.7805891333251, 234.21941086667493], [345.78058913332507, 234.21941086667493], [485.78058913332507, 94.21941086667493], [625.7805891333251, 234.21941086667493]], [[180.0, 200.0], [360.0, 200.0], [180.0, 480.0], [180.0, 200.0]], [[0.0, 480.0], [280.0, 480.0], [280.0, 760.0], [0.0, 760.0], [0.0, 480.0]], [[180.0, 280.0], [100.0, 480.0], [0.0, 480.0], [0.0, 280.0], [180.0, 280.0]], [[523.8493595825779, 489.6233989564448], [623.8493595825779, 489.6233989564448], [623.8493595825779, 669.6233989564448], [523.8493595825779, 669.6233989564448], [523.8493595825779, 489.6233989564448]], [[391.56117826665013, 0.0], [671.5611782666501, 0.0], [671.5611782666501, 280.0], [391.56117826665013, 0.0]], [[280.0, 760.0], [280.0, 560.0], [480.0, 560.0], [560.0, 760.0], [280.0, 760.0]], [[500.30593952415444, 232.1338764414362], [420.30593952415444, 392.1338764414362], [340.30593952415444, 232.1338764414362], [500.30593952415444, 232.1338764414362]], [[471.56117826664996, 480.0], [191.56117826664996, 480.0], [331.56117826664996, 240.0], [471.56117826664996, 480.0]]]"
Thu Jul 23 04:55:46 2020,2,1,True,678.2767900493167,0.8403648899125031,"[0, 0, 0, 3, 0, 0, 1, 1, 0, 2, 0, 1]","[[[280.0, 560.0], [480.0, 560.0], [480.0, 760.0], [280.0, 760.0], [280.0, 560.0]], [[140.0, 0.0], [340.0, 0.0], [340.0, 200.0], [140.0, 200.0], [140.0, 0.0]], [[392.20588235294133, 284.41176470588266], [672.2058823529413, 284.41176470588266], [672.2058823529413, 464.41176470588266], [392.20588235294133, 464.41176470588266], [392.20588235294133, 284.41176470588266]], [[0.0, 280.0], [0.0, 0.0], [140.0, 140.0], [0.0, 280.0]], [[340.0, 280.0], [340.0, 100.0], [620.0, 280.0], [340.0, 280.0]], [[0.0, 480.0], [280.0, 480.0], [280.0, 760.0], [0.0, 760.0], [0.0, 480.0]], [[380.0, 280.0], [300.0, 480.0], [200.0, 480.0], [200.0, 280.0], [380.0, 280.0]], [[520.0, 0.0], [520.0, 100.0], [340.0, 100.0], [340.0, 0.0], [520.0, 0.0]], [[389.28571428571433, 469.28571428571433], [669.2857142857143, 469.28571428571433], [669.2857142857143, 749.2857142857143], [389.28571428571433, 469.28571428571433]], [[200.0, 480.0], [0.0, 480.0], [0.0, 280.0], [200.0, 200.0], [200.0, 480.0]], [[280.0, 560.0], [360.0, 400.0], [440.0, 560.0], [280.0, 560.0]], [[678.0357142857143, 7.812500000000057], [678.0357142857143, 287.81250000000006], [438.03571428571433, 147.81250000000006], [678.0357142857143, 7.812500000000057]]]"
Thu Jul 23 04:56:10 2020,2,1,True,685.0595579498098,0.8320444454579239,"[0, 0, 0, 1, 1, 0, 0, 0, 0, 3, 0, 0]","[[[460.0000000000001, 360.0], [660.0000000000001, 360.0], [660.0000000000001, 560.0], [460.0000000000001, 560.0], [460.0000000000001, 360.0]], [[480.0, 560.0], [680.0, 560.0], [680.0, 760.0], [480.0, 760.0], [480.0, 560.0]], [[0.0, 296.42141816735443], [280.0, 296.42141816735443], [280.0, 476.42141816735443], [0.0, 476.42141816735443], [0.0, 296.42141816735443]], [[457.97617682007603, 355.8663892189609], [457.97617682007603, 635.8663892189609], [317.97617682007603, 495.8663892189609], [457.97617682007603, 355.8663892189609]], [[280.0, 274.9404420501902], [460.0, 274.9404420501902], [280.0, 554.9404420501902], [280.0, 274.9404420501902]], [[0.0, 476.42141816735443], [280.0, 476.42141816735443], [280.0, 756.4214181673544], [0.0, 756.4214181673544], [0.0, 476.42141816735443]], [[280.0, 564.6759184909304], [480.0, 644.6759184909304], [480.0, 744.6759184909304], [280.0, 744.6759184909304], [280.0, 564.6759184909304]], [[0.0, 116.42141816735443], [100.0, 116.42141816735443], [100.0, 296.42141816735443], [0.0, 296.42141816735443], [0.0, 116.42141816735443]], [[405.0595579498098, 0.0], [685.0595579498098, 0.0], [685.0595579498098, 280.0], [405.0595579498098, 0.0]], [[280.0, 274.9404420501902], [280.0, 74.9404420501902], [480.0, 74.9404420501902], [560.0, 274.9404420501902], [280.0, 274.9404420501902]], [[517.470221025095, 360.0], [597.470221025095, 200.0], [677.470221025095, 360.0], [517.470221025095, 360.0]], [[32.08750606904326, 2.842170943040401e-14], [312.08750606904323, 2.842170943040401e-14], [172.08750606904326, 240.00000000000003], [32.08750606904326, 2.842170943040401e-14]]]"
Thu Jul 23 04:56:27 2020,2,1,True,691.9101535293079,0.8238063816415089,"[0, 0, 1, 2, 2, 0, 1, 0, 2, 2, 0, 0]","[[[0.0, 0.0], [200.0, 0.0], [200.0, 200.0], [0.0, 200.0], [0.0, 0.0]], [[491.9101535293079, 0.0], [691.9101535293079, 0.0], [691.9101535293079, 200.0], [491.9101535293079, 200.0], [491.9101535293079, 0.0]], [[491.9101535293079, 0.0], [491.9101535293079, 280.0], [311.9101535293079, 280.0], [311.9101535293079, 0.0], [491.9101535293079, 0.0]], [[659.0047477732801, 760.0], [379.0047477732801, 760.0], [519.0047477732801, 620.0], [659.0047477732801, 760.0]], [[691.9101535293079, 528.0898464706921], [691.9101535293079, 708.0898464706921], [411.9101535293079, 528.0898464706921], [691.9101535293079, 528.0898464706921]], [[0.0, 476.42141816735443], [280.0, 476.42141816735443], [280.0, 756.4214181673544], [0.0, 756.4214181673544], [0.0, 476.42141816735443]], [[460.0, 559.00474777328], [380.0, 759.00474777328], [280.0, 759.00474777328], [280.0, 559.00474777328], [460.0, 559.00474777328]], [[200.0, 0.0], [300.0, 0.0], [300.0, 180.0], [200.0, 180.0], [200.0, 0.0]], [[488.9464545816139, 460.0], [208.94645458161392, 460.0], [208.94645458161392, 180.0], [488.9464545816139, 460.0]], [[208.94645458161392, 476.42141816735443], [8.94645458161392, 476.42141816735443], [8.94645458161392, 276.42141816735443], [208.94645458161392, 196.42141816735443], [208.94645458161392, 476.42141816735443]], [[531.9101535293079, 528.0898464706921], [611.9101535293079, 368.0898464706921], [691.9101535293079, 528.0898464706921], [531.9101535293079, 528.0898464706921]], [[383.9464545816139, 280.0], [663.9464545816139, 280.0], [523.9464545816139, 520.0], [383.9464545816139, 280.0]]]"
Thu Jul 23 04:56:44 2020,2,1,True,698.8292550646009,0.8156498828133751,"[0, 0, 0, 2, 0, 0, 1, 1, 3, 2, 2, 1]","[[[0.0, 0.0], [200.0, 0.0], [200.0, 200.0], [0.0, 200.0], [0.0, 0.0]], [[498.82925506460094, 0.0], [698.8292550646009, 0.0], [698.8292550646009, 200.0], [498.82925506460094, 200.0], [498.82925506460094, 0.0]], [[0.0, 300.0], [280.0, 300.0], [280.0, 480.0], [0.0, 480.0], [0.0, 300.0]], [[664.2337473881355, 760.0], [384.2337473881355, 760.0], [524.2337473881355, 620.0], [664.2337473881355, 760.0]], [[280.0, 560.0], [280.0, 380.0], [560.0, 560.0], [280.0, 560.0]], [[0.0, 480.0], [280.0, 480.0], [280.0, 760.0], [0.0, 760.0], [0.0, 480.0]], [[460.0, 560.0], [380.0, 760.0], [280.0, 760.0], [280.0, 560.0], [460.0, 560.0]], [[180.0, 200.0], [180.0, 300.0], [0.0, 300.0], [0.0, 200.0], [180.0, 200.0]], [[200.0, 280.0], [200.0, 0.0], [480.0, 0.0], [200.0, 280.0]], [[492.17391304347836, 387.8260869565218], [292.17391304347836, 387.8260869565218], [292.17391304347836, 187.8260869565218], [492.17391304347836, 107.8260869565218], [492.17391304347836, 387.8260869565218]], [[664.2337473881355, 210.0278598564795], [584.2337473881355, 370.0278598564795], [504.2337473881355, 210.0278598564795], [664.2337473881355, 210.0278598564795]], [[664.6061642122467, 332.9611055650157], [664.6061642122467, 612.9611055650157], [424.60616421224665, 472.9611055650157], [664.6061642122467, 332.9611055650157]]]"
Thu Jul 23 04:56:52 2020,2,0,True,670.8760848620169,0.8496352945972658,"[0, 0, 0, 2, 1, 0, 1, 0, 2, 0, 1, 1]","[[[0.0, 0.0], [200.0, 0.0], [200.0, 200.0], [0.0, 200.0], [0.0, 0.0]], [[260.0, 180.0], [460.0, 180.0], [460.0, 380.0], [260.0, 380.0], [260.0, 180.0]], [[380.0, 0.0], [660.0, 0.0], [660.0, 180.0], [380.0, 180.0], [380.0, 0.0]], [[670.8760848620169, 760.0], [390.8760848620169, 760.0], [530.8760848620169, 620.0], [670.8760848620169, 760.0]], [[199.99999999999997, 0.0], [380.0, 0.0], [199.99999999999997, 280.0], [199.99999999999997, 0.0]], [[0.0, 480.0], [280.0, 480.0], [280.0, 760.0], [0.0, 760.0], [0.0, 480.0]], [[460.0, 380.0], [380.0, 580.0], [280.0, 580.0], [280.0, 380.0], [460.0, 380.0]], [[280.0, 580.0], [380.0, 580.0], [380.0, 760.0], [280.0, 760.0], [280.0, 580.0]], [[280.0, 480.0], [0.0, 480.0], [0.0, 200.0], [280.0, 480.0]], [[460.0, 180.0], [660.0, 180.0], [660.0, 380.0], [460.0, 460.0], [460.0, 180.0]], [[402.2809787844958, 524.2975530387605], [562.2809787844958, 604.2975530387605], [402.2809787844958, 684.2975530387605], [402.2809787844958, 524.2975530387605]], [[670.8760848620169, 373.6556171638234], [670.8760848620169, 653.6556171638234], [430.8760848620169, 513.6556171638234], [670.8760848620169, 373.6556171638234]]]"
Thu Jul 23 04:57:13 2020,2,1,True,677.5848457106371,0.8412230639576889,"[0, 0, 1, 2, 2, 0, 0, 1, 0, 3, 2, 3]","[[[297.58484571063707, 360.0], [497.58484571063707, 360.0], [497.58484571063707, 560.0], [297.58484571063707, 560.0], [297.58484571063707, 360.0]], [[0.0, 0.0], [200.0, 0.0], [200.0, 200.0], [0.0, 200.0], [0.0, 0.0]], [[677.5848457106371, 280.0], [677.5848457106371, 560.0], [497.58484571063707, 560.0], [497.58484571063707, 280.0], [677.5848457106371, 280.0]], [[485.2722971465058, 140.0], [205.27229714650582, 140.0], [345.2722971465058, 0.0], [485.2722971465058, 140.0]], [[497.58484571063707, 140.0], [497.58484571063707, 320.0], [217.58484571063707, 140.0], [497.58484571063707, 140.0]], [[0.0, 480.0], [280.0, 480.0], [280.0, 760.0], [0.0, 760.0], [0.0, 480.0]], [[0.0, 300.0], [200.0, 380.0], [200.0, 480.0], [0.0, 480.0], [0.0, 300.0]], [[180.0, 200.0], [180.0, 300.0], [0.0, 300.0], [0.0, 200.0], [180.0, 200.0]], [[357.58484571063707, 0.0], [637.5848457106371, 0.0], [637.5848457106371, 280.0], [357.58484571063707, 0.0]], [[280.0, 760.0], [280.0, 560.0], [480.0, 560.0], [560.0, 760.0], [280.0, 760.0]], [[640.0, 560.0], [560.0, 720.0], [480.0, 560.0], [640.0, 560.0]], [[200.0, 416.9244933312049], [200.0, 136.92449333120493], [440.0, 276.9244933312049], [200.0, 416.9244933312049]]]"
Thu Jul 23 04:57:29 2020,2,1,True,684.3606941677434,0.8328941227303851,"[0, 0, 1, 1, 2, 0, 0, 1, 0, 2, 0, 3]","[[[0.0, 280.0], [200.0, 280.0], [200.0, 480.0], [0.0, 480.0], [0.0, 280.0]], [[180.0, 560.0], [380.0, 560.0], [380.0, 760.0], [180.0, 760.0], [180.0, 560.0]], [[180.0, 480.0], [180.0, 760.0], [0.0, 760.0], [0.0, 480.0], [180.0, 480.0]], [[382.8538198638664, 282.8538198638664], [382.8538198638664, 562.8538198638664], [242.85381986386642, 422.8538198638664], [382.8538198638664, 282.8538198638664]], [[684.3606941677434, 545.6633542196121], [684.3606941677434, 725.6633542196121], [404.3606941677434, 545.6633542196121], [684.3606941677434, 545.6633542196121]], [[390.0240483873555, 265.6633542196121], [670.0240483873555, 265.6633542196121], [670.0240483873555, 545.6633542196121], [390.0240483873555, 545.6633542196121], [390.0240483873555, 265.6633542196121]], [[380.0, 578.5743365403484], [580.0, 658.5743365403484], [580.0, 758.5743365403484], [380.0, 758.5743365403484], [380.0, 578.5743365403484]], [[384.7592740588942, 0.0], [384.7592740588942, 100.0], [204.75927405889422, 100.0], [204.75927405889422, 0.0], [384.7592740588942, 0.0]], [[404.3606941677434, 0.0], [684.3606941677434, 0.0], [684.3606941677434, 280.0], [404.3606941677434, 0.0]], [[200.0, 280.0], [0.0, 280.0], [0.0, 80.0], [200.0, 0.0], [200.0, 280.0]], [[344.3901286473106, 180.7382908231673], [424.3901286473106, 20.73829082316729], [504.3901286473106, 180.7382908231673], [344.3901286473106, 180.7382908231673]], [[200.0, 376.51071577890275], [200.0, 96.51071577890275], [440.0, 236.51071577890275], [200.0, 376.51071577890275]]]"
Thu Jul 23 04:57:41 2020,2,1,True,691.2043011094208,0.8246476462677079,"[0, 0, 1, 2, 2, 0, 1, 1, 1, 2, 3, 3]","[[[0.0, 280.0], [200.0, 280.0], [200.0, 480.0], [0.0, 480.0], [0.0, 280.0]], [[179.94823403545934, 480.0], [379.94823403545934, 480.0], [379.94823403545934, 680.0], [179.94823403545934, 680.0], [179.94823403545934, 480.0]], [[180.0, 480.0], [180.0, 760.0], [0.0, 760.0], [0.0, 480.0], [180.0, 480.0]], [[579.9482340354594, 760.0], [299.94823403545945, 760.0], [439.94823403545945, 620.0], [579.9482340354594, 760.0]], [[659.9482340354593, 580.0], [659.9482340354593, 760.0], [379.94823403545934, 580.0], [659.9482340354593, 580.0]], [[379.94823403545934, 299.52444937786913], [659.9482340354593, 299.52444937786913], [659.9482340354593, 579.5244493778691], [379.94823403545934, 579.5244493778691], [379.94823403545934, 299.52444937786913]], [[557.4102015218809, 0.0], [477.410201521881, 200.0], [377.410201521881, 200.0], [377.410201521881, 0.0], [557.4102015218809, 0.0]], [[380.0, 376.51071577890275], [380.0, 476.51071577890275], [200.0, 476.51071577890275], [200.0, 376.51071577890275], [380.0, 376.51071577890275]], [[656.9862664010336, 19.524449377869132], [656.9862664010336, 299.52444937786913], [376.9862664010336, 299.52444937786913], [656.9862664010336, 19.524449377869132]], [[200.0, 280.0], [0.0, 280.0], [0.0, 80.0], [200.0, 0.0], [200.0, 280.0]], [[377.41020152188094, 186.66666666666663], [217.41020152188094, 106.66666666666663], [377.41020152188094, 26.66666666666663], [377.41020152188094, 186.66666666666663]], [[200.0, 376.51071577890275], [200.0, 96.51071577890275], [440.0, 236.51071577890275], [200.0, 376.51071577890275]]]"
Thu Jul 23 04:57:41 2020,2,0,True,663.5561290650439,0.8590079648621959,"[0, 0, 1, 2, 2, 0, 1, 1, 1, 2, 3, 3]","[[[0.0, 280.0], [200.0, 280.0], [200.0, 480.0], [0.0, 480.0], [0.0, 280.0]], [[179.94823403545934, 480.0], [379.94823403545934, 480.0], [379.94823403545934, 680.0], [179.94823403545934, 680.0], [179.94823403545934, 480.0]], [[180.0, 480.0], [180.0, 760.0], [0.0, 760.0], [0.0, 480.0], [180.0, 480.0]], [[579.9482340354594, 760.0], [299.94823403545945, 760.0], [439.94823403545945, 620.0], [579.9482340354594, 760.0]], [[659.9482340354593, 580.0], [659.9482340354593, 760.0], [379.94823403545934, 580.0], [659.9482340354593, 580.0]], [[379.94823403545934, 299.52444937786913], [659.9482340354593, 299.52444937786913], [659.9482340354593, 579.5244493778691], [379.94823403545934, 579.5244493778691], [379.94823403545934, 299.52444937786913]], [[557.4102015218809, 0.0], [477.410201521881, 200.0], [377.410201521881, 200.0], [377.410201521881, 0.0], [557.4102015218809, 0.0]], [[380.0, 376.51071577890275], [380.0, 476.51071577890275], [200.0, 476.51071577890275], [200.0, 376.51071577890275], [380.0, 376.51071577890275]], [[656.9862664010336, 19.524449377869132], [656.9862664010336, 299.52444937786913], [376.9862664010336, 299.52444937786913], [656.9862664010336, 19.524449377869132]], [[200.0, 280.0], [0.0, 280.0], [0.0, 80.0], [200.0, 0.0], [200.0, 280.0]], [[377.41020152188094, 186.66666666666663], [217.41020152188094, 106.66666666666663], [377.41020152188094, 26.66666666666663], [377.41020152188094, 186.66666666666663]], [[200.0, 376.51071577890275], [200.0, 96.51071577890275], [440.0, 236.51071577890275], [200.0, 376.51071577890275]]]"
Thu Jul 23 04:59:03 2020,2,3,True,670.1916903556944,0.8505029355071246,"[0, 0, 1, 0, 0, 0, 2, 1, 1, 1, 1, 1]","[[[200.0, 542.6943654810188], [400.0, 542.6943654810188], [400.0, 742.6943654810188], [200.0, 742.6943654810188], [200.0, 542.6943654810188]], [[0.0, 380.0], [200.0, 380.0], [200.0, 580.0], [0.0, 580.0], [0.0, 380.0]], [[180.0, 0.0], [180.0, 280.0], [0.0, 280.0], [0.0, 0.0], [180.0, 0.0]], [[363.74866243733777, 506.4430279183566], [643.7486624373378, 506.4430279183566], [503.74866243733777, 646.4430279183566], [363.74866243733777, 506.4430279183566]], [[200.0, 506.44302791835656], [200.0, 326.44302791835656], [480.0, 506.44302791835656], [200.0, 506.44302791835656]], [[390.1916903556944, 0.0], [670.1916903556944, 0.0], [670.1916903556944, 280.0], [390.1916903556944, 280.0], [390.1916903556944, 0.0]], [[200.0, 760.0], [0.0, 680.0], [0.0, 580.0], [200.0, 580.0], [200.0, 760.0]], [[360.0, 0.0], [360.0, 100.0], [180.0, 100.0], [180.0, 0.0], [360.0, 0.0]], [[670.1916903556944, 480.0], [670.1916903556944, 760.0], [390.1916903556944, 760.0], [670.1916903556944, 480.0]], [[670.1916903556944, 280.0], [670.1916903556944, 480.0], [470.1916903556944, 480.0], [390.1916903556944, 280.0], [670.1916903556944, 280.0]], [[180.0, 100.0], [340.0, 180.0], [180.0, 260.0], [180.0, 100.0]], [[390.1916903556944, 157.38818062584494], [390.1916903556944, 437.38818062584494], [150.1916903556944, 297.38818062584494], [390.1916903556944, 157.38818062584494]]]"
Thu Jul 23 04:59:16 2020,2,1,True,676.8936072592513,0.8420821143634898,"[0, 0, 1, 1, 0, 0, 0, 1, 0, 0, 1, 1]","[[[276.8936072592513, 280.0], [476.8936072592513, 280.0], [476.8936072592513, 480.0], [276.8936072592513, 480.0], [276.8936072592513, 280.0]], [[0.0, 0.0], [200.0, 0.0], [200.0, 200.0], [0.0, 200.0], [0.0, 0.0]], [[180.0, 480.0], [180.0, 760.0], [0.0, 760.0], [0.0, 480.0], [180.0, 480.0]], [[362.9861160975579, 0.0], [362.9861160975579, 280.0], [222.9861160975579, 140.0], [362.9861160975579, 0.0]], [[362.56602902906025, 280.0], [362.56602902906025, 100.0], [642.5660290290602, 280.0], [362.56602902906025, 280.0]], [[0.0, 200.0], [280.0, 200.0], [280.0, 480.0], [0.0, 480.0], [0.0, 200.0]], [[180.0, 480.0], [380.0, 560.0], [380.0, 660.0], [180.0, 660.0], [180.0, 480.0]], [[380.0, 660.0], [380.0, 760.0], [200.0, 760.0], [200.0, 660.0], [380.0, 660.0]], [[362.9861160975579, 0.0], [642.9861160975579, 0.0], [642.9861160975579, 280.0], [362.9861160975579, 0.0]], [[476.8936072592513, 280.0], [676.8936072592513, 280.0], [676.8936072592513, 480.0], [476.8936072592513, 560.0], [476.8936072592513, 280.0]], [[380.0, 600.0], [540.0, 680.0], [380.0, 760.0], [380.0, 600.0]], [[676.8936072592513, 479.85460423456334], [676.8936072592513, 759.8546042345633], [436.8936072592513, 619.8546042345633], [676.8936072592513, 479.85460423456334]]]"
Thu Jul 23 04:59:26 2020,2,1,True,683.6625433318438,0.8337446676866235,"[0, 0, 1, 2, 1, 0, 0, 0, 0, 2, 1, 1]","[[[449.8178629688812, 560.0], [649.8178629688812, 560.0], [649.8178629688812, 760.0], [449.8178629688812, 760.0], [449.8178629688812, 560.0]], [[0.0, 0.0], [200.0, 0.0], [200.0, 200.0], [0.0, 200.0], [0.0, 0.0]], [[180.0, 480.0], [180.0, 760.0], [0.0, 760.0], [0.0, 480.0], [180.0, 480.0]], [[542.8366612290444, 177.16333877095565], [262.83666122904435, 177.16333877095565], [402.83666122904435, 37.16333877095565], [542.8366612290444, 177.16333877095565]], [[380.0, 181.45417346369464], [560.0, 181.45417346369464], [380.0, 461.45417346369464], [380.0, 181.45417346369464]], [[0.0, 200.0], [280.0, 200.0], [280.0, 480.0], [0.0, 480.0], [0.0, 200.0]], [[180.0, 580.0], [380.0, 660.0], [380.0, 760.0], [180.0, 760.0], [180.0, 580.0]], [[280.0, 177.16333877095565], [380.0, 177.16333877095565], [380.0, 357.16333877095565], [280.0, 357.16333877095565], [280.0, 177.16333877095565]], [[378.5458265363054, 5.684341886080802e-14], [658.5458265363054, 5.684341886080802e-14], [658.5458265363054, 280.00000000000006], [378.5458265363054, 5.684341886080802e-14]], [[650.8313738057192, 560.0], [450.8313738057192, 560.0], [450.8313738057192, 360.0], [650.8313738057192, 280.0], [650.8313738057192, 560.0]], [[200.0, 0.0], [360.0, 80.0], [200.0, 160.0], [200.0, 0.0]], [[449.8178629688812, 420.7270867318473], [449.8178629688812, 700.7270867318473], [209.81786296888117, 560.7270867318473], [449.8178629688812, 420.7270867318473]]]"
Thu Jul 23 04:59:26 2020,2,0,True,656.3160415985701,0.8684840288402328,"[0, 0, 1, 2, 1, 0, 0, 0, 0, 2, 1, 1]","[[[449.8178629688812, 560.0], [649.8178629688812, 560.0], [649.8178629688812, 760.0], [449.8178629688812, 760.0], [449.8178629688812, 560.0]], [[0.0, 0.0], [200.0, 0.0], [200.0, 200.0], [0.0, 200.0], [0.0, 0.0]], [[180.0, 480.0], [180.0, 760.0], [0.0, 760.0], [0.0, 480.0], [180.0, 480.0]], [[542.8366612290444, 177.16333877095565], [262.83666122904435, 177.16333877095565], [402.83666122904435, 37.16333877095565], [542.8366612290444, 177.16333877095565]], [[378.59171477616724, 182.27567317759718], [558.5917147761672, 182.27567317759718], [378.59171477616724, 462.2756731775972], [378.59171477616724, 182.27567317759718]], [[0.0, 200.0], [280.0, 200.0], [280.0, 480.0], [0.0, 480.0], [0.0, 200.0]], [[180.0, 580.0], [380.0, 660.0], [380.0, 760.0], [180.0, 760.0], [180.0, 580.0]], [[280.0, 177.16333877095565], [380.0, 177.16333877095565], [380.0, 357.16333877095565], [280.0, 357.16333877095565], [280.0, 177.16333877095565]], [[376.3160415985701, 5.684341886080802e-14], [656.3160415985701, 5.684341886080802e-14], [656.3160415985701, 280.00000000000006], [376.3160415985701, 5.684341886080802e-14]], [[650.8313738057192, 560.0], [450.8313738057192, 560.0], [450.8313738057192, 360.0], [650.8313738057192, 280.0], [650.8313738057192, 560.0]], [[200.0, 0.0], [360.0, 80.0], [200.0, 160.0], [200.0, 0.0]], [[449.8178629688812, 420.7270867318473], [449.8178629688812, 700.7270867318473], [209.81786296888117, 560.7270867318473], [449.8178629688812, 420.7270867318473]]]"
Thu Jul 23 04:59:42 2020,2,1,True,662.8792020145559,0.8598851770695374,"[0, 0, 1, 1, 0, 0, 3, 0, 2, 0, 3, 0]","[[[462.87920201455586, 480.0], [662.8792020145559, 480.0], [662.8792020145559, 680.0], [462.87920201455586, 680.0], [462.87920201455586, 480.0]], [[100.0, 560.0], [300.0, 560.0], [300.0, 760.0], [100.0, 760.0], [100.0, 560.0]], [[180.0, 0.0], [180.0, 280.0], [0.0, 280.0], [0.0, 0.0], [180.0, 0.0]], [[662.8792020145559, 200.0], [662.8792020145559, 480.0], [522.8792020145559, 340.0], [662.8792020145559, 200.0]], [[307.3236464590002, 760.0], [307.3236464590002, 580.0], [587.3236464590002, 760.0], [307.3236464590002, 760.0]], [[180.0, 0.0], [460.0, 0.0], [460.0, 280.0], [180.0, 280.0], [180.0, 0.0]], [[300.0, 480.0], [380.0, 280.0], [480.0, 280.0], [480.0, 480.0], [300.0, 480.0]], [[0.0, 574.3105885013287], [100.0, 574.3105885013287], [100.0, 754.3105885013287], [0.0, 754.3105885013287], [0.0, 574.3105885013287]], [[280.0, 560.0], [0.0, 560.0], [0.0, 280.0], [280.0, 560.0]], [[462.87920201455586, 0.0], [662.8792020145559, 0.0], [662.8792020145559, 200.0], [462.87920201455586, 280.0], [462.87920201455586, 0.0]], [[462.87920201455586, 640.0], [302.87920201455586, 560.0], [462.87920201455586, 480.0], [462.87920201455586, 640.0]], [[100.0, 280.0], [380.0, 280.0], [240.0, 520.0], [100.0, 280.0]]]"
Thu Jul 23 05:00:09 2020,2,1,True,669.5079940347014,0.8513714624450865,"[0, 0, 1, 1, 1, 0, 2, 1, 0, 0, 0, 2]","[[[469.50799403470137, 280.0], [669.5079940347014, 280.0], [669.5079940347014, 480.0], [469.50799403470137, 480.0], [469.50799403470137, 280.0]], [[0.0, 560.0], [200.0, 560.0], [200.0, 760.0], [0.0, 760.0], [0.0, 560.0]], [[659.9999999999999, 480.0], [659.9999999999999, 760.0], [479.9999999999999, 760.0], [479.9999999999999, 480.0], [659.9999999999999, 480.0]], [[469.50799403470137, 369.5079940347015], [469.50799403470137, 649.5079940347015], [329.50799403470137, 509.5079940347015], [469.50799403470137, 369.5079940347015]], [[280.0, 306.5204291997925], [460.0, 306.5204291997925], [280.0, 586.5204291997925], [280.0, 306.5204291997925]], [[0.0, 280.0], [280.0, 280.0], [280.0, 560.0], [0.0, 560.0], [0.0, 280.0]], [[200.0, 190.49200596529863], [0.0, 110.49200596529863], [0.0, 10.492005965298631], [200.0, 10.492005965298631], [200.0, 190.49200596529863]], [[180.0, 182.49200596529863], [180.0, 282.49200596529863], [0.0, 282.49200596529863], [0.0, 182.49200596529863], [180.0, 182.49200596529863]], [[189.50799403470137, 0.0], [469.50799403470137, 0.0], [469.50799403470137, 280.0], [189.50799403470137, 0.0]], [[469.50799403470137, 0.0], [669.5079940347014, 0.0], [669.5079940347014, 200.0], [469.50799403470137, 280.0], [469.50799403470137, 0.0]], [[180.0, 230.49200596529863], [260.0, 70.49200596529863], [340.0, 230.49200596529863], [180.0, 230.49200596529863]], [[479.9999999999999, 760.0], [199.9999999999999, 760.0], [339.9999999999999, 520.0], [479.9999999999999, 760.0]]]"
Thu Jul 23 05:00:26 2020,2,1,True,676.2030739750484,0.8429420420248382,"[0, 0, 1, 0, 3, 0, 2, 0, 1, 0, 0, 3]","[[[0.0, 560.0], [200.0, 560.0], [200.0, 760.0], [0.0, 760.0], [0.0, 560.0]], [[465.54820684788854, 280.0], [665.5482068478885, 280.0], [665.5482068478885, 480.0], [465.54820684788854, 480.0], [465.54820684788854, 280.0]], [[180.0, 0.0], [180.0, 280.0], [0.0, 280.0], [0.0, 0.0], [180.0, 0.0]], [[240.0, 560.0], [520.0, 560.0], [380.0, 700.0], [240.0, 560.0]], [[571.4285714285714, 760.0], [391.42857142857144, 760.0], [571.4285714285714, 480.0], [571.4285714285714, 760.0]], [[396.20307397504837, 0.0], [676.2030739750484, 0.0], [676.2030739750484, 280.0], [396.20307397504837, 280.0], [396.20307397504837, 0.0]], [[380.0, 180.0], [180.0, 100.0], [180.0, 0.0], [380.0, 0.0], [380.0, 180.0]], [[571.4285714285714, 480.0], [671.4285714285714, 480.0], [671.4285714285714, 660.0], [571.4285714285714, 660.0], [571.4285714285714, 480.0]], [[465.54820684788854, 280.0], [465.54820684788854, 560.0], [185.54820684788854, 560.0], [465.54820684788854, 280.0]], [[0.0, 280.0], [200.0, 280.0], [200.0, 480.0], [0.0, 560.0], [0.0, 280.0]], [[200.0, 760.0], [280.0, 600.0], [360.0, 760.0], [200.0, 760.0]], [[200.0, 445.5482068478885], [200.0, 165.54820684788848], [440.0, 305.5482068478885], [200.0, 445.5482068478885]]]"
Thu Jul 23 05:00:42 2020,2,1,True,682.9651047147988,0.8345960812127111,"[0, 0, 1, 2, 3, 0, 3, 0, 0, 2, 1, 0]","[[[379.7562329795894, 250.12446159812396], [579.7562329795894, 250.12446159812396], [579.7562329795894, 450.12446159812396], [379.7562329795894, 450.12446159812396], [379.7562329795894, 250.12446159812396]], [[0.0, 280.0], [200.0, 280.0], [200.0, 480.0], [0.0, 480.0], [0.0, 280.0]], [[682.9651047147988, 450.12446159812396], [682.9651047147988, 730.124461598124], [502.9651047147988, 730.124461598124], [502.9651047147988, 450.12446159812396], [682.9651047147988, 450.12446159812396]], [[653.0895663129227, 250.12446159812393], [373.08956631292267, 250.12446159812393], [513.0895663129227, 110.12446159812393], [653.0895663129227, 250.12446159812393]], [[332.11651315480043, 280.0], [152.11651315480043, 280.0], [332.11651315480043, 0.0], [332.11651315480043, 280.0]], [[0.0, 480.0], [280.0, 480.0], [280.0, 760.0], [0.0, 760.0], [0.0, 480.0]], [[199.7562329795894, 480.0], [279.7562329795894, 280.0], [379.7562329795894, 280.0], [379.7562329795894, 480.0], [199.7562329795894, 480.0]], [[0.0, 100.0], [100.0, 100.0], [100.0, 280.0], [0.0, 280.0], [0.0, 100.0]], [[402.9651047147988, 0.0], [682.9651047147988, 0.0], [682.9651047147988, 280.0], [402.9651047147988, 0.0]], [[502.9651047147988, 760.0], [302.9651047147988, 760.0], [302.9651047147988, 560.0], [502.9651047147988, 480.0], [502.9651047147988, 760.0]], [[353.0895663129227, 30.12446159812393], [513.0895663129227, 110.12446159812393], [353.0895663129227, 190.12446159812393], [353.0895663129227, 30.12446159812393]], [[37.83079886908615, 0.0], [317.83079886908615, 0.0], [177.83079886908615, 240.0], [37.83079886908615, 0.0]]]"
Thu Jul 23 05:00:45 2020,2,0,True,655.6465005262069,0.8693709179299074,"[0, 0, 1, 2, 3, 0, 3, 0, 0, 0, 1, 0]","[[[379.7562329795894, 260.3058804261741], [579.7562329795894, 260.3058804261741], [579.7562329795894, 460.3058804261741], [379.7562329795894, 460.3058804261741], [379.7562329795894, 260.3058804261741]], [[0.0, 280.0], [200.0, 280.0], [200.0, 480.0], [0.0, 480.0], [0.0, 280.0]], [[655.6465005262069, 460.3058804261741], [655.6465005262069, 740.3058804261741], [475.64650052620686, 740.3058804261741], [475.64650052620686, 460.3058804261741], [655.6465005262069, 460.3058804261741]], [[635.952380952381, 260.3058804261741], [355.95238095238096, 260.3058804261741], [495.95238095238096, 120.3058804261741], [635.952380952381, 260.3058804261741]], [[335.95238095238096, 280.0], [155.95238095238096, 280.0], [335.95238095238096, 0.0], [335.95238095238096, 280.0]], [[0.0, 480.0], [280.0, 480.0], [280.0, 760.0], [0.0, 760.0], [0.0, 480.0]], [[199.7562329795894, 480.0], [279.7562329795894, 280.0], [379.7562329795894, 280.0], [379.7562329795894, 480.0], [199.7562329795894, 480.0]], [[0.0, 100.0], [100.0, 100.0], [100.0, 280.0], [0.0, 280.0], [0.0, 100.0]], [[375.64650052620686, 0.0], [655.6465005262069, 0.0], [655.6465005262069, 280.0], [375.64650052620686, 0.0]], [[280.0, 480.0], [480.0, 480.0], [480.0, 680.0], [280.0, 760.0], [280.0, 480.0]], [[335.95238095238096, 40.3058804261741], [495.95238095238096, 120.3058804261741], [335.95238095238096, 200.3058804261741], [335.95238095238096, 40.3058804261741]], [[41.666666666666686, 2.842170943040401e-14], [321.6666666666667, 2.842170943040401e-14], [181.66666666666669, 240.00000000000003], [41.666666666666686, 2.842170943040401e-14]]]"
Thu Jul 23 05:01:06 2020,2,1,True,662.202965531469,0.8607632850791161,"[0, 0, 0, 2, 0, 0, 3, 1, 0, 0, 0, 1]","[[[0.0, 0.0], [200.0, 0.0], [200.0, 200.0], [0.0, 200.0], [0.0, 0.0]], [[280.0, 560.0], [480.0, 560.0], [480.0, 760.0], [280.0, 760.0], [280.0, 560.0]], [[200.0, 0.0], [480.0, 0.0], [480.0, 180.0], [200.0, 180.0], [200.0, 0.0]], [[560.0, 551.5119712418408], [280.0, 551.5119712418408], [420.0, 411.5119712418408], [560.0, 551.5119712418408]], [[0.0, 760.0], [0.0, 580.0], [280.0, 760.0], [0.0, 760.0]], [[0.0, 200.0], [280.0, 200.0], [280.0, 480.0], [0.0, 480.0], [0.0, 200.0]], [[482.202965531469, 760.0], [562.202965531469, 560.0], [662.202965531469, 560.0], [662.202965531469, 760.0], [482.202965531469, 760.0]], [[660.0, 0.0], [660.0, 100.0], [480.0, 100.0], [480.0, 0.0], [660.0, 0.0]], [[0.0, 480.0], [280.0, 480.0], [280.0, 760.0], [0.0, 480.0]], [[280.0, 180.0], [480.0, 180.0], [480.0, 380.0], [280.0, 460.0], [280.0, 180.0]], [[480.0, 260.0], [560.0, 100.0], [640.0, 260.0], [480.0, 260.0]], [[662.202965531469, 273.7149367733098], [662.202965531469, 553.7149367733098], [422.202965531469, 413.7149367733098], [662.202965531469, 273.7149367733098]]]"
Thu Jul 23 05:01:25 2020,2,1,True,668.8249951867837,0.8522408763159566,"[0, 0, 1, 2, 3, 0, 1, 1, 1, 2, 1, 0]","[[[0.0, 0.0], [200.0, 0.0], [200.0, 200.0], [0.0, 200.0], [0.0, 0.0]], [[0.0, 548.8249951867836], [200.0, 548.8249951867836], [200.0, 748.8249951867836], [0.0, 748.8249951867836], [0.0, 548.8249951867836]], [[180.0, 200.0], [180.0, 480.0], [0.0, 480.0], [0.0, 200.0], [180.0, 200.0]], [[480.0, 168.82499518678355], [200.0, 168.82499518678355], [340.0, 28.824995186783553], [480.0, 168.82499518678355]], [[668.8249951867837, 290.8569562992179], [488.82499518678367, 290.8569562992179], [668.8249951867837, 10.856956299217927], [668.8249951867837, 290.8569562992179]], [[200.0, 168.82499518678355], [480.0, 168.82499518678355], [480.0, 448.82499518678355], [200.0, 448.82499518678355], [200.0, 168.82499518678355]], [[380.0, 448.82499518678355], [300.0, 648.8249951867836], [200.0, 648.8249951867836], [200.0, 448.82499518678355], [380.0, 448.82499518678355]], [[660.0, 290.8569562992179], [660.0, 390.8569562992179], [480.0, 390.8569562992179], [480.0, 290.8569562992179], [660.0, 290.8569562992179]], [[468.82499518678355, 480.0], [468.82499518678355, 760.0], [188.82499518678355, 760.0], [468.82499518678355, 480.0]], [[668.8249951867837, 755.4320919168115], [468.82499518678367, 755.4320919168115], [468.82499518678367, 555.4320919168115], [668.8249951867837, 475.4320919168115], [668.8249951867837, 755.4320919168115]], [[480.0, 390.8569562992179], [640.0, 470.8569562992179], [480.0, 550.8569562992179], [480.0, 390.8569562992179]], [[381.5187528077096, 0.0], [661.5187528077096, 0.0], [521.5187528077096, 240.0], [381.5187528077096, 0.0]]]"
Thu Jul 23 05:01:59 2020,2,1,True,675.5132451386515,0.8438028478375807,"[0, 0, 1, 2, 3, 0, 1, 1, 0, 0, 1, 1]","[[[0.0, 560.0], [200.0, 560.0], [200.0, 760.0], [0.0, 760.0], [0.0, 560.0]], [[200.0, 556.8421052631579], [400.0, 556.8421052631579], [400.0, 756.8421052631579], [200.0, 756.8421052631579], [200.0, 556.8421052631579]], [[180.0, 280.0], [180.0, 560.0], [0.0, 560.0], [0.0, 280.0], [180.0, 280.0]], [[465.03641158995913, 271.5953912317349], [185.03641158995913, 271.5953912317349], [325.03641158995913, 131.59539123173488], [465.03641158995913, 271.5953912317349]], [[665.4401925576183, 347.0930337992604], [485.4401925576183, 347.0930337992604], [665.4401925576183, 67.09303379926041], [665.4401925576183, 347.0930337992604]], [[179.99999999999966, 275.05910491447537], [459.99999999999966, 275.05910491447537], [459.99999999999966, 555.0591049144754], [179.99999999999966, 555.0591049144754], [179.99999999999966, 275.05910491447537]], [[660.0, 0.0], [580.0, 200.0], [480.0, 200.0], [480.0, 0.0], [660.0, 0.0]], [[642.0719953793123, 347.0930337992604], [642.0719953793123, 447.0930337992604], [462.0719953793123, 447.0930337992604], [462.0719953793123, 347.0930337992604], [642.0719953793123, 347.0930337992604]], [[200.0, 0.0], [480.0, 0.0], [480.0, 280.0], [200.0, 0.0]], [[0.0, 0.0], [200.0, 0.0], [200.0, 200.0], [0.0, 280.0], [0.0, 0.0]], [[400.0, 600.0], [560.0, 680.0], [400.0, 760.0], [400.0, 600.0]], [[642.907804212407, 448.3628857905712], [642.907804212407, 728.3628857905712], [402.907804212407, 588.3628857905712], [642.907804212407, 448.3628857905712]]]"
Thu Jul 23 05:02:07 2020,2,1,True,682.2683775900381,0.8354483641956245,"[0, 0, 1, 3, 2, 0, 3, 1, 0, 0, 1, 2]","[[[0.0, 560.0], [200.0, 560.0], [200.0, 760.0], [0.0, 760.0], [0.0, 560.0]], [[200.0, 560.0], [400.0, 560.0], [400.0, 760.0], [200.0, 760.0], [200.0, 560.0]], [[180.0, 280.0], [180.0, 560.0], [0.0, 560.0], [0.0, 280.0], [180.0, 280.0]], [[533.3333333333333, 280.0], [533.3333333333333, 0.0], [673.3333333333333, 140.0], [533.3333333333333, 280.0]], [[680.0, 577.1428571428571], [680.0, 757.1428571428571], [400.0, 577.1428571428571], [680.0, 577.1428571428571]], [[180.0, 280.0], [460.0, 280.0], [460.0, 560.0], [180.0, 560.0], [180.0, 280.0]], [[502.2683775900381, 577.1428571428571], [582.2683775900381, 377.1428571428571], [682.2683775900381, 377.1428571428571], [682.2683775900381, 577.1428571428571], [502.2683775900381, 577.1428571428571]], [[640.0, 280.0], [640.0, 380.0], [460.0, 380.0], [460.0, 280.0], [640.0, 280.0]], [[253.33333333333326, 0.0], [533.3333333333333, 0.0], [533.3333333333333, 280.0], [253.33333333333326, 0.0]], [[0.0, 0.0], [200.0, 0.0], [200.0, 200.0], [0.0, 280.0], [0.0, 0.0]], [[400.0, 600.0], [560.0, 680.0], [400.0, 760.0], [400.0, 600.0]], [[433.3333333333333, 280.0], [153.33333333333331, 280.0], [293.3333333333333, 40.0], [433.3333333333333, 280.0]]]"
Thu Jul 23 05:02:20 2020,2,1,True,689.0910613659385,0.8271765982134895,"[0, 0, 1, 1, 3, 0, 1, 0, 0, 3, 2, 2]","[[[0.0, 560.0], [200.0, 560.0], [200.0, 760.0], [0.0, 760.0], [0.0, 560.0]], [[0.0, 5.684341886080802e-14], [200.0, 5.684341886080802e-14], [200.0, 200.00000000000006], [0.0, 200.00000000000006], [0.0, 5.684341886080802e-14]], [[180.0, 280.0], [180.0, 560.0], [0.0, 560.0], [0.0, 280.0], [180.0, 280.0]], [[686.4291585619135, 126.90417477141966], [686.4291585619135, 406.90417477141966], [546.4291585619135, 266.90417477141966], [686.4291585619135, 126.90417477141966]], [[689.0910613659385, 760.0], [509.09106136593846, 760.0], [689.0910613659385, 480.0], [689.0910613659385, 760.0]], [[179.78393369603396, 280.0], [459.78393369603396, 280.0], [459.78393369603396, 560.0], [179.78393369603396, 560.0], [179.78393369603396, 280.0]], [[639.5249837904938, 360.0], [559.5249837904938, 560.0], [459.5249837904938, 560.0], [459.5249837904938, 360.0], [639.5249837904938, 360.0]], [[533.3333333333333, 0.0], [633.3333333333333, 0.0], [633.3333333333333, 180.0], [533.3333333333333, 180.0], [533.3333333333333, 0.0]], [[253.33333333333326, 0.0], [533.3333333333333, 0.0], [533.3333333333333, 280.0], [253.33333333333326, 0.0]], [[200.0, 760.0], [200.0, 560.0], [400.0, 560.0], [480.0, 760.0], [200.0, 760.0]], [[559.783933696034, 560.0], [479.78393369603396, 720.0], [399.78393369603396, 560.0], [559.783933696034, 560.0]], [[433.33333333333326, 280.00000000000006], [153.33333333333326, 280.00000000000006], [293.33333333333326, 40.00000000000006], [433.33333333333326, 280.00000000000006]]]"
Thu Jul 23 05:02:40 2020,2,1,True,695.9819719795978,0.8189867309044452,"[0, 0, 0, 1, 3, 0, 0, 1, 2, 0, 2, 1]","[[[0.0, 0.0], [200.0, 0.0], [200.0, 200.0], [0.0, 200.0], [0.0, 0.0]], [[200.0, 0.0], [400.0, 0.0], [400.0, 200.0], [200.0, 200.0], [200.0, 0.0]], [[172.6894971862327, 480.0], [452.6894971862327, 480.0], [452.6894971862327, 660.0], [172.6894971862327, 660.0], [172.6894971862327, 480.0]], [[140.0, 340.0], [140.0, 620.0], [0.0, 480.0], [140.0, 340.0]], [[695.9819719795978, 760.0], [515.9819719795978, 760.0], [695.9819719795978, 480.0], [695.9819719795978, 760.0]], [[160.0, 200.0], [440.0, 200.0], [440.0, 480.0], [160.0, 480.0], [160.0, 200.0]], [[440.0, 167.34384967856795], [640.0, 247.34384967856795], [640.0, 347.34384967856795], [440.0, 347.34384967856795], [440.0, 167.34384967856795]], [[460.0, 660.0], [460.0, 760.0], [280.0, 760.0], [280.0, 660.0], [460.0, 660.0]], [[280.0, 760.0], [0.0, 760.0], [0.0, 480.0], [280.0, 760.0]], [[452.6894971862327, 347.34384967856795], [652.6894971862328, 347.34384967856795], [652.6894971862328, 547.343849678568], [452.6894971862327, 627.343849678568], [452.6894971862327, 347.34384967856795]], [[160.0, 200.0], [80.0, 360.0], [0.0, 200.0], [160.0, 200.0]], [[695.9819719795978, 0.0], [695.9819719795978, 280.0], [455.9819719795978, 140.0], [695.9819719795978, 0.0]]]"
Thu Jul 23 05:02:42 2020,2,0,True,668.1426931004139,0.8531111780254638,"[0, 0, 0, 1, 1, 0, 0, 1, 2, 0, 3, 1]","[[[0.0, 0.0], [200.0, 0.0], [200.0, 200.0], [0.0, 200.0], [0.0, 0.0]], [[200.0, 0.0], [400.0, 0.0], [400.0, 200.0], [200.0, 200.0], [200.0, 0.0]], [[179.84321321964683, 480.0], [459.8432132196468, 480.0], [459.8432132196468, 660.0], [179.84321321964683, 660.0], [179.84321321964683, 480.0]], [[140.0, 340.0], [140.0, 620.0], [0.0, 480.0], [140.0, 340.0]], [[0.0, 200.0], [180.0, 200.0], [0.0, 480.0], [0.0, 200.0]], [[179.84321321964683, 200.0], [459.8432132196468, 200.0], [459.8432132196468, 480.0], [179.84321321964683, 480.0], [179.84321321964683, 200.0]], [[459.8432132196468, 195.1586367362192], [659.8432132196468, 275.1586367362192], [659.8432132196468, 375.1586367362192], [459.8432132196468, 375.1586367362192], [459.8432132196468, 195.1586367362192]], [[460.0, 660.0], [460.0, 760.0], [280.0, 760.0], [280.0, 660.0], [460.0, 660.0]], [[280.0, 760.0], [0.0, 760.0], [0.0, 480.0], [280.0, 760.0]], [[459.8432132196468, 375.15863673621925], [659.8432132196468, 375.15863673621925], [659.8432132196468, 575.1586367362193], [459.8432132196468, 655.1586367362193], [459.8432132196468, 375.15863673621925]], [[620.0, 751.0959220240779], [460.0, 671.0959220240779], [620.0, 591.0959220240779], [620.0, 751.0959220240779]], [[668.1426931004139, 0.0], [668.1426931004139, 280.0], [428.1426931004139, 140.0], [668.1426931004139, 0.0]]]"
Thu Jul 23 05:02:58 2020,2,1,True,674.824120031418,0.844664532698479,"[0, 0, 0, 1, 0, 0, 0, 1, 2, 2, 1, 1]","[[[0.0, 0.0], [200.0, 0.0], [200.0, 200.0], [0.0, 200.0], [0.0, 0.0]], [[279.61538461538464, 178.0834941664134], [479.61538461538464, 178.0834941664134], [479.61538461538464, 378.0834941664134], [279.61538461538464, 378.0834941664134], [279.61538461538464, 178.0834941664134]], [[200.0, 0.0], [480.0, 0.0], [480.0, 180.0], [200.0, 180.0], [200.0, 0.0]], [[674.824120031418, 0.0], [674.824120031418, 280.0], [534.824120031418, 140.0], [674.824120031418, 0.0]], [[180.0, 660.0], [180.0, 480.0], [460.0, 660.0], [180.0, 660.0]], [[0.0, 200.0], [280.0, 200.0], [280.0, 480.0], [0.0, 480.0], [0.0, 200.0]], [[474.82412003141803, 580.0], [674.824120031418, 660.0], [674.824120031418, 760.0], [474.82412003141803, 760.0], [474.82412003141803, 580.0]], [[460.0, 660.0], [460.0, 760.0], [280.0, 760.0], [280.0, 660.0], [460.0, 660.0]], [[280.0, 760.0], [0.0, 760.0], [0.0, 480.0], [280.0, 760.0]], [[674.824120031418, 580.0], [474.82412003141803, 580.0], [474.82412003141803, 380.0], [674.824120031418, 300.0], [674.824120031418, 580.0]], [[479.61538461538464, 164.7912645839666], [639.6153846153846, 244.7912645839666], [479.61538461538464, 324.7912645839666], [479.61538461538464, 164.7912645839666]], [[474.82412003141803, 378.0834941664134], [474.82412003141803, 658.0834941664134], [234.82412003141803, 518.0834941664134], [474.82412003141803, 378.0834941664134]]]"
Thu Jul 23 05:03:16 2020,2,1,True,681.5723612317322,0.8363015175232466,"[0, 0, 0, 3, 3, 0, 0, 1, 0, 0, 3, 2]","[[[0.0, 0.0], [200.0, 0.0], [200.0, 200.0], [0.0, 200.0], [0.0, 0.0]], [[280.0, 200.0], [480.0, 200.0], [480.0, 400.0], [280.0, 400.0], [280.0, 200.0]], [[200.0, 0.0], [480.0, 0.0], [480.0, 180.0], [200.0, 180.0], [200.0, 0.0]], [[480.0, 352.16884476983876], [480.0, 72.16884476983876], [620.0, 212.16884476983876], [480.0, 352.16884476983876]], [[681.5723612317322, 428.23902789839894], [501.5723612317322, 428.23902789839894], [681.5723612317322, 148.23902789839894], [681.5723612317322, 428.23902789839894]], [[0.0, 200.0], [280.0, 200.0], [280.0, 480.0], [0.0, 480.0], [0.0, 200.0]], [[0.0, 580.0], [200.0, 660.0], [200.0, 760.0], [0.0, 760.0], [0.0, 580.0]], [[180.0, 480.0], [180.0, 580.0], [0.0, 580.0], [0.0, 480.0], [180.0, 480.0]], [[401.5723612317322, 428.23902789839894], [681.5723612317322, 428.23902789839894], [681.5723612317322, 708.239027898399], [401.5723612317322, 428.23902789839894]], [[200.0, 480.0], [400.0, 480.0], [400.0, 680.0], [200.0, 760.0], [200.0, 480.0]], [[647.8311552301612, 160.0], [487.83115523016124, 80.0], [647.8311552301612, 0.0], [647.8311552301612, 160.0]], [[633.3333333333333, 760.0], [353.33333333333326, 760.0], [493.33333333333326, 520.0], [633.3333333333333, 760.0]]]"
Thu Jul 23 05:03:33 2020,2,1,True,688.3880848440496,0.8280213044784619,"[0, 0, 1, 1, 1, 0, 0, 0, 0, 0, 2, 2]","[[[0.0, 560.0], [200.0, 560.0], [200.0, 760.0], [0.0, 760.0], [0.0, 560.0]], [[354.3094667824629, 0.0], [554.3094667824629, 0.0], [554.3094667824629, 200.0], [354.3094667824629, 200.0], [354.3094667824629, 0.0]], [[459.919428597548, 200.0], [459.919428597548, 480.0], [279.919428597548, 480.0], [279.919428597548, 200.0], [459.919428597548, 200.0]], [[688.3880848440496, 380.1598680609975], [688.3880848440496, 660.1598680609975], [548.3880848440496, 520.1598680609975], [688.3880848440496, 380.1598680609975]], [[394.1023705583353, 480.0], [574.1023705583352, 480.0], [394.1023705583353, 760.0], [394.1023705583353, 480.0]], [[0.0, 180.0], [280.0, 180.0], [280.0, 460.0], [0.0, 460.0], [0.0, 180.0]], [[0.0, 0.0], [200.0, 80.0], [200.0, 180.0], [0.0, 180.0], [0.0, 0.0]], [[554.3094667824629, 0.0], [654.3094667824629, 0.0], [654.3094667824629, 180.0], [554.3094667824629, 180.0], [554.3094667824629, 0.0]], [[114.20514288326228, 480.0], [394.2051428832623, 480.0], [394.2051428832623, 760.0], [114.20514288326228, 480.0]], [[460.0, 200.0], [660.0, 200.0], [660.0, 400.0], [460.0, 480.0], [460.0, 200.0]], [[320.0, 0.0], [240.0, 160.0], [160.0, 0.0], [320.0, 0.0]], [[688.3880848440496, 760.0], [408.38808484404956, 760.0], [548.3880848440496, 520.0], [688.3880848440496, 760.0]]]"
Thu Jul 23 05:03:44 2020,2,1,True,695.2719656924901,0.8198230737410513,"[0, 0, 1, 2, 0, 0, 0, 1, 0, 1, 1, 1]","[[[0.0, 0.0], [200.0, 0.0], [200.0, 200.0], [0.0, 200.0], [0.0, 0.0]], [[0.0, 400.0], [200.0, 400.0], [200.0, 600.0], [0.0, 600.0], [0.0, 400.0]], [[460.0, 180.0], [460.0, 460.0], [280.0, 460.0], [280.0, 180.0], [460.0, 180.0]], [[280.0, 740.0], [0.0, 740.0], [140.0, 600.0], [280.0, 740.0]], [[200.0, 180.0], [200.0, 0.0], [480.0, 180.0], [200.0, 180.0]], [[405.7142857142858, 480.0], [685.7142857142858, 480.0], [685.7142857142858, 760.0], [405.7142857142858, 760.0], [405.7142857142858, 480.0]], [[460.0, 180.0], [660.0, 260.0], [660.0, 360.0], [460.0, 360.0], [460.0, 180.0]], [[640.0, 360.0], [640.0, 460.0], [460.0, 460.0], [460.0, 360.0], [640.0, 360.0]], [[415.2719656924901, 0.0], [695.2719656924901, 0.0], [695.2719656924901, 280.0], [415.2719656924901, 0.0]], [[280.0, 200.0], [280.0, 400.0], [80.0, 400.0], [0.0, 200.0], [280.0, 200.0]], [[200.0, 420.0], [360.0, 500.0], [200.0, 580.0], [200.0, 420.0]], [[405.71428571428584, 480.0], [405.71428571428584, 760.0], [165.71428571428584, 620.0], [405.71428571428584, 480.0]]]"
Thu Jul 23 05:03:53 2020,2,1,True,702.224685349415,0.8117060136050013,"[0, 0, 1, 2, 0, 0, 0, 1, 0, 1, 1, 1]","[[[0.0, 0.0], [200.0, 0.0], [200.0, 200.0], [0.0, 200.0], [0.0, 0.0]], [[0.0, 400.0], [200.0, 400.0], [200.0, 600.0], [0.0, 600.0], [0.0, 400.0]], [[460.0, 176.01896745446118], [460.0, 456.0189674544612], [280.0, 456.0189674544612], [280.0, 176.01896745446118], [460.0, 176.01896745446118]], [[280.0, 752.5389129352095], [0.0, 752.5389129352095], [140.0, 612.5389129352095], [280.0, 752.5389129352095]], [[200.0, 180.0], [200.0, 0.0], [480.0, 180.0], [200.0, 180.0]], [[405.7142857142858, 472.5389129352095], [685.7142857142858, 472.5389129352095], [685.7142857142858, 752.5389129352095], [405.7142857142858, 752.5389129352095], [405.7142857142858, 472.5389129352095]], [[460.0, 192.5389129352095], [660.0, 272.5389129352095], [660.0, 372.5389129352095], [460.0, 372.5389129352095], [460.0, 192.5389129352095]], [[640.0, 372.5389129352095], [640.0, 472.5389129352095], [460.0, 472.5389129352095], [460.0, 372.5389129352095], [640.0, 372.5389129352095]], [[387.4610870647905, 0.0], [667.4610870647905, 0.0], [667.4610870647905, 280.0], [387.4610870647905, 0.0]], [[280.0, 200.0], [280.0, 400.0], [80.0, 400.0], [0.0, 200.0], [280.0, 200.0]], [[200.0, 416.0189674544612], [360.0, 496.0189674544612], [200.0, 576.0189674544612], [200.0, 416.0189674544612]], [[405.71428571428584, 480.0], [405.71428571428584, 760.0], [165.71428571428584, 620.0], [405.71428571428584, 480.0]]]"
Thu Jul 23 05:03:57 2020,2,1,True,709.2469322029092,0.8036693204009913,"[0, 0, 1, 2, 0, 0, 0, 1, 0, 1, 1, 1]","[[[0.0, 0.0], [200.0, 0.0], [200.0, 200.0], [0.0, 200.0], [0.0, 0.0]], [[0.0, 400.0], [200.0, 400.0], [200.0, 600.0], [0.0, 600.0], [0.0, 400.0]], [[460.0, 180.0], [460.0, 460.0], [280.0, 460.0], [280.0, 180.0], [460.0, 180.0]], [[280.0, 752.5389129352095], [0.0, 752.5389129352095], [140.0, 612.5389129352095], [280.0, 752.5389129352095]], [[200.0, 180.0], [200.0, 0.0], [480.0, 180.0], [200.0, 180.0]], [[405.7142857142858, 472.5389129352095], [685.7142857142858, 472.5389129352095], [685.7142857142858, 752.5389129352095], [405.7142857142858, 752.5389129352095], [405.7142857142858, 472.5389129352095]], [[460.0, 192.5389129352095], [660.0, 272.5389129352095], [660.0, 372.5389129352095], [460.0, 372.5389129352095], [460.0, 192.5389129352095]], [[640.0, 372.5389129352095], [640.0, 472.5389129352095], [460.0, 472.5389129352095], [460.0, 372.5389129352095], [640.0, 372.5389129352095]], [[387.4610870647905, 0.0], [667.4610870647905, 0.0], [667.4610870647905, 280.0], [387.4610870647905, 0.0]], [[280.0, 200.0], [280.0, 400.0], [80.0, 400.0], [0.0, 200.0], [280.0, 200.0]], [[200.0, 420.0], [360.0, 500.0], [200.0, 580.0], [200.0, 420.0]], [[405.71428571428584, 480.0], [405.71428571428584, 760.0], [165.71428571428584, 620.0], [405.71428571428584, 480.0]]]"
Thu Jul 23 05:03:57 2020,2,0,True,680.8770549147928,0.837155542084366,"[0, 0, 1, 2, 0, 0, 0, 1, 0, 1, 1, 1]","[[[0.0, 0.0], [200.0, 0.0], [200.0, 200.0], [0.0, 200.0], [0.0, 0.0]], [[0.0, 400.0], [200.0, 400.0], [200.0, 600.0], [0.0, 600.0], [0.0, 400.0]], [[460.0, 180.0], [460.0, 460.0], [280.0, 460.0], [280.0, 180.0], [460.0, 180.0]], [[280.0, 752.5389129352095], [0.0, 752.5389129352095], [140.0, 612.5389129352095], [280.0, 752.5389129352095]], [[200.0, 180.0], [200.0, 0.0], [480.0, 180.0], [200.0, 180.0]], [[400.8770549147928, 472.5389129352095], [680.8770549147928, 472.5389129352095], [680.8770549147928, 752.5389129352095], [400.8770549147928, 752.5389129352095], [400.8770549147928, 472.5389129352095]], [[460.0, 192.5389129352095], [660.0, 272.5389129352095], [660.0, 372.5389129352095], [460.0, 372.5389129352095], [460.0, 192.5389129352095]], [[640.0, 372.5389129352095], [640.0, 472.5389129352095], [460.0, 472.5389129352095], [460.0, 372.5389129352095], [640.0, 372.5389129352095]], [[387.4610870647905, 0.0], [667.4610870647905, 0.0], [667.4610870647905, 280.0], [387.4610870647905, 0.0]], [[280.0, 200.0], [280.0, 400.0], [80.0, 400.0], [0.0, 200.0], [280.0, 200.0]], [[200.0, 420.0], [360.0, 500.0], [200.0, 580.0], [200.0, 420.0]], [[400.8770549147928, 480.0], [400.8770549147928, 760.0], [160.87705491479278, 620.0], [400.8770549147928, 480.0]]]"
Thu Jul 23 05:04:13 2020,2,1,True,687.6858254639407,0.8288668733508575,"[0, 0, 1, 1, 1, 0, 2, 1, 1, 3, 1, 3]","[[[280.0, 0.0], [480.0, 0.0], [480.0, 200.0], [280.0, 200.0], [280.0, 0.0]], [[487.68582546394066, 0.0], [687.6858254639407, 0.0], [687.6858254639407, 200.0], [487.68582546394066, 200.0], [487.68582546394066, 0.0]], [[180.0, 200.0], [180.0, 480.0], [0.0, 480.0], [0.0, 200.0], [180.0, 200.0]], [[487.68582546394066, 192.31417453605934], [487.68582546394066, 472.31417453605934], [347.68582546394066, 332.31417453605934], [487.68582546394066, 192.31417453605934]], [[0.0, 480.0], [180.0, 480.0], [0.0, 760.0], [0.0, 480.0]], [[353.499523771339, 480.0], [633.499523771339, 480.0], [633.499523771339, 760.0], [353.499523771339, 760.0], [353.499523771339, 480.0]], [[687.6858254639407, 380.0], [487.68582546394066, 300.0], [487.68582546394066, 200.0], [687.6858254639407, 200.0], [687.6858254639407, 380.0]], [[380.0, 200.0], [380.0, 300.0], [200.0, 300.0], [200.0, 200.0], [380.0, 200.0]], [[337.14285714285705, 480.0], [337.14285714285705, 760.0], [57.14285714285705, 760.0], [337.14285714285705, 480.0]], [[0.0, 200.0], [0.0, 0.0], [200.0, 0.0], [280.0, 200.0], [0.0, 200.0]], [[487.68582546394066, 300.0], [647.6858254639407, 380.0], [487.68582546394066, 460.0], [487.68582546394066, 300.0]], [[180.0, 568.3333333333333], [180.0, 288.33333333333326], [420.0, 428.33333333333326], [180.0, 568.3333333333333]]]"
Thu Jul 23 05:04:24 2020,2,1,True,694.56268371858,0.8206602706444135,"[0, 0, 0, 2, 2, 0, 0, 0, 3, 0, 1, 1]","[[[494.56268371858005, 0.0], [694.56268371858, 0.0], [694.56268371858, 200.0], [494.56268371858005, 200.0], [494.56268371858005, 0.0]], [[380.3448302243107, 374.17492651256794], [580.3448302243107, 374.17492651256794], [580.3448302243107, 574.1749265125679], [380.3448302243107, 574.1749265125679], [380.3448302243107, 374.17492651256794]], [[379.82861694792564, 574.1749265125679], [659.8286169479256, 574.1749265125679], [659.8286169479256, 754.1749265125679], [379.82861694792564, 754.1749265125679], [379.82861694792564, 574.1749265125679]], [[280.0, 560.0], [0.0, 560.0], [140.0, 420.0], [280.0, 560.0]], [[379.8286169479257, 560.0], [379.8286169479257, 740.0], [99.8286169479257, 560.0], [379.8286169479257, 560.0]], [[0.0, 0.0], [280.0, 0.0], [280.0, 280.0], [0.0, 280.0], [0.0, 0.0]], [[480.0, 194.174926512568], [680.0, 274.174926512568], [680.0, 374.174926512568], [480.0, 374.174926512568], [480.0, 194.174926512568]], [[0.0, 560.0], [100.0, 560.0], [100.0, 740.0], [0.0, 740.0], [0.0, 560.0]], [[0.0, 560.0], [0.0, 280.0], [280.0, 280.0], [0.0, 560.0]], [[280.0, 0.0], [480.0, 0.0], [480.0, 200.0], [280.0, 280.0], [280.0, 0.0]], [[99.68179758599229, 582.6525841624236], [259.6817975859923, 662.6525841624236], [99.68179758599229, 742.6525841624236], [99.68179758599229, 582.6525841624236]], [[380.34483022431067, 279.6551697756893], [380.34483022431067, 559.6551697756893], [140.34483022431067, 419.6551697756893], [380.34483022431067, 279.6551697756893]]]"
Thu Jul 23 05:04:32 2020,2,1,True,701.5083105557659,0.8125349214301122,"[0, 0, 1, 0, 3, 0, 0, 1, 2, 3, 0, 0]","[[[280.0, 258.4916894442341], [480.0, 258.4916894442341], [480.0, 458.4916894442341], [280.0, 458.4916894442341], [280.0, 258.4916894442341]], [[488.42105263157896, 481.7643265796253], [688.421052631579, 481.7643265796253], [688.421052631579, 681.7643265796253], [488.42105263157896, 681.7643265796253], [488.42105263157896, 481.7643265796253]], [[488.42105263157896, 480.0], [488.42105263157896, 760.0], [308.42105263157896, 760.0], [308.42105263157896, 480.0], [488.42105263157896, 480.0]], [[421.5083105557659, 0.0], [701.5083105557659, 0.0], [561.5083105557659, 140.0], [421.5083105557659, 0.0]], [[701.5083105557659, 318.36765080193163], [521.5083105557659, 318.36765080193163], [701.5083105557659, 38.36765080193163], [701.5083105557659, 318.36765080193163]], [[0.0, 0.0], [280.0, 0.0], [280.0, 280.0], [0.0, 280.0], [0.0, 0.0]], [[480.0, 300.0], [680.0, 380.0], [680.0, 480.0], [480.0, 480.0], [480.0, 300.0]], [[299.0354795837583, 660.0], [299.0354795837583, 760.0], [119.03547958375827, 760.0], [119.03547958375827, 660.0], [299.0354795837583, 660.0]], [[280.0, 660.0], [0.0, 660.0], [0.0, 380.0], [280.0, 660.0]], [[280.0, 258.4916894442341], [280.0, 58.49168944423411], [480.0, 58.49168944423411], [560.0, 258.4916894442341], [280.0, 258.4916894442341]], [[148.42105263157896, 528.421052631579], [228.42105263157896, 368.42105263157896], [308.42105263157896, 528.421052631579], [148.42105263157896, 528.421052631579]], [[0.0, 280.0], [280.0, 280.0], [140.0, 520.0], [0.0, 280.0]]]"
Thu Jul 23 05:04:42 2020,2,1,True,708.5233936613236,0.8044900212179329,"[0, 0, 1, 3, 3, 0, 1, 0, 2, 0, 0, 0]","[[[473.44797813353523, 560.0], [673.4479781335352, 560.0], [673.4479781335352, 760.0], [473.44797813353523, 760.0], [473.44797813353523, 560.0]], [[280.0, 0.0], [480.0, 0.0], [480.0, 200.0], [280.0, 200.0], [280.0, 0.0]], [[473.44797813353523, 474.9686348335424], [473.44797813353523, 754.9686348335424], [293.44797813353523, 754.9686348335424], [293.44797813353523, 474.9686348335424], [473.44797813353523, 474.9686348335424]], [[480.86956521739137, 512.5784129161439], [480.86956521739137, 232.57841291614386], [620.8695652173914, 372.57841291614386], [480.86956521739137, 512.5784129161439]], [[280.86956521739125, 580.8695652173913], [100.86956521739125, 580.8695652173913], [280.86956521739125, 300.86956521739125], [280.86956521739125, 580.8695652173913]], [[0.0, 0.0], [280.0, 0.0], [280.0, 280.0], [0.0, 280.0], [0.0, 0.0]], [[660.0, 0.0], [580.0, 200.0], [480.0, 200.0], [480.0, 0.0], [660.0, 0.0]], [[593.7974720860708, 165.5063197848233], [693.7974720860708, 165.5063197848233], [693.7974720860708, 345.5063197848233], [593.7974720860708, 345.5063197848233], [593.7974720860708, 165.5063197848233]], [[280.0, 760.0], [0.0, 760.0], [0.0, 480.0], [280.0, 760.0]], [[280.86956521739125, 200.0], [480.86956521739125, 200.0], [480.86956521739125, 400.0], [280.86956521739125, 480.0], [280.86956521739125, 200.0]], [[513.4479781335352, 560.0], [593.4479781335352, 400.0], [673.4479781335352, 560.0], [513.4479781335352, 560.0]], [[0.0, 280.0], [280.0, 280.0], [140.0, 520.0], [0.0, 280.0]]]"
Thu Jul 23 05:04:55 2020,2,1,True,715.6086275979368,0.7965247734831019,"[0, 0, 1, 3, 3, 0, 2, 0, 2, 0, 3, 0]","[[[459.5838272600215, 560.0], [659.5838272600215, 560.0], [659.5838272600215, 760.0], [459.5838272600215, 760.0], [459.5838272600215, 560.0]], [[280.0, 0.0], [480.0, 0.0], [480.0, 200.0], [280.0, 200.0], [280.0, 0.0]], [[459.5838272600215, 479.5838272600215], [459.5838272600215, 759.5838272600215], [279.5838272600215, 759.5838272600215], [279.5838272600215, 479.5838272600215], [459.5838272600215, 479.5838272600215]], [[479.5838272600215, 530.8979459822737], [479.5838272600215, 250.89794598227365], [619.5838272600215, 390.89794598227365], [479.5838272600215, 530.8979459822737]], [[279.5838272600215, 579.5838272600215], [99.58382726002151, 579.5838272600215], [279.5838272600215, 299.5838272600215], [279.5838272600215, 579.5838272600215]], [[0.0, 0.0], [280.0, 0.0], [280.0, 280.0], [0.0, 280.0], [0.0, 0.0]], [[701.4410163220637, 180.0], [501.44101632206366, 100.0], [501.44101632206366, 0.0], [701.4410163220637, 0.0], [701.4410163220637, 180.0]], [[580.1824579148706, 171.49657663712276], [680.1824579148706, 171.49657663712276], [680.1824579148706, 351.49657663712276], [580.1824579148706, 351.49657663712276], [580.1824579148706, 171.49657663712276]], [[280.0, 760.0], [0.0, 760.0], [0.0, 480.0], [280.0, 760.0]], [[279.5838272600215, 199.5838272600215], [479.5838272600215, 199.5838272600215], [479.5838272600215, 399.5838272600215], [279.5838272600215, 479.5838272600215], [279.5838272600215, 199.5838272600215]], [[680.1824579148706, 570.2993153274246], [520.1824579148706, 490.29931532742455], [680.1824579148706, 410.29931532742455], [680.1824579148706, 570.2993153274246]], [[0.0, 280.0], [280.0, 280.0], [140.0, 520.0], [0.0, 280.0]]]"
Thu Jul 23 05:04:55 2020,2,0,True,686.9842824940193,0.8297133057115644,"[0, 0, 1, 3, 3, 0, 2, 0, 2, 0, 3, 0]","[[[459.5838272600215, 560.0], [659.5838272600215, 560.0], [659.5838272600215, 760.0], [459.5838272600215, 760.0], [459.5838272600215, 560.0]], [[280.0, 0.0], [480.0, 0.0], [480.0, 200.0], [280.0, 200.0], [280.0, 0.0]], [[459.5838272600215, 479.5838272600215], [459.5838272600215, 759.5838272600215], [279.5838272600215, 759.5838272600215], [279.5838272600215, 479.5838272600215], [459.5838272600215, 479.5838272600215]], [[479.5838272600215, 530.8979459822737], [479.5838272600215, 250.89794598227365], [619.5838272600215, 390.89794598227365], [479.5838272600215, 530.8979459822737]], [[279.5838272600215, 579.5838272600215], [99.58382726002151, 579.5838272600215], [279.5838272600215, 299.5838272600215], [279.5838272600215, 579.5838272600215]], [[0.0, 0.0], [280.0, 0.0], [280.0, 280.0], [0.0, 280.0], [0.0, 0.0]], [[686.9842824940193, 180.0], [486.98428249401934, 100.0], [486.98428249401934, 0.0], [686.9842824940193, 0.0], [686.9842824940193, 180.0]], [[586.9842824940193, 180.0], [686.9842824940193, 180.0], [686.9842824940193, 360.0], [586.9842824940193, 360.0], [586.9842824940193, 180.0]], [[280.0, 760.0], [0.0, 760.0], [0.0, 480.0], [280.0, 760.0]], [[279.5838272600215, 199.5838272600215], [479.5838272600215, 199.5838272600215], [479.5838272600215, 399.5838272600215], [279.5838272600215, 479.5838272600215], [279.5838272600215, 199.5838272600215]], [[680.1824579148707, 570.2993153274247], [520.1824579148707, 490.29931532742467], [680.1824579148707, 410.29931532742467], [680.1824579148707, 570.2993153274247]], [[0.0, 280.0], [280.0, 280.0], [140.0, 520.0], [0.0, 280.0]]]"
Thu Jul 23 05:05:02 2020,2,0,True,659.5049111942585,0.8642846934495463,"[0, 0, 1, 1, 3, 0, 1, 1, 2, 0, 0, 0]","[[[459.5049111942585, 560.0], [659.5049111942585, 560.0], [659.5049111942585, 760.0], [459.5049111942585, 760.0], [459.5049111942585, 560.0]], [[280.0, 0.0], [480.0, 0.0], [480.0, 200.0], [280.0, 200.0], [280.0, 0.0]], [[459.5049111942585, 479.5838272600215], [459.5049111942585, 759.5838272600215], [279.5049111942585, 759.5838272600215], [279.5049111942585, 479.5838272600215], [459.5049111942585, 479.5838272600215]], [[644.4008680092638, 135.10404318499468], [644.4008680092638, 415.1040431849947], [504.40086800926383, 275.1040431849947], [644.4008680092638, 135.10404318499468]], [[279.5838272600215, 582.4534292999881], [99.58382726002151, 582.4534292999881], [279.5838272600215, 302.4534292999881], [279.5838272600215, 582.4534292999881]], [[0.0, 0.0], [280.0, 0.0], [280.0, 280.0], [0.0, 280.0], [0.0, 0.0]], [[659.5049111942585, 0.0], [579.5049111942585, 200.0], [479.5049111942585, 200.0], [479.5049111942585, 0.0], [659.5049111942585, 0.0]], [[639.5049111942585, 460.0], [639.5049111942585, 560.0], [459.5049111942585, 560.0], [459.5049111942585, 460.0], [639.5049111942585, 460.0]], [[280.0, 760.0], [0.0, 760.0], [0.0, 480.0], [280.0, 760.0]], [[279.5049111942585, 199.5838272600215], [479.5049111942585, 199.5838272600215], [479.5049111942585, 399.5838272600215], [279.5049111942585, 479.5838272600215], [279.5049111942585, 199.5838272600215]], [[449.29682482426927, 460.0], [529.2968248242693, 300.0], [609.2968248242693, 460.0], [449.29682482426927, 460.0]], [[0.0, 280.0], [280.0, 280.0], [140.0, 520.0], [0.0, 280.0]]]"
Thu Jul 23 05:05:41 2020,2,1,True,666.0999603062011,0.8557274192569767,"[0, 0, 1, 3, 3, 0, 0, 1, 0, 1, 2, 3]","[[[275.10896931521, 460.0], [475.10896931521, 460.0], [475.10896931521, 660.0], [275.10896931521, 660.0], [275.10896931521, 460.0]], [[0.0, 280.0], [200.0, 280.0], [200.0, 480.0], [0.0, 480.0], [0.0, 280.0]], [[655.1089693152101, 480.0], [655.1089693152101, 760.0], [475.10896931521006, 760.0], [475.10896931521006, 480.0], [655.1089693152101, 480.0]], [[0.0, 760.0], [0.0, 480.0], [140.0, 620.0], [0.0, 760.0]], [[275.10896931521, 760.0], [95.10896931521, 760.0], [275.10896931521, 480.0], [275.10896931521, 760.0]], [[0.0, 0.0], [280.0, 0.0], [280.0, 280.0], [0.0, 280.0], [0.0, 0.0]], [[200.0, 280.0], [400.0, 360.0], [400.0, 460.0], [200.0, 460.0], [200.0, 280.0]], [[455.10896931521, 660.0], [455.10896931521, 760.0], [275.10896931521, 760.0], [275.10896931521, 660.0], [455.10896931521, 660.0]], [[386.09996030620107, 0.0], [666.0999603062011, 0.0], [666.0999603062011, 280.0], [386.09996030620107, 0.0]], [[635.933359795866, 249.83339948966477], [635.933359795866, 449.83339948966477], [435.93335979586595, 449.83339948966477], [355.93335979586595, 249.83339948966477], [635.933359795866, 249.83339948966477]], [[252.25182645806714, 480.0], [172.25182645806714, 640.0], [92.25182645806714, 480.0], [252.25182645806714, 480.0]], [[280.0, 280.0], [280.0, 0.0], [520.0, 140.0], [280.0, 280.0]]]"
Thu Jul 23 05:05:51 2020,2,1,True,672.7609599092631,0.847254870551462,"[0, 0, 1, 2, 0, 0, 0, 1, 0, 1, 2, 3]","[[[206.26851018670982, 460.0], [406.2685101867098, 460.0], [406.2685101867098, 660.0], [206.26851018670982, 660.0], [206.26851018670982, 460.0]], [[0.0, 280.0], [200.0, 280.0], [200.0, 480.0], [0.0, 480.0], [0.0, 280.0]], [[639.455961893953, 480.0], [639.455961893953, 760.0], [459.45596189395303, 760.0], [459.45596189395303, 480.0], [639.455961893953, 480.0]], [[660.0, 280.0], [380.0, 280.0], [520.0, 140.0], [660.0, 280.0]], [[0.0, 760.0], [0.0, 580.0], [280.0, 760.0], [0.0, 760.0]], [[0.0, 0.0], [280.0, 0.0], [280.0, 280.0], [0.0, 280.0], [0.0, 0.0]], [[200.0, 280.0], [400.0, 360.0], [400.0, 460.0], [200.0, 460.0], [200.0, 280.0]], [[459.45596189395303, 659.6502612175412], [459.45596189395303, 759.6502612175412], [279.45596189395303, 759.6502612175412], [279.45596189395303, 659.6502612175412], [459.45596189395303, 659.6502612175412]], [[380.0, 0.0], [660.0, 0.0], [660.0, 280.0], [380.0, 0.0]], [[648.0, 280.0], [648.0, 480.0], [448.0, 480.0], [368.0, 280.0], [648.0, 280.0]], [[206.2685101867098, 481.3600952651175], [126.26851018670979, 641.3600952651175], [46.26851018670979, 481.3600952651175], [206.2685101867098, 481.3600952651175]], [[280.0, 280.0], [280.0, 0.0], [520.0, 140.0], [280.0, 280.0]]]"
Thu Jul 23 05:06:04 2020,2,1,True,679.4885695083557,0.838866208466794,"[0, 0, 1, 1, 1, 0, 0, 1, 0, 1, 0, 3]","[[[242.85714285714283, 460.0], [442.85714285714283, 460.0], [442.85714285714283, 660.0], [242.85714285714283, 660.0], [242.85714285714283, 460.0]], [[0.0, 280.0], [200.0, 280.0], [200.0, 480.0], [0.0, 480.0], [0.0, 280.0]], [[640.0, 480.0], [640.0, 760.0], [460.0, 760.0], [460.0, 480.0], [640.0, 480.0]], [[242.85714285714283, 460.0], [242.85714285714283, 740.0], [102.85714285714283, 600.0], [242.85714285714283, 460.0]], [[0.0, 480.0], [180.0, 480.0], [0.0, 760.0], [0.0, 480.0]], [[0.0, 0.0], [280.0, 0.0], [280.0, 280.0], [0.0, 280.0], [0.0, 0.0]], [[200.0, 280.0], [400.0, 360.0], [400.0, 460.0], [200.0, 460.0], [200.0, 280.0]], [[460.0, 660.0], [460.0, 760.0], [280.0, 760.0], [280.0, 660.0], [460.0, 660.0]], [[365.85052151289256, 0.0], [645.8505215128926, 0.0], [645.8505215128926, 280.0], [365.85052151289256, 0.0]], [[648.0, 280.0], [648.0, 480.0], [448.0, 480.0], [368.0, 280.0], [648.0, 280.0]], [[22.857142857142847, 760.0], [102.85714285714285, 600.0], [182.85714285714283, 760.0], [22.857142857142847, 760.0]], [[280.0, 294.14947848710744], [280.0, 14.149478487107444], [520.0, 154.14947848710744], [280.0, 294.14947848710744]]]"
Thu Jul 23 05:06:04 2020,2,0,True,652.3090267280214,0.8738189671529106,"[0, 0, 1, 1, 1, 0, 0, 1, 0, 1, 0, 3]","[[[242.85714285714283, 460.0], [442.85714285714283, 460.0], [442.85714285714283, 660.0], [242.85714285714283, 660.0], [242.85714285714283, 460.0]], [[0.0, 280.0], [200.0, 280.0], [200.0, 480.0], [0.0, 480.0], [0.0, 280.0]], [[640.0, 480.0], [640.0, 760.0], [460.0, 760.0], [460.0, 480.0], [640.0, 480.0]], [[242.85714285714283, 460.0], [242.85714285714283, 740.0], [102.85714285714283, 600.0], [242.85714285714283, 460.0]], [[0.0, 480.0], [180.0, 480.0], [0.0, 760.0], [0.0, 480.0]], [[0.0, 0.0], [280.0, 0.0], [280.0, 280.0], [0.0, 280.0], [0.0, 0.0]], [[200.0, 280.0], [400.0, 360.0], [400.0, 460.0], [200.0, 460.0], [200.0, 280.0]], [[460.0, 660.0], [460.0, 760.0], [280.0, 760.0], [280.0, 660.0], [460.0, 660.0]], [[365.85052151289256, 0.0], [645.8505215128926, 0.0], [645.8505215128926, 280.0], [365.85052151289256, 0.0]], [[650.8571428571429, 280.0], [650.8571428571429, 480.0], [450.8571428571429, 480.0], [370.8571428571429, 280.0], [650.8571428571429, 280.0]], [[22.857142857142847, 760.0], [102.85714285714285, 600.0], [182.85714285714283, 760.0], [22.857142857142847, 760.0]], [[280.0, 294.14947848710744], [280.0, 14.149478487107444], [520.0, 154.14947848710744], [280.0, 294.14947848710744]]]"
Thu Jul 23 05:06:23 2020,2,1,True,658.8321169953016,0.8651672942108026,"[0, 0, 1, 1, 1, 0, 2, 1, 3, 2, 2, 2]","[[[0.0, 100.0], [200.0, 100.0], [200.0, 300.0], [0.0, 300.0], [0.0, 100.0]], [[458.8321169953016, 560.0], [658.8321169953016, 560.0], [658.8321169953016, 760.0], [458.8321169953016, 760.0], [458.8321169953016, 560.0]], [[378.8321169953016, 0.0], [378.8321169953016, 280.0], [198.8321169953016, 280.0], [198.8321169953016, 0.0], [378.8321169953016, 0.0]], [[658.8321169953016, 0.0], [658.8321169953016, 280.0], [518.8321169953016, 140.0], [658.8321169953016, 0.0]], [[0.0, 460.0], [180.0, 460.0], [0.0, 740.0], [0.0, 460.0]], [[178.8321169953016, 300.0], [458.8321169953016, 300.0], [458.8321169953016, 580.0], [178.8321169953016, 580.0], [178.8321169953016, 300.0]], [[434.7619047619048, 760.0], [234.76190476190482, 680.0], [234.76190476190482, 580.0], [434.7619047619048, 580.0], [434.7619047619048, 760.0]], [[180.0, 0.0], [180.0, 100.0], [0.0, 100.0], [0.0, 0.0], [180.0, 0.0]], [[378.8321169953016, 280.0], [378.8321169953016, 0.0], [658.8321169953016, 0.0], [378.8321169953016, 280.0]], [[658.8321169953016, 560.0], [458.8321169953016, 560.0], [458.8321169953016, 360.0], [658.8321169953016, 280.0], [658.8321169953016, 560.0]], [[160.0, 300.0], [80.0, 460.0], [0.0, 300.0], [160.0, 300.0]], [[281.42857142857144, 760.0], [1.4285714285714448, 760.0], [141.42857142857144, 520.0], [281.42857142857144, 760.0]]]"
Thu Jul 23 05:07:11 2020,2,3,True,665.4204381652546,0.8566012813968342,"[0, 0, 1, 3, 2, 0, 0, 0, 0, 2, 2, 3]","[[[465.4204381652546, 560.0], [665.4204381652546, 560.0], [665.4204381652546, 760.0], [465.4204381652546, 760.0], [465.4204381652546, 560.0]], [[180.0, 537.5211676845106], [380.0, 537.5211676845106], [380.0, 737.5211676845106], [180.0, 737.5211676845106], [180.0, 537.5211676845106]], [[180.0, 480.0], [180.0, 760.0], [0.0, 760.0], [0.0, 480.0], [180.0, 480.0]], [[504.4897959183674, 399.0693577531128], [504.4897959183674, 119.0693577531128], [644.4897959183675, 259.0693577531128], [504.4897959183674, 399.0693577531128]], [[280.0, 0.0], [280.0, 180.0], [0.0, 0.0], [280.0, 0.0]], [[224.4897959183674, 194.1810220075099], [504.4897959183674, 194.1810220075099], [504.4897959183674, 474.1810220075099], [224.4897959183674, 474.1810220075099], [224.4897959183674, 194.1810220075099]], [[279.6014601727645, 14.18102200750991], [479.6014601727645, 94.18102200750991], [479.6014601727645, 194.1810220075099], [279.6014601727645, 194.1810220075099], [279.6014601727645, 14.18102200750991]], [[523.5591536714803, 380.0], [623.5591536714803, 380.0], [623.5591536714803, 560.0], [523.5591536714803, 560.0], [523.5591536714803, 380.0]], [[385.4204381652546, 0.0], [665.4204381652546, 0.0], [665.4204381652546, 280.0], [385.4204381652546, 0.0]], [[224.4897959183674, 480.0], [24.489795918367406, 480.0], [24.489795918367406, 280.0], [224.4897959183674, 200.0], [224.4897959183674, 480.0]], [[508.32992716149965, 474.1810220075099], [428.32992716149965, 634.1810220075099], [348.32992716149965, 474.1810220075099], [508.32992716149965, 474.1810220075099]], [[0.0, 294.2857142857143], [0.0, 14.285714285714278], [240.0, 154.28571428571428], [0.0, 294.2857142857143]]]"
Thu Jul 23 05:07:55 2020,2,3,True,672.0746425469072,0.8481200805909249,"[0, 0, 1, 3, 1, 0, 0, 0, 1, 1, 0, 2]","[[[0.0, 260.0], [200.0, 260.0], [200.0, 460.0], [0.0, 460.0], [0.0, 260.0]], [[0.0, 0.0], [200.0, 0.0], [200.0, 200.0], [0.0, 200.0], [0.0, 0.0]], [[180.0, 480.0], [180.0, 760.0], [0.0, 760.0], [0.0, 480.0], [180.0, 480.0]], [[480.0, 468.28423385180906], [480.0, 188.28423385180906], [620.0, 328.28423385180906], [480.0, 468.28423385180906]], [[180.0, 480.0], [360.0, 480.0], [180.0, 760.0], [180.0, 480.0]], [[200.0, 188.28423385180906], [480.0, 188.28423385180906], [480.0, 468.28423385180906], [200.0, 468.28423385180906], [200.0, 188.28423385180906]], [[200.0, 0.0], [400.0, 80.0], [400.0, 180.0], [200.0, 180.0], [200.0, 0.0]], [[558.8036206386444, 0.0], [658.8036206386444, 0.0], [658.8036206386444, 180.0], [558.8036206386444, 180.0], [558.8036206386444, 0.0]], [[672.0746425469072, 276.209591304902], [672.0746425469072, 556.209591304902], [392.07464254690717, 556.209591304902], [672.0746425469072, 276.209591304902]], [[672.0746425469072, 556.209591304902], [672.0746425469072, 756.209591304902], [472.07464254690717, 756.209591304902], [392.07464254690717, 556.209591304902], [672.0746425469072, 556.209591304902]], [[395.85788307409547, 188.28423385180906], [475.85788307409547, 28.284233851809063], [555.8578830740955, 188.28423385180906], [395.85788307409547, 188.28423385180906]], [[474.28571428571433, 760.0], [194.28571428571433, 760.0], [334.28571428571433, 520.0], [474.28571428571433, 760.0]]]"
Thu Jul 23 05:08:11 2020,2,1,True,678.7953889723763,0.8397228520702228,"[0, 0, 0, 3, 3, 0, 0, 0, 3, 0, 2, 1]","[[[0.0, 180.0], [200.0, 180.0], [200.0, 380.0], [0.0, 380.0], [0.0, 180.0]], [[280.0, 0.0], [480.0, 0.0], [480.0, 200.0], [280.0, 200.0], [280.0, 0.0]], [[0.0, 0.0], [280.0, 0.0], [280.0, 180.0], [0.0, 180.0], [0.0, 0.0]], [[0.0, 701.2046110276237], [0.0, 421.20461102762374], [140.0, 561.2046110276237], [0.0, 701.2046110276237]], [[192.20296423204385, 760.0], [12.202964232043854, 760.0], [192.20296423204385, 480.0], [192.20296423204385, 760.0]], [[200.0, 200.0], [480.0, 200.0], [480.0, 480.0], [200.0, 480.0], [200.0, 200.0]], [[372.202964232044, 580.0], [572.202964232044, 660.0], [572.202964232044, 760.0], [372.202964232044, 760.0], [372.202964232044, 580.0]], [[578.7953889723763, 240.00000000000006], [678.7953889723763, 240.00000000000006], [678.7953889723763, 420.00000000000006], [578.7953889723763, 420.00000000000006], [578.7953889723763, 240.00000000000006]], [[192.20296423204385, 760.0], [192.20296423204385, 480.0], [472.2029642320439, 480.0], [192.20296423204385, 760.0]], [[478.79538897237626, 0.0], [678.7953889723763, 0.0], [678.7953889723763, 200.0], [478.79538897237626, 280.0], [478.79538897237626, 0.0]], [[198.79538897237626, 380.0], [118.79538897237626, 540.0], [38.79538897237626, 380.0], [198.79538897237626, 380.0]], [[640.7743928034726, 420.0], [640.7743928034726, 700.0], [400.77439280347255, 560.0], [640.7743928034726, 420.0]]]"
Thu Jul 23 05:08:26 2020,2,1,True,685.5833428621,0.8314087644259631,"[0, 0, 1, 2, 0, 0, 3, 0, 0, 0, 2, 1]","[[[485.58334286210004, 0.0], [685.5833428621, 0.0], [685.5833428621, 200.0], [485.58334286210004, 200.0], [485.58334286210004, 0.0]], [[0.0, 0.0], [200.0, 0.0], [200.0, 200.0], [0.0, 200.0], [0.0, 0.0]], [[180.0, 480.0], [180.0, 760.0], [0.0, 760.0], [0.0, 480.0], [180.0, 480.0]], [[580.0, 760.0], [300.0, 760.0], [440.0, 620.0], [580.0, 760.0]], [[0.0, 480.0], [0.0, 300.0], [280.0, 480.0], [0.0, 480.0]], [[279.70381317609144, 199.8095941846302], [559.7038131760914, 199.8095941846302], [559.7038131760914, 479.8095941846302], [279.70381317609144, 479.8095941846302], [279.70381317609144, 199.8095941846302]], [[305.58334286210004, 200.0], [385.58334286210004, 0.0], [485.58334286210004, 0.0], [485.58334286210004, 200.0], [305.58334286210004, 200.0]], [[559.7038131760914, 200.0], [659.7038131760914, 200.0], [659.7038131760914, 380.0], [559.7038131760914, 380.0], [559.7038131760914, 200.0]], [[405.58334286210004, 479.8095941846302], [685.5833428621, 479.8095941846302], [685.5833428621, 759.8095941846302], [405.58334286210004, 479.8095941846302]], [[180.0, 480.0], [380.0, 480.0], [380.0, 680.0], [180.0, 760.0], [180.0, 480.0]], [[359.70381317609144, 39.80959418463016], [279.70381317609144, 199.80959418463016], [199.70381317609144, 39.80959418463016], [359.70381317609144, 39.80959418463016]], [[253.59223300970882, 168.73786407766988], [253.59223300970882, 448.7378640776699], [13.59223300970882, 308.7378640776699], [253.59223300970882, 168.73786407766988]]]"
Thu Jul 23 05:08:27 2020,2,0,True,658.160009147616,0.8660507962770448,"[0, 0, 1, 2, 0, 0, 3, 0, 0, 0, 2, 1]","[[[458.16000914761605, 0.0], [658.160009147616, 0.0], [658.160009147616, 200.0], [458.16000914761605, 200.0], [458.16000914761605, 0.0]], [[0.0, 0.0], [200.0, 0.0], [200.0, 200.0], [0.0, 200.0], [0.0, 0.0]], [[180.0, 480.0], [180.0, 760.0], [0.0, 760.0], [0.0, 480.0], [180.0, 480.0]], [[580.0, 760.0], [300.0, 760.0], [440.0, 620.0], [580.0, 760.0]], [[0.0, 480.0], [0.0, 300.0], [280.0, 480.0], [0.0, 480.0]], [[278.16000914761605, 199.80959418463016], [558.160009147616, 199.80959418463016], [558.160009147616, 479.80959418463016], [278.16000914761605, 479.80959418463016], [278.16000914761605, 199.80959418463016]], [[278.16000914761605, 200.0], [358.16000914761605, 0.0], [458.16000914761605, 0.0], [458.16000914761605, 200.0], [278.16000914761605, 200.0]], [[558.160009147616, 200.0], [658.160009147616, 200.0], [658.160009147616, 380.0], [558.160009147616, 380.0], [558.160009147616, 200.0]], [[378.16000914761605, 479.8095941846302], [658.160009147616, 479.8095941846302], [658.160009147616, 759.8095941846302], [378.16000914761605, 479.8095941846302]], [[180.0, 480.0], [380.0, 480.0], [380.0, 680.0], [180.0, 760.0], [180.0, 480.0]], [[360.0, 0.0], [280.0, 160.0], [200.0, 0.0], [360.0, 0.0]], [[253.59223300970882, 168.73786407766988], [253.59223300970882, 448.7378640776699], [13.59223300970882, 308.7378640776699], [253.59223300970882, 168.73786407766988]]]"
Thu Jul 23 05:09:49 2020,2,5,False,664.7416092390922,0.8574760359178661,"[0, 0, 1, 0, 2, 0, 1, 0, 1, 3, 2, 2]","[[[364.7416092390922, 280.0], [564.7416092390922, 280.0], [564.7416092390922, 480.0], [364.7416092390922, 480.0], [364.7416092390922, 280.0]], [[0.0, 280.0], [200.0, 280.0], [200.0, 480.0], [0.0, 480.0], [0.0, 280.0]], [[364.7416092390922, 280.0], [364.7416092390922, 560.0], [184.7416092390922, 560.0], [184.7416092390922, 280.0], [364.7416092390922, 280.0]], [[138.8888888888889, 560.0], [418.8888888888889, 560.0], [278.8888888888889, 700.0], [138.8888888888889, 560.0]], [[660.0, 480.0], [660.0, 660.0], [380.0, 480.0], [660.0, 480.0]], [[0.0, 0.0], [280.0, 0.0], [280.0, 280.0], [0.0, 280.0], [0.0, 0.0]], [[460.0, 80.0], [380.0, 280.0], [280.0, 280.0], [280.0, 80.0], [460.0, 80.0]], [[564.7416092390922, 280.0], [664.7416092390922, 280.0], [664.7416092390922, 460.0], [564.7416092390922, 460.0], [564.7416092390922, 280.0]], [[664.7416092390922, 0.0], [664.7416092390922, 280.0], [384.7416092390922, 280.0], [664.7416092390922, 0.0]], [[0.0, 760.0], [0.0, 560.0], [200.0, 560.0], [280.0, 760.0], [0.0, 760.0]], [[580.0, 0.0], [500.0, 160.0], [420.0, 0.0], [580.0, 0.0]], [[582.2222222222223, 760.0], [302.2222222222223, 760.0], [442.2222222222223, 520.0], [582.2222222222223, 760.0]]]"
Thu Jul 23 05:11:59 2020,2,5,True,671.3890253314831,0.8489861741761051,"[0, 0, 1, 0, 1, 0, 0, 1, 1, 3, 1, 1]","[[[280.0, 254.30548733425843], [480.0, 254.30548733425843], [480.0, 454.30548733425843], [280.0, 454.30548733425843], [280.0, 254.30548733425843]], [[471.38902533148314, 0.0], [671.3890253314831, 0.0], [671.3890253314831, 200.0], [471.38902533148314, 200.0], [471.38902533148314, 0.0]], [[660.0, 200.0], [660.0, 480.0], [480.0, 480.0], [480.0, 200.0], [660.0, 200.0]], [[280.0, 480.0], [560.0, 480.0], [420.0, 620.0], [280.0, 480.0]], [[0.0, 480.0], [180.0, 480.0], [0.0, 760.0], [0.0, 480.0]], [[0.0, 200.0], [280.0, 200.0], [280.0, 480.0], [0.0, 480.0], [0.0, 200.0]], [[280.0, 568.3564018899681], [480.0, 648.3564018899681], [480.0, 748.3564018899681], [280.0, 748.3564018899681], [280.0, 568.3564018899681]], [[471.38902533148314, 0.0], [471.38902533148314, 100.0], [291.38902533148314, 100.0], [291.38902533148314, 0.0], [471.38902533148314, 0.0]], [[280.0, 480.0], [280.0, 760.0], [0.0, 760.0], [280.0, 480.0]], [[0.0, 200.0], [0.0, 0.0], [200.0, 0.0], [280.0, 200.0], [0.0, 200.0]], [[280.0, 94.30548733425843], [440.0, 174.30548733425843], [280.0, 254.30548733425843], [280.0, 94.30548733425843]], [[671.3890253314831, 480.0], [671.3890253314831, 760.0], [431.38902533148314, 620.0], [671.3890253314831, 480.0]]]"
Thu Jul 23 05:12:13 2020,2,1,True,678.102915584798,0.8405803704713912,"[0, 0, 0, 0, 3, 0, 3, 0, 2, 1, 1, 0]","[[[280.0, 360.0], [480.0, 360.0], [480.0, 560.0], [280.0, 560.0], [280.0, 360.0]], [[280.0, 560.0], [480.0, 560.0], [480.0, 760.0], [280.0, 760.0], [280.0, 560.0]], [[0.0, 580.0], [280.0, 580.0], [280.0, 760.0], [0.0, 760.0], [0.0, 580.0]], [[180.0, 200.0], [460.0, 200.0], [320.0, 340.0], [180.0, 200.0]], [[678.102915584798, 298.66633920444065], [498.102915584798, 298.66633920444065], [678.102915584798, 18.666339204440646], [678.102915584798, 298.66633920444065]], [[0.0, 300.0], [280.0, 300.0], [280.0, 580.0], [0.0, 580.0], [0.0, 300.0]], [[480.0, 752.2667321591118], [560.0, 552.2667321591118], [660.0, 552.2667321591118], [660.0, 752.2667321591118], [480.0, 752.2667321591118]], [[572.7992140906576, 298.66633920444065], [672.7992140906576, 298.66633920444065], [672.7992140906576, 478.66633920444065], [572.7992140906576, 478.66633920444065], [572.7992140906576, 298.66633920444065]], [[280.0, 300.0], [0.0, 300.0], [0.0, 20.0], [280.0, 300.0]], [[380.0, 0.0], [380.0, 200.0], [180.0, 200.0], [100.0, 0.0], [380.0, 0.0]], [[480.0, 432.2667321591118], [640.0, 512.2667321591118], [480.0, 592.2667321591118], [480.0, 432.2667321591118]], [[380.0, 24.604207891904252], [660.0, 24.604207891904252], [520.0, 264.60420789190425], [380.0, 24.604207891904252]]]"
Thu Jul 23 05:13:18 2020,2,3,True,684.8839447406459,0.8322577925459319,"[0, 0, 0, 3, 1, 0, 3, 0, 0, 1, 3, 2]","[[[0.0, 360.0], [200.0, 360.0], [200.0, 560.0], [0.0, 560.0], [0.0, 360.0]], [[0.0, 560.0], [200.0, 560.0], [200.0, 760.0], [0.0, 760.0], [0.0, 560.0]], [[404.8839447406458, 380.0], [684.8839447406458, 380.0], [684.8839447406458, 560.0], [404.8839447406458, 560.0], [404.8839447406458, 380.0]], [[199.9999999999999, 660.0], [199.9999999999999, 380.0], [339.9999999999999, 520.0], [199.9999999999999, 660.0]], [[44.87599878811254, 0.0], [224.87599878811255, 0.0], [44.87599878811254, 280.0], [44.87599878811254, 0.0]], [[284.8839447406459, 0.0], [564.8839447406459, 0.0], [564.8839447406459, 280.0], [284.8839447406459, 280.0], [284.8839447406459, 0.0]], [[104.88394474064592, 262.20986185161473], [184.88394474064592, 62.20986185161473], [284.8839447406459, 62.20986185161473], [284.8839447406459, 262.20986185161473], [104.88394474064592, 262.20986185161473]], [[577.2143684740088, 0.0], [677.2143684740088, 0.0], [677.2143684740088, 180.0], [577.2143684740088, 180.0], [577.2143684740088, 0.0]], [[124.88394474064592, 280.0], [404.8839447406459, 280.0], [404.8839447406459, 560.0], [124.88394474064592, 280.0]], [[684.8839447406459, 560.0], [684.8839447406459, 760.0], [484.8839447406459, 760.0], [404.8839447406459, 560.0], [684.8839447406459, 560.0]], [[684.8839447406458, 379.99999999999994], [524.8839447406458, 299.99999999999994], [684.8839447406458, 219.99999999999994], [684.8839447406458, 379.99999999999994]], [[479.9999999999999, 760.0], [199.9999999999999, 760.0], [339.9999999999999, 520.0], [479.9999999999999, 760.0]]]"
Thu Jul 23 05:13:34 2020,2,0,True,657.48858695102,0.8669352005686792,"[0, 0, 0, 1, 1, 0, 0, 1, 3, 0, 0, 1]","[[[451.73051768280845, 560.0], [651.7305176828085, 560.0], [651.7305176828085, 760.0], [451.73051768280845, 760.0], [451.73051768280845, 560.0]], [[180.0, 280.0], [380.0, 280.0], [380.0, 480.0], [180.0, 480.0], [180.0, 280.0]], [[177.48858695102, 102.51141304897999], [457.48858695102, 102.51141304897999], [457.48858695102, 282.51141304898], [177.48858695102, 282.51141304898], [177.48858695102, 102.51141304897999]], [[140.0, 480.0], [140.0, 760.0], [0.0, 620.0], [140.0, 480.0]], [[0.0, 340.0], [180.0, 340.0], [0.0, 620.0], [0.0, 340.0]], [[140.0, 480.0], [420.0, 480.0], [420.0, 760.0], [140.0, 760.0], [140.0, 480.0]], [[420.0, 381.2412234315225], [620.0, 461.2412234315225], [620.0, 561.2412234315225], [420.0, 561.2412234315225], [420.0, 381.2412234315225]], [[457.48858695102, 2.511413048979989], [457.48858695102, 102.51141304897999], [277.48858695102, 102.51141304897999], [277.48858695102, 2.511413048979989], [457.48858695102, 2.511413048979989]], [[0.0, 280.0], [0.0, 0.0], [280.0, 0.0], [0.0, 280.0]], [[457.48858695102, 0.0], [657.48858695102, 0.0], [657.48858695102, 200.0], [457.48858695102, 280.0], [457.48858695102, 0.0]], [[20.0, 340.0], [100.0, 180.0], [180.0, 340.0], [20.0, 340.0]], [[657.48858695102, 203.10956581961744], [657.48858695102, 483.10956581961744], [417.48858695102, 343.10956581961744], [657.48858695102, 203.10956581961744]]]"
Thu Jul 23 05:13:56 2020,2,1,True,664.0634728205303,0.8583516837313655,"[0, 0, 1, 1, 1, 0, 0, 1, 3, 1, 0, 2]","[[[0.0, 280.0], [200.0, 280.0], [200.0, 480.0], [0.0, 480.0], [0.0, 280.0]], [[400.0, 360.0], [600.0, 360.0], [600.0, 560.0], [400.0, 560.0], [400.0, 360.0]], [[180.0, 0.0], [180.0, 280.0], [0.0, 280.0], [0.0, 0.0], [180.0, 0.0]], [[654.7826086956522, 54.782608695652016], [654.7826086956522, 334.782608695652], [514.7826086956522, 194.78260869565202], [654.7826086956522, 54.782608695652016]], [[460.0, 0.0], [640.0, 0.0], [460.0, 280.0], [460.0, 0.0]], [[180.0, 0.0], [460.0, 0.0], [460.0, 280.0], [180.0, 280.0], [180.0, 0.0]], [[0.0, 480.0], [200.0, 560.0], [200.0, 660.0], [0.0, 660.0], [0.0, 480.0]], [[180.0, 660.0], [180.0, 760.0], [0.0, 760.0], [0.0, 660.0], [180.0, 660.0]], [[200.0, 560.0], [200.0, 280.0], [480.0, 280.0], [200.0, 560.0]], [[664.0634728205303, 560.0], [664.0634728205303, 760.0], [464.06347282053025, 760.0], [384.06347282053025, 560.0], [664.0634728205303, 560.0]], [[440.0, 360.0], [520.0, 200.0], [600.0, 360.0], [440.0, 360.0]], [[459.99999999999994, 760.0], [179.99999999999994, 760.0], [319.99999999999994, 520.0], [459.99999999999994, 760.0]]]"
Thu Jul 23 05:14:18 2020,2,1,True,670.7041075487356,0.8498531522092727,"[0, 0, 1, 3, 1, 0, 1, 0, 0, 0, 0, 2]","[[[0.0, 280.0], [200.0, 280.0], [200.0, 480.0], [0.0, 480.0], [0.0, 280.0]], [[185.35205377436773, 560.0], [385.35205377436773, 560.0], [385.35205377436773, 760.0], [185.35205377436773, 760.0], [185.35205377436773, 560.0]], [[180.0, 480.0], [180.0, 760.0], [0.0, 760.0], [0.0, 480.0], [180.0, 480.0]], [[200.0, 560.0], [200.0, 280.0], [340.0, 420.0], [200.0, 560.0]], [[487.8469646915927, 0.0], [667.8469646915927, 0.0], [487.8469646915927, 280.0], [487.8469646915927, 0.0]], [[207.8469646915927, 0.0], [487.8469646915927, 0.0], [487.8469646915927, 280.0], [207.8469646915927, 280.0], [207.8469646915927, 0.0]], [[665.3520537743677, 554.6479462256322], [585.3520537743677, 754.6479462256322], [485.35205377436773, 754.6479462256322], [485.35205377436773, 554.6479462256322], [665.3520537743677, 554.6479462256322]], [[385.35205377436773, 554.6479462256322], [485.35205377436773, 554.6479462256322], [485.35205377436773, 734.6479462256322], [385.35205377436773, 734.6479462256322], [385.35205377436773, 554.6479462256322]], [[390.7041075487356, 280.0], [670.7041075487356, 280.0], [670.7041075487356, 560.0], [390.7041075487356, 280.0]], [[0.0, 0.0], [200.0, 0.0], [200.0, 200.0], [0.0, 280.0], [0.0, 0.0]], [[510.7041075487356, 280.0], [590.7041075487356, 120.0], [670.7041075487356, 280.0], [510.7041075487356, 280.0]], [[541.4553647017146, 554.6479462256322], [261.45536470171464, 554.6479462256322], [401.45536470171464, 314.64794622563215], [541.4553647017146, 554.6479462256322]]]"
Thu Jul 23 05:15:24 2020,2,3,True,677.411148624223,0.8414387645636363,"[0, 0, 0, 3, 0, 0, 2, 0, 1, 2, 1, 0]","[[[411.1125890192378, 280.0], [611.1125890192378, 280.0], [611.1125890192378, 480.0], [411.1125890192378, 480.0], [411.1125890192378, 280.0]], [[0.0, 558.4496227012855], [200.0, 558.4496227012855], [200.0, 758.4496227012855], [0.0, 758.4496227012855], [0.0, 558.4496227012855]], [[0.0, 0.0], [280.0, 0.0], [280.0, 180.0], [0.0, 180.0], [0.0, 0.0]], [[0.0, 558.3015146015517], [0.0, 278.30151460155173], [140.0, 418.30151460155173], [0.0, 558.3015146015517]], [[200.0, 760.0], [200.0, 580.0], [480.0, 760.0], [200.0, 760.0]], [[397.41114862422296, 0.0], [677.411148624223, 0.0], [677.411148624223, 280.0], [397.41114862422296, 280.0], [397.41114862422296, 0.0]], [[362.82502955896575, 623.5796345248718], [162.82502955896575, 543.5796345248718], [162.82502955896575, 443.57963452487184], [362.82502955896575, 443.57963452487184], [362.82502955896575, 623.5796345248718]], [[280.0, 0.0], [380.0, 0.0], [380.0, 180.0], [280.0, 180.0], [280.0, 0.0]], [[397.41114862422296, 163.57963452487184], [397.41114862422296, 443.57963452487184], [117.41114862422296, 443.57963452487184], [397.41114862422296, 163.57963452487184]], [[677.411148624223, 758.6956977561156], [477.41114862422296, 758.6956977561156], [477.41114862422296, 558.6956977561156], [677.411148624223, 478.6956977561156], [677.411148624223, 758.6956977561156]], [[362.82502955896575, 455.856220269864], [522.8250295589658, 535.856220269864], [362.82502955896575, 615.856220269864], [362.82502955896575, 455.856220269864]], [[0.990783149094824, 180.0], [280.9907831490948, 180.0], [140.99078314909482, 420.0], [0.990783149094824, 180.0]]]"
Thu Jul 23 05:15:39 2020,2,1,True,684.1852601104652,0.8331076876867687,"[0, 0, 1, 3, 0, 0, 1, 0, 1, 0, 3, 1]","[[[461.747572815534, 280.0], [661.747572815534, 280.0], [661.747572815534, 480.0], [461.747572815534, 480.0], [461.747572815534, 280.0]], [[0.0, 560.0], [200.0, 560.0], [200.0, 760.0], [0.0, 760.0], [0.0, 560.0]], [[373.33333333333337, 0.0], [373.33333333333337, 280.0], [193.33333333333337, 280.0], [193.33333333333337, 0.0], [373.33333333333337, 0.0]], [[0.0, 280.0], [0.0, 0.0], [140.0, 140.0], [0.0, 280.0]], [[200.0, 760.0], [200.0, 580.0], [480.0, 760.0], [200.0, 760.0]], [[373.33333333333337, 0.0], [653.3333333333334, 0.0], [653.3333333333334, 280.0], [373.33333333333337, 280.0], [373.33333333333337, 0.0]], [[460.0, 280.0], [380.0, 480.0], [280.0, 480.0], [280.0, 280.0], [460.0, 280.0]], [[0.0, 280.0], [100.0, 280.0], [100.0, 460.0], [0.0, 460.0], [0.0, 280.0]], [[280.0, 280.0], [280.0, 560.0], [0.0, 560.0], [280.0, 280.0]], [[480.0, 480.0], [680.0, 480.0], [680.0, 680.0], [480.0, 760.0], [480.0, 480.0]], [[193.33333333333334, 326.66666666666663], [33.33333333333334, 246.66666666666663], [193.33333333333334, 166.66666666666663], [193.33333333333334, 326.66666666666663]], [[461.747572815534, 453.98058252427177], [461.747572815534, 733.9805825242718], [221.747572815534, 593.9805825242718], [461.747572815534, 453.98058252427177]]]"
Thu Jul 23 05:15:52 2020,2,1,True,691.0271127115698,0.824859096719573,"[0, 0, 1, 1, 2, 0, 1, 0, 1, 0, 1, 3]","[[[458.3703703703703, 280.0], [658.3703703703703, 280.0], [658.3703703703703, 480.0], [458.3703703703703, 480.0], [458.3703703703703, 280.0]], [[0.0, 560.0], [200.0, 560.0], [200.0, 760.0], [0.0, 760.0], [0.0, 560.0]], [[480.0, 480.0], [480.0, 760.0], [300.0, 760.0], [300.0, 480.0], [480.0, 480.0]], [[140.0, 90.0], [140.0, 370.0], [0.0, 230.0], [140.0, 90.0]], [[315.55555555555554, 0.0], [315.55555555555554, 180.0], [35.55555555555554, 0.0], [315.55555555555554, 0.0]], [[380.0, 0.0], [660.0, 0.0], [660.0, 280.0], [380.0, 280.0], [380.0, 0.0]], [[458.37037037037027, 280.0], [378.37037037037027, 480.0], [278.37037037037027, 480.0], [278.37037037037027, 280.0], [458.37037037037027, 280.0]], [[200.0, 560.0], [300.0, 560.0], [300.0, 740.0], [200.0, 740.0], [200.0, 560.0]], [[280.0, 279.9999999999999], [280.0, 559.9999999999999], [0.0, 559.9999999999999], [280.0, 279.9999999999999]], [[480.0, 480.0], [680.0, 480.0], [680.0, 680.0], [480.0, 760.0], [480.0, 480.0]], [[0.0, 300.0], [160.0, 380.0], [0.0, 460.0], [0.0, 300.0]], [[140.0, 357.5925925925926], [140.0, 77.59259259259261], [380.0, 217.5925925925926], [140.0, 357.5925925925926]]]"
Thu Jul 23 05:15:59 2020,2,1,True,697.9373838386855,0.8166921749698742,"[0, 0, 0, 1, 2, 0, 0, 0, 1, 2, 1, 3]","[[[480.0, 380.0], [680.0, 380.0], [680.0, 580.0], [480.0, 580.0], [480.0, 380.0]], [[389.9999999999999, 180.0], [589.9999999999999, 180.0], [589.9999999999999, 380.0], [389.9999999999999, 380.0], [389.9999999999999, 180.0]], [[379.9999999999998, 0.0], [659.9999999999998, 0.0], [659.9999999999998, 180.0], [379.9999999999998, 180.0], [379.9999999999998, 0.0]], [[140.0, 140.0], [140.0, 420.0], [0.0, 280.0], [140.0, 140.0]], [[379.99999999999983, 30.00000000000017], [379.99999999999983, 210.00000000000017], [99.99999999999983, 30.00000000000017], [379.99999999999983, 30.00000000000017]], [[200.0, 480.0], [480.0, 480.0], [480.0, 760.0], [200.0, 760.0], [200.0, 480.0]], [[480.0, 580.0], [680.0, 660.0], [680.0, 760.0], [480.0, 760.0], [480.0, 580.0]], [[0.0, 0.0], [100.0, 0.0], [100.0, 180.0], [0.0, 180.0], [0.0, 0.0]], [[389.9999999999999, 200.0], [389.9999999999999, 480.0], [109.99999999999989, 480.0], [389.9999999999999, 200.0]], [[200.0, 760.0], [0.0, 760.0], [0.0, 560.0], [200.0, 480.0], [200.0, 760.0]], [[0.0, 350.0], [160.0, 430.0], [0.0, 510.0], [0.0, 350.0]], [[139.99999999999983, 350.00000000000017], [139.99999999999983, 70.00000000000017], [379.99999999999983, 210.00000000000017], [139.99999999999983, 350.00000000000017]]]"
Thu Jul 23 05:16:03 2020,2,1,True,704.9167576770724,0.8086061138315586,"[0, 0, 0, 1, 2, 0, 0, 0, 1, 1, 1, 3]","[[[480.0, 380.0], [680.0, 380.0], [680.0, 580.0], [480.0, 580.0], [480.0, 380.0]], [[0.0, 510.0], [200.0, 510.0], [200.0, 710.0], [0.0, 710.0], [0.0, 510.0]], [[379.9999999999998, 0.0], [659.9999999999998, 0.0], [659.9999999999998, 180.0], [379.9999999999998, 180.0], [379.9999999999998, 0.0]], [[140.0, 140.0], [140.0, 420.0], [0.0, 280.0], [140.0, 140.0]], [[379.99999999999983, 30.00000000000017], [379.99999999999983, 210.00000000000017], [99.99999999999983, 30.00000000000017], [379.99999999999983, 30.00000000000017]], [[200.0, 480.0], [480.0, 480.0], [480.0, 760.0], [200.0, 760.0], [200.0, 480.0]], [[480.0, 580.0], [680.0, 660.0], [680.0, 760.0], [480.0, 760.0], [480.0, 580.0]], [[0.0, 0.0], [100.0, 0.0], [100.0, 180.0], [0.0, 180.0], [0.0, 0.0]], [[389.9999999999999, 200.0], [389.9999999999999, 480.0], [109.99999999999989, 480.0], [389.9999999999999, 200.0]], [[670.019888485138, 180.0], [670.019888485138, 380.0], [470.01988848513804, 380.0], [390.01988848513804, 180.0], [670.019888485138, 180.0]], [[0.0, 350.0], [160.0, 430.0], [0.0, 510.0], [0.0, 350.0]], [[139.99999999999983, 350.00000000000017], [139.99999999999983, 70.00000000000017], [379.99999999999983, 210.00000000000017], [139.99999999999983, 350.00000000000017]]]"
Thu Jul 23 05:16:03 2020,2,0,True,676.7200873699894,0.8422980352412069,"[0, 0, 0, 1, 2, 0, 0, 0, 1, 1, 1, 3]","[[[476.7200873699894, 380.0], [676.7200873699894, 380.0], [676.7200873699894, 580.0], [476.7200873699894, 580.0], [476.7200873699894, 380.0]], [[0.0, 510.0], [200.0, 510.0], [200.0, 710.0], [0.0, 710.0], [0.0, 510.0]], [[379.9999999999998, 0.0], [659.9999999999998, 0.0], [659.9999999999998, 180.0], [379.9999999999998, 180.0], [379.9999999999998, 0.0]], [[140.0, 140.0], [140.0, 420.0], [0.0, 280.0], [140.0, 140.0]], [[379.99999999999983, 30.00000000000017], [379.99999999999983, 210.00000000000017], [99.99999999999983, 30.00000000000017], [379.99999999999983, 30.00000000000017]], [[196.72008736998941, 480.0], [476.7200873699894, 480.0], [476.7200873699894, 760.0], [196.72008736998941, 760.0], [196.72008736998941, 480.0]], [[476.7200873699894, 580.0], [676.7200873699894, 660.0], [676.7200873699894, 760.0], [476.7200873699894, 760.0], [476.7200873699894, 580.0]], [[0.0, 0.0], [100.0, 0.0], [100.0, 180.0], [0.0, 180.0], [0.0, 0.0]], [[389.9999999999999, 200.0], [389.9999999999999, 480.0], [109.99999999999989, 480.0], [389.9999999999999, 200.0]], [[670.019888485138, 180.0], [670.019888485138, 380.0], [470.01988848513804, 380.0], [390.01988848513804, 180.0], [670.019888485138, 180.0]], [[0.0, 350.0], [160.0, 430.0], [0.0, 510.0], [0.0, 350.0]], [[139.99999999999983, 350.00000000000017], [139.99999999999983, 70.00000000000017], [379.99999999999983, 210.00000000000017], [139.99999999999983, 350.00000000000017]]]"
Thu Jul 23 05:16:17 2020,2,1,True,683.4872882436894,0.8339584507338682,"[0, 0, 0, 3, 3, 0, 0, 1, 0, 0, 2, 2]","[[[2.3255049209327012, 242.3255049209327], [202.3255049209327, 242.3255049209327], [202.3255049209327, 442.3255049209327], [2.3255049209327012, 442.3255049209327], [2.3255049209327012, 242.3255049209327]], [[449.65128387518985, 0.0], [649.6512838751898, 0.0], [649.6512838751898, 200.0], [449.65128387518985, 200.0], [449.65128387518985, 0.0]], [[202.3255049209327, 280.0], [482.3255049209327, 280.0], [482.3255049209327, 460.0], [202.3255049209327, 460.0], [202.3255049209327, 280.0]], [[0.0, 720.0], [0.0, 440.0], [140.0, 580.0], [0.0, 720.0]], [[204.2857142857143, 760.0], [24.285714285714306, 760.0], [204.2857142857143, 480.0], [204.2857142857143, 760.0]], [[204.28571428571433, 480.0], [484.28571428571433, 480.0], [484.28571428571433, 760.0], [204.28571428571433, 760.0], [204.28571428571433, 480.0]], [[482.32550492093264, 200.0], [682.3255049209326, 280.0], [682.3255049209326, 380.0], [482.32550492093264, 380.0], [482.32550492093264, 200.0]], [[662.3255049209326, 380.0], [662.3255049209326, 480.0], [482.32550492093264, 480.0], [482.32550492093264, 380.0], [662.3255049209326, 380.0]], [[169.65128387518985, 0.0], [449.65128387518985, 0.0], [449.65128387518985, 280.0], [169.65128387518985, 0.0]], [[483.48728824368936, 480.0], [683.4872882436894, 480.0], [683.4872882436894, 680.0], [483.48728824368936, 760.0], [483.48728824368936, 480.0]], [[160.0, 0.0], [80.0, 160.0], [0.0, 0.0], [160.0, 0.0]], [[311.97678879612255, 242.3255049209327], [31.97678879612255, 242.3255049209327], [171.97678879612255, 2.3255049209327012], [311.97678879612255, 242.3255049209327]]]"
Thu Jul 23 05:16:30 2020,2,1,True,690.3221611261263,0.8257014363701666,"[0, 0, 1, 1, 1, 0, 1, 0, 1, 1, 1, 2]","[[[454.81735222192424, 1.1368683772161603e-13], [654.8173522219242, 1.1368683772161603e-13], [654.8173522219242, 200.0000000000001], [454.81735222192424, 200.0000000000001], [454.81735222192424, 1.1368683772161603e-13]], [[384.0, 200.0], [584.0, 200.0], [584.0, 400.0], [384.0, 400.0], [384.0, 200.0]], [[180.0, 20.0], [180.0, 300.0], [0.0, 300.0], [0.0, 20.0], [180.0, 20.0]], [[670.6666666666666, 380.0], [670.6666666666666, 660.0], [530.6666666666666, 520.0], [670.6666666666666, 380.0]], [[0.0, 300.0], [180.0, 300.0], [0.0, 580.0], [0.0, 300.0]], [[64.28571428571433, 480.0], [344.28571428571433, 480.0], [344.28571428571433, 760.0], [64.28571428571433, 760.0], [64.28571428571433, 480.0]], [[564.0, 400.0], [484.0, 600.0], [384.0, 600.0], [384.0, 400.0], [564.0, 400.0]], [[584.0, 200.0000000000001], [684.0, 200.0000000000001], [684.0, 380.0000000000001], [584.0, 380.0000000000001], [584.0, 200.0000000000001]], [[384.0, 200.0], [384.0, 480.0], [104.0, 480.0], [384.0, 200.0]], [[452.0, 0.0], [452.0, 200.0], [252.0, 200.0], [172.0, 0.0], [452.0, 0.0]], [[180.0, 164.0], [340.0, 244.0], [180.0, 324.0], [180.0, 164.0]], [[670.6666666666666, 760.0], [390.66666666666663, 760.0], [530.6666666666666, 520.0], [670.6666666666666, 760.0]]]"
Thu Jul 23 05:16:32 2020,2,0,True,662.7092746810812,0.8601056628855901,"[0, 0, 1, 1, 1, 0, 1, 0, 1, 1, 1, 2]","[[[462.7092746810812, 0.0], [662.7092746810812, 0.0], [662.7092746810812, 200.0], [462.7092746810812, 200.0], [462.7092746810812, 0.0]], [[378.64536265945935, 200.0], [578.6453626594594, 200.0], [578.6453626594594, 400.0], [378.64536265945935, 400.0], [378.64536265945935, 200.0]], [[180.0, 20.0], [180.0, 300.0], [0.0, 300.0], [0.0, 20.0], [180.0, 20.0]], [[662.7092746810812, 380.0], [662.7092746810812, 660.0], [522.7092746810812, 520.0], [662.7092746810812, 380.0]], [[0.0, 300.0], [180.0, 300.0], [0.0, 580.0], [0.0, 300.0]], [[98.64536265945935, 480.0], [378.64536265945935, 480.0], [378.64536265945935, 760.0], [98.64536265945935, 760.0], [98.64536265945935, 480.0]], [[558.6453626594594, 400.0], [478.6453626594594, 600.0], [378.6453626594594, 600.0], [378.6453626594594, 400.0], [558.6453626594594, 400.0]], [[0.0, 580.0], [100.0, 580.0], [100.0, 760.0], [0.0, 760.0], [0.0, 580.0]], [[378.6453626594594, 200.0], [378.6453626594594, 480.0], [98.64536265945941, 480.0], [378.6453626594594, 200.0]], [[462.7092746810812, 0.0], [462.7092746810812, 200.0], [262.7092746810812, 200.0], [182.70927468108118, 0.0], [462.7092746810812, 0.0]], [[180.0, 158.6453626594594], [340.0, 238.6453626594594], [180.0, 318.6453626594594], [180.0, 158.6453626594594]], [[662.7092746810812, 760.0], [382.7092746810812, 760.0], [522.7092746810812, 520.0], [662.7092746810812, 760.0]]]"
Thu Jul 23 05:16:53 2020,2,1,True,669.336367427892,0.8515897652332576,"[0, 0, 0, 1, 1, 0, 0, 0, 1, 0, 1, 1]","[[[280.0, 460.0], [480.0, 460.0], [480.0, 660.0], [280.0, 660.0], [280.0, 460.0]], [[469.336367427892, 180.0], [669.336367427892, 180.0], [669.336367427892, 380.0], [469.336367427892, 380.0], [469.336367427892, 180.0]], [[382.9545454545455, 0.0], [662.9545454545455, 0.0], [662.9545454545455, 180.0], [382.9545454545455, 180.0], [382.9545454545455, 0.0]], [[182.95454545454547, 73.18181818181819], [182.95454545454547, 353.1818181818182], [42.95454545454547, 213.1818181818182], [182.95454545454547, 73.18181818181819]], [[0.0, 0.0], [180.0, 0.0], [0.0, 280.0], [0.0, 0.0]], [[0.0, 475.04721361066663], [280.0, 475.04721361066663], [280.0, 755.0472136106666], [0.0, 755.0472136106666], [0.0, 475.04721361066663]], [[0.0, 280.0], [200.0, 360.0], [200.0, 460.0], [0.0, 460.0], [0.0, 280.0]], [[480.0, 380.0], [580.0, 380.0], [580.0, 560.0], [480.0, 560.0], [480.0, 380.0]], [[669.336367427892, 480.0], [669.336367427892, 760.0], [389.336367427892, 760.0], [669.336367427892, 480.0]], [[182.95454545454547, 0.0], [382.9545454545455, 0.0], [382.9545454545455, 200.0], [182.95454545454547, 280.0], [182.95454545454547, 0.0]], [[200.0, 315.04721361066663], [360.0, 395.04721361066663], [200.0, 475.04721361066663], [200.0, 315.04721361066663]], [[471.34763381028574, 180.0], [471.34763381028574, 460.0], [231.34763381028574, 320.0], [471.34763381028574, 180.0]]]"
Thu Jul 23 05:17:24 2020,2,1,True,676.0297311021709,0.843158183399265,"[0, 0, 0, 1, 2, 0, 0, 0, 3, 0, 3, 3]","[[[476.0297311021709, 549.6951728628901], [676.0297311021709, 549.6951728628901], [676.0297311021709, 749.6951728628901], [476.0297311021709, 749.6951728628901], [476.0297311021709, 549.6951728628901]], [[0.0, 280.0], [200.0, 280.0], [200.0, 480.0], [0.0, 480.0], [0.0, 280.0]], [[396.0297311021709, 369.6951728628901], [676.0297311021709, 369.6951728628901], [676.0297311021709, 549.6951728628901], [396.0297311021709, 549.6951728628901], [396.0297311021709, 369.6951728628901]], [[396.0297311021709, 363.9702688978291], [396.0297311021709, 643.9702688978291], [256.0297311021709, 503.9702688978291], [396.0297311021709, 363.9702688978291]], [[676.0297311021709, 0.0], [676.0297311021709, 180.0], [396.0297311021709, 0.0], [676.0297311021709, 0.0]], [[0.0, 0.0], [280.0, 0.0], [280.0, 280.0], [0.0, 280.0], [0.0, 0.0]], [[200.0, 565.5583764569608], [400.0, 645.5583764569608], [400.0, 745.5583764569608], [200.0, 745.5583764569608], [200.0, 565.5583764569608]], [[532.3076923076923, 151.89297506069232], [632.3076923076923, 151.89297506069232], [632.3076923076923, 331.8929750606923], [532.3076923076923, 331.8929750606923], [532.3076923076923, 151.89297506069232]], [[200.0, 560.0], [200.0, 280.0], [480.0, 280.0], [200.0, 560.0]], [[0.0, 480.0], [200.0, 480.0], [200.0, 680.0], [0.0, 760.0], [0.0, 480.0]], [[532.3076923076923, 306.15384615384613], [372.30769230769226, 226.15384615384613], [532.3076923076923, 146.15384615384613], [532.3076923076923, 306.15384615384613]], [[280.0, 280.0], [280.0, 0.0], [520.0, 140.0], [280.0, 280.0]]]"
Thu Jul 23 05:17:37 2020,2,1,True,682.7900284131927,0.8348100825735296,"[0, 0, 1, 2, 0, 0, 1, 1, 3, 1, 1, 1]","[[[480.0, 0.0], [680.0, 0.0], [680.0, 200.0], [480.0, 200.0], [480.0, 0.0]], [[280.0, 100.0], [480.0, 100.0], [480.0, 300.0], [280.0, 300.0], [280.0, 100.0]], [[180.0, 480.0], [180.0, 760.0], [0.0, 760.0], [0.0, 480.0], [180.0, 480.0]], [[505.9298034853296, 534.0701965146704], [225.92980348532961, 534.0701965146704], [365.9298034853296, 394.07019651467044], [505.9298034853296, 534.0701965146704]], [[180.0, 760.0], [180.0, 580.0], [460.0, 760.0], [180.0, 760.0]], [[0.0, 0.0], [280.0, 0.0], [280.0, 280.0], [0.0, 280.0], [0.0, 0.0]], [[180.0, 280.0], [100.0, 480.0], [0.0, 480.0], [0.0, 280.0], [180.0, 280.0]], [[460.0, 0.0], [460.0, 100.0], [280.0, 100.0], [280.0, 0.0], [460.0, 0.0]], [[180.0, 580.0], [180.0, 300.0], [460.0, 300.0], [180.0, 580.0]], [[619.6647501339319, 534.0701965146704], [619.6647501339319, 734.0701965146704], [419.6647501339319, 734.0701965146704], [339.6647501339319, 534.0701965146704], [619.6647501339319, 534.0701965146704]], [[480.0, 200.0], [640.0, 280.0], [480.0, 360.0], [480.0, 200.0]], [[652.0579209115341, 272.966212801605], [652.0579209115341, 552.966212801605], [412.0579209115341, 412.966212801605], [652.0579209115341, 272.966212801605]]]"
Thu Jul 23 05:17:46 2020,2,1,True,689.6179286973246,0.8265446362114154,"[0, 0, 1, 1, 0, 0, 0, 1, 3, 1, 1, 1]","[[[0.0, 360.0], [200.0, 360.0], [200.0, 560.0], [0.0, 560.0], [0.0, 360.0]], [[0.0, 560.0], [200.0, 560.0], [200.0, 760.0], [0.0, 760.0], [0.0, 560.0]], [[460.0, 0.0], [460.0, 280.0], [280.0, 280.0], [280.0, 0.0], [460.0, 0.0]], [[378.0556087225798, 380.0], [378.0556087225798, 660.0], [238.0556087225798, 520.0], [378.0556087225798, 380.0]], [[378.0556087225798, 561.9443912774202], [378.0556087225798, 381.9443912774202], [658.0556087225798, 561.9443912774202], [378.0556087225798, 561.9443912774202]], [[0.0, 0.0], [280.0, 0.0], [280.0, 280.0], [0.0, 280.0], [0.0, 0.0]], [[460.0, 0.0], [660.0, 80.0], [660.0, 180.0], [460.0, 180.0], [460.0, 0.0]], [[380.0, 660.0], [380.0, 760.0], [200.0, 760.0], [200.0, 660.0], [380.0, 660.0]], [[200.0, 560.0], [200.0, 280.0], [480.0, 280.0], [200.0, 560.0]], [[658.0556087225798, 560.0], [658.0556087225798, 760.0], [458.0556087225798, 760.0], [378.0556087225798, 560.0], [658.0556087225798, 560.0]], [[480.0, 195.03100006881516], [640.0, 275.03100006881516], [480.0, 355.03100006881516], [480.0, 195.03100006881516]], [[655.4784272766649, 266.00191749076066], [655.4784272766649, 546.0019174907607], [415.4784272766649, 406.00191749076066], [655.4784272766649, 266.00191749076066]]]"
Thu Jul 23 05:17:46 2020,2,0,True,662.0332115494316,0.8609839960535578,"[0, 0, 1, 1, 0, 0, 0, 1, 3, 1, 1, 1]","[[[0.0, 360.0], [200.0, 360.0], [200.0, 560.0], [0.0, 560.0], [0.0, 360.0]], [[0.0, 560.0], [200.0, 560.0], [200.0, 760.0], [0.0, 760.0], [0.0, 560.0]], [[460.0, 0.0], [460.0, 280.0], [280.0, 280.0], [280.0, 0.0], [460.0, 0.0]], [[378.0556087225798, 380.0], [378.0556087225798, 660.0], [238.0556087225798, 520.0], [378.0556087225798, 380.0]], [[378.0556087225798, 561.9443912774202], [378.0556087225798, 381.9443912774202], [658.0556087225798, 561.9443912774202], [378.0556087225798, 561.9443912774202]], [[0.0, 0.0], [280.0, 0.0], [280.0, 280.0], [0.0, 280.0], [0.0, 0.0]], [[460.0, 0.0], [660.0, 80.0], [660.0, 180.0], [460.0, 180.0], [460.0, 0.0]], [[380.0, 660.0], [380.0, 760.0], [200.0, 760.0], [200.0, 660.0], [380.0, 660.0]], [[200.0, 560.0], [200.0, 280.0], [480.0, 280.0], [200.0, 560.0]], [[658.0556087225798, 560.0], [658.0556087225798, 760.0], [458.0556087225798, 760.0], [378.0556087225798, 560.0], [658.0556087225798, 560.0]], [[480.0, 195.03100006881516], [640.0, 275.03100006881516], [480.0, 355.03100006881516], [480.0, 195.03100006881516]], [[655.4784272766649, 266.00191749076066], [655.4784272766649, 546.0019174907607], [415.4784272766649, 406.00191749076066], [655.4784272766649, 266.00191749076066]]]"
Thu Jul 23 05:18:16 2020,2,1,True,668.6535436649259,0.8524594020332256,"[0, 0, 1, 0, 0, 0, 2, 0, 2, 1, 3, 3]","[[[0.0, 560.0], [200.0, 560.0], [200.0, 760.0], [0.0, 760.0], [0.0, 560.0]], [[179.6570529938699, 280.0], [379.6570529938699, 280.0], [379.6570529938699, 480.0], [179.6570529938699, 480.0], [179.6570529938699, 280.0]], [[180.0, 280.0], [180.0, 560.0], [0.0, 560.0], [0.0, 280.0], [180.0, 280.0]], [[356.9868769982593, 0.0], [636.9868769982593, 0.0], [496.9868769982593, 140.0], [356.9868769982593, 0.0]], [[388.6535436649259, 526.3096497726568], [388.6535436649259, 346.3096497726568], [668.6535436649259, 526.3096497726568], [388.6535436649259, 526.3096497726568]], [[0.0, 0.0], [280.0, 0.0], [280.0, 280.0], [0.0, 280.0], [0.0, 0.0]], [[668.6535436649259, 479.64298310599014], [468.6535436649259, 399.64298310599014], [468.6535436649259, 299.64298310599014], [668.6535436649259, 299.64298310599014], [668.6535436649259, 479.64298310599014]], [[279.6570529938699, 22.670175995610634], [379.6570529938699, 22.670175995610634], [379.6570529938699, 202.67017599561063], [279.6570529938699, 202.67017599561063], [279.6570529938699, 22.670175995610634]], [[480.0, 760.0], [200.0, 760.0], [200.0, 480.0], [480.0, 760.0]], [[646.3096497726568, 526.3096497726568], [646.3096497726568, 726.3096497726568], [446.3096497726568, 726.3096497726568], [366.3096497726568, 526.3096497726568], [646.3096497726568, 526.3096497726568]], [[668.6535436649259, 208.33333333333331], [508.6535436649259, 128.33333333333331], [668.6535436649259, 48.333333333333314], [668.6535436649259, 208.33333333333331]], [[379.6570529938699, 351.5576026641062], [379.6570529938699, 71.55760266410618], [619.6570529938699, 211.55760266410618], [379.6570529938699, 351.5576026641062]]]"
Thu Jul 23 05:18:33 2020,2,1,True,675.3400791015752,0.8440192099338867,"[0, 0, 1, 0, 2, 0, 0, 0, 1, 2, 1, 2]","[[[475.34007910157516, 530.0], [675.3400791015752, 530.0], [675.3400791015752, 730.0], [475.34007910157516, 730.0], [475.34007910157516, 530.0]], [[475.34007910157516, 330.0], [675.3400791015752, 330.0], [675.3400791015752, 530.0], [475.34007910157516, 530.0], [475.34007910157516, 330.0]], [[180.0, 280.0], [180.0, 560.0], [0.0, 560.0], [0.0, 280.0], [180.0, 280.0]], [[115.34007910157516, 560.0], [395.34007910157516, 560.0], [255.34007910157516, 700.0], [115.34007910157516, 560.0]], [[675.3400791015752, 0.0], [675.3400791015752, 180.0], [395.34007910157516, 0.0], [675.3400791015752, 0.0]], [[0.0, 0.0], [280.0, 0.0], [280.0, 280.0], [0.0, 280.0], [0.0, 0.0]], [[0.0, 564.6599208984248], [200.0, 644.6599208984248], [200.0, 744.6599208984248], [0.0, 744.6599208984248], [0.0, 564.6599208984248]], [[280.0, 0.0], [380.0, 0.0], [380.0, 180.0], [280.0, 180.0], [280.0, 0.0]], [[475.34007910157516, 480.0], [475.34007910157516, 760.0], [195.34007910157516, 760.0], [475.34007910157516, 480.0]], [[380.0, 550.0], [180.0, 550.0], [180.0, 350.0], [380.0, 270.0], [380.0, 550.0]], [[380.0, 7.670039550787635], [540.0, 87.67003955078764], [380.0, 167.67003955078764], [380.0, 7.670039550787635]], [[675.3400791015752, 330.00000000000006], [395.34007910157516, 330.00000000000006], [535.3400791015752, 90.00000000000006], [675.3400791015752, 330.00000000000006]]]"
Thu Jul 23 05:18:55 2020,2,1,True,682.093479892591,0.835662584092957,"[0, 0, 0, 3, 3, 0, 0, 1, 2, 0, 3, 0]","[[[0.0, 280.0], [200.0, 280.0], [200.0, 480.0], [0.0, 480.0], [0.0, 280.0]], [[280.0, 100.0], [480.0, 100.0], [480.0, 300.0], [280.0, 300.0], [280.0, 100.0]], [[200.0, 300.0], [480.0, 300.0], [480.0, 480.0], [200.0, 480.0], [200.0, 300.0]], [[480.0, 280.0], [480.0, 0.0], [620.0, 140.0], [480.0, 280.0]], [[460.0, 760.0], [280.0, 760.0], [460.0, 480.0], [460.0, 760.0]], [[0.0, 0.0], [280.0, 0.0], [280.0, 280.0], [0.0, 280.0], [0.0, 0.0]], [[480.0, 280.438771260248], [680.0, 360.438771260248], [680.0, 460.438771260248], [480.0, 460.438771260248], [480.0, 280.438771260248]], [[460.0, 0.0], [460.0, 100.0], [280.0, 100.0], [280.0, 0.0], [460.0, 0.0]], [[280.0, 760.0], [0.0, 760.0], [0.0, 480.0], [280.0, 760.0]], [[476.3264759375121, 480.0], [676.3264759375121, 480.0], [676.3264759375121, 680.0], [476.3264759375121, 760.0], [476.3264759375121, 480.0]], [[651.4285714285714, 348.57142857142856], [491.42857142857144, 268.57142857142856], [651.4285714285714, 188.57142857142856], [651.4285714285714, 348.57142857142856]], [[100.0, 480.0], [380.0, 480.0], [240.0, 720.0], [100.0, 480.0]]]"
Thu Jul 23 05:19:08 2020,2,1,True,688.9144146915169,0.8273886971217397,"[0, 0, 0, 1, 0, 0, 1, 0, 1, 2, 2, 0]","[[[300.0, 0.0], [500.0, 0.0], [500.0, 200.0], [300.0, 200.0], [300.0, 0.0]], [[0.0, 0.0], [200.0, 0.0], [200.0, 200.0], [0.0, 200.0], [0.0, 0.0]], [[0.0, 580.0], [280.0, 580.0], [280.0, 760.0], [0.0, 760.0], [0.0, 580.0]], [[194.7826086956522, 245.21739130434787], [194.7826086956522, 525.2173913043479], [54.782608695652186, 385.21739130434787], [194.7826086956522, 245.21739130434787]], [[0.0, 579.9999999999999], [0.0, 399.9999999999999], [280.0, 579.9999999999999], [0.0, 579.9999999999999]], [[200.0, 200.0], [480.0, 200.0], [480.0, 480.0], [200.0, 480.0], [200.0, 200.0]], [[680.0, 0.0], [600.0, 200.0], [500.0, 200.0], [500.0, 0.0], [680.0, 0.0]], [[200.0, 0.0], [300.0, 0.0], [300.0, 180.0], [200.0, 180.0], [200.0, 0.0]], [[601.4687063917613, 480.0], [601.4687063917613, 760.0], [321.4687063917613, 760.0], [601.4687063917613, 480.0]], [[688.9144146915169, 479.8749724579544], [488.91441469151687, 479.8749724579544], [488.91441469151687, 279.8749724579544], [688.9144146915169, 199.8749724579544], [688.9144146915169, 479.8749724579544]], [[160.0, 200.0], [80.0, 360.0], [0.0, 200.0], [160.0, 200.0]], [[221.5937339338068, 479.8749724579544], [501.5937339338068, 479.8749724579544], [361.5937339338068, 719.8749724579544], [221.5937339338068, 479.8749724579544]]]"
Thu Jul 23 05:19:19 2020,2,1,True,695.8035588384321,0.8191967298235046,"[0, 0, 1, 0, 1, 0, 0, 0, 1, 0, 2, 2]","[[[480.0, 140.0], [680.0, 140.0], [680.0, 340.0], [480.0, 340.0], [480.0, 140.0]], [[0.0, 560.0], [200.0, 560.0], [200.0, 760.0], [0.0, 760.0], [0.0, 560.0]], [[516.5265490645107, 354.61061962580425], [516.5265490645107, 634.6106196258042], [336.52654906451073, 634.6106196258042], [336.52654906451073, 354.61061962580425], [516.5265490645107, 354.61061962580425]], [[415.8035588384321, 0.0], [695.8035588384321, 0.0], [555.8035588384321, 140.0], [415.8035588384321, 0.0]], [[0.0, 280.0], [180.0, 280.0], [0.0, 560.0], [0.0, 280.0]], [[200.0, 64.19644116156792], [480.0, 64.19644116156792], [480.0, 344.1964411615679], [200.0, 344.1964411615679], [200.0, 64.19644116156792]], [[200.0, 579.9999999999999], [400.0, 659.9999999999999], [400.0, 759.9999999999999], [200.0, 759.9999999999999], [200.0, 579.9999999999999]], [[516.5265490645107, 340.0], [616.5265490645107, 340.0], [616.5265490645107, 520.0], [516.5265490645107, 520.0], [516.5265490645107, 340.0]], [[679.9999999999999, 480.0], [679.9999999999999, 760.0], [399.9999999999999, 760.0], [679.9999999999999, 480.0]], [[0.0, 0.0], [200.0, 0.0], [200.0, 200.0], [0.0, 280.0], [0.0, 0.0]], [[341.73363829662895, 344.1964411615679], [261.73363829662895, 504.1964411615679], [181.73363829662895, 344.1964411615679], [341.73363829662895, 344.1964411615679]], [[294.28571428571433, 560.0], [14.285714285714334, 560.0], [154.28571428571433, 320.0], [294.28571428571433, 560.0]]]"
Thu Jul 23 05:19:30 2020,2,1,True,702.7615944268164,0.8110858711123808,"[0, 0, 0, 3, 1, 0, 1, 1, 1, 0, 2, 2]","[[[467.9714164848948, 0.0], [667.9714164848948, 0.0], [667.9714164848948, 200.0], [467.9714164848948, 200.0], [467.9714164848948, 0.0]], [[235.95238095238102, 280.0], [435.952380952381, 280.0], [435.952380952381, 480.0], [235.95238095238102, 480.0], [235.95238095238102, 280.0]], [[0.0, 580.0], [280.0, 580.0], [280.0, 760.0], [0.0, 760.0], [0.0, 580.0]], [[527.9714164848948, 619.9999999999999], [527.9714164848948, 339.9999999999999], [667.9714164848948, 479.9999999999999], [527.9714164848948, 619.9999999999999]], [[0.0, 300.0], [180.0, 300.0], [0.0, 580.0], [0.0, 300.0]], [[187.9714164848948, 0.0], [467.9714164848948, 0.0], [467.9714164848948, 280.0], [187.9714164848948, 280.0], [187.9714164848948, 0.0]], [[180.0, 100.0], [100.0, 300.0], [0.0, 300.0], [0.0, 100.0], [180.0, 100.0]], [[187.9714164848948, 0.0], [187.9714164848948, 100.0], [7.971416484894803, 100.0], [7.971416484894803, 0.0], [187.9714164848948, 0.0]], [[694.2857142857142, 480.0], [694.2857142857142, 760.0], [414.2857142857142, 760.0], [694.2857142857142, 480.0]], [[294.28571428571433, 480.0], [494.28571428571433, 480.0], [494.28571428571433, 680.0], [294.28571428571433, 760.0], [294.28571428571433, 480.0]], [[640.0962320265787, 200.0], [560.0962320265787, 360.0], [480.0962320265787, 200.0], [640.0962320265787, 200.0]], [[294.28571428571433, 580.0], [14.285714285714334, 580.0], [154.28571428571433, 340.0], [294.28571428571433, 580.0]]]"
Thu Jul 23 05:19:33 2020,2,0,True,674.6511306497437,0.8448811157420634,"[0, 0, 0, 3, 1, 0, 1, 0, 1, 0, 2, 2]","[[[467.9714164848948, 0.0], [667.9714164848948, 0.0], [667.9714164848948, 200.0], [467.9714164848948, 200.0], [467.9714164848948, 0.0]], [[221.66666666666663, 280.0], [421.66666666666663, 280.0], [421.66666666666663, 480.0], [221.66666666666663, 480.0], [221.66666666666663, 280.0]], [[0.0, 580.0], [280.0, 580.0], [280.0, 760.0], [0.0, 760.0], [0.0, 580.0]], [[534.6511306497437, 606.5739341556788], [534.6511306497437, 326.5739341556788], [674.6511306497437, 466.5739341556788], [534.6511306497437, 606.5739341556788]], [[0.0, 277.7777777777778], [180.0, 277.7777777777778], [0.0, 557.7777777777778], [0.0, 277.7777777777778]], [[187.9714164848948, 0.0], [467.9714164848948, 0.0], [467.9714164848948, 280.0], [187.9714164848948, 280.0], [187.9714164848948, 0.0]], [[180.0, 77.77777777777783], [100.0, 277.7777777777778], [0.0, 277.7777777777778], [0.0, 77.77777777777783], [180.0, 77.77777777777783]], [[421.66666666666663, 280.0], [521.6666666666666, 280.0], [521.6666666666666, 460.0], [421.66666666666663, 460.0], [421.66666666666663, 280.0]], [[674.6511306497437, 480.0], [674.6511306497437, 760.0], [394.65113064974366, 760.0], [674.6511306497437, 480.0]], [[280.0, 480.0], [480.0, 480.0], [480.0, 680.0], [280.0, 760.0], [280.0, 480.0]], [[648.0771964940649, 200.0], [568.0771964940649, 360.0], [488.0771964940649, 200.0], [648.0771964940649, 200.0]], [[280.0, 580.0], [0.0, 580.0], [140.0, 340.0], [280.0, 580.0]]]"
Thu Jul 23 05:19:47 2020,2,1,True,681.3976419562412,0.8365159561802606,"[0, 0, 0, 1, 3, 0, 3, 1, 2, 0, 0, 0]","[[[280.0, 460.0], [480.0, 460.0], [480.0, 660.0], [280.0, 660.0], [280.0, 460.0]], [[480.0, 560.0], [680.0, 560.0], [680.0, 760.0], [480.0, 760.0], [480.0, 560.0]], [[280.0, 280.0], [560.0, 280.0], [560.0, 460.0], [280.0, 460.0], [280.0, 280.0]], [[280.0, 480.0], [280.0, 760.0], [140.0, 620.0], [280.0, 480.0]], [[681.3976419562412, 560.0], [501.39764195624116, 560.0], [681.3976419562412, 280.0], [681.3976419562412, 560.0]], [[200.0, 0.0], [480.0, 0.0], [480.0, 280.0], [200.0, 280.0], [200.0, 0.0]], [[501.39764195624116, 253.33333333333326], [581.3976419562412, 53.33333333333326], [681.3976419562412, 53.33333333333326], [681.3976419562412, 253.33333333333326], [501.39764195624116, 253.33333333333326]], [[460.0, 660.0], [460.0, 760.0], [280.0, 760.0], [280.0, 660.0], [460.0, 660.0]], [[280.0, 760.0], [0.0, 760.0], [0.0, 480.0], [280.0, 760.0]], [[0.0, 0.0], [200.0, 0.0], [200.0, 200.0], [0.0, 280.0], [0.0, 0.0]], [[70.0, 380.0], [150.0, 220.0], [230.0, 380.0], [70.0, 380.0]], [[0.0, 380.0], [280.0, 380.0], [140.0, 620.0], [0.0, 380.0]]]"
Thu Jul 23 05:20:02 2020,2,1,True,688.2116183758036,0.8282336199804561,"[0, 0, 1, 2, 3, 0, 3, 0, 3, 0, 0, 0]","[[[454.1417362779915, 280.0], [654.1417362779915, 280.0], [654.1417362779915, 480.0], [454.1417362779915, 480.0], [454.1417362779915, 280.0]], [[478.06997084548107, 560.0], [678.0699708454811, 560.0], [678.0699708454811, 760.0], [478.06997084548107, 760.0], [478.06997084548107, 560.0]], [[660.0, 0.0], [660.0, 280.0], [480.0, 280.0], [480.0, 0.0], [660.0, 0.0]], [[282.8571428571429, 362.8571428571429], [2.8571428571428896, 362.8571428571429], [142.8571428571429, 222.8571428571429], [282.8571428571429, 362.8571428571429]], [[238.069970845481, 760.0], [58.06997084548101, 760.0], [238.069970845481, 480.0], [238.069970845481, 760.0]], [[200.0, 0.0], [480.0, 0.0], [480.0, 280.0], [200.0, 280.0], [200.0, 0.0]], [[241.71428571428578, 480.0], [321.7142857142858, 280.0], [421.7142857142858, 280.0], [421.7142857142858, 480.0], [241.71428571428578, 480.0]], [[0.0, 514.7755102040816], [100.0, 514.7755102040816], [100.0, 694.7755102040816], [0.0, 694.7755102040816], [0.0, 514.7755102040816]], [[238.069970845481, 760.0], [238.069970845481, 480.0], [518.0699708454811, 480.0], [238.069970845481, 760.0]], [[0.0, 0.0], [200.0, 0.0], [200.0, 200.0], [0.0, 280.0], [0.0, 0.0]], [[318.06997084548107, 760.0], [398.06997084548107, 600.0], [478.06997084548107, 760.0], [318.06997084548107, 760.0]], [[8.571428571428612, 362.8571428571429], [288.5714285714286, 362.8571428571429], [148.5714285714286, 602.8571428571429], [8.571428571428612, 362.8571428571429]]]"
Thu Jul 23 05:20:04 2020,2,0,True,660.6831536407715,0.8627433541463084,"[0, 0, 1, 2, 3, 0, 3, 0, 3, 0, 0, 0]","[[[424.52380952380963, 280.0], [624.5238095238096, 280.0], [624.5238095238096, 480.0], [424.52380952380963, 480.0], [424.52380952380963, 280.0]], [[460.6831536407715, 537.3868172047095], [660.6831536407715, 537.3868172047095], [660.6831536407715, 737.3868172047095], [460.6831536407715, 737.3868172047095], [460.6831536407715, 537.3868172047095]], [[660.0, 0.0], [660.0, 280.0], [480.0, 280.0], [480.0, 0.0], [660.0, 0.0]], [[282.8571428571429, 362.8571428571429], [2.8571428571428896, 362.8571428571429], [142.8571428571429, 222.8571428571429], [282.8571428571429, 362.8571428571429]], [[238.069970845481, 760.0], [58.06997084548101, 760.0], [238.069970845481, 480.0], [238.069970845481, 760.0]], [[200.0, 0.0], [480.0, 0.0], [480.0, 280.0], [200.0, 280.0], [200.0, 0.0]], [[244.52380952380963, 480.0], [324.52380952380963, 280.0], [424.52380952380963, 280.0], [424.52380952380963, 480.0], [244.52380952380963, 480.0]], [[0.0, 514.7755102040816], [100.0, 514.7755102040816], [100.0, 694.7755102040816], [0.0, 694.7755102040816], [0.0, 514.7755102040816]], [[238.069970845481, 760.0], [238.069970845481, 480.0], [518.0699708454811, 480.0], [238.069970845481, 760.0]], [[0.0, 0.0], [200.0, 0.0], [200.0, 200.0], [0.0, 280.0], [0.0, 0.0]], [[311.98974503841674, 760.0], [391.98974503841674, 600.0], [471.98974503841674, 760.0], [311.98974503841674, 760.0]], [[11.380952380952465, 362.8571428571429], [291.38095238095246, 362.8571428571429], [151.38095238095246, 602.8571428571429], [11.380952380952465, 362.8571428571429]]]"
Thu Jul 23 05:22:01 2020,2,5,False,667.2899851771792,0.8542013407389192,"[0, 0, 0, 1, 1, 0, 2, 0, 2, 2, 1, 2]","[[[0.0, 0.0], [200.0, 0.0], [200.0, 200.0], [0.0, 200.0], [0.0, 0.0]], [[187.28998517717923, 0.0], [387.28998517717923, 0.0], [387.28998517717923, 200.0], [187.28998517717923, 200.0], [187.28998517717923, 0.0]], [[0.0, 200.0], [280.0, 200.0], [280.0, 380.0], [0.0, 380.0], [0.0, 200.0]], [[667.2899851771792, 452.71001482282077], [667.2899851771792, 732.7100148228208], [527.2899851771792, 592.7100148228208], [667.2899851771792, 452.71001482282077]], [[100.0, 380.0], [280.0, 380.0], [100.0, 660.0], [100.0, 380.0]], [[387.28998517717923, 0.0], [667.2899851771792, 0.0], [667.2899851771792, 280.0], [387.28998517717923, 280.0], [387.28998517717923, 0.0]], [[660.0, 460.0], [460.0, 380.0], [460.0, 280.0], [660.0, 280.0], [660.0, 460.0]], [[0.0, 380.0], [100.0, 380.0], [100.0, 560.0], [0.0, 560.0], [0.0, 380.0]], [[560.0, 480.0], [280.0, 480.0], [280.0, 200.0], [560.0, 480.0]], [[364.28571428571416, 760.0], [164.28571428571416, 760.0], [164.28571428571416, 560.0], [364.28571428571416, 480.0], [364.28571428571416, 760.0]], [[0.0, 599.1177547200566], [160.0, 679.1177547200566], [0.0, 759.1177547200566], [0.0, 599.1177547200566]], [[624.8758098638671, 760.0], [344.87580986386706, 760.0], [484.87580986386706, 520.0], [624.8758098638671, 760.0]]]"
Thu Jul 23 05:22:29 2020,2,1,True,673.9628850289511,0.8457439017217021,"[0, 0, 1, 3, 0, 0, 1, 1, 0, 3, 2, 1]","[[[473.96288502895106, 280.0], [673.9628850289511, 280.0], [673.9628850289511, 480.0], [473.96288502895106, 480.0], [473.96288502895106, 280.0]], [[273.96288502895106, 280.0], [473.96288502895106, 280.0], [473.96288502895106, 480.0], [273.96288502895106, 480.0], [273.96288502895106, 280.0]], [[620.5983857700921, 0.0], [620.5983857700921, 280.0], [440.59838577009214, 280.0], [440.59838577009214, 0.0], [620.5983857700921, 0.0]], [[187.3684210526314, 306.77003528253925], [187.3684210526314, 26.770035282539254], [327.3684210526314, 166.77003528253925], [187.3684210526314, 306.77003528253925]], [[0.0, 559.9999999999999], [0.0, 379.9999999999999], [280.0, 559.9999999999999], [0.0, 559.9999999999999]], [[360.0, 480.0], [640.0, 480.0], [640.0, 760.0], [360.0, 760.0], [360.0, 480.0]], [[180.0, 119.40161422990786], [100.0, 319.40161422990786], [0.0, 319.40161422990786], [0.0, 119.40161422990786], [180.0, 119.40161422990786]], [[180.0, 19.401614229907864], [180.0, 119.40161422990786], [0.0, 119.40161422990786], [0.0, 19.401614229907864], [180.0, 19.401614229907864]], [[160.59838577009214, 0.0], [440.59838577009214, 0.0], [440.59838577009214, 280.0], [160.59838577009214, 0.0]], [[0.0, 760.0], [0.0, 560.0], [200.0, 560.0], [280.0, 760.0], [0.0, 760.0]], [[360.0, 559.9999999999999], [280.0, 719.9999999999999], [200.0, 559.9999999999999], [360.0, 559.9999999999999]], [[269.414908692352, 258.90958415936893], [269.414908692352, 538.9095841593689], [29.414908692352014, 398.90958415936893], [269.414908692352, 258.90958415936893]]]"
Thu Jul 23 05:22:30 2020,2,0,True,647.004369627793,0.8809832309601063,"[0, 0, 1, 2, 0, 0, 1, 1, 0, 3, 2, 1]","[[[447.00436962779304, 280.0], [647.004369627793, 280.0], [647.004369627793, 480.0], [447.00436962779304, 480.0], [447.00436962779304, 280.0]], [[247.00436962779304, 280.0], [447.00436962779304, 280.0], [447.00436962779304, 480.0], [247.00436962779304, 480.0], [247.00436962779304, 280.0]], [[620.5983857700921, 0.0], [620.5983857700921, 280.0], [440.59838577009214, 280.0], [440.59838577009214, 0.0], [620.5983857700921, 0.0]], [[409.95952207338786, 244.5028090464382], [129.95952207338786, 244.5028090464382], [269.95952207338786, 104.50280904643819], [409.95952207338786, 244.5028090464382]], [[0.0, 559.9999999999998], [0.0, 379.9999999999998], [280.0, 559.9999999999998], [0.0, 559.9999999999998]], [[360.0, 480.0], [640.0, 480.0], [640.0, 760.0], [360.0, 760.0], [360.0, 480.0]], [[180.0, 119.40161422990786], [100.0, 319.40161422990786], [0.0, 319.40161422990786], [0.0, 119.40161422990786], [180.0, 119.40161422990786]], [[180.0, 19.401614229907864], [180.0, 119.40161422990786], [0.0, 119.40161422990786], [0.0, 19.401614229907864], [180.0, 19.401614229907864]], [[160.59838577009214, 0.0], [440.59838577009214, 0.0], [440.59838577009214, 280.0], [160.59838577009214, 0.0]], [[0.0, 760.0], [0.0, 560.0], [200.0, 560.0], [280.0, 760.0], [0.0, 760.0]], [[360.0, 559.9999999999999], [280.0, 719.9999999999999], [200.0, 559.9999999999999], [360.0, 559.9999999999999]], [[247.00436962779304, 244.5028090464382], [247.00436962779304, 524.5028090464382], [7.004369627793039, 384.5028090464382], [247.00436962779304, 244.5028090464382]]]"
Thu Jul 23 05:24:39 2020,2,5,False,653.474413324071,0.8722606247129766,"[0, 0, 1, 2, 2, 0, 2, 1, 0, 2, 1, 3]","[[[237.1604466342484, 173.47441332407095], [437.1604466342484, 173.47441332407095], [437.1604466342484, 373.47441332407095], [237.1604466342484, 373.47441332407095], [237.1604466342484, 173.47441332407095]], [[0.0, 280.0], [200.0, 280.0], [200.0, 480.0], [0.0, 480.0], [0.0, 280.0]], [[180.0, 0.0], [180.0, 280.0], [0.0, 280.0], [0.0, 0.0], [180.0, 0.0]], [[653.474413324071, 760.0], [373.47441332407095, 760.0], [513.474413324071, 620.0], [653.474413324071, 760.0]], [[582.2222222222223, 480.0], [582.2222222222223, 660.0], [302.2222222222223, 480.0], [582.2222222222223, 480.0]], [[0.0, 480.0], [280.0, 480.0], [280.0, 760.0], [0.0, 760.0], [0.0, 480.0]], [[453.47441332407095, 180.0], [253.47441332407095, 100.0], [253.47441332407095, 0.0], [453.47441332407095, 0.0], [453.47441332407095, 180.0]], [[380.0, 380.0], [380.0, 480.0], [200.0, 480.0], [200.0, 380.0], [380.0, 380.0]], [[373.47441332407095, 373.47441332407095], [653.474413324071, 373.47441332407095], [653.474413324071, 653.474413324071], [373.47441332407095, 373.47441332407095]], [[653.474413324071, 371.49912355926045], [453.47441332407095, 371.49912355926045], [453.47441332407095, 171.49912355926045], [653.474413324071, 91.49912355926045], [653.474413324071, 371.49912355926045]], [[482.22222222222223, 0.0], [642.2222222222222, 80.0], [482.22222222222223, 160.0], [482.22222222222223, 0.0]], [[280.0, 760.0], [280.0, 480.0], [520.0, 620.0], [280.0, 760.0]]]"
Thu Jul 23 05:25:11 2020,2,1,True,660.0091574573116,0.8636243809039372,"[0, 0, 1, 3, 2, 0, 0, 1, 2, 0, 1, 1]","[[[200.0, 280.0], [400.0, 280.0], [400.0, 480.0], [200.0, 480.0], [200.0, 280.0]], [[0.0, 280.0], [200.0, 280.0], [200.0, 480.0], [0.0, 480.0], [0.0, 280.0]], [[180.0, 480.0], [180.0, 760.0], [0.0, 760.0], [0.0, 480.0], [180.0, 480.0]], [[0.0, 280.0], [0.0, 0.0], [140.0, 140.0], [0.0, 280.0]], [[659.9999999999986, 479.99999999999955], [659.9999999999986, 659.9999999999995], [379.99999999999864, 479.99999999999955], [659.9999999999986, 479.99999999999955]], [[147.33543679110812, 0.0], [427.3354367911081, 0.0], [427.3354367911081, 280.0], [147.33543679110812, 280.0], [147.33543679110812, 0.0]], [[179.99999999999932, 579.9999999999995], [379.9999999999993, 659.9999999999995], [379.9999999999993, 759.9999999999995], [179.99999999999932, 759.9999999999995], [179.99999999999932, 579.9999999999995]], [[359.9999999999993, 479.99999999999955], [359.9999999999993, 579.9999999999995], [179.99999999999932, 579.9999999999995], [179.99999999999932, 479.99999999999955], [359.9999999999993, 479.99999999999955]], [[659.9999999999993, 760.0], [379.9999999999993, 760.0], [379.9999999999993, 480.0], [659.9999999999993, 760.0]], [[427.3354367911081, 0.0], [627.3354367911081, 0.0], [627.3354367911081, 200.0], [427.3354367911081, 280.0], [427.3354367911081, 0.0]], [[400.0, 319.99999999999955], [560.0, 399.99999999999955], [400.0, 479.99999999999955], [400.0, 319.99999999999955]], [[660.0091574573116, 178.33867518343135], [660.0091574573116, 458.33867518343135], [420.00915745731163, 318.33867518343135], [660.0091574573116, 178.33867518343135]]]"
Thu Jul 23 05:25:49 2020,2,1,True,666.6092490318847,0.8550736444593439,"[0, 0, 1, 1, 2, 0, 0, 0, 0, 0, 1, 2]","[[[460.0, 200.0], [660.0, 200.0], [660.0, 400.0], [460.0, 400.0], [460.0, 200.0]], [[460.0, 0.0], [660.0, 0.0], [660.0, 200.0], [460.0, 200.0], [460.0, 0.0]], [[460.0, 0.0], [460.0, 280.0], [280.0, 280.0], [280.0, 0.0], [460.0, 0.0]], [[263.8095238095238, 443.80952380952385], [263.8095238095238, 723.8095238095239], [123.8095238095238, 583.8095238095239], [263.8095238095238, 443.80952380952385]], [[460.0, 280.0], [460.0, 460.0], [180.0, 280.0], [460.0, 280.0]], [[0.0, 0.0], [280.0, 0.0], [280.0, 280.0], [0.0, 280.0], [0.0, 0.0]], [[0.0, 580.0], [200.0, 660.0], [200.0, 760.0], [0.0, 760.0], [0.0, 580.0]], [[263.8095238095238, 443.80952380952374], [363.8095238095238, 443.80952380952374], [363.8095238095238, 623.8095238095237], [263.8095238095238, 623.8095238095237], [263.8095238095238, 443.80952380952374]], [[386.6092490318847, 460.0], [666.6092490318847, 460.0], [666.6092490318847, 740.0], [386.6092490318847, 460.0]], [[0.0, 292.8571428571429], [200.0, 292.8571428571429], [200.0, 492.8571428571429], [0.0, 572.8571428571429], [0.0, 292.8571428571429]], [[200.0, 315.71428571428567], [360.0, 395.71428571428567], [200.0, 475.71428571428567], [200.0, 315.71428571428567]], [[569.0877174188415, 760.0], [289.0877174188415, 760.0], [429.0877174188415, 520.0], [569.0877174188415, 760.0]]]"
Thu Jul 23 05:26:24 2020,2,1,True,673.2753415222036,0.8466075687716276,"[0, 0, 1, 1, 3, 0, 1, 0, 1, 0, 2, 2]","[[[0.0, 280.0], [200.0, 280.0], [200.0, 480.0], [0.0, 480.0], [0.0, 280.0]], [[293.2753415222036, 560.0], [493.2753415222036, 560.0], [493.2753415222036, 760.0], [293.2753415222036, 760.0], [293.2753415222036, 560.0]], [[673.2753415222036, 480.0], [673.2753415222036, 760.0], [493.2753415222036, 760.0], [493.2753415222036, 480.0], [673.2753415222036, 480.0]], [[293.6842105263158, 386.31578947368416], [293.6842105263158, 666.3157894736842], [153.68421052631578, 526.3157894736842], [293.6842105263158, 386.31578947368416]], [[444.2857142857143, 380.0], [264.2857142857143, 380.0], [444.2857142857143, 100.0], [444.2857142857143, 380.0]], [[0.0, 0.0], [280.0, 0.0], [280.0, 280.0], [0.0, 280.0], [0.0, 0.0]], [[460.0, 0.0], [380.0, 200.0], [280.0, 200.0], [280.0, 0.0], [460.0, 0.0]], [[293.2753415222036, 380.0], [393.2753415222036, 380.0], [393.2753415222036, 560.0], [293.2753415222036, 560.0], [293.2753415222036, 380.0]], [[673.2753415222036, 200.0], [673.2753415222036, 480.0], [393.2753415222036, 480.0], [673.2753415222036, 200.0]], [[473.2753415222035, 0.0], [673.2753415222035, 0.0], [673.2753415222035, 200.0], [473.2753415222035, 280.0], [473.2753415222035, 0.0]], [[160.0, 480.0], [80.0, 640.0], [0.0, 480.0], [160.0, 480.0]], [[290.0, 760.0], [10.0, 760.0], [150.0, 520.0], [290.0, 760.0]]]"
Thu Jul 23 05:27:11 2020,2,1,True,680.0080949374257,0.8382253156154729,"[0, 0, 1, 0, 3, 0, 3, 1, 1, 3, 2, 2]","[[[280.0, 0.0], [480.0, 0.0], [480.0, 200.0], [280.0, 200.0], [280.0, 0.0]], [[480.00809493742565, 0.0], [680.0080949374257, 0.0], [680.0080949374257, 200.0], [480.00809493742565, 200.0], [480.00809493742565, 0.0]], [[680.0080949374257, 479.9999999999999], [680.0080949374257, 759.9999999999999], [500.00809493742565, 759.9999999999999], [500.00809493742565, 479.9999999999999], [680.0080949374257, 479.9999999999999]], [[220.00809493742565, 610.020237343564], [500.00809493742565, 610.020237343564], [360.00809493742565, 750.020237343564], [220.00809493742565, 610.020237343564]], [[680.0080949374257, 479.9999999999999], [500.00809493742565, 479.9999999999999], [680.0080949374257, 199.9999999999999], [680.0080949374257, 479.9999999999999]], [[0.0, 0.0], [280.0, 0.0], [280.0, 280.0], [0.0, 280.0], [0.0, 0.0]], [[250.02833228098973, 400.0], [330.02833228098973, 200.0], [430.02833228098973, 200.0], [430.02833228098973, 400.0], [250.02833228098973, 400.0]], [[615.7223806517112, 200.0], [615.7223806517112, 300.0], [435.7223806517112, 300.0], [435.7223806517112, 200.0], [615.7223806517112, 200.0]], [[500.00809493742565, 330.0202373435641], [500.00809493742565, 610.0202373435641], [220.00809493742565, 610.0202373435641], [500.00809493742565, 330.0202373435641]], [[0.0, 759.9999999999999], [0.0, 559.9999999999999], [200.0, 559.9999999999999], [280.0, 759.9999999999999], [0.0, 759.9999999999999]], [[298.02833228098973, 280.0], [218.0283322809897, 440.0], [138.0283322809897, 280.0], [298.02833228098973, 280.0]], [[280.0, 546.2371446611605], [0.0, 546.2371446611605], [140.0, 306.2371446611605], [280.0, 546.2371446611605]]]"
Thu Jul 23 05:27:30 2020,2,1,True,686.8081758868,0.8299260550648244,"[0, 0, 1, 3, 0, 0, 2, 1, 0, 0, 0, 1]","[[[235.66771467178398, 0.0], [435.667714671784, 0.0], [435.667714671784, 200.0], [235.66771467178398, 200.0], [235.66771467178398, 0.0]], [[0.0, 165.7329141312864], [200.0, 165.7329141312864], [200.0, 365.7329141312864], [0.0, 365.7329141312864], [0.0, 165.7329141312864]], [[652.8077711399286, 453.87575058666437], [652.8077711399286, 733.8757505866644], [472.8077711399286, 733.8757505866644], [472.8077711399286, 453.87575058666437], [652.8077711399286, 453.87575058666437]], [[276.4723764276193, 729.397519418977], [276.4723764276193, 449.397519418977], [416.4723764276193, 589.397519418977], [276.4723764276193, 729.397519418977]], [[200.0, 357.07075485385315], [200.0, 177.07075485385315], [480.0, 357.07075485385315], [200.0, 357.07075485385315]], [[0.0, 480.0], [280.0, 480.0], [280.0, 760.0], [0.0, 760.0], [0.0, 480.0]], [[235.66771467178398, 180.0], [35.66771467178398, 100.0], [35.66771467178398, 0.0], [235.66771467178398, 0.0], [235.66771467178398, 180.0]], [[180.0, 380.0], [180.0, 480.0], [0.0, 480.0], [0.0, 380.0], [180.0, 380.0]], [[192.8077711399286, 365.7329141312864], [472.8077711399286, 365.7329141312864], [472.8077711399286, 645.7329141312864], [192.8077711399286, 365.7329141312864]], [[435.667714671784, 0.0], [635.667714671784, 0.0], [635.667714671784, 200.0], [435.667714671784, 280.0], [435.667714671784, 0.0]], [[325.8698958465964, 760.0], [405.8698958465964, 600.0], [485.8698958465964, 760.0], [325.8698958465964, 760.0]], [[666.6299566887153, 181.9386921567899], [666.6299566887153, 461.9386921567899], [426.6299566887153, 321.9386921567899], [666.6299566887153, 181.9386921567899]]]"
Thu Jul 23 05:27:32 2020,2,0,True,659.3358488513279,0.8645063073591922,"[0, 0, 1, 3, 0, 0, 2, 1, 0, 0, 0, 1]","[[[228.37360683439636, 0.0], [428.37360683439636, 0.0], [428.37360683439636, 200.0], [228.37360683439636, 200.0], [228.37360683439636, 0.0]], [[0.0, 168.65055726624144], [200.0, 168.65055726624144], [200.0, 368.65055726624144], [0.0, 368.65055726624144], [0.0, 168.65055726624144]], [[655.8112273082645, 459.8826629233363], [655.8112273082645, 739.8826629233363], [475.8112273082645, 739.8826629233363], [475.8112273082645, 459.8826629233363], [655.8112273082645, 459.8826629233363]], [[280.0, 725.8698958465964], [280.0, 445.86989584659636], [420.0, 585.8698958465964], [280.0, 725.8698958465964]], [[200.0, 360.9370750380791], [200.0, 180.93707503807912], [480.0, 360.9370750380791], [200.0, 360.9370750380791]], [[0.0, 480.0], [280.0, 480.0], [280.0, 760.0], [0.0, 760.0], [0.0, 480.0]], [[228.37360683439636, 180.0], [28.373606834396355, 100.0], [28.373606834396355, 0.0], [228.37360683439636, 0.0], [228.37360683439636, 180.0]], [[180.0, 380.0], [180.0, 480.0], [0.0, 480.0], [0.0, 380.0], [180.0, 380.0]], [[195.8112273082645, 360.9370750380791], [475.8112273082645, 360.9370750380791], [475.8112273082645, 640.9370750380791], [195.8112273082645, 360.9370750380791]], [[428.37360683439636, 0.0], [628.3736068343964, 0.0], [628.3736068343964, 200.0], [428.37360683439636, 280.0], [428.37360683439636, 0.0]], [[325.8698958465964, 760.0], [405.8698958465964, 600.0], [485.8698958465964, 760.0], [325.8698958465964, 760.0]], [[659.3358488513279, 181.9386921567899], [659.3358488513279, 461.9386921567899], [419.3358488513279, 321.9386921567899], [659.3358488513279, 181.9386921567899]]]"
Thu Jul 23 05:28:47 2020,2,3,True,665.9292073398412,0.8559468389694972,"[0, 0, 1, 2, 1, 0, 0, 0, 0, 0, 1, 1]","[[[265.92920733984124, 560.0], [465.92920733984124, 560.0], [465.92920733984124, 760.0], [265.92920733984124, 760.0], [265.92920733984124, 560.0]], [[465.92920733984124, 560.0], [665.9292073398412, 560.0], [665.9292073398412, 760.0], [465.92920733984124, 760.0], [465.92920733984124, 560.0]], [[665.9292073398412, 0.0], [665.9292073398412, 280.0], [485.92920733984124, 280.0], [485.92920733984124, 0.0], [665.9292073398412, 0.0]], [[280.0, 553.9152657800776], [0.0, 553.9152657800776], [140.0, 413.91526578007756], [280.0, 553.9152657800776]], [[0.0, 273.91526578007756], [180.0, 273.91526578007756], [0.0, 553.9152657800776], [0.0, 273.91526578007756]], [[385.92920733984124, 280.0], [665.9292073398412, 280.0], [665.9292073398412, 560.0], [385.92920733984124, 560.0], [385.92920733984124, 280.0]], [[0.0, 580.0], [200.0, 660.0], [200.0, 760.0], [0.0, 760.0], [0.0, 580.0]], [[0.0, 94.36406735899277], [100.0, 94.36406735899277], [100.0, 274.36406735899277], [0.0, 274.36406735899277], [0.0, 94.36406735899277]], [[5.63593264100723, 0.0], [285.63593264100723, 0.0], [285.63593264100723, 280.0], [5.63593264100723, 0.0]], [[285.63593264100723, 0.0], [485.63593264100723, 0.0], [485.63593264100723, 200.0], [285.63593264100723, 280.0], [285.63593264100723, 0.0]], [[179.72374887580767, 227.04390811740024], [339.7237488758077, 307.04390811740024], [179.72374887580767, 387.04390811740024], [179.72374887580767, 227.04390811740024]], [[386.0847342199224, 280.0], [386.0847342199224, 560.0], [146.08473421992238, 420.0], [386.0847342199224, 280.0]]]"
Thu Jul 23 05:29:49 2020,2,3,True,672.5884994132397,0.8474721177915814,"[0, 0, 1, 2, 2, 0, 2, 0, 3, 2, 1, 3]","[[[224.40044835272738, 279.8268006919201], [424.4004483527274, 279.8268006919201], [424.4004483527274, 479.8268006919201], [224.40044835272738, 479.8268006919201], [224.40044835272738, 279.8268006919201]], [[448.10998507342117, 548.283184381501], [648.1099850734212, 548.283184381501], [648.1099850734212, 748.283184381501], [448.10998507342117, 748.283184381501], [448.10998507342117, 548.283184381501]], [[180.0, 479.8268006919201], [180.0, 759.8268006919201], [0.0, 759.8268006919201], [0.0, 479.8268006919201], [180.0, 479.8268006919201]], [[459.8268006919202, 760.0], [179.8268006919202, 760.0], [319.8268006919202, 620.0], [459.8268006919202, 760.0]], [[280.0, 0.0], [280.0, 180.0], [0.0, 0.0], [280.0, 0.0]], [[380.0, 0.0], [660.0, 0.0], [660.0, 280.0], [380.0, 280.0], [380.0, 0.0]], [[639.2920390462476, 460.0], [439.2920390462476, 380.0], [439.2920390462476, 280.0], [639.2920390462476, 280.0], [639.2920390462476, 460.0]], [[280.0, 0.0], [380.0, 0.0], [380.0, 180.0], [280.0, 180.0], [280.0, 0.0]], [[180.0, 759.8268006919201], [180.0, 479.8268006919201], [460.0, 479.8268006919201], [180.0, 759.8268006919201]], [[224.4897959183674, 479.8268006919201], [24.489795918367406, 479.8268006919201], [24.489795918367406, 279.8268006919201], [224.4897959183674, 199.82680069192008], [224.4897959183674, 479.8268006919201]], [[460.0, 388.283184381501], [620.0, 468.283184381501], [460.0, 548.283184381501], [460.0, 388.283184381501]], [[0.0, 294.2857142857143], [0.0, 14.285714285714278], [240.0, 154.28571428571428], [0.0, 294.2857142857143]]]"
Thu Jul 23 05:29:58 2020,2,1,True,679.3143844073721,0.8390813047441399,"[0, 0, 1, 2, 2, 0, 2, 1, 3, 2, 0, 3]","[[[229.14769665119775, 280.0], [429.14769665119775, 280.0], [429.14769665119775, 480.0], [229.14769665119775, 480.0], [229.14769665119775, 280.0]], [[457.726016225316, 557.726016225316], [657.726016225316, 557.726016225316], [657.726016225316, 757.726016225316], [457.726016225316, 757.726016225316], [457.726016225316, 557.726016225316]], [[180.0, 480.0], [180.0, 760.0], [0.0, 760.0], [0.0, 480.0], [180.0, 480.0]], [[460.0, 760.0], [180.0, 760.0], [320.0, 620.0], [460.0, 760.0]], [[280.0, 0.0], [280.0, 180.0], [0.0, 0.0], [280.0, 0.0]], [[390.0, 0.0], [670.0, 0.0], [670.0, 280.0], [390.0, 280.0], [390.0, 0.0]], [[645.6849594367101, 460.0], [445.6849594367101, 380.0], [445.6849594367101, 280.0], [645.6849594367101, 280.0], [645.6849594367101, 460.0]], [[640.0, 457.726016225316], [640.0, 557.726016225316], [460.0, 557.726016225316], [460.0, 457.726016225316], [640.0, 457.726016225316]], [[180.0, 760.0], [180.0, 480.0], [460.0, 480.0], [180.0, 760.0]], [[224.7867090179329, 480.0], [24.786709017932907, 480.0], [24.786709017932907, 280.0], [224.7867090179329, 200.0], [224.7867090179329, 480.0]], [[230.0, 280.0], [310.0, 120.0], [390.0, 280.0], [230.0, 280.0]], [[0.0, 294.2857142857143], [0.0, 14.285714285714278], [240.0, 154.28571428571428], [0.0, 294.2857142857143]]]"
Thu Jul 23 05:30:00 2020,2,0,True,652.1418090310772,0.8740430257751458,"[0, 0, 1, 1, 2, 0, 2, 1, 2, 2, 0, 3]","[[[209.9234910083556, 305.28979997371147], [409.9234910083556, 305.28979997371147], [409.9234910083556, 505.28979997371147], [209.9234910083556, 505.28979997371147], [209.9234910083556, 305.28979997371147]], [[450.18593458398254, 550.1859345839825], [650.1859345839825, 550.1859345839825], [650.1859345839825, 750.1859345839825], [450.18593458398254, 750.1859345839825], [450.18593458398254, 550.1859345839825]], [[180.0, 480.0], [180.0, 760.0], [0.0, 760.0], [0.0, 480.0], [180.0, 480.0]], [[447.60664549103353, 467.60664549103353], [447.60664549103353, 747.6066454910335], [307.60664549103353, 607.6066454910335], [447.60664549103353, 467.60664549103353]], [[372.1418090310772, 0.0], [372.1418090310772, 180.0], [92.14180903107717, 0.0], [372.1418090310772, 0.0]], [[372.1418090310772, 0.0], [652.1418090310772, 0.0], [652.1418090310772, 280.0], [372.1418090310772, 280.0], [372.1418090310772, 0.0]], [[652.1418090310772, 460.0], [452.1418090310772, 380.0], [452.1418090310772, 280.0], [652.1418090310772, 280.0], [652.1418090310772, 460.0]], [[627.6066454910335, 450.18593458398254], [627.6066454910335, 550.1859345839825], [447.60664549103353, 550.1859345839825], [447.60664549103353, 450.18593458398254], [627.6066454910335, 450.18593458398254]], [[460.0, 760.0], [180.0, 760.0], [180.0, 480.0], [460.0, 760.0]], [[209.9234910083556, 480.0], [9.923491008355597, 480.0], [9.923491008355597, 280.0], [209.9234910083556, 200.0], [209.9234910083556, 480.0]], [[224.78670901793294, 305.28979997371147], [304.78670901793294, 145.28979997371147], [384.78670901793294, 305.28979997371147], [224.78670901793294, 305.28979997371147]], [[0.0, 285.7887030882074], [0.0, 5.788703088207399], [240.0, 145.7887030882074], [0.0, 285.7887030882074]]]"
Thu Jul 23 05:32:00 2020,2,5,True,658.663227121388,0.8653891344308374,"[0, 0, 1, 3, 2, 0, 3, 1, 2, 0, 3, 1]","[[[0.0, 280.0], [200.0, 280.0], [200.0, 480.0], [0.0, 480.0], [0.0, 280.0]], [[200.0, 100.0], [400.0, 100.0], [400.0, 300.0], [200.0, 300.0], [200.0, 100.0]], [[180.0, 0.0], [180.0, 280.0], [0.0, 280.0], [0.0, 0.0], [180.0, 0.0]], [[400.0, 293.71649685053626], [400.0, 13.71649685053626], [540.0, 153.71649685053626], [400.0, 293.71649685053626]], [[658.663227121388, 0.0], [658.663227121388, 180.0], [378.663227121388, 0.0], [658.663227121388, 0.0]], [[0.0, 480.0], [280.0, 480.0], [280.0, 760.0], [0.0, 760.0], [0.0, 480.0]], [[451.304347826087, 362.41214902444926], [531.304347826087, 162.41214902444926], [631.304347826087, 162.41214902444926], [631.304347826087, 362.41214902444926], [451.304347826087, 362.41214902444926]], [[360.0, 0.0], [360.0, 100.0], [180.0, 100.0], [180.0, 0.0], [360.0, 0.0]], [[559.9999999999999, 759.9999999999999], [279.9999999999999, 759.9999999999999], [279.9999999999999, 479.9999999999999], [559.9999999999999, 759.9999999999999]], [[442.41214902444926, 362.41214902444926], [642.4121490244493, 362.41214902444926], [642.4121490244493, 562.4121490244493], [442.41214902444926, 642.4121490244493], [442.41214902444926, 362.41214902444926]], [[613.8407204530207, 733.8407204530207], [453.8407204530207, 653.8407204530207], [613.8407204530207, 573.8407204530207], [613.8407204530207, 733.8407204530207]], [[440.0, 276.66666666666674], [440.0, 556.6666666666667], [200.0, 416.66666666666674], [440.0, 276.66666666666674]]]"
Thu Jul 23 05:33:06 2020,2,3,True,665.2498593926018,0.856820925179047,"[0, 0, 0, 3, 2, 0, 1, 0, 1, 0, 3, 3]","[[[334.6507838549271, 200.0], [534.6507838549271, 200.0], [534.6507838549271, 400.0], [334.6507838549271, 400.0], [334.6507838549271, 200.0]], [[280.0, 0.0], [480.0, 0.0], [480.0, 200.0], [280.0, 200.0], [280.0, 0.0]], [[0.0, 280.0], [280.0, 280.0], [280.0, 460.0], [0.0, 460.0], [0.0, 280.0]], [[280.0, 625.3492161450729], [280.0, 345.3492161450729], [420.0, 485.3492161450729], [280.0, 625.3492161450729]], [[665.2498593926018, 406.66666666666674], [665.2498593926018, 586.6666666666667], [385.2498593926018, 406.66666666666674], [665.2498593926018, 406.66666666666674]], [[0.0, 0.0], [280.0, 0.0], [280.0, 280.0], [0.0, 280.0], [0.0, 0.0]], [[660.0, 0.0], [580.0, 200.0], [480.0, 200.0], [480.0, 0.0], [660.0, 0.0]], [[565.2498593926018, 200.0], [665.2498593926018, 200.0], [665.2498593926018, 380.0], [565.2498593926018, 380.0], [565.2498593926018, 200.0]], [[425.2498593926018, 480.0], [425.2498593926018, 760.0], [145.24985939260182, 760.0], [425.2498593926018, 480.0]], [[0.0, 480.0], [200.0, 480.0], [200.0, 680.0], [0.0, 760.0], [0.0, 480.0]], [[665.2498593926018, 760.0], [505.2498593926018, 680.0], [665.2498593926018, 600.0], [665.2498593926018, 760.0]], [[425.2498593926018, 726.6666666666667], [425.2498593926018, 446.66666666666674], [665.2498593926018, 586.6666666666667], [425.2498593926018, 726.6666666666667]]]"
Thu Jul 23 05:33:30 2020,2,1,True,671.9023579865278,0.8483375496822247,"[0, 0, 0, 3, 0, 0, 1, 0, 1, 0, 0, 1]","[[[0.0, 0.0], [200.0, 0.0], [200.0, 200.0], [0.0, 200.0], [0.0, 0.0]], [[0.0, 380.0], [200.0, 380.0], [200.0, 580.0], [0.0, 580.0], [0.0, 380.0]], [[0.0, 200.0], [280.0, 200.0], [280.0, 380.0], [0.0, 380.0], [0.0, 200.0]], [[200.0, 660.0], [200.0, 380.0], [340.0, 520.0], [200.0, 660.0]], [[280.0, 422.34848415151777], [280.0, 242.34848415151777], [560.0, 422.34848415151777], [280.0, 422.34848415151777]], [[391.9023579865278, 480.0], [671.9023579865278, 480.0], [671.9023579865278, 760.0], [391.9023579865278, 760.0], [391.9023579865278, 480.0]], [[380.0, 0.0], [300.0, 200.0], [200.0, 200.0], [200.0, 0.0], [380.0, 0.0]], [[0.0, 580.0], [100.0, 580.0], [100.0, 760.0], [0.0, 760.0], [0.0, 580.0]], [[391.9023579865278, 480.0], [391.9023579865278, 760.0], [111.90235798652782, 760.0], [391.9023579865278, 480.0]], [[471.9023579865278, 0.0], [671.9023579865278, 0.0], [671.9023579865278, 200.0], [471.9023579865278, 280.0], [471.9023579865278, 0.0]], [[280.0, 240.0], [360.0, 80.0], [440.0, 240.0], [280.0, 240.0]], [[671.9023579865277, 199.9999999999999], [671.9023579865277, 479.9999999999999], [431.9023579865277, 339.9999999999999], [671.9023579865277, 199.9999999999999]]]"
Thu Jul 23 05:33:37 2020,2,1,True,678.6213815663931,0.8399381680022027,"[0, 0, 0, 0, 0, 0, 1, 0, 1, 0, 1, 1]","[[[0.0, 0.0], [200.0, 0.0], [200.0, 200.0], [0.0, 200.0], [0.0, 0.0]], [[0.0, 380.0], [200.0, 380.0], [200.0, 580.0], [0.0, 580.0], [0.0, 380.0]], [[0.0, 199.99999999999994], [280.0, 199.99999999999994], [280.0, 379.99999999999994], [0.0, 379.99999999999994], [0.0, 199.99999999999994]], [[0.0, 580.0], [280.0, 580.0], [140.0, 720.0], [0.0, 580.0]], [[280.0, 439.6259733568855], [280.0, 259.6259733568855], [560.0, 439.6259733568855], [280.0, 439.6259733568855]], [[380.0, 479.9999999999999], [660.0, 479.9999999999999], [660.0, 759.9999999999999], [380.0, 759.9999999999999], [380.0, 479.9999999999999]], [[380.0, 0.0], [300.0, 200.0], [200.0, 200.0], [200.0, 0.0], [380.0, 0.0]], [[334.20991756826373, 114.47520607934075], [434.20991756826373, 114.47520607934075], [434.20991756826373, 294.47520607934075], [334.20991756826373, 294.47520607934075], [334.20991756826373, 114.47520607934075]], [[380.0, 480.0], [380.0, 760.0], [100.0, 760.0], [380.0, 480.0]], [[445.0262636670667, 0.0], [645.0262636670667, 0.0], [645.0262636670667, 200.0], [445.0262636670667, 280.0], [445.0262636670667, 0.0]], [[200.0, 399.62597335688554], [360.0, 479.62597335688554], [200.0, 559.6259733568855], [200.0, 399.62597335688554]], [[645.0262636670666, 199.9999999999999], [645.0262636670666, 479.9999999999999], [405.0262636670666, 339.9999999999999], [645.0262636670666, 199.9999999999999]]]"
Thu Jul 23 05:33:43 2020,2,1,True,685.407595382057,0.8316219485170324,"[0, 0, 0, 1, 0, 0, 1, 0, 1, 0, 1, 1]","[[[0.0, 0.0], [200.0, 0.0], [200.0, 200.0], [0.0, 200.0], [0.0, 0.0]], [[0.0, 379.9999999999999], [200.0, 379.9999999999999], [200.0, 579.9999999999999], [0.0, 579.9999999999999], [0.0, 379.9999999999999]], [[0.0, 199.9999999999999], [280.0, 199.9999999999999], [280.0, 379.9999999999999], [0.0, 379.9999999999999], [0.0, 199.9999999999999]], [[445.0262636670667, 36.66666666666674], [445.0262636670667, 316.66666666666674], [305.0262636670667, 176.66666666666674], [445.0262636670667, 36.66666666666674]], [[280.0, 439.6259733568854], [280.0, 259.6259733568854], [560.0, 439.6259733568854], [280.0, 439.6259733568854]], [[379.9999999999998, 479.9999999999999], [659.9999999999998, 479.9999999999999], [659.9999999999998, 759.9999999999999], [379.9999999999998, 759.9999999999999], [379.9999999999998, 479.9999999999999]], [[375.69293033373344, 0.0], [295.69293033373344, 200.0], [195.69293033373344, 200.0], [195.69293033373344, 0.0], [375.69293033373344, 0.0]], [[0.0, 579.9999999999999], [100.0, 579.9999999999999], [100.0, 759.9999999999999], [0.0, 759.9999999999999], [0.0, 579.9999999999999]], [[379.99999999999983, 480.0], [379.99999999999983, 760.0], [99.99999999999983, 760.0], [379.99999999999983, 480.0]], [[445.0262636670667, 0.0], [645.0262636670667, 0.0], [645.0262636670667, 200.0], [445.0262636670667, 280.0], [445.0262636670667, 0.0]], [[200.0, 399.62597335688554], [360.0, 479.62597335688554], [200.0, 559.6259733568855], [200.0, 399.62597335688554]], [[645.0262636670665, 200.00000000000017], [645.0262636670665, 480.00000000000017], [405.0262636670665, 340.00000000000017], [645.0262636670665, 200.00000000000017]]]"
Thu Jul 23 05:33:44 2020,2,0,True,657.9912915667747,0.8662728630385754,"[0, 0, 0, 1, 0, 0, 1, 0, 1, 0, 1, 1]","[[[0.0, 0.0], [200.0, 0.0], [200.0, 200.0], [0.0, 200.0], [0.0, 0.0]], [[0.0, 377.99129156677475], [200.0, 377.99129156677475], [200.0, 577.9912915667747], [0.0, 577.9912915667747], [0.0, 377.99129156677475]], [[0.0, 197.99129156677475], [280.0, 197.99129156677475], [280.0, 377.99129156677475], [0.0, 377.99129156677475], [0.0, 197.99129156677475]], [[450.6441806230668, 33.38954844233308], [450.6441806230668, 313.3895484423331], [310.6441806230668, 173.38954844233308], [450.6441806230668, 33.38954844233308]], [[280.0, 439.6259733568854], [280.0, 259.6259733568854], [560.0, 439.6259733568854], [280.0, 439.6259733568854]], [[377.99129156677475, 479.9999999999999], [657.9912915667747, 479.9999999999999], [657.9912915667747, 759.9999999999999], [377.99129156677475, 759.9999999999999], [377.99129156677475, 479.9999999999999]], [[380.0, 0.0], [300.0, 200.0], [200.0, 200.0], [200.0, 0.0], [380.0, 0.0]], [[0.0, 577.9912915667747], [100.0, 577.9912915667747], [100.0, 757.9912915667747], [0.0, 757.9912915667747], [0.0, 577.9912915667747]], [[377.99129156677475, 480.0], [377.99129156677475, 760.0], [97.99129156677475, 760.0], [377.99129156677475, 480.0]], [[450.6441806230668, 0.0], [650.6441806230669, 0.0], [650.6441806230669, 200.0], [450.6441806230668, 280.0], [450.6441806230668, 0.0]], [[200.0, 399.62597335688554], [360.0, 479.62597335688554], [200.0, 559.6259733568855], [200.0, 399.62597335688554]], [[650.6441806230669, 200.0], [650.6441806230669, 480.0], [410.64418062306686, 340.0], [650.6441806230669, 200.0]]]"
Thu Jul 23 05:34:05 2020,2,1,True,664.5712044824425,0.8576959039985895,"[0, 0, 1, 2, 1, 0, 0, 1, 3, 2, 0, 1]","[[[460.0, 0.0], [660.0, 0.0], [660.0, 200.0], [460.0, 200.0], [460.0, 0.0]], [[0.0, 560.0], [200.0, 560.0], [200.0, 760.0], [0.0, 760.0], [0.0, 560.0]], [[464.57120448244245, 480.0], [464.57120448244245, 760.0], [284.57120448244245, 760.0], [284.57120448244245, 480.0], [464.57120448244245, 480.0]], [[560.0, 480.0], [280.0, 480.0], [420.0, 340.0], [560.0, 480.0]], [[280.0, 0.0], [460.0, 0.0], [280.0, 280.0], [280.0, 0.0]], [[0.0, 0.0], [280.0, 0.0], [280.0, 280.0], [0.0, 280.0], [0.0, 0.0]], [[0.0, 280.0], [200.0, 360.0], [200.0, 460.0], [0.0, 460.0], [0.0, 280.0]], [[180.0, 460.0], [180.0, 560.0], [0.0, 560.0], [0.0, 460.0], [180.0, 460.0]], [[199.9999999999999, 560.0], [199.9999999999999, 280.0], [479.9999999999999, 280.0], [199.9999999999999, 560.0]], [[664.5712044824425, 752.012524122958], [464.57120448244245, 752.012524122958], [464.57120448244245, 552.012524122958], [664.5712044824425, 472.012524122958], [664.5712044824425, 752.012524122958]], [[302.85714285714283, 280.0], [382.85714285714283, 120.0], [462.85714285714283, 280.0], [302.85714285714283, 280.0]], [[664.5712044824425, 195.42879551755755], [664.5712044824425, 475.42879551755755], [424.57120448244245, 335.42879551755755], [664.5712044824425, 195.42879551755755]]]"
Thu Jul 23 05:36:20 2020,2,5,True,671.2169165272669,0.8492038653451381,"[0, 0, 1, 3, 3, 0, 1, 0, 0, 2, 0, 0]","[[[0.0, 280.0], [200.0, 280.0], [200.0, 480.0], [0.0, 480.0], [0.0, 280.0]], [[471.2169165272669, 280.0], [671.2169165272669, 280.0], [671.2169165272669, 480.0], [471.2169165272669, 480.0], [471.2169165272669, 280.0]], [[460.0, 480.0], [460.0, 760.0], [280.0, 760.0], [280.0, 480.0], [460.0, 480.0]], [[280.0, 280.0], [280.0, 0.0], [420.0, 140.0], [280.0, 280.0]], [[643.8359641463145, 280.0], [463.8359641463145, 280.0], [643.8359641463145, 0.0], [643.8359641463145, 280.0]], [[0.0, 480.0], [280.0, 480.0], [280.0, 760.0], [0.0, 760.0], [0.0, 480.0]], [[380.0, 280.0], [300.0, 480.0], [200.0, 480.0], [200.0, 280.0], [380.0, 280.0]], [[371.2169165272669, 300.0], [471.2169165272669, 300.0], [471.2169165272669, 480.0], [371.2169165272669, 480.0], [371.2169165272669, 300.0]], [[0.0, 0.0], [280.0, 0.0], [280.0, 280.0], [0.0, 0.0]], [[671.2169165272669, 760.0], [471.2169165272669, 760.0], [471.2169165272669, 560.0], [671.2169165272669, 480.0], [671.2169165272669, 760.0]], [[0.0, 240.0], [80.0, 80.0], [160.0, 240.0], [0.0, 240.0]], [[349.5502498606002, 0.0], [629.5502498606002, 0.0], [489.5502498606002, 240.0], [349.5502498606002, 0.0]]]"
Thu Jul 23 05:36:56 2020,2,1,True,677.9290856925396,0.8407959062823149,"[0, 0, 0, 3, 3, 0, 2, 1, 2, 1, 2, 0]","[[[477.9290856925396, 200.0], [677.9290856925396, 200.0], [677.9290856925396, 400.0], [477.9290856925396, 400.0], [477.9290856925396, 200.0]], [[477.9290856925396, 0.0], [677.9290856925396, 0.0], [677.9290856925396, 200.0], [477.9290856925396, 200.0], [477.9290856925396, 0.0]], [[0.0, 0.0], [280.0, 0.0], [280.0, 180.0], [0.0, 180.0], [0.0, 0.0]], [[279.5629022447223, 330.7918409188269], [279.5629022447223, 50.79184091882689], [419.5629022447223, 190.7918409188269], [279.5629022447223, 330.7918409188269]], [[477.9290856925396, 380.0], [297.9290856925396, 380.0], [477.9290856925396, 100.0], [477.9290856925396, 380.0]], [[376.8421052631578, 480.0], [656.8421052631578, 480.0], [656.8421052631578, 760.0], [376.8421052631578, 760.0], [376.8421052631578, 480.0]], [[376.8421052631578, 736.8421052631578], [176.8421052631578, 656.8421052631578], [176.8421052631578, 556.8421052631578], [376.8421052631578, 556.8421052631578], [376.8421052631578, 736.8421052631578]], [[463.04962650089476, 380.0], [463.04962650089476, 480.0], [283.04962650089476, 480.0], [283.04962650089476, 380.0], [463.04962650089476, 380.0]], [[280.0, 760.0], [0.0, 760.0], [0.0, 480.0], [280.0, 760.0]], [[280.0, 180.0], [280.0, 380.0], [80.0, 380.0], [0.0, 180.0], [280.0, 180.0]], [[468.7710613258954, 0.0], [388.7710613258954, 160.0], [308.7710613258954, 0.0], [468.7710613258954, 0.0]], [[0.0, 379.9999999999998], [280.0, 379.9999999999998], [140.0, 619.9999999999998], [0.0, 379.9999999999998]]]"
Thu Jul 23 05:37:15 2020,2,1,True,684.708376549465,0.8324711943389257,"[0, 0, 1, 1, 1, 0, 1, 1, 2, 3, 3, 1]","[[[292.2718370544458, 280.0], [492.2718370544458, 280.0], [492.2718370544458, 480.0], [292.2718370544458, 480.0], [292.2718370544458, 280.0]], [[83.62318840579712, 349.9194847020933], [283.6231884057971, 349.9194847020933], [283.6231884057971, 549.9194847020933], [83.62318840579712, 549.9194847020933], [83.62318840579712, 349.9194847020933]], [[472.2718370544458, 0.0], [472.2718370544458, 280.0], [292.2718370544458, 280.0], [292.2718370544458, 0.0], [472.2718370544458, 0.0]], [[667.9475127301214, 104.32432432432438], [667.9475127301214, 384.3243243243244], [527.9475127301214, 244.32432432432438], [667.9475127301214, 104.32432432432438]], [[0.0, 200.0], [180.0, 200.0], [0.0, 480.0], [0.0, 200.0]], [[403.4851621808142, 480.0], [683.4851621808142, 480.0], [683.4851621808142, 760.0], [403.4851621808142, 760.0], [403.4851621808142, 480.0]], [[652.2718370544458, 0.0], [572.2718370544458, 200.0], [472.27183705444577, 200.0], [472.27183705444577, 0.0], [652.2718370544458, 0.0]], [[672.2718370544458, 380.0], [672.2718370544458, 480.0], [492.27183705444577, 480.0], [492.27183705444577, 380.0], [672.2718370544458, 380.0]], [[280.0, 760.0], [0.0, 760.0], [0.0, 480.0], [280.0, 760.0]], [[0.0, 200.0], [0.0, 0.0], [200.0, 0.0], [280.0, 200.0], [0.0, 200.0]], [[292.2718370544458, 354.2438090264177], [132.27183705444583, 274.2438090264177], [292.2718370544458, 194.2438090264177], [292.2718370544458, 354.2438090264177]], [[403.4851621808142, 480.0], [403.4851621808142, 760.0], [163.4851621808142, 620.0], [403.4851621808142, 480.0]]]"
Thu Jul 23 05:37:24 2020,2,0,True,657.3200414874864,0.8671574941030477,"[0, 0, 1, 0, 1, 0, 1, 1, 2, 2, 0, 1]","[[[257.3200414874864, 280.0], [457.3200414874864, 280.0], [457.3200414874864, 480.0], [257.3200414874864, 480.0], [257.3200414874864, 280.0]], [[0.0, 0.0], [200.0, 0.0], [200.0, 200.0], [0.0, 200.0], [0.0, 0.0]], [[400.0, 0.0], [400.0, 280.0], [220.0, 280.0], [220.0, 0.0], [400.0, 0.0]], [[0.0, 480.0], [280.0, 480.0], [140.0, 620.0], [0.0, 480.0]], [[0.0, 200.0], [180.0, 200.0], [0.0, 480.0], [0.0, 200.0]], [[377.3200414874864, 480.0], [657.3200414874864, 480.0], [657.3200414874864, 760.0], [377.3200414874864, 760.0], [377.3200414874864, 480.0]], [[652.2718370544458, 0.0], [572.2718370544458, 200.0], [472.27183705444577, 200.0], [472.27183705444577, 0.0], [652.2718370544458, 0.0]], [[244.28571428571428, 380.0], [244.28571428571428, 480.0], [64.28571428571428, 480.0], [64.28571428571428, 380.0], [244.28571428571428, 380.0]], [[280.0, 760.0], [0.0, 760.0], [0.0, 480.0], [280.0, 760.0]], [[657.3200414874864, 480.0], [457.3200414874864, 480.0], [457.3200414874864, 280.0], [657.3200414874864, 200.0], [657.3200414874864, 480.0]], [[87.14285714285714, 380.0], [167.14285714285714, 220.0], [247.14285714285714, 380.0], [87.14285714285714, 380.0]], [[377.3200414874864, 480.0], [377.3200414874864, 760.0], [137.32004148748638, 620.0], [377.3200414874864, 480.0]]]"
Thu Jul 23 05:37:56 2020,2,1,True,663.8932419023613,0.8585717763396511,"[0, 0, 0, 0, 3, 0, 0, 1, 3, 2, 3, 3]","[[[461.5492909024764, 560.0], [661.5492909024764, 560.0], [661.5492909024764, 760.0], [461.5492909024764, 760.0], [461.5492909024764, 560.0]], [[280.0, 0.0], [480.0, 0.0], [480.0, 200.0], [280.0, 200.0], [280.0, 0.0]], [[0.0, 280.0], [280.0, 280.0], [280.0, 460.0], [0.0, 460.0], [0.0, 280.0]], [[383.8932419023613, 203.8932419023613], [663.8932419023613, 203.8932419023613], [523.8932419023613, 343.8932419023613], [383.8932419023613, 203.8932419023613]], [[260.0, 760.0], [80.0, 760.0], [260.0, 480.0], [260.0, 760.0]], [[0.0, 0.0], [280.0, 0.0], [280.0, 280.0], [0.0, 280.0], [0.0, 0.0]], [[461.5492909024764, 379.81053268784103], [661.5492909024764, 459.81053268784103], [661.5492909024764, 559.810532687841], [461.5492909024764, 559.810532687841], [461.5492909024764, 379.81053268784103]], [[660.0, 103.8932419023613], [660.0, 203.8932419023613], [480.0, 203.8932419023613], [480.0, 103.8932419023613], [660.0, 103.8932419023613]], [[0.0, 740.0], [0.0, 460.0], [280.0, 460.0], [0.0, 740.0]], [[461.5492909024764, 760.0], [261.5492909024764, 760.0], [261.5492909024764, 560.0], [461.5492909024764, 480.0], [461.5492909024764, 760.0]], [[634.0544961407683, 448.8126147831578], [474.05449614076826, 368.8126147831578], [634.0544961407683, 288.8126147831578], [634.0544961407683, 448.8126147831578]], [[280.0, 480.0], [280.0, 200.0], [520.0, 340.0], [280.0, 480.0]]]"
